799723580.6391826868 113554.6433715820
733741287.7465860844 68868.2348703016
734463454.7745810747 69163.4889433560
773670331.9192917347 102151.6628336906
794348200.1369011402 112418.8457412720
798144066.8096853495 113230.6525650024
733431391.7044869661 68481.2109884796
753301064.6920229197 87386.0732182569
773597437.5414860249 102089.0857373476
795092641.3060667515 112627.7584228516
797822529.3504456282 113124.9059066772
797472948.5848885775 113001.1604690552
733658304.3166756630 68792.0359404263
710035600.1616330147 24203.1405056149
710056332.6567167044 24217.9502701278
733903846.7415910959 68915.5336508033
773743077.4301998615 102166.6762124300
774129010.2971596718 102482.0803147554
774634532.0071694851 102843.1702160835
792992592.6388592720 111803.7061595917
800508117.0096138716 113557.7667083740
709907248.7344604731 23611.7530636157
711506153.5292255878 28374.0082259773
724339183.2829421759 54948.2013937586
733303867.2791737318 68186.3069784818
747193418.4495694637 82272.0045899057
778648333.1002829075 105162.9079663008
794245771.4690390825 112403.0707473755
798494853.8963191509 113347.9618072510
733980846.6595891714 68930.6673443470
709816203.0814872980 22897.0448821079
724319047.5645148754 54934.5371977442
733598372.4438432455 68557.7599814115
716863066.9894384146 40813.6116098611
724481429.1337903738 55246.7479419278
747194284.8491322994 82490.6470430398
752706377.4137672186 87145.1338374588
817233067.9220607281 115359.1612091064
709839892.1968842745 23518.0683276023
724860663.5433815718 55649.8176346717
817284830.4839651585 115381.3905792236
724693957.5209462643 55612.7811063991
724579931.9051055908 55350.8874954896
795143483.5285515785 112648.9307937622
794623499.1785111427 112523.3227844238
794899687.0126907825 112613.1905517578
799710539.5270768404 113524.9204864502
709199245.5663233995 14228.5040067950
710087934.2808760405 24256.7756525840
717056572.7826550007 41096.8854383902
752954829.2030721903 87341.4084120962
794452746.0999501944 112480.1444168091
709369184.4830539227 14846.6969220224
728920978.5243248940 62570.3491853056
709209108.4602152109 14475.2439190928
709727690.0154761076 22079.4584492957
728763882.6195957661 62470.8894189177
729253393.7688876390 62955.3498281121
709731207.7008153200 22084.1658360124
748405839.6479831934 83582.8635072836
724256520.6622078419 54796.4746233576
752418049.8986254930 86909.3322674068
709217079.9586762190 14517.8807326439
709970846.4114667177 23881.2436587180
711455424.8254885674 28360.6691557261
711640782.5410726070 28733.2452806326
733416050.1912425756 68301.6684668240
793646718.3194005489 112153.9354095459
716890177.3516467810 40856.5416428585
751821822.1429708004 86364.0992518637
793115524.3779850006 111869.1154270172
793752835.5641107559 112211.7467117310
816760607.8145916462 115265.2224731445
747262303.2565087080 82595.4977052712
747908498.6189258099 83160.9466188455
794039985.6470034122 112321.6018066406
752114009.8267310858 86694.6914935681
711484526.7231807709 28361.7922777029
793738969.1229097843 112186.2759323120
778487235.3682299852 105049.1879867166
793340287.4821159840 112056.5483798981
816501409.8343470097 115183.0721969604
716692605.1676454544 40483.5894540993
793955850.1175143719 112295.8247299194
817239735.1798028946 115368.1164093018
716631394.7762995958 40163.4919192194
778320638.2865912914 105008.5874786228
819668789.9945074320 115429.0188903809
752831535.0945158005 87178.0434558796
797658337.0213912725 113087.2201766968
819839798.6387411356 115461.8074340820
709312177.6752038002 14682.9313377248
729269774.6982315779 63015.1537376966
729398966.3368978500 63101.2817097049
728623910.7186369896 62129.6491369130
752079827.8933029175 86652.4213475950
747474305.3805413246 82838.0175416970
709648445.4645618200 21743.0727268816
747776402.5330204964 83114.6549318337
751664395.1641886234 86325.7019017438
751608187.2695878744 86261.6184443922
733206994.8800002337 68040.5799028756
798868338.1220185757 113399.4678649902
797665004.3117806911 113124.4573593140
724524008.2155431509 55285.9136129969
799474581.2313259840 113494.8614349365
724447026.1314432621 55193.1135336512
711411305.1832256317 28002.4451234433
751568433.1898031235 86126.8767312930
716573345.7188320160 40065.6212984919
709265231.0070554018 14609.8251295506
716447458.4767025709 39509.3244921564
786721637.0945630074 108909.3455009460
716329478.2582437992 39476.6709658503
711168453.1738188267 27180.8161198440
799378229.3885391951 113444.0272827148
711189866.9321222305 27256.2815607014
711307788.9006938934 27650.3947728100
747724632.5073088408 82983.3243101519
709338854.1043159962 14688.3513979732
709657507.5570424795 22041.3274723650
773864304.4004850388 102351.4771488309
786963134.1699690819 108979.4087638855
774993110.7966609001 102973.0632691979
787317506.5733118057 109109.2670707703
716529234.7757140398 39803.7913160245
799463945.0655890703 113493.4211425781
819554731.8098394871 115419.2014770508
798343221.2512657642 113297.6247558594
710741855.0261980295 25688.9908998070
799428331.8606319427 113462.8020324707
799282482.4115729332 113441.8429718018
799178646.5089128017 113432.2740173340
710704682.7749358416 25435.1636025991
731448383.3336416483 65600.6997334025
731619387.2419219017 65812.5725666545
731673426.0397493839 65972.1527363322
731560980.3064721823 65787.9209400676
731232700.6788938046 65225.2575664184
731326429.3430029154 65508.7413746379
731259919.4776268005 65270.7874497514
751303810.6328861713 85977.9202692637
716296174.2634561062 39126.8461296283
710504601.7104566097 24650.3566802900
775371993.8614661694 103170.1799522042
730524423.5202261209 64165.1994011432
775536692.4399675131 103247.9964872003
709455360.5884311199 15001.8220475847
775404994.0348335505 103204.9897122979
730683320.1192330122 64542.2350304156
730524456.7756910324 64376.6981270343
730450691.1472512484 64159.3478944164
775055854.9181185961 102980.4846997857
775276134.4414018393 103127.2670808434
787616773.6827552319 109202.6613578796
710560787.6790726185 24979.0898454275
730215807.5094444752 63819.7716615509
730315323.6189725399 63884.6424633179
730181206.0576012135 63733.5329974962
729860833.3222261667 63367.5952075792
775103692.0714315176 103031.3404203057
730120388.6731462479 63628.1951976342
748858431.1823353767 83807.9326298972
728319620.6540068388 60921.0976742200
728515527.5769811869 61135.0752311061
754762358.6253401041 88343.7690657265
754856107.1751008034 88408.3709944374
728132625.4848028421 60779.7319720165
727972596.6535828114 60470.0346326625
748963895.4516457319 83862.6372945772
727657940.7904989719 60067.8395259010
749093240.8216236830 84069.5251729952
727001463.3767917156 58698.8628857073
749277358.8093627691 84223.8214712059
755194586.3067399263 88627.3157881386
755046332.7473932505 88508.1353910751
726624332.8266569376 58329.0645854124
749301322.9160883427 84246.2841482078
726566237.0477288961 58189.3483035215
726549511.1831176281 57956.5096079954
754800341.6535432339 88400.9403502140
755032728.6900073290 88460.5538328774
772707795.9451619387 101193.5807665149
787480107.7131818533 109144.9794273376
749415158.7418591976 84300.9797844009
748992639.5521538258 83954.0627233104
748798288.8160743713 83733.5433525161
726139930.4463758469 57339.0728837362
726203389.5365604162 57454.5269751212
754781759.0206269026 88353.7573851235
787889723.3573869467 109295.6190185547
772517062.2357401848 100985.4177156249
725982063.3043470383 57290.3951697460
726413477.5103620291 57798.8375998151
726146167.1789860725 57446.9727621687
787991250.4344977140 109344.9416542053
788328263.3484042883 109424.9677009583
753770911.6755472422 87437.1781349164
753788994.6035166979 87453.5843849164
753829012.8323750496 87495.2472267132
753599197.7670147419 87400.0732154828
788634252.4340075254 109487.1855812073
772325940.0727646351 100799.4366565505
746106512.8162475824 80870.0072766484
746344665.9947888851 81146.2965985511
746644254.5163933039 81359.4731353496
746869464.4907486439 81538.8118880962
788541257.5048497915 109475.2007331848
746527516.5516028404 81315.6894134257
789479393.0935891867 109740.7955703735
715551325.3608268499 36706.5658256111
715300199.2050451040 36123.0409930499
715866599.6344249249 37632.8306693636
715488252.5294849873 36536.2569785579
715854736.7403749228 37603.7651914671
715735133.4972444773 37277.7600961045
715581285.1629086733 36962.6639548836
715407882.0206086636 36500.6798836901
746092011.5929533243 80174.9255531171
746103751.5193181038 80344.7592016764
714799878.1113700867 34180.3629708835
714695233.0526620150 33551.0562463352
714767185.9994307756 33926.6310067722
714707153.8797476292 33889.2313180515
714580531.8987679482 33495.7380127707
714311356.4808677435 32725.9762566486
714269164.0593177080 32588.6920726695
816028399.4529769421 114274.4104499817
714088569.0762666464 30809.2785488087
714129698.3515039682 30986.5667705256
714140919.5875744820 31046.9445190150
714027161.0325685740 30592.6714931498
771302354.4707915783 98729.2687772226
770982172.2956330776 98587.1262403738
813974141.8557147980 113920.0176086426
723043390.2150166035 47965.5891991383
723167345.1955244541 48050.3351784474
722992303.9046263695 47937.7599751025
771631017.6328618526 99145.5583807242
814357926.7162785530 114060.0542449951
815034600.2148797512 114091.8750915527
770747728.8403061628 98140.8397070921
722558885.6520695686 46937.8863112185
722423077.4233808517 46605.2404662042
722505795.0179697275 46791.8526907831
770580213.7546700239 97901.6050537855
770376629.0079938173 97830.4773682386
785550472.1468713284 106576.7829235792
785436587.2860834599 106464.0208472013
815548067.3250620365 114159.4196319580
786009103.3800039291 106838.0728911161
785898877.8312451839 106824.3828810453
722364800.0298022032 46241.5228700422
769720887.9115080833 96864.9087103617
769865432.2274254560 97225.7621611368
722237519.9669249058 45820.7915349247
745239685.7360134125 77534.7600286599
744909368.2860894203 76897.7701011028
813658000.3995168209 113792.4814758301
813774939.2596883774 113838.9808959961
784061694.2614905834 105415.9734650031
783529373.9893438816 105278.7674181834
784709593.4870009422 105837.8282533064
784957208.1723020077 105880.4900422469
721787158.6015149355 43318.3820028586
721643398.1867510080 43035.5170812888
721395469.8692605495 42522.8399731238
721295220.3671027422 42363.7231172754
721376174.8107229471 42365.6133150293
721146241.3315694332 42004.1222414209
742966371.8692847490 73778.4629175647
721028791.7698365450 41588.3565032929
720952810.6239101887 41514.7182187231
742745651.5536133051 73466.5066268428
742752914.5427772999 73523.6705291255
742378384.6280186176 72840.7039536150
742262938.2159506083 72500.5223587664
742482859.9419425726 73103.4979447039
742259712.6427556276 72114.9377389406
742227786.7679175138 72071.0928445314
741267252.0339081287 70743.5700614460
740924785.5057402849 70385.6381088930
741038495.4431312084 70487.8552948671
740486773.6304756403 69333.1281666031
768822104.0619603395 94817.0369942033
769178892.4156208038 95153.2644111955
768908614.8603533506 94977.1561958634
769003361.3868231773 95038.5336983048
769124643.2414366007 95043.6477431437
767108026.1215592623 93414.2605165682
768166021.3294847012 94271.1707461156
768258759.1305371523 94272.3203585424
764283604.9628796577 90044.3418284487
764202348.6311099529 89855.7652274203
764049637.0607415438 89821.6853934359
763503399.9731044769 89257.0527521204
763757316.6494714022 89510.8049307894
764014014.9130423069 89671.2530926596
763937797.6030304432 89654.5476351809
766009515.6457158327 90740.5430403184
