505820954.9569391012 146366.3145579658
496026694.0264575481 103912.0360047119
501187991.3846164942 131892.3868475355
498785782.2495587468 122102.8584955109
505509509.0899204016 145399.1910571419
500358865.3237302303 129616.0917460987
501334695.4934308529 132583.1066097697
503805637.2161250114 140726.9032613002
504044902.7539377809 141732.5399260484
523071765.9458825588 176772.8222482577
500142855.5031527877 127148.5446064393
500887231.6711443663 130978.0271373184
500344713.5660237670 128084.7871715944
500609745.1764256954 129708.1802418153
503722350.8641850352 140578.9000979774
501066287.4983335733 131765.5760747937
498985768.6743324995 122896.2306415560
498788548.5665335059 122338.8907349231
503102463.8815861940 137949.1927949302
496093504.3759910464 104165.2831818359
497696054.6555966735 116863.2584454818
498870644.3744925857 122735.2816361390
497260519.6875155568 114890.7464679084
498513263.1475293636 121299.4019012883
503889618.3414552212 141299.1652913056
499454214.7949713469 124496.8184020666
498195249.3763712049 119119.0313131994
499061002.0958966017 123715.3708340051
512823185.4280694723 161051.6317497492
500974400.4434335232 131092.7844602613
496149149.3966974616 105451.7970520752
503013566.1597125530 137725.9824067466
501061165.2448697090 131752.8572484998
496718281.9592780471 110372.5040257140
497832357.4151219130 118439.5278622709
496492899.4347442985 109570.5938847228
496952662.4783463478 113922.0206774159
496856879.1859814525 111474.6989808492
508645017.0353478789 152022.6210167000
507415066.4544390440 149425.2924148628
496215655.5216866732 108939.7621218935
497104913.4466328621 114535.5855581454
523306783.0481561422 177352.4184389114
496683419.6913484335 110136.1868718350
498183824.8711040020 119027.2977998658
502760568.2003139257 136183.5905992145
502802105.1585137844 136719.5402316893
498227175.3137515783 119746.8604451939
497792866.6944440007 117202.9660516522
497125236.7753108144 114653.3295738390
522731052.1651887894 176442.4242563248
497804925.5404863358 117928.1464801618
496721963.5841893554 111108.7740910733
504305282.8922304511 142306.3454651795
505391615.6505548358 145010.8378123604
503243957.8318314552 138641.1193257682
505835896.8776812553 146412.8215045296
505835896.8776810169 146412.8211797280
504691124.5896979570 143463.0300221518
503579577.3792396784 139529.7096777037
497229718.3067855239 114794.6248581140
499487483.1503089666 124663.9232702158
503399947.3742412329 139066.3035489433
503464656.7177267075 139396.2265206687
499548610.8903695345 125105.7344790597
496129343.2885739207 105363.8375946777
503611635.3212343454 140149.7510510795
517144458.3167377710 168336.4252077006
497991745.3462694883 118971.8557030759
497348538.7655229568 116381.5846199675
503611635.3212343454 140149.7400208823
502439883.6785670519 134862.5029346103
498719321.3957933187 121714.7359805745
501674212.6987719536 133223.5329615621
508923834.6194061041 152838.4567986727
500114733.4991106391 127124.7354330897
508947399.5328307748 153243.3732034825
520184663.8276205063 173703.2745100744
506547970.9203093648 148010.9056386910
510056995.0165547729 155817.6972849034
521072107.3946363926 174818.8780562170
496143283.5012722015 105400.2258182662
509146825.8418186307 154002.3545269538
496190396.2709995508 106534.8344517248
521370891.0025592446 175032.8733876832
520296637.6294953823 173951.6159483679
502335380.7963263392 134516.6558286695
515760929.5157220364 166679.1264910959
502009706.4160737395 133832.9351198224
501949897.0763954520 133355.8440438017
501976774.2632008195 133361.1389809354
502335380.7963263392 134520.1026060132
502335380.7963263392 134516.6558765849
503582290.7395424843 139673.7577432767
499685270.4499350190 126250.8615543081
504135795.5774950981 141858.4706682339
507514465.5076244473 149481.8831993304
505853045.1418681741 146945.7737148264
507514465.5076242089 149480.6868492328
499538748.5677469969 125047.6759704989
507532486.1672526002 150111.0155655108
499731041.6244994998 126997.2727100883
508668281.1376420259 152295.9267608784
506239771.8798839450 147177.5648186728
506239771.8798839450 147177.5572228506
521163351.4615233541 174898.3533990756
525365344.9327543378 179243.7879486084
509762076.9159150124 155425.3227054700
505721371.0169753432 146212.1355132377
507532486.1672528386 150112.4040733539
508668281.1376421452 152297.1360504292
508262669.7558124065 151962.3051711917
506275954.3833584189 147668.2481894568
521162560.8425130248 174878.9000604525
505001335.0518291593 144348.6405640952
504735290.3337233067 144004.5665116385
505721371.0169753432 146212.1213307455
508743864.6317597032 152825.2911200188
500741605.9076454043 130234.4745904694
500689611.0597025752 130153.0659313082
500689611.0597025752 130153.0623742829
504885456.7140828967 144347.4257281926
504542474.6438938975 143205.1321719792
520534739.3235399723 174345.4906813391
520414875.2338932753 174318.1719110385
504500574.6874836087 143188.7002261784
504374905.4683295488 142997.9004214909
522951900.1976916790 176719.0783205032
505159682.3545902967 144805.5343709029
508708680.1966715455 152436.9717842806
505546669.9479146600 145956.8586467411
522951900.1976914406 176717.5988740921
520678983.0267971158 174438.3891809359
518974295.2904111147 171986.2220170870
499638702.9605755210 125697.3659659504
509896572.2129762769 155764.5214311741
510062111.0562332273 155990.1633110344
510062111.0562335849 155995.0077324212
502441715.6065568328 135161.0544899630
511462040.1438683271 158692.2165350094
500162731.1013168693 127497.4317987997
536613033.9774707556 187368.1287536621
500220179.5944676399 127793.7331293371
525636738.7223443985 179531.0109558105
519895606.1731954813 173316.0432641879
500202562.0178101063 127529.7471800816
502529347.0732217431 135724.5612534212
517918776.4492255449 170284.1123674288
503013452.7609128952 136977.2071855780
502656011.1014706492 136068.4646889988
517766867.3514897227 169704.4276826754
513007742.0783498287 161719.4576608799
513289505.1211193800 161989.8529680551
529012160.3505430222 182615.7241363525
513757421.7185150385 163021.4273657383
506147014.9201856852 147058.8512902334
513757421.7185149193 163020.6628899158
519037141.1183736324 172023.6992738619
507872725.9494658709 150373.3560844623
498444887.2177111506 120483.9566194861
498322143.2383527160 120115.1936342566
516274310.6943472624 167493.1756653370
516064395.1835939288 167121.5629604668
533187151.6880854368 185414.6144561768
507808378.9509701729 150315.5884596072
512956262.1051991582 161269.0326349400
516274310.6943476200 167494.3685974659
518204700.6197347641 170528.0242250338
515745374.4942959547 166534.2927612842
498670355.9614669085 121466.6988745136
517228301.2468629479 168673.0183548542
507949887.2942190766 150612.3890348636
515728584.6619322896 166340.7441691561
520856298.8929783106 174578.7447412387
516335062.3109343052 167811.3889417909
516094058.8695132136 167393.7610883974
516471311.0726138949 167851.7637150916
516534516.8233208060 168076.7994631930
516845590.4283543229 168278.2285588416
514798355.8184608817 164901.5707415743
514798355.8184608817 164900.7974194689
509837339.7194893956 155572.4736195914
514003896.3412057161 163334.8624743624
512463208.3892630935 160596.6916725300
512402656.7213827968 160386.2327224873
514965442.0374530554 165597.6125239535
513937992.0763518810 163228.5576533480
514965442.0374535322 165597.6187981768
514413942.5601697564 164561.1427783175
520917658.5226283073 174679.3226983920
515251588.0057243109 166293.0315341158
511906985.9620288014 159755.5205375813
519493905.5926617980 172764.3045823947
512640933.9453905821 160719.5497734211
531817579.3341134191 184627.8770599365
512128226.4884647131 160192.6249687336
519493905.5926617980 172765.7625329867
506436514.8721191287 147908.4547037473
506579909.3214550018 148029.2164483145
530043042.9360485077 183440.4708557129
514930976.9130086303 165319.6315805577
511117929.1791303754 158605.1851188801
510725944.2471621037 157450.2082397602
532365837.7851272821 184942.9931182861
509580031.9683335423 155035.0267669819
511646865.3791820407 159496.6812889241
510763888.4752175808 157645.9713813923
506532579.3587047458 147966.1074366644
510595013.6850378513 157437.2715942524
511821203.1655647159 159565.3123275898
506612135.4868852496 148404.2320494726
512128226.4884650707 160194.2518608235
516293513.3818999529 167604.5276583834
508243554.2550848722 151629.5028448962
513362830.3869625330 162064.7621887587
514278794.9692343473 163991.0720604323
514016849.8808053136 163494.8445071383
509040061.2230838537 153415.9383830689
510166926.2412070632 156284.9299003743
535816580.9824880362 187063.7718505859
513362830.3869625330 162066.2989166640
513541550.0089889765 162679.7802666090
514099927.9591084123 163903.5508201979
509290050.0013245940 154238.7516739033
509285380.2088730335 154183.7136594914
534867854.3372459412 186246.0646820068
511231315.8875004649 158610.6245758198
518711773.0063252449 171279.5503375903
527994634.7220281959 181584.4193572998
536392797.5182260275 187187.7050933838
519186553.1743280292 172141.3995874301
531585396.2264905572 184494.1023559570
523229108.8640017509 177078.0495986938
510329207.9693544507 156468.7927659460
508936723.4156236053 152949.9884130619
525474941.4769986272 179467.6325683594
531231610.2029262185 184318.7302246094
533828594.6126494408 185880.5105590820
529526984.4340294003 183439.7321624756
521833072.8020212650 175564.0945558548
531231610.2029265761 184319.8455963135
521997842.3416159153 175708.9804463387
534975073.9752627611 186436.4989776611
522294403.0765693188 175885.7049989700
530831545.1854470372 184042.0805511475
525696845.4251776338 180129.5983428955
522579770.8337415457 176100.6355209351
523770562.5053957701 177817.5942001343
524619627.4724856019 178822.0353469849
523741560.9748131037 177735.7332382202
523737176.8992538452 177618.7564125061
527750356.7298344374 181355.4441680908
535270992.1184114218 186736.1734008789
519788471.6573438644 173084.7405603305
524313544.4164730310 178324.1062698364
517679440.1659129262 169401.6130388156
524609578.5912362337 178597.7002334595
525140225.6196804047 179020.7222976685
524808119.9750770330 178825.3195724487
524359635.3062243462 178325.1741714478
535359090.7408306599 186916.3966674805
523770562.5053952932 177815.0756454468
517348078.2982501388 168982.8437476531
529251181.8457171917 182954.3130950928
523893639.1517589092 178050.5270614624
527253141.6635320187 181039.2087402344
529477498.8681197166 183042.0250701904
521588479.5411905050 175417.6773233414
526920324.1089988947 180741.9921264648
527286934.5879971981 181164.5973358154
527065300.1395411491 180747.3645935059
533803676.6869542599 185777.1159973145
521588479.5411905050 175417.7492837906
507142785.4771019816 149168.2526139877
507142785.4771021008 149168.2603292129
528389522.5644897819 181951.2914733887
526433119.4220541716 180162.0542449951
518833333.2129945159 171567.9635755951
518833333.2129949927 171568.2776930267
527492166.3296166658 181288.9451446533
528480838.0939606428 182013.2657470703
535178947.5233741999 186445.3248901367
528656226.6720470190 182525.6881866455
533039359.4463837743 185241.4536132812
534477083.6499232054 186156.4957580566
528482575.0476549268 182017.8370971680
528087913.4271306992 181702.6871948242
529135444.0288454890 182789.4811553955
528818974.1946236491 182582.7540588379
529132322.3549766541 182754.2454986572
530330071.4832897186 183901.9696807861
534326222.7135424614 185970.4223785400
528656226.6720470190 182523.9378662109
532245070.8013867736 184815.6364746094
533881377.8957175016 185910.1361694336
532274701.3678265214 184879.4158020020
533612494.8131669164 185438.5845642090
531164958.1921683550 184154.3033599854
531942795.8101185560 184716.3249206543
531942795.8101186156 184719.7022247314
