814900651.8704565763 149526.5148428532
815035247.3004530668 150429.5053964990
814997395.7597848177 150105.1955609655
815187009.5610852242 150849.9296678407
858160413.2501860857 301559.6850065174
858499164.8659473658 302165.8436979236
858764317.2602156401 302771.9232267322
864317809.9472539425 312246.7547347253
886089998.1107361317 345642.5212860107
915549177.7920343876 370521.9464111328
858951339.2221690416 302968.0976957264
858060341.9915765524 301263.1175702991
810700377.2876621485 107725.7108235785
811109946.1153235435 109555.9073116623
814514386.9274106026 145675.3477074956
865489258.0697422028 313921.7291762537
864642463.7230587006 312843.1630599207
865672199.0406348705 314430.3051192468
915883548.6570410728 370796.9182739258
915562505.7402675152 370540.7671508789
915831735.3311669827 370547.7945556641
916573541.4360864162 370860.0173339844
838422988.0983480215 255160.3135139760
838636063.4608334303 255842.7902232142
897640411.2349087000 360290.3675537109
897316703.9874831438 359809.5947570801
815190018.1008112431 151188.9976042973
815351238.4878942966 151549.5214414092
827743111.5054882765 218512.0934363234
827880984.0042823553 218922.7383736896
837359421.9606527090 251985.7211454670
838239857.5690480471 254903.7680427846
838193668.6587918997 254543.7304014839
858359534.1664904356 302017.2660425330
858364089.1817995310 302032.7283109608
864961941.0629212856 312884.7985274500
898234947.7188361883 360852.8955078125
897990006.1666333675 360624.0808105469
907300107.1274162531 368007.6143035889
907857431.5289763212 368628.5830078125
907819461.5899776220 368553.7888793945
915843651.7731170654 370706.2930297852
915545030.2380104065 370491.8271484375
827608854.4883116484 218032.6389990675
815080364.6015532017 150599.8723630177
815026807.2310823202 150221.1009054833
858706539.4814959764 302509.5236448231
858375329.4117306471 302067.7608426990
925974421.8241653442 372130.0154418945
810879312.3358786106 109552.2603659176
815015644.6244026423 150129.4659218368
857488186.7841464281 299245.6295026722
865154086.6354553699 313589.9513747400
865866664.5195033550 314485.8383376306
864746941.8413836956 312845.6711623376
865096810.0292055607 313557.3593337244
817838647.4540405273 165518.2372473571
865710546.0215404034 314439.2259108728
865268779.1584203243 313610.1435134119
906484921.0661166906 367301.7106628418
810745911.0239946842 107923.2106325461
814374012.3344242573 144779.2971694083
814901781.4735110998 149528.8906589115
818151903.2542293072 166601.5389165673
817937930.5635288954 165973.7420225237
857974947.9835447073 300904.1212476673
916039851.7898132801 370842.0156860352
817853458.6098427773 165617.1198107097
837895123.8075519800 253765.9267363228
898102203.8322255611 360643.8562622070
906917660.1361398697 367816.2806396484
818021850.5169095993 166400.1197325084
828232653.2596237659 219070.4409851562
916105873.1780414581 370852.4676513672
814695419.1039702892 147247.2577090578
884869886.3573811054 344119.3804779053
911888919.7550843954 369994.7993164062
837737402.6267296076 253350.0399107612
818240301.9847757816 167409.8151079509
818231578.0540630817 167378.4550615642
818163856.2809739113 167033.5305620199
817989323.6703550816 166305.1354814861
865814227.5157551765 314439.2296225732
814796118.7297724485 147848.6664939488
814344155.7788070440 144306.3000416273
814429899.7871512175 145151.3087585086
814424810.3317853212 144961.5070731754
814464203.9828343391 145466.8896174843
814447480.5253902674 145439.8947074527
885256101.7599720955 344860.4831085205
898634776.5267833471 361093.0050048828
898709035.7361222506 361158.3660278320
908222010.2092536688 368826.0466308594
838515835.0097218752 255163.7343897147
828319555.5586061478 219688.6140302514
865671220.5687694550 314272.5927626794
865863989.8110911846 314459.1118056482
911565313.0695251226 369969.2168579102
828304952.1023685932 219407.0680770653
886806515.6749880314 346303.0984954834
898841874.1245657206 361291.7756347656
828763660.2650860548 220492.1553915140
829051602.8627482653 220514.6727666851
828536408.7522062063 219899.6417399641
828972077.7122625113 220510.8052904565
828657762.8764535189 219906.2097235915
828684038.2067307234 220290.1605548933
811240091.8779186010 110429.7085543538
811383694.1442892551 110946.7847044016
828707793.3650006056 220357.4055771404
899276707.5135887861 361581.9017028809
910570105.0166221857 369653.3654785156
911455092.7656005621 369941.3884887695
839305993.9090064764 255924.4493460431
865965768.7445240021 314735.8921706384
923759758.0693769455 371698.1600952148
865409546.6994769573 313862.4360854333
910259961.0298968554 369571.2211303711
910259308.0896943808 369545.8788452148
910811827.9444900751 369711.6638793945
865355237.0660066605 313743.6310821977
865044384.7765045166 313287.0383803552
923336259.8978929520 371458.5697021484
828880430.8466447592 220502.9305862956
909226849.0402079821 368983.8588867188
901639050.6605687141 363457.8362731934
902280807.3587543964 363797.0555114746
901702632.4241313934 363609.8143615723
817594350.3982037306 163179.7142471727
887278464.5336766243 346514.8096008301
910069577.6338154078 369441.6065673828
817424333.1082381010 162112.7117676195
901964204.5476627350 363769.7227172852
900861007.2228198051 362573.0747070312
901480108.4892411232 363313.9475402832
811892377.0728849173 113345.8654219197
811705537.3693467379 112724.2089746983
901115357.1126685143 363062.0352478027
817407488.8435450792 161364.1534983572
901257004.4152154922 363251.3978576660
900933772.0659272671 362907.4967956543
900727276.0800964832 362541.5611114502
900970955.9819011688 362935.8572082520
909544187.4118589163 369189.6653442383
811603532.1082967520 111895.6277877806
864250149.5937707424 311770.8905832233
923490836.6364300251 371512.1537475586
914830581.1375701427 370478.2757568359
914737624.0476949215 370430.9629516602
913855697.3112469912 370212.4076538086
914515216.4094436169 370423.7757568359
856603981.0114836693 296804.1120380106
856820151.4218553305 297676.9979938211
856797679.7748227119 297540.7589801492
856728089.5733211040 297152.0613597574
856607865.9459092617 297076.3954623880
856750286.4693927765 297294.8030802309
856892870.3716678619 297898.6671222391
913831872.3478633165 370123.8020019531
913719403.6796561480 370031.6296386719
857050652.6667704582 298196.3560870828
856748544.7380204201 297253.8103736581
914340207.2004741430 370372.9934082031
817071534.7783576250 159280.5369382917
817113539.7190543413 159711.8481107771
811947586.7861330509 114247.2909143382
856517175.1238570213 296261.0536894225
913970541.4086893797 370312.7891235352
817016216.2145720720 158714.0409011478
816993950.2741619349 157855.6013335819
816847359.3942263126 157401.8178504672
922722554.3527824879 371056.0644226074
922895221.1665434837 371269.4969482422
816671549.7045450211 156142.8729144227
922827264.3903543949 371059.9041137695
922844662.1480262280 371111.5113220215
862169085.2070749998 307233.7957948098
922862872.5896751881 371255.4240112305
826899451.0896633863 209566.3179999482
923127889.0584068298 371390.0631713867
861777381.2949801683 305825.7792789563
906408294.3365734816 366496.4490966797
861940293.7178708315 306105.6547620290
861176171.5505490303 305298.0717441663
826489087.3314812183 206809.8899594375
826656374.3048791885 207557.4179173509
826511470.2635765076 206940.7476597826
826088875.7481347322 203952.3826578530
825980208.7825726271 203252.3040122648
825933093.5764597654 203224.7374319003
825773409.1489859819 202468.4205678866
862128818.1465028524 306990.0053379163
862034167.0546637774 306491.9317752942
862061138.8633483648 306617.5143863782
861522418.4579280615 305785.9303638562
861401128.2944501638 305560.1783268079
905135093.5071072578 365342.7357177734
825641879.8210613728 200030.3125946882
825455332.0885885954 198828.8640318277
825523546.9981285334 199769.6235762003
825432483.3477529287 198673.9804263475
884404792.2630025148 341515.1063537598
884348474.1315146685 341331.8870849609
884360164.1977187395 341426.8464660645
825060506.9673231840 196891.7422781351
825260808.5484811068 198051.7527456644
825091275.1501139402 197215.2989797952
825013764.0779993534 196829.8352673414
825081401.3879394531 197133.5935202005
884137218.9383817911 340984.1072692871
813982047.5956480503 116286.1844478820
813931792.9022026062 116039.0039395496
883703925.4668349028 340407.0158233643
813982901.9418553114 116919.6797870614
884190180.6775084734 341155.6805877686
814127257.8071956635 118727.6136740482
814077635.6533915997 118131.4906094110
814232914.1106206179 120938.1533215864
903014556.6723563671 363895.3692932129
903456040.7547602654 363986.3370666504
903473033.1693639755 364003.6307373047
903495000.9025008678 364161.8663940430
905733249.1521396637 365710.1846313477
846293988.1373490095 267868.7081815526
846096907.6366280317 267362.8280774877
846228811.1690152884 267832.9353009984
824388290.8250644207 188969.0530105752
906066942.4375665188 365824.3446655273
823816544.1002858877 185122.6821378315
823868386.3111515045 185539.6761122787
823739137.0698686838 184971.3982480610
845773904.3523346186 266467.4965979383
823583675.6857261658 182934.5364668214
823596816.4099636078 183196.6899087274
823552897.2063193321 182874.3554971063
823544059.9116141796 182765.6144082391
823531840.6691761017 182347.5857560480
837107444.1627613306 242351.4779952876
837097182.3155661821 242005.4274336229
836779507.1083370447 240859.1863426081
845951790.0925482512 266667.0702444837
845964554.8824816942 266853.0845267103
855403118.1503508091 288030.8324800530
905971577.4937200546 365796.2274780273
836278935.5888131857 238191.4115095473
845280476.7507232428 263363.6438223646
836150835.4923752546 237710.2062731124
836194325.4189828634 238000.8888292647
845457415.5231517553 264241.8386968141
856221735.8680188656 290016.1681862831
822933807.3626918793 176320.3253224707
822589714.3251031637 173642.2539837132
854523507.7966758013 285214.7607716927
854004259.2027640343 283837.2268656436
854171427.9711441994 284222.1421089934
854016716.7633833885 283899.0594180319
836023982.3332656622 235936.3952573784
854328554.5435796976 284820.8763483707
854324395.6355564594 284719.1578876856
854191317.6764090061 284286.0128840152
854439508.6969277859 284977.0718592349
822268208.4718122482 171482.4822575519
822090920.2936300039 170480.3354393872
822266595.8052892685 171404.7358829411
822160237.6013046503 171029.0772220524
851396457.6808886528 277094.0128750636
821948136.5194181204 169187.1328825331
821830575.6447638273 168146.8910039304
821778537.8714746237 167694.9002863558
821931580.2662647963 168712.0373179109
851034206.8768868446 275828.6705875678
850451731.0823144913 274414.7706470771
850158029.6100280285 273773.3639711051
850069079.3023126125 273588.5964908882
849843678.4651896954 272953.2819004341
850004355.5196142197 273552.5747623725
849899151.5995733738 273289.7869751772
835871313.5488508940 231347.8785798511
844988089.2753969431 258640.3220697858
844841275.7377163172 258035.5608488538
845013450.8568264246 258727.3720976331
844651622.6485942602 257780.4128292797
844927166.4048963785 258205.5651730297
897172546.6260643005 350360.4624938965
897186646.3915092945 350372.9801940918
895846129.3192181587 349118.8165283203
895870766.2046239376 349221.8060302734
895845567.6209363937 348944.1480712891
894318885.5541589260 347794.6371765137
894667721.8391072750 348239.0989685059
894035354.2435808182 347323.6985778809
893765857.3605661392 347111.9900512695
882360761.5984734297 324042.0670127869
882453207.4242546558 324424.4568901062
880830678.2136574984 321190.8659973145
881890115.2318595648 323153.5617465973
880100595.9859740734 317343.9102344513
880009223.0792877674 317187.0426158905
879842356.0088005066 317019.9051113129
880116801.1896731853 317590.3767833710
