522295534.4510420561 4433149.4492187500
537748581.3395770788 5208220.7851562500
515208971.2735285163 3559678.6430664062
520214415.6450864673 4262324.8090820312
524236941.7230158448 4571721.8232421875
555663103.9434725046 5519131.4326171875
515788441.0962629914 3693068.5327148438
520249364.8712724447 4264870.6254882812
519084309.6455485821 4152447.7133789062
523745372.4316312671 4544139.7324218750
530900222.1273164153 4952639.5585937500
529456480.4654343128 4882281.6289062500
515128511.8140324950 3538532.9916992188
515658065.4119346738 3667526.7495117188
515969962.9045915008 3729712.6694335938
521141380.6728755236 4349870.8720703125
612508821.8704576492 6178256.3867187500
515613958.9709954858 3656833.6713867188
531333558.0990930796 4978334.5781250000
536024662.3119941950 5137722.9052734375
563534291.4876576662 5680388.3281250000
526625321.0793341994 4711279.3320312500
555781398.2392297983 5542947.6083984375
516825503.4922966361 3866333.0942382812
536525699.7070044279 5161970.1406250000
515371051.0347847342 3594785.1425781250
527501863.6135147810 4786583.1875000000
560671362.7104307413 5640414.1464843750
552053938.3050379753 5470008.6015625000
552117219.3549989462 5489542.4306640625
542872145.7077420950 5330642.5947265625
515564091.8580434322 3646546.2416992188
524857468.4962105751 4604696.5078125000
532945340.2267422676 5033898.6796875000
516360790.8894194961 3796706.4140625000
517940378.1160225868 4009349.5415039062
515589198.9547097087 3651844.2749023438
517712765.9193125367 3981469.9897460938
527436403.3936659694 4778735.8544921875
515222868.5293847919 3560170.7568359375
521398646.9651176929 4371012.6523437500
532971999.9683872461 5036706.1113281250
532590042.6468917131 5020739.0195312500
542661367.1830437183 5323831.5820312500
563641655.9829285145 5682361.2148437500
520434914.9697391391 4283792.0053710938
522593883.0432961583 4457796.0507812500
530087589.2348633409 4923586.1005859375
546059836.5513170958 5364671.4384765625
563692555.0807327032 5685686.7519531250
522295534.4510420561 4433157.8574218750
560312803.0710510015 5637550.0117187500
561405601.7590268850 5645802.6679687500
524272808.2915811539 4573575.1250000000
552687108.0117436647 5491987.4453125000
540636229.3762366772 5268041.1025390625
537043673.8409372568 5182233.0263671875
517534133.9131183624 3966101.6186523438
516903584.8990294933 3878212.3725585938
525260076.9664721489 4643948.4755859375
549426154.1714323759 5423893.8222656250
520459188.3262066245 4287114.6411132812
519920709.6907870770 4235650.3403320312
549001598.6822940111 5416445.3173828125
524520658.2456840277 4593825.1035156250
520434914.9697391391 4283804.5795898438
519777826.1421827674 4221084.4570312500
516548163.5774630308 3825207.7719726562
550387456.9660764933 5456815.0800781250
516192030.7997291684 3768727.2314453125
517364156.2530263662 3944017.4843750000
534762607.3744486570 5094723.0810546875
599419287.2548125982 6040601.5976562500
577614977.3516950607 5789312.4316406250
520894960.1335114241 4325557.9609375000
612344450.6877908707 6170377.2089843750
516411020.8768530488 3803042.6752929688
527300795.0584072471 4768753.1533203125
558207401.9774399996 5593414.7880859375
519256954.0560128093 4172093.1640625000
563926600.3713662624 5689130.3486328125
515530792.5104923844 3641138.0551757812
549171080.0684705973 5422148.4902343750
563750048.5629552603 5687702.1074218750
516728681.6626079679 3851149.2128906250
517091296.6987838745 3905645.4487304688
517224299.9458920956 3923702.7104492188
515335834.6716555953 3585811.8750000000
564338698.2221368551 5692305.5878906250
517045172.4651902914 3898875.9477539062
539186599.3399256468 5259724.8613281250
563988702.3070931435 5689652.0507812500
529396161.5731471777 4877797.5498046875
526013010.1469586492 4690951.8691406250
550766404.1731586456 5466546.2441406250
528350360.9273128510 4827690.6015625000
515737397.8078477979 3683824.8784179688
516713280.5445209146 3850749.4008789062
538268960.4439963102 5232639.2031250000
516283946.4956208467 3784171.3886718750
537208153.2435572147 5184314.3310546875
524425663.2637079954 4584955.5722656250
547381323.1242408752 5399752.9111328125
532887226.9410781860 5030023.7675781250
534848147.4607410431 5099809.9541015625
516139849.8813387752 3761876.3735351562
528512314.6020997763 4834192.4257812500
516272910.9425513744 3783148.1689453125
530840548.3164656758 4947263.7177734375
556484943.1927223206 5576312.5263671875
527682429.0268128514 4794021.6455078125
529673200.7950457335 4893164.0800781250
517161808.1693959236 3912433.5610351562
519453800.3011434674 4190394.1367187500
520389123.9937683344 4276573.7250976562
564122346.8371829987 5690999.2597656250
530270081.4614843130 4928461.0195312500
528682808.9475471377 4846864.6992187500
530517207.1830580831 4936435.0703125000
516045759.2671914697 3743772.0878906250
526676885.8654659986 4727662.7587890625
516198288.3894423246 3768874.0083007812
563869283.1350136995 5688478.8046875000
568606193.1933989525 5714281.3056640625
568234902.1350239515 5710204.3017578125
527372675.6306023598 4769267.7773437500
612304031.6227998734 6168442.3085937500
527139878.4119045138 4759475.0537109375
521259114.8524065614 4361613.7441406250
542502661.8580296040 5315782.6230468750
517039855.7694939375 3895806.3125000000
525799987.5777662992 4681282.8613281250
521289517.9693479538 4361728.3847656250
516742574.9427752495 3855183.0043945312
545613527.3676335812 5361804.1406250000
519624829.5011848211 4204174.1918945312
554148862.3779102564 5505452.0546875000
534109890.2401603460 5079248.4775390625
518275673.4845100045 4058267.9169921875
524102060.0243990421 4570278.5693359375
519544350.4622917175 4196963.9506835938
523572069.4510422349 4535584.6601562500
550142801.5555903912 5444798.1484375000
518468066.8986117840 4081031.2846679688
585739586.6055659056 5897835.9531250000
566128804.7403261662 5699918.6611328125
537919136.5092206001 5215403.4414062500
558792500.2954471111 5593561.8447265625
612097374.6295241117 6162919.7167968750
524052448.6712615490 4565908.6679687500
520238838.5940035582 4264712.7592773438
529755473.4678192139 4900713.2128906250
541852886.4810575247 5287675.2031250000
525861911.2080018520 4684755.7324218750
532933494.6598140001 5031668.9296875000
520017685.1370992661 4241669.9243164062
611564848.3350218534 6162473.2480468750
612238429.4742652178 6165779.6035156250
525446304.9751842022 4655923.4287109375
530957836.5266456604 4954143.8974609375
541108266.0684194565 5275702.6406250000
519005159.4852870107 4145807.2641601562
563007575.6317787170 5669003.8554687500
528905159.0323647857 4858242.5185546875
536157272.9711090922 5149763.4716796875
533158107.0415138006 5041226.8867187500
532808038.6838463545 5029384.3281250000
535550962.3464751244 5125166.2783203125
550165279.0722092390 5447696.9511718750
519478033.0659269094 4192934.8364257812
550266304.1680277586 5452833.5966796875
515303352.1374793649 3579272.6411132812
515379201.7267475128 3596769.0009765625
550047964.3145676851 5444538.2441406250
586442637.2275358438 5907715.7998046875
586974976.4125688076 5911819.0068359375
522311994.7928294539 4436125.6494140625
519310958.9143744707 4175469.8466796875
523258799.4699891210 4514887.8593750000
559948717.9238269329 5616090.0419921875
553113427.2721816301 5495932.9228515625
606803329.3633700609 6082706.5136718750
524620538.4321515560 4600277.0117187500
520682336.9503390789 4301773.8935546875
523485746.5533455014 4528064.7968750000
535108281.5024220943 5106606.0898437500
523610791.5333914161 4537393.1728515625
521256540.6209990978 4358362.9130859375
524367061.4462867379 4582802.2207031250
536908116.2110369205 5172694.3212890625
523824405.2022119761 4552285.8144531250
541888331.0504807234 5294401.2890625000
522469107.8913927078 4450705.2216796875
533061207.3727755547 5039624.8212890625
520755440.8254282475 4310939.1630859375
531183934.0288786888 4967270.3837890625
534485851.6512751579 5088122.5283203125
521805247.6155652404 4398736.3154296875
542088075.0924386978 5301667.5302734375
577920111.4530392885 5807810.6640625000
590076203.4964004755 5959618.3066406250
524890912.0746453404 4622707.1425781250
521360334.2094053626 4366663.1914062500
521360334.2094053626 4366616.3222656250
580289143.6895242929 5865780.3847656250
580289274.3823499680 5868636.7578125000
578799637.8180025816 5818363.7500000000
578248796.9881548882 5813144.5898437500
527386418.1735760570 4774541.9648437500
522532109.9523391128 4454766.7988281250
522710242.9811298251 4472513.1640625000
522710242.9811298251 4472515.0634765625
532241662.8731737137 5001336.6054687500
561830694.3164676428 5652859.3779296875
607740266.4353666306 6131840.9980468750
607802088.7439242601 6134852.0800781250
524492140.4588300586 4592344.0205078125
536942642.7833752632 5174871.0390625000
582900544.6363528967 5882354.9433593750
549927331.3282257318 5440343.0390625000
553510355.8361616135 5501874.0664062500
593406379.5948687792 5984059.7275390625
593029066.3736287355 5979622.8203125000
522060576.1059637070 4415533.7275390625
530476460.5898209810 4930424.3330078125
535530409.9451997280 5122530.8369140625
559599583.1215062141 5613114.7480468750
562852943.1138255596 5665838.1425781250
524688575.0543091893 4603557.6035156250
526937113.7179089189 4738871.3583984375
521079095.5369365811 4341234.1728515625
588117681.3746448755 5912862.5625000000
588751388.3307636976 5939966.2509765625
517791192.8520058393 3994296.4755859375
542215927.3434628248 5303476.1328125000
518190773.7790635824 4048524.2749023438
517878749.7864443064 4002148.6831054688
526766564.2288943529 4732615.1298828125
518176741.7562679648 4047770.6196289062
518142229.4664065242 4043454.0434570312
518211356.0487196445 4051293.7480468750
601359274.7424346209 6078973.9775390625
601464464.1876779795 6081697.9814453125
527031390.2610132694 4748532.1845703125
590929665.3646528721 5965999.3417968750
574575244.8572949171 5747191.8779296875
574042115.7933552265 5743706.2275390625
543325905.7706111670 5334969.0068359375
544828269.1025974751 5351717.6025390625
558070522.6060866117 5577969.1992187500
529299712.1674451828 4871220.3291015625
523020677.6402042508 4492122.7177734375
588716767.6036553383 5930279.4296875000
541472597.7386147976 5284809.4130859375
535292298.7611533403 5117570.6171875000
546396052.4751900434 5367786.3369140625
600213590.4761997461 6068112.0585937500
545162353.3965516090 5360446.7763671875
544860322.6268206835 5355136.9130859375
524967875.0850377679 4623268.0634765625
518620696.3262982368 4099037.4624023438
554410569.8406535387 5517714.8837890625
547125706.4563153982 5392180.9296875000
546904769.1995728016 5390610.3652343750
518597487.8480876684 4094044.4023437500
537899598.8172159195 5213510.1132812500
546585979.8205534220 5382201.4746093750
546469883.2001687288 5379733.2275390625
517763520.8921122551 3985597.1147460938
533730878.1856778860 5054532.8505859375
517983678.9447252750 4017826.8051757812
544684937.3592207432 5347028.4912109375
521388856.3525531888 4368496.8916015625
544248785.2494416237 5338407.2675781250
536490736.3864219189 5159021.3798828125
548927886.9628428221 5410267.4443359375
540279954.6476825476 5263081.5361328125
540248812.1130645275 5261973.1005859375
575318362.0777409077 5777145.9658203125
575482845.1556160450 5781451.0126953125
536702745.3529198170 5164654.5761718750
594054655.8937093019 5991880.5087890625
533898196.7335705757 5060222.9931640625
596593427.7115731239 6017343.8642578125
596707704.9329164028 6021963.4404296875
549815635.5410658121 5425545.1357421875
607291306.7801054716 6084377.4042968750
597555910.8069313765 6028836.0312500000
575568181.9875249863 5788588.0908203125
536029800.1006997824 5144815.3398437500
596478748.7084021568 6013328.9394531250
559368612.6774448156 5595930.1611328125
559402751.4233353138 5598561.2363281250
570573926.9447754622 5731199.9589843750
585639032.0404869318 5887083.6845703125
528851199.5612692237 4848446.3837890625
598381787.2289714813 6035843.6669921875
572281371.1845742464 5740333.6230468750
537725206.9401180744 5202223.3750000000
537422365.0756937265 5198250.7177734375
