84544638.8926333189 191067.0612792969
81293777.0983495712 98947.1934255958
82404864.5850923806 136753.7481799517
80733791.0836939365 57665.3602239676
84578377.0917932242 191263.2695312500
80708486.4307838082 57592.2522591241
81387233.7858251631 101608.9984171093
82042652.1230888814 124879.0835705195
84438153.0080877244 189924.4445800781
81297966.2375822067 100567.1407510936
84060868.7158584744 182235.3703613281
82089434.2798440307 128536.1176071558
80864716.1940679848 73167.7944955193
84612234.2399263680 191946.5336914062
80835540.1177494377 70044.4450257793
84277099.4970812500 187714.5285644531
82072287.5756471008 128493.9010143671
84210579.3059514016 185862.1069335938
82085680.2339882106 128527.0922729671
81412604.8139320016 104649.4436697364
82098132.3615343422 128659.5163497124
83908928.3455570936 178333.8262634277
81977633.4994235188 124054.9297255669
83939176.9024035335 180893.7615966797
81026021.0768801421 81944.3747795615
80954783.5372419655 81124.1483705137
83955828.1282937527 181423.8233604431
80921041.2161094993 73548.3566598259
82063291.9040329903 128152.0227584038
82389316.5663437098 136709.3931769524
82183567.0930212885 130025.9327316675
84538900.0184519589 190997.0507812500
84212936.8536095470 186069.7477416992
84095027.0524508804 183199.0165405273
83819922.9924437553 174385.5173492432
84223462.3435617536 187526.3198242188
84238932.8095067292 187538.4121093750
83978959.8597770929 182086.5533447266
80784519.1562655717 66175.6814761627
84119788.8175547123 185505.8637084961
82197408.7297354192 132587.0821417961
80766660.4475911111 65746.1467700470
82175239.7152182013 129954.8245163355
82204449.3501953334 132890.0825729761
84493297.2278352827 190263.9990234375
84437028.9536881894 189905.4055175781
80824118.8321515024 69541.2726144157
83898786.7709980309 177369.8668212891
84221208.3985074162 186099.4328155518
84363018.5232901871 189212.7849121094
84287401.8970623016 188925.1740722656
84266765.4123205692 187570.4428710938
82344085.9965545684 136689.5222702418
82254926.7416522354 133730.5750046168
81165824.2518698126 92985.5112356544
84277427.5054478049 187831.9487304688
81435089.5543415546 104702.3691573441
82105198.1090073735 128933.0933761988
84451079.8744987696 190218.0483398438
80938777.8838804215 77001.8373353574
80858963.0891659260 73143.2803658806
83868805.6190585047 177104.9150238037
82318637.1593120545 134373.2114792261
81369872.5295968205 101568.9903005958
82340188.2971637994 136016.4944092426
81010887.9104282856 81631.6419618223
80807990.1952863336 69426.0456246696
82363590.3885817379 136706.0221636295
81354819.2146772444 101230.1333059669
84411799.6554538757 189883.4360351562
84496253.6826820821 190947.2631835938
84605901.6729228944 191625.2199707031
82202094.5901152045 132631.4371447954
81208173.6851332337 96404.8215994239
82355864.6142400056 136697.2856190894
81508954.9549669623 105452.9544125795
81438981.6517534405 105010.6166917384
81256523.7595029175 97810.4280795157
81313536.5231716931 100890.8814486563
82189746.8240499943 132567.2112350855
81193357.3560854346 94195.3955782950
81002374.4247538447 81514.4229370654
84108435.9768794775 183887.0065612793
82132580.8068187684 129311.3115005884
81226545.8960786611 96768.5704135001
80761797.3303282112 61879.3687821887
81248311.9385231137 96864.3731376603
83764748.1415054500 171540.3260955811
80741413.0305547565 61703.0759660266
83820793.2229986042 175657.6713409424
81040829.6387280524 85246.4594056699
80747409.1497750878 61788.8529532813
82152719.6076257378 129681.6086349878
82331187.1424608678 135857.2072998676
84197264.8064391166 185835.2504882812
80843452.5581734627 70131.8221141268
81018757.1799632460 81681.7884709332
80763568.9168047607 65339.1960687004
81153870.3219183087 92742.0621025041
80828049.5086939186 69793.4107748065
81285465.9089089483 98207.2947099209
84084674.5500259995 182309.9315185547
83934120.4983797222 179076.9817047119
81137557.8491776735 89982.8217228055
82232453.8198874444 132940.4966998491
80884362.2285536975 73426.9593851957
84090008.9226382971 183066.7847900391
81191024.2923041433 94084.9836747646
82727564.8332054466 141458.9055784121
82787307.5387510210 142967.4021299575
82808946.3537810296 144393.4439060185
82970524.2731181830 145373.8820765913
80896892.4576973915 73427.7930529807
80922605.9991782308 73557.2830662224
82707501.4811445326 141066.8210194800
82950888.4187016636 144941.3885292504
82507996.7980577201 140819.5966542456
82406965.4019425064 137013.8753781319
80999452.8609375060 81145.5591580961
81020844.8778470159 81721.4131982420
80936077.2174578458 74428.7033854518
82391647.4348803610 136725.2454465125
82391096.8100929409 136717.4820976648
81946971.1763633937 120330.2700630818
81106774.8414355367 89368.7704408262
80912166.8769885749 73522.6714774165
82128014.1909287125 129207.7468071375
82293704.1204882413 133758.5348320398
81083710.8782727569 85376.2801226974
80938937.5837271363 77123.1601502988
82126253.5431269854 128980.3536186609
82688464.0418331325 140826.3570252694
82053655.1843380779 125579.5073372517
82003008.7571505159 124380.5218025837
81916791.2116476744 115854.8945643306
81936387.0706328303 119089.6845320556
81895680.2751570940 115611.0146136675
81892715.0005444735 114532.3439593706
81730226.2472135425 108540.7892119084
81792344.5129904747 111488.7035785113
81831334.4662793428 111598.0894517601
81872138.8463377506 111670.0426909123
81773460.0667916983 110570.3488432560
81718186.5084090531 107532.3969416479
81663476.1481681168 107151.0384794865
