134850683.9884689450 26188.9903668202
147572142.7343334556 57281.5292108059
155731434.7901042402 70511.7373962402
134457345.3378461599 20511.0707655372
134735929.3760062158 25174.1039213724
136562884.7688159347 37292.7497107983
156155903.6800793707 70516.4331359863
155713352.6448049545 70477.0249328613
134647734.8451635242 24231.6644949503
156215498.4191726148 70573.1184997559
134366354.7173876464 17858.2920794375
134772980.2511006892 25960.2921075821
134613944.7841183841 23367.8417467661
135171671.8616035581 29819.1116722859
142527550.3274867237 46553.2810579482
134503391.5890286267 21495.8757986613
136916846.6167249084 39712.4420979023
134999637.8160657585 27995.2525414266
137549009.5456615388 41714.1544732302
134729963.2654493451 25166.1526326723
134759120.8615348041 25246.8405176438
134761931.7205904126 25277.3503786363
134990716.0638733208 27952.2012887299
134494029.2037971616 21412.6076650806
134453261.6445343792 20508.6293883510
134973635.4714816213 27892.0060841627
137369559.7482307851 41675.6040915698
136567446.2953956127 37765.3412973657
134673737.1897476912 24334.9109522142
134693136.5907479227 25025.8039698601
136213030.8411779702 35993.2053587213
136090716.6214106977 35147.0504264422
135123514.5016527772 28907.1821068563
136654351.7993369699 38660.7008287683
136162584.6647182107 35435.8345587030
137483208.0553736687 41688.4402283877
137654413.7799260020 42106.4203132838
134954132.0285985470 27134.6089074202
134393320.0399981737 18687.2116346778
135901296.7647807300 34502.4822059907
135984764.7210465074 34535.1203879565
135207309.1441020966 29828.4960897714
134884728.0661273897 27052.8131150045
134421795.3756565452 19602.6130707450
154959726.1409032643 70367.0968627930
136114037.5552148223 35420.8464834467
134469042.3368821740 21364.5008478351
135389773.0388720036 30919.0121802874
135068159.3227066696 28902.9328120165
137266442.9010308683 40727.6181205958
134381053.6943641603 18682.5976216979
134397972.9728025794 18690.6835053153
137731722.6358702779 42216.8602546901
134417142.4428521395 19599.1412001075
134404353.9967518747 18690.9504327960
137172670.4821674824 39816.0691294223
155536346.7439450324 70385.4123229980
137344849.7210720181 40925.0528740138
136829941.1127835512 38817.0825664997
134445457.4663579762 20498.2385363765
134580739.4760688841 23172.0013129897
134586552.2435445786 23196.3112673946
134799694.7769697905 26037.6370923109
155617244.0190089047 70404.2145080566
136322469.0699073970 36331.9714200273
136094613.1345582604 35419.2645246759
155209931.0871694982 70385.3312683105
134346125.4165223241 16948.5777322762
134428274.7776193917 20460.5225711055
134357231.2915101647 17770.6680562682
146361866.1114463806 55103.5709256381
146033172.9609934092 54648.9869717807
134538599.2807427645 22284.3817019649
134404689.9070951939 19594.2602596469
134623756.4617201984 23966.1407878995
134933975.0920613110 27096.5404194631
136571852.6110644937 37798.4724002257
134580344.5728229880 23124.1884308457
134825556.2044895291 26084.7072970122
134560414.8482128680 23078.5211768746
134449853.6094102859 20506.1898250766
134913891.6523966491 27083.3229759969
148332192.7118892670 59096.1740578860
134473438.4799344838 21372.4521365352
135396142.3138499558 31022.2586375512
135142325.7431800067 29045.1444615163
134825697.1215539575 26140.8835495748
134805472.7648248971 26071.4898535460
134529400.6495333612 22166.5916114450
134587135.5282571018 23201.9448390007
134781331.1215906441 25968.2433962822
134588957.9172033370 23319.7349295206
136908628.1755904257 39564.7084813714
134717278.2339821756 25129.0504271239
137179537.3970895410 39832.2585891932
134771666.2022548020 25789.9999187589
134631974.9028546810 24113.8744044304
134684918.1496134698 24878.0703533292
134882235.5842302740 26732.4393451810
136392867.4509367049 37078.6564894952
135025780.4395192266 28008.4699848928
134497821.4601996541 21488.2290169187
136780217.8733995259 38662.5501778126
134544118.5426057577 22407.8053640909
134374818.3966649175 18636.6634402461
151900314.4647631049 67944.0510787964
134351233.5261407197 17770.4011287875
134380867.5042412281 18682.3306942172
134404452.3747654259 19548.5930056758
135817471.4822464287 33692.2177716643
136058618.3630127609 34784.7400926575
134620966.9780300558 23422.9813867845
150039705.4285984635 65425.0060843676
149985042.9665521085 65418.9836539477
148987675.6857810616 59948.5609120578
135765335.7603133917 33560.6894964203
134520533.6720815897 21541.5430526324
134535900.1014713049 22260.0717475601
134526645.2248313427 21582.1582011953
134461183.8156024516 20576.2994514890
135821065.7159399390 33715.2218851075
134519461.7350336611 21501.5999435745
135313313.9886845350 30692.5800880231
135743051.3568814993 33532.9888188392
136247886.0885209143 36015.1242097840
135401508.5195272565 31635.0195144452
146830905.6621629596 55320.6848859042
145915770.0838151574 54507.4933804721
147682257.7047538459 58155.2116421908
135380597.8511262834 30873.3617221154
147085621.5358604193 56197.5961930752
137123640.7046665251 39729.0121319294
136258259.0908531249 36136.2170630731
152132701.6801945269 68432.1421394348
137195001.7458842099 40475.4747478962
149167969.1761600673 63993.8956680298
135693609.2465593815 33462.6403836459
149145028.4771540165 61824.8450249881
134862652.6028071344 26189.2799440660
154912691.9864178300 70108.9861755371
154389881.1239031851 70088.7270812988
136182208.7104682326 35861.4731529206
135847298.7315889001 34422.4839752167
151199279.9309226871 66746.8532238007
151042816.7588379383 66539.8747920990
135353766.8442670107 30784.3927258700
135057951.1470965147 28696.0808038712
135435920.1665059328 31696.3222912997
135064320.4220744669 28799.3272611350
135598084.2570862770 32579.0495441407
147622676.9881343246 58027.4007938355
135026334.7246413529 28671.5164127797
135664841.8688353896 33393.6781222075
135170769.9534398317 29531.6443624496
153301010.8993554115 69953.2683105469
134882442.8395391703 26817.3011782020
134965728.2741631269 27767.5381360501
134954688.9721381664 27729.0769863576
153923037.7188932896 70007.4372863770
135158815.8975283802 29507.0799713582
141465583.4414498508 46024.4058949815
135236233.0148519576 30248.4229813069
146397017.5681791008 55287.6711183383
151565172.3872375488 67458.0462741852
148155352.0496000051 58314.7630171776
147073453.9816365540 55976.6052870750
135256711.4287002087 30467.4351261109
135262630.3474258184 30592.1760220975
152593657.7247963846 68597.5032501221
135302852.9197603762 30596.6827753112
135533028.8857389092 32481.7485567778
141695728.0170700550 46300.0587747958
135442406.9224590659 32327.1859631985
135634913.1523374915 33330.7964410868
135510275.8220607638 32416.0706358042
139868421.8212162852 43461.7395163104
139436728.5391053557 42549.8099508807
135518526.5943583846 32422.1783114554
135606679.5003158152 33200.5400476977
135575384.6824444532 32482.0154842585
142921959.8685306311 47592.5177327208
140346091.9355673492 43774.1545773931
140706728.5958901942 44023.8514527120
140873382.5279706419 44198.7744666564
140937059.7708120942 44577.6636438370
141110204.1804277003 44666.9116113186
141139022.0233083367 44734.9280352036
141215697.1740391254 45636.7191061378
140918356.9705368280 44281.7552008033
141211397.3397391737 45146.2695211768
141157048.5470705628 45080.9329404831
141974528.3014347851 46308.1152862310
142841000.9866065681 46592.7861636877
142890813.3040152490 46644.8226436377
143537607.4548259079 49285.3869028091
143835757.6588597000 50437.1081857681
143560930.1131172776 50124.5955209732
144016343.2329110503 50465.1618795395
143167421.1357838511 47911.0430654287
144043564.6091534793 50743.2581930161
144099192.0496915281 50947.2944021225
142935106.6741846800 47730.8900808096
143347932.5884872079 48534.9808562994
142949817.0510952771 47856.6591053009
144172060.2264719903 51308.4656515121
144216440.0622580945 52099.3584585190
144124746.8970553875 51227.6197500229
144558481.4539582133 52392.4107046127
144590260.5116976798 52424.3739919662
144500869.3515796959 52310.7539358139
144392392.4750629663 52101.0270195007
144707389.0145748258 52538.5856161118
144608518.6494987011 52451.6724843979
145861746.3961539567 54416.6003112793
144789715.6858943105 52655.5693931580
144943654.1540607512 53011.6650686264
144800427.4726068974 52918.2249135971
145175372.0280319452 53725.7062673569
146230563.7887953818 54790.8655242920
145701100.0288694799 54024.9899826050
