649830789.4452968836 1054200.0866699219
650815753.7645668983 1055880.5478515625
548173569.1190421581 228445.9643612893
556491578.0506963730 439559.7339737341
547922536.9877958298 224311.7001617940
550185716.9790539742 321435.7253762179
551369112.7541238070 347654.1198085509
556335469.2317144871 439484.4446797296
555813427.0998370647 435529.1179572269
580677194.7915985584 697789.0203662058
621056323.4023327827 954018.5891394243
623088257.0592597723 969656.6679287776
650309957.5296293497 1055404.4921875000
651240686.0081717968 1056276.8828125000
662655999.6232830286 1067043.7795410156
662993920.7509361506 1067348.2324218750
664792268.6541174650 1067458.9697265625
547984487.3995423317 224580.7499321493
577338250.1220573187 667656.2061936073
577114124.9276129007 666190.7707628869
580456894.1651355028 696357.6319995066
581745006.6288912296 705497.4224214181
581288658.9852931499 703229.8329757005
645545193.2724056244 1043060.0308837891
646051388.2150436640 1045280.8162841797
645446838.8120806217 1041817.0393066406
650893795.4544824362 1056132.7968750000
550015712.8406783342 321402.3136146123
554963257.5895408392 421715.9225397324
576896173.3762754202 664205.2836472206
577014649.8867692947 665233.8590256386
645285481.1875636578 1040819.0715942383
548295045.6144893169 230537.9056340249
549848579.0356245041 317274.9531594210
552644028.4495607615 378191.1172532785
577002219.3403917551 664616.1583420448
651093656.2738355398 1056136.2541503906
650131401.0732524395 1054725.8245849609
650547282.7616465092 1055858.9641113281
662276011.7646268606 1066109.9487304688
646247719.4943084717 1045745.2999267578
645509726.5483002663 1042643.8197021484
645842727.0443377495 1044774.0433349609
549731283.0242600441 310010.2315989744
555438328.9831043482 429712.3556891605
555256448.7194516659 426558.4202381596
577232698.1705852747 666666.5251633339
580624014.0670152903 697574.2998461863
582007782.7906843424 708296.2328084856
581503514.8491209745 705115.5000251085
581768077.1352341175 705718.4817069322
628960092.5138945580 996230.1665725708
628862262.0932881832 996057.3589553833
555127662.0695890188 425365.1559258625
581782458.6416721344 706518.0321219712
555106229.8652520180 424566.8712284490
554884847.8956990242 421418.8016778156
628656318.8628475666 994696.9153518677
628743311.0240062475 995453.5674514771
628442125.6203821898 993932.7362136841
559106303.3677185774 471032.7294934132
559084069.9513372183 470355.3442950585
580782731.2076132298 699795.3896289011
549716258.9684641361 309029.3548919868
551664696.2510856390 358559.1416585408
555022815.5570361614 422672.1292861477
558954516.7418658733 469484.0303287843
576505115.2201678753 659931.7523361854
580557246.4789485931 696693.8686369136
549783212.9442728758 310198.2491052162
580566554.9666152000 697098.3632124141
549653365.0313502550 309026.8752438736
551479000.6593101025 354866.4143475257
555054380.6189055443 422690.7457225099
559185342.6621201038 471966.3903823235
558838186.9477851391 468214.6703695172
576817258.6929427385 663799.0164963417
583635124.7407428026 717637.6646202877
583432907.2907538414 717298.5426780954
583784516.5604844093 717984.3972953632
549791981.5653915405 310401.2695615005
552837913.1791001558 381984.1203461253
559394649.9970299006 472585.5123604164
577274427.1607254744 667432.3305771835
583467850.7184255123 717531.0984672382
559079934.2454138994 470131.4133868554
583967318.5948961973 718941.8526176289
547840837.5606517792 205472.3653533066
552869148.2214851379 382592.5520477045
628462051.5664855242 994012.9505691528
628163773.4339376688 992897.3018264771
549805386.3385587931 312964.3106991958
577601596.0879482031 668960.1541916542
628706178.0171487331 994799.3012771606
547919152.2071417570 216626.4378165992
577436327.3169867992 668152.5079514198
551416381.8728508949 351610.4705684893
627783736.1747550964 990793.9639644623
551632684.5892349482 356311.1656368487
555022416.0300607681 422658.7018784657
551457726.3410874605 351953.7664008550
661951057.5319298506 1064863.4730224609
547873953.0821909904 209616.7571258590
547859311.2707691193 209105.8709537134
558150048.7634600401 458432.9894794812
558230315.9755992889 460174.6673511853
649670013.2303103209 1053219.4655761719
551472027.8559551239 354701.8450191729
628016077.4610946178 991790.8189449310
627731830.7072952986 989039.5116939545
558474548.8419361115 461419.1143323518
557933897.0383673906 457328.9638447156
557873334.2936009169 453927.3023780087
557618838.1879841089 453610.3870535219
557267630.0666100979 449634.8221121157
554756730.5937253237 416894.1498512160
627582589.0740650892 988940.5429439545
554507247.2581433058 413228.5359631425
627738431.6357873678 989777.6603755951
554480356.4103394747 411975.4037609941
647016380.4709451199 1046404.2735595703
553797623.2197811604 398688.1813309538
662434440.6161741018 1066359.4414062500
627054186.0097457170 987391.0907802582
554479751.9271929264 411908.5746666437
626302614.8730053902 983305.7258586884
553923007.0058717728 402604.2138045776
554230616.3215111494 407837.2469251400
551391236.6249550581 349974.5953689087
549331726.7303763628 240357.5963100954
548987929.1143921614 240037.3312839088
548717618.4662755728 236603.6535631237
548797516.9832656384 239560.9023074773
548911743.6857651472 239583.5474476633
549482728.4626344442 241960.3071231065
548694677.9375832081 235026.7369371471
556687381.5017679930 440883.2749825880
556701543.3608392477 441656.0120233033
577808175.3325995207 669281.9473241679
577882268.3775570393 669553.3294265829
625001608.4960247278 978450.1871185303
625324487.1412761211 978930.9458733425
625183840.2891399860 978561.0103264675
624992150.1579819918 976706.4638176784
621340822.3624736071 960609.5900749788
624616669.2112321854 976040.4899731502
572845544.9392973185 615672.0253558294
621398129.0069690943 960883.9479428157
551931457.9954415560 361014.9798097778
552117090.5310282707 365881.7994573880
552282653.4652577639 366128.3586187530
621445553.8425402641 961878.5278316364
551949338.6373828650 361798.0904028583
564152302.4828879833 520970.8603569522
649313143.3895361423 1051357.3412475586
565099041.1714830399 526321.1991907314
621254302.2461545467 960330.3801874708
621550650.9875668287 962233.6069336757
563719614.9865434170 514709.4493858769
621548542.2002674341 961968.4263741598
553328671.6321835518 391175.0043511736
563721382.9141066074 515735.7050402611
552961794.4830107689 383990.8053155291
553048118.1251115799 386266.9041314471
621228187.7681330442 959455.7566885576
564350078.3146044016 523194.8338954106
552378712.2560124397 370804.6048137002
564269772.0189055204 522965.1925989345
552072914.9356499910 361961.1659457255
614759214.5998392105 914975.7450950146
648450994.1848155260 1048218.9619140625
619568982.0399972200 944469.1718467132
619736245.7681232691 945447.2970268864
572714183.9449545145 615532.7054473446
573165234.1993384361 619113.8096810863
551214013.1750906706 329760.2221343082
564047142.0946683884 519517.2784373164
572900245.8106036186 617753.7560311840
573184040.8643879890 619731.9024576760
573303753.7715971470 621076.0428226321
573441992.3491247892 621426.4494675576
551324755.0446006060 332175.2910178781
617573295.9738202095 931776.0859947558
551292654.7515119314 331872.2435021133
617917468.1094076633 933337.2901201602
618240610.5466089249 936005.9963884708
551324706.4876025915 332117.8501084738
618159222.0129045248 934876.6332903262
618055907.3233786821 934665.7348528262
617755656.2187196016 932122.6520128604
617410022.4305127859 931046.3770103808
617790650.0872019529 932840.6902971622
617146043.9843688011 929832.0129967090
616433093.8892998695 923303.8627470732
616578792.9484539032 925093.4641682319
616118994.4793963432 923099.1443773946
637526309.8061846495 1010362.6234130859
638010736.1513658762 1013315.0965576172
637475685.6708096266 1010286.7432250977
637716014.9028798342 1012147.1009521484
637160133.7807586193 1008903.7287597656
575903214.1108250618 641636.9805457934
575799965.5388417244 641597.7440955981
636998025.1313587427 1007812.2786865234
637292391.0666269064 1010172.5018310547
575725404.3082809448 640601.6414344653
561943704.8249212503 489739.1659985320
561684080.5826364756 482438.5417032079
561477408.8631585836 481067.0985238389
561491584.2532379627 481365.2277858481
640319103.4229054451 1018903.9976806641
639597060.9892983437 1017729.2663574219
561458463.0375397205 480327.1835162864
561200811.9299325943 477113.8475368247
561527115.0143414736 481782.3577394322
575524946.8519874811 638605.5216415274
571288678.7905806303 592603.7549486838
575536686.9095244408 639260.9276614758
570906580.7575312853 590722.3621264182
571684084.0671814680 594583.3902063823
575649438.0588587523 639678.4180331799
571316103.6284561157 594070.2401230341
571702133.5600572824 599599.2996628290
587774704.0120137930 725238.7177652337
587546005.7136558294 724178.9216226556
589361268.3408310413 735852.7008416567
588594395.6854155064 730352.5385613111
641239706.9983770847 1019787.1397705078
641965762.0552327633 1021229.0456542969
588439315.7860795259 729178.3605657567
587246571.1876951456 720926.7487141911
641119417.7997604609 1019608.3975830078
587890514.5576778650 725889.2196614568
641035588.9763358831 1019212.3492431641
587322373.8600752354 721766.9086263005
641765824.1399165392 1020914.1254882812
614069368.9868835211 899612.6064521305
570460839.7186564207 570610.6254011691
570379456.6576755047 570444.0262800753
610175770.1330962181 871266.1711999476
570116191.5226532221 565504.3635216486
570275904.0362544060 566346.5861749686
570327840.2504870892 568795.7134361994
612056423.5689747334 884676.5075208924
611850776.0865044594 883278.7191908143
612681597.7950108051 886864.4276466069
612292380.3748511076 885223.7723864317
611997886.7743271589 884602.8163587830
611101686.5998874903 877942.8070489466
611806524.1529588699 882789.9335287593
611264492.5653753281 879746.5641290247
609402304.6146275997 862726.6353840884
609803144.3668268919 865377.1594166812
609605777.3643660545 865205.0466389712
609039101.2294602394 858939.8472657558
643742285.7188141346 1021703.3507690430
644147362.7747628689 1022648.4495239258
607317778.9605520964 848058.2658555806
606847236.0812023878 844052.9211061299
607050583.1047192812 844756.8341920674
606618864.0256239176 841519.0376861393
606874489.3224710226 844631.4174440205
569099466.1452889442 550666.1780052334
644649284.5764634609 1023573.9459838867
606554771.3593268394 840037.2095051296
606481177.9929305315 839080.4575424679
568607218.6234195232 542742.0936248451
568408105.7625238895 540323.1350305229
568459895.5292897224 540681.4205529839
568510716.9073789120 542351.4914148003
568511376.1133687496 542737.3576867729
602366867.6518754959 808406.1412945241
605028710.0859788656 826849.3948393762
603915057.4836943150 819895.7988650054
603683553.1388224363 816041.6307659596
604450057.5485876799 822934.6852175444
568283648.6513062716 535066.3231857587
604305982.1615178585 821183.6674917787
604140723.2908824682 820959.0134390444
603797268.2604317665 817451.1714666933
603895136.3462618589 817759.1325186342
601047313.8928472996 794787.5573478648
568057353.0947250128 527448.6810248994
600501197.5768567324 785522.9459288032
600814310.7121783495 786985.2645760835
600419076.9431842566 784451.6953184516
599833735.7773425579 781002.9592158706
599863141.1344623566 781321.9064204604
599947969.8421998024 781325.1559321792
599350221.2576240301 778111.3669132353
597791405.3314461708 764691.5598335264
597418137.2634466887 762686.9919624326
597391330.7897590399 761619.2082595823
597102431.5720998049 759549.6737523077
597001232.6189811230 758810.3808023927
595991176.1823651791 752080.7055690286
595818764.1107200384 750123.4213883874
595291290.9000109434 739683.8352917721
595321751.1767891645 740467.1961354306
