424630315.0866771936 763575.8626463672
433250637.1797285080 1024169.1516691307
433345014.1773090959 1025794.3099647621
441555594.0487277508 1217624.0236025499
441389371.7920017242 1212690.9067118960
441364135.4865180850 1212041.7355595338
444650769.5324770808 1278342.2935897999
444637489.7773814797 1275974.4919388585
444470186.1613575816 1273140.7409927540
444802994.6573871374 1281906.0355331593
444406612.0168975592 1273005.4961807423
465312288.1225704551 1576027.6145019531
465081294.9989429116 1574787.8983154297
464577302.2363789678 1570101.7517089844
473554064.8907951713 1638923.4101562500
473577498.0313786864 1639733.2680664062
473429197.4897026420 1638094.9567871094
474198235.3791692853 1642707.8190917969
474078432.2576496005 1642535.3852539062
473772337.3994241357 1641917.0825195312
487509800.5883969665 1700781.1296386719
487473922.6816739440 1699996.7929687500
487716030.3362359405 1701972.2028808594
488568899.3382417560 1703952.2819824219
488071699.0111516118 1702676.4047851562
488635456.7542241216 1704901.3249511719
491865298.8292731643 1710821.4960937500
491028957.3188949227 1708673.9414062500
441841683.7085667253 1217885.6249718582
465149429.8058010936 1574932.5975341797
424753486.4972519279 765433.7290279826
424923315.9228751063 772401.0661404093
463766435.9318558574 1558764.4676513672
464758739.2336896062 1571861.1984863281
465370423.2558192611 1576421.5698242188
464821779.8182427287 1573166.4064941406
464847195.0636559129 1573251.8898925781
422098001.9524185658 599007.0554315250
422147226.2926074266 605522.0126663356
422470937.7035689354 667902.0760872260
424613227.5688381195 762918.5475901624
424636816.9055715799 764009.6186764201
424373096.7189927697 749727.8171937724
424583145.8812663555 760663.7691200932
424384111.4431608319 755651.4724333545
464189633.4195639491 1564367.2725830078
463858947.6764581800 1562052.6628417969
466427244.8124344349 1585713.9533691406
472147913.7746083736 1627240.6826171875
422222427.7326276302 614233.2648498311
444386482.5711969137 1271089.7681533985
464251003.3783940077 1566111.8419189453
464679649.1063722968 1570604.8548583984
422117071.8879545927 605430.1765456095
432921112.9701396823 1016216.3164440254
433040029.0175669193 1017915.8163136147
464257975.2159115672 1566872.5718994141
466391770.6260814071 1583847.3365478516
422245717.2989175320 641125.6277519483
422680001.3714901805 674549.3018075255
422652107.9863182306 674219.1973534849
472775003.0098868012 1632636.2475585938
473056782.2468137145 1634688.9916992188
473329163.2262429595 1636524.5966796875
422305130.7095391154 641272.2303057620
422225018.3361524940 640987.4695940921
422389243.6232610345 658314.6891922003
422362203.0016500950 656747.4462722784
472226430.9414238930 1630005.6130371094
473031432.4552927613 1634654.2504882812
472185882.2353174090 1628703.9621582031
471825354.6266934276 1625700.8104248047
424298802.9324580431 746159.2909815570
427605103.6186015010 850114.9125443805
432981830.4318931699 1016263.6014112094
444100143.1526281834 1265251.6783401661
444011279.4469336867 1262991.8864519291
443948030.9137340188 1261771.4148943119
443834251.2948165536 1259785.5633318119
464479113.0534365773 1568894.4935302734
464450487.7509762049 1567828.5749511719
470922321.5480664372 1620132.3524169922
471317099.1641373038 1621223.5755615234
423953309.6326836944 728852.7927981389
422190805.7823926210 607136.6555848017
422340870.2911517024 650677.7925962454
424232463.3227190971 739571.7492808362
471539263.1331158876 1622374.9763183594
424289039.2760750651 741478.7586909791
424083592.8838774562 734658.3939754029
427033295.2834919691 835105.2691283781
427174922.4379962087 841968.6700049747
432783984.4014721513 1011725.4353827141
465713108.9495421052 1578737.8735351562
466151953.6592233181 1581621.6877441406
476467073.1047066450 1646238.7744140625
432582005.3308429718 1006545.7670361070
432724992.3527333736 1010847.1101111077
432425131.4032521248 1001487.2149024941
465190989.1733708978 1575219.7615966797
465647873.1385949850 1578694.4786376953
432667266.0305097103 1007703.3462487019
424076928.2022277713 733310.6050972601
423973217.0753257275 728959.0536698957
423827086.9887487292 721833.6916124409
424004737.6259274483 729164.1912226414
426966815.6436755061 834169.8727012236
465930282.5507595539 1581226.9375000000
427151213.3953489661 837099.8680896300
426932490.0407969356 832262.2269425921
432233704.2853274345 996382.6662865437
470148171.7822535634 1609960.6601562500
470281424.4754503369 1613840.4616699219
469987174.8308138847 1609565.7121582031
490674389.4851359725 1707856.5048828125
490262360.7661044002 1707323.7153320312
443192915.8518911004 1245131.6041408321
469818091.0870330930 1609468.4865722656
469533794.7602259517 1607266.5563964844
432904329.7965292335 1013319.3127584318
442843274.4029621482 1239531.9677750012
469417411.2001807094 1606550.2880859375
469607610.2181178927 1608110.3798828125
489808689.3597266078 1706226.9643554688
489867700.6985750794 1706448.9809570312
423440909.0904265046 700126.9570860758
423550340.0853777528 708307.5693046197
423419454.8170320392 699760.6154547676
423545135.0975246429 701699.0730648309
423307758.3583428264 689922.7874202996
423366015.8831210136 696537.3071956902
426872971.8980384469 825495.0198827318
423263030.7882245779 682494.7014520138
423293033.1944028139 688780.0804707974
426769643.6766104102 823591.5044999651
426723078.2571847439 817057.8628406662
426519224.4030155540 809366.6402368683
489790128.6792472005 1705267.2368164062
426451013.7159674764 804617.0199556488
441868825.7932536006 1219408.6388132861
469294907.7344452739 1604431.7169189453
490087459.8705404401 1707065.8999023438
442179280.9080937505 1224657.9770090869
432679788.1675276160 1007867.3523067422
442047676.6004699469 1223858.4374583056
442189205.0769639611 1225076.3271601489
442468122.9177899957 1230199.6908381274
442157843.6254601479 1224215.9671464702
442448347.8415631056 1229339.8719523242
442072438.8431165218 1224063.6418040087
425983670.1304894090 784690.2686143599
426403931.8992699385 803850.2443905014
442046581.2105696797 1221427.8704731753
488239967.3981605172 1703391.1706542969
489817814.4699494243 1706286.0883789062
440715283.1775015593 1198096.6959234616
440671269.8774421215 1196116.4900416308
426093207.4812057018 789408.5274034224
426271297.8426436782 797781.2538606066
426170719.6286088228 791862.0082669936
426020635.0860126615 788476.1470323286
426083402.0801424384 789222.3451963149
440413503.4557160139 1189034.5775608593
440517430.9120251536 1192337.8937229686
440712016.9310951829 1197215.0302280956
440436358.3280928731 1191722.8868870311
431961175.0229375958 982594.2565902468
440254617.2087301016 1183981.7584375166
440370785.6614595056 1188414.2166055464
440433688.7081888318 1190849.7210000777
431728266.3920102119 969865.2032257770
487242730.4876258969 1697506.8928222656
487464434.0820448995 1699838.6418457031
487655014.5590811372 1701278.2619628906
431913869.6511973143 978374.4717506167
431741264.4544250369 975052.3432146307
461302051.2930757403 1511732.8039550781
477034292.0213598013 1648577.0654296875
468364801.8960000873 1595993.0341796875
467865327.1654500365 1590505.5859375000
467840596.2278037667 1590354.4084472656
467543032.4833930135 1587207.5900878906
468093406.4422015548 1591982.8721008301
468102174.6547067761 1593627.8427734375
467744271.1925405860 1590153.2599182129
488042136.4372183681 1702269.2043457031
487293414.1844066978 1698016.5217285156
431533509.2600279450 967997.7897478339
431402079.1960545182 961867.9029737437
431436040.7581198812 961993.9444356482
487035205.3697881103 1694386.7325439453
431337422.3169292808 960085.9205472522
461999109.8303151727 1524534.2185058594
437764157.5858961940 1122515.8290697709
462308030.0579525828 1528427.9575195312
430735027.7704758644 932405.5707578212
462521032.0807222724 1532142.9990234375
462185515.7636712193 1528258.5100097656
461746808.0484443307 1522476.6998291016
462679745.6384924054 1533978.0152893066
463491125.0381307602 1542630.7323303223
431057199.4324089289 941689.7463425915
431011808.7549428940 941336.8767931062
430920858.8242102861 940710.3792325311
461206240.7506738305 1505897.8497619629
431125686.8421266675 943858.3158660365
430832942.3901486397 938007.5493941737
476721017.7416828871 1647112.4482421875
476367602.6751610041 1645166.5925292969
452091300.3081894517 1369664.3977245092
456198983.2029190063 1435100.1320900917
452034690.1084676385 1368132.1296581030
460171769.8797407746 1490038.0810852051
459864897.3130743504 1485798.9694182873
459652761.5941886902 1480824.8805510998
439457551.4694111943 1160841.6448591179
439668594.2370918989 1165233.7279146141
439293496.8404277563 1156362.4934906638
439288337.7278532982 1151567.8428353942
439064176.4392651320 1151012.8426041282
438971045.4624645114 1146702.0463008559
438896009.8761860132 1146196.1215347922
438725306.9082227349 1144193.7730240501
438796504.5065833330 1145111.2395751476
438150218.5569421053 1130680.4827104807
459824470.7819890380 1483939.2372405529
459727926.6789062619 1483609.2538421154
459559360.0333777666 1480038.4046294689
459466023.3852113485 1479811.8529632092
459578031.8709110022 1480535.0069243908
437321630.6123824716 1107797.3794243336
437480471.3490380645 1110925.4491752386
437323466.9685197473 1107917.4639809132
437274649.2012435198 1106534.1459648609
436966181.9456371665 1094668.7982161045
437147099.1239268780 1102180.1740353107
437168323.6910211444 1102479.1352779865
436514433.9423744082 1084601.0336398445
436260924.1533063650 1080805.0302905403
436385558.0915539861 1081524.4735709354
436147545.7468879819 1077074.9898883030
436134412.6289487481 1075357.3417650387
436048571.0165022612 1074246.9832535908
458043116.7373102903 1460423.0176033974
457865443.7475521564 1457604.0217491388
458066169.4501389265 1460642.1744599342
457609261.1192975044 1454990.3277039528
457682977.9659377337 1455873.2580075264
457766360.6791486740 1456888.9898133278
457048062.3067355752 1445713.1447892189
456794269.3741904497 1441888.3073563576
435921433.7693486214 1066348.7930800207
435501369.9551645517 1056496.9790651686
435629888.5209315419 1060968.6674916036
435072375.0098622441 1045315.8521437235
434907543.7052155137 1040249.5694288798
434724580.5729813576 1032552.1928711645
435023870.0841687918 1041738.5388903208
434730501.2029328942 1034841.6345142908
434757083.9218484759 1036853.7854151316
430819640.3659605980 932834.4491929067
430544243.9607251883 915426.0938766355
430625544.9155920148 922678.6302460684
451662222.4101967812 1358840.3267086744
455929086.4618600011 1427906.3476395607
456001143.2049487233 1428892.2067990303
455632610.5968276858 1421217.3739151955
455622871.9615067840 1420412.2020611763
451907741.9452810287 1364316.6148785353
451797447.6024107933 1363320.7715328932
455207091.3703203797 1416192.0806927681
455422922.0257889628 1419932.3370709419
455220994.6148287654 1416957.8449749947
455025830.2407434583 1414568.1261029243
453952735.1977102757 1396665.0915212631
453807486.9855958223 1393186.0606497526
453917886.6660650969 1396461.7164114714
453372383.1754430532 1387310.4959162474
453275638.6144441366 1384780.1055603027
453061209.7130218744 1380656.5785893202
452938659.0584654212 1380258.3362339735
453126673.5862878561 1384004.9235600233
451602327.4702215791 1358306.4056423903
451462361.7918573022 1352561.8267656565
451144986.6054319739 1346907.4109226465
450309440.9186220765 1331447.4277565479
450481178.8926575780 1333600.5422768593
449554594.6420137286 1314895.6500351429
449316396.3251623511 1308426.1588547230
449317583.2087378502 1309802.1290695667
448832001.8391537070 1299715.3006174564
448983366.1489273906 1302869.9430344105
449072386.8468938470 1303492.5492384434
449185140.4958193898 1305185.4401447773
448580499.6713727117 1289668.2600300312
449182387.9940862060 1304143.9445393085
486639277.1343440413 1661787.8815917969
486651621.8759760261 1664315.9099121094
486494949.1464247108 1661409.9624023438
486887076.2974769473 1664599.9172363281
