131596109.7551597357 709763.2305903807
132586171.5952566713 811519.7769652456
133491937.7777553648 875146.8060956001
132102663.5918492228 769394.1034502834
140564125.1692225635 1105083.0704956055
131282810.2826162726 655151.2814765212
140225757.6146214008 1100219.1428985596
139820598.4131763875 1079005.3113555908
153990787.7249169350 1204640.3388671875
140070914.5319739580 1084260.8064727783
138321407.3251914680 1044494.9281616211
132212730.3484578729 780963.4393696785
140444501.6548919380 1102274.3079376221
132053929.0510527194 767014.3635158390
136207422.2993130684 995499.1464996338
133238263.6374858022 859460.3495201431
138429503.0305759907 1051296.1028442383
133283267.9050477147 860279.1098446213
131871417.6009648591 746420.9044671059
138536330.9338261187 1052817.8623657227
136158440.4999171197 994438.6902008057
133421010.6900403053 867135.4361901283
131862139.3484220803 745510.6461474895
133449700.0402463228 868518.0434379578
133311955.3279673457 864915.3013223968
134620493.5346992910 934072.2451077551
141163972.8146114647 1116600.8215332031
133605115.4447342008 880743.6508507431
134872449.0588779449 946582.1108486652
133740848.4771481305 886175.1629204750
133459745.0979355723 871204.1009082198
140761841.7505266666 1111783.1374511719
132444237.6315629035 799222.6829711050
133310080.4315442592 862908.2287030220
153850951.1284099519 1204111.6030273438
136267941.9539273381 998398.9157562256
137108491.2788126171 1024681.5822448730
131329204.4189555943 664299.4016732883
140216896.7595815957 1094660.3880157471
139495294.2541908920 1066156.4980010986
140646558.1900656223 1106085.0058593750
133311171.3421027511 863113.9982342720
131288032.0461641252 656455.3849604784
133246010.1097778231 859935.0580162369
131170482.0980072469 616440.0573625267
150564430.3549003601 1175691.2834472656
140200647.0569164753 1094470.9602813721
139530780.7461065054 1069261.2340698242
137406635.9919834733 1034027.2327117920
134606067.0824812949 933970.2090110630
136349565.5747720897 1000556.1859397888
131334426.1825034320 665603.5051572456
135913182.2049243748 985271.5277233124
153528346.5436968803 1202434.2880859375
150652400.0678856671 1182850.6164550781
136977495.7133968771 1020107.0865135193
136130853.6392590106 992933.4166412354
140006191.0880517364 1081833.6920700073
138649270.2701545358 1057991.8414306641
134821549.2071922421 946135.0288789272
141759727.0349562466 1120759.1245727539
132602408.1435489357 811523.0090717636
133300608.1670302600 861045.6853152514
140536982.7639609873 1102920.5490112305
140995491.3647797108 1116049.3401489258
136333315.8721069992 1000366.7582054138
136114603.9365939200 992743.9889068604
132609831.4099844396 811856.9259997457
131227874.5711856186 637978.0064708723
140633499.3192298710 1105647.2531738281
133404760.9873751849 866946.0084557533
138900192.2429100573 1062714.2443847656
136377152.4354302585 1002060.9559593201
137021332.2767200768 1020424.1040916443
140888663.4615295827 1114528.3128051758
145120411.1903492808 1134614.9518432617
131193379.8923126757 627875.9579941472
131194055.0120170414 628074.5299043357
131414934.2816467136 679468.4745130166
134093776.3152450621 908914.6048626900
149453019.9430171847 1173375.1163330078
136691862.4367066622 1012815.6736564636
133751822.6731414050 887496.1172223091
131191347.8095080554 625721.4548217368
131554700.2574363053 703973.9234595671
131968632.7838498354 755986.5360374451
133941713.1720118970 898702.8342938423
131567588.6018188000 704576.9770799056
131157528.2503394783 615817.9711067816
139561336.7707060575 1078176.2171020508
131463791.8622262180 689694.2108514532
131383084.0962835550 672521.8709973916
147172559.0915505886 1147424.5355224609
146757306.9444563389 1145576.8900146484
135775485.1576117575 981867.1170244217
131896131.4840197861 749634.0701434016
139050373.0550558567 1063579.7961425781
132242433.9291279912 783084.6612267941
131616715.1435877383 714406.4393359423
148614456.0276409686 1162268.5943603516
131321596.7771066427 661362.8214069067
138757402.8768326342 1059623.9000244141
135437079.3177062571 967260.6755867004
134781881.6183263063 943121.0816470794
131266567.3470612466 649106.2682929274
131784769.6352199912 735746.2683527321
134815229.5822800696 945943.8115937710
132190398.1578325629 778124.5505700558
131736852.7059019804 729142.2849773765
131719114.5843354464 727764.5575499907
131695670.1101246178 723571.6126012802
144074388.1504583359 1121521.7133178711
134286184.0338109434 918626.3715556674
141542579.9992336035 1118745.0490722656
132359018.5422512442 792355.9044470340
145133752.4257293642 1141952.6994018555
136246203.8450190127 997899.1272125244
138160563.7000167370 1042416.3134765625
133765705.9568897784 887812.7225995064
134641902.3635388613 934499.1402824968
133154990.8416721970 850872.8627762794
133689721.7866378129 885337.9541592598
139127131.3887046278 1065494.3699951172
138791682.3743023276 1062212.4807128906
131317315.9401508272 659477.9939923494
132322719.7677008212 790423.7344689816
132935173.7021769285 837092.8859838806
134562892.4612174630 933353.4313175678
131271789.1106090993 650410.3717768847
131890750.3372940570 748342.9019765854
151343490.5815514028 1183912.0246582031
131171765.7001516819 621760.0240476653
134753892.8766598403 941577.1797306538
133958490.0276185125 898748.6780438423
131507179.9505971074 696649.7669983283
132555689.1561416984 809410.4266204834
148697145.4876215756 1171505.7232666016
131218280.7584851980 634917.4358521327
131239146.4699860066 644198.8333113429
131252100.3176537752 644774.6281183420
138712613.0950173438 1058367.1492919922
137367347.2051543891 1030308.3744926453
131177261.4639210701 622066.1572219497
131205326.9108174294 634295.3495963877
131520003.0818227679 697630.3735642806
134377500.1262118518 921833.3264579624
132698054.0757346153 818952.6600695699
136016179.5342905819 986257.8899078369
133295001.0762976408 861039.3756432533
148601832.6053484380 1160256.0186767578
137591807.4363378286 1040762.9706993103
131868648.9535256624 745514.1051318645
132620476.4258776754 812388.5496215820
132285347.1984009147 785934.8244609833
141313005.1765497625 1118733.1253051758
134082780.8614735901 908204.6236233711
131304196.3812266439 656747.5118168816
137342350.6234602332 1030215.3875846863
138389201.0023334026 1050084.9163818359
136430974.2824941874 1003395.9820823669
145008461.7842040360 1130084.6295776367
131641573.6844310164 718154.8053309619
134082167.6126298606 907321.1586995125
131598500.2375944555 711910.3843104541
136533678.6674215198 1006461.3379287720
131234641.1357280761 638545.2711869106
136657908.4447978139 1009964.3121643066
137072125.0818878710 1020892.7082138062
151779458.2202920914 1187644.6928710938
135665594.5779809058 974645.5721588135
135496621.8040260077 968767.3149480820
134095419.8999478668 909137.1474041939
136047943.9507387877 988965.7052154541
137092920.8159755468 1023830.6268615723
141262425.3411619961 1117622.5525512695
134107985.1895075440 909202.7105850875
135762529.0396054387 979266.1790838242
136963829.3055177927 1018330.2393455505
132240303.7790068835 782420.8864636421
131548947.6755200773 703348.0521545783
135896911.0906358063 984056.4350013733
131882238.8615814447 747752.6812478900
137024390.2639439404 1020648.3766059875
132144691.7748428285 773399.1638088077
131993063.0461369753 760665.3270933628
136910093.5664384961 1017580.6295433044
136650433.3638530076 1008958.7794685364
131592978.1270629168 709683.1452346221
137221998.6177494526 1027382.0491600037
135111814.6559646428 955691.1055879593
135483263.2454170585 968659.5226716995
131561770.8067457229 704328.6587205306
132045758.0046671480 763968.7441267818
138613018.7975276709 1055663.1985168457
136466481.7610823512 1005097.0094795227
136448745.3244694471 1003789.5816383362
136862563.6755122840 1016820.8724861145
153517288.4011575580 1202187.4106445312
134965464.8019894660 948469.4053711295
134149133.9683491141 911792.5046886019
144634329.4076870382 1123156.2918701172
136207970.1083480120 996711.4864234924
133897876.6086886227 897006.8302655220
134044339.5096547753 906501.2645762973
135116687.6573278308 956378.2583984733
153405819.6064637303 1201479.9086914062
152606960.9293717146 1196481.8837890625
152894998.1097746789 1199613.8227539062
133878583.0720016658 895709.1131884307
136113685.0805597901 991900.0687904358
145031137.4659775198 1130928.2685546875
132670424.7139431536 817901.1182738394
134555464.3628845513 932220.7386239767
153213954.1233341396 1200628.0781250000
152618221.2173942626 1196609.5761718750
152727575.5116123557 1199120.5927734375
131686768.7219922692 722958.8349604979
132014767.9098422080 762877.4966654181
153046531.5251718163 1200134.8481445312
131855977.3172149509 743266.5760111213
131925479.6972025931 751487.8706700931
131398324.7071790993 678027.6806080565
131761811.1667614877 733735.9743149728
131181753.9968076348 622661.6575318202
131673945.5907666236 721976.0380187407
131802984.5412131995 738246.2893421054
132203693.5856499970 778652.3134169430
132052064.8569442034 765918.4908151031
131928588.0982567221 751709.6300210357
131832918.9287402481 740413.6080057025
131366474.5218159407 671081.0770924315
134058222.7934031188 906818.5307200961
132977297.7142933905 839760.9150407314
134690542.5351409316 937352.4767889977
133106484.4940246642 849154.9966825806
144812394.7835764289 1123399.4566497803
147633093.4592061341 1153104.8286132812
135007114.9862303734 950530.4268833958
133903683.8364537507 897017.1315350533
131431706.6508867592 683371.2644818053
134504879.4376723766 927058.9778602943
135080683.0712149739 954541.2142772675
134964465.9713882804 948324.2714519501
135387657.8090663552 966250.9942760468
131405035.6643174887 678071.4440138116
133860772.2397836596 894881.3706401400
144844483.9988503754 1124036.3355560303
134912221.0196627975 948153.8158855438
134241265.8014876246 914749.8584907874
134321693.4728124142 919822.6507118568
134551687.8217548728 931249.0479286537
131422765.0382638872 682078.4782566801
134406287.0481810272 923511.6518418789
134042170.2677185237 905868.3359903656
134438639.9329337776 926561.3346345425
133208729.1442825347 854776.8402042985
133210273.2293954045 855236.2147509307
132874064.3051131666 832744.9892919064
133035721.3047764599 842987.9538046569
133874689.9535163790 895086.8526529633
151613554.4761240482 1185150.3337402344
133643010.0791841447 881567.0691484772
133546471.2295122892 875204.6021456085
131280801.2253115773 653222.6896796462
135174562.2163693011 958444.0421276093
132909958.7194106430 835445.0412290096
135552587.8143813610 974142.0236978531
135542225.5221648514 971413.7523984909
132646443.4728931934 816918.5650184155
132488677.1415746808 803487.5111574978
135722815.7429857254 977891.2034349442
132474348.4964066297 803157.5719470978
132893778.3854259700 834605.7912919521
133005340.1339237988 841739.0920732021
133048117.2652194798 845113.8573911190
135335412.8573409021 966075.5767955780
132676228.5072554201 818770.4984855652
132384804.0178339928 794239.1039543152
132633451.3759597838 815395.6556873322
132304729.9394363612 787819.4891743660
131855020.3125086278 743202.4124500155
133843574.0478427261 893267.2124888152
132547286.6404950470 807996.3663222790
131418761.6580557525 679674.1602510586
140079234.5980482996 1086181.4433593750
131704883.7079692483 724117.3538586870
131317786.5812854469 659726.3564664349
132837275.0678274184 829844.9324700832
132828540.0568130612 829211.0120801181
132714264.2915228158 822505.8592278957
132504509.5091994107 804617.4302527905
132556545.2804948390 809579.4917762280
132452204.3264662474 799832.0612000525
132817394.4645891190 828878.9869614467
132465675.8164742142 802269.5191068351
132491306.9518819004 804184.7275402993
132659384.0801581442 817111.0800160617
131592021.1223565787 709594.0523758307
131451404.2986788154 685885.4594903365
131516871.4537259489 697551.3573303595
