607365760.1834825277 199180.7157592773
612444808.9729623795 203954.6177978516
613234516.1280866861 204265.3326110840
611713542.4146548510 203146.3577423096
613449193.3522039652 204475.2861022949
613291961.6782548428 204292.2655639648
537362373.6661396027 44238.0547216686
537544904.4063261747 45452.0228367901
542036414.2882144451 68719.6324812369
542494716.7597236633 70737.9352632658
550416229.1944215298 96337.7422008158
551656802.7394484282 98875.7936281326
561248370.8924032450 121276.6406911761
571081172.0998573303 142051.3956092065
593541715.6463667154 182392.6085263002
595486640.4369678497 185222.9693648326
594865779.6326330900 184671.4311581361
595453419.7809079885 184819.2635558099
607857861.7347501516 200082.3391723633
612112691.6645320654 203872.2205810547
611809906.5545669794 203419.1156921387
613572190.5038862228 204522.8138427734
592402887.3847880363 180503.3389874208
592395929.3924860954 180330.3655262697
591957787.5924375057 180095.6506024110
592450657.0589143038 180881.0330715883
592128517.0821406841 180260.4311199891
592446005.8390375376 180738.2544308412
543744953.1556298733 74860.2530537778
543627456.9844464064 74727.6668111020
592459646.2300522327 181140.8277188051
542160518.4565768242 68868.7583564119
542297227.4772746563 70364.0433905916
543313709.9324507713 73991.8568745786
543483352.8431330919 74227.0768719184
549995058.4151011705 94981.1035110849
561458707.0710333586 121993.9729941447
592718730.0805528164 181542.3375759828
571134440.9296404123 142162.7322009271
570715592.7105295658 141658.3125251001
593839281.9704760313 183239.9845181215
612937935.0323449373 204199.8757629395
612761684.7554920912 204086.7700805664
593189177.4456701279 181912.1836338746
542406053.0457431078 70653.8275461988
551233154.2976366282 98178.2844577807
561747308.8914133310 122454.0552955121
593822391.3249168396 183070.6527767885
594593086.9367830753 184312.5434628236
607385689.5372226238 199737.1216735840
608745294.7636771202 200921.5495147705
608906514.2895487547 201189.4577331543
551038015.0798740387 97963.8640627029
551136902.0422362089 98097.7502573688
550777775.0453947783 97328.9730714920
550965649.7705819607 97528.4766874465
537518786.6109554768 45024.6164298395
537361756.6360859871 44049.5878339151
537255850.3097929955 43407.9435382227
609478947.4878952503 201530.2061157227
537067326.7984081507 41611.4618476333
537318349.9366339445 43551.0405284504
571315650.6806830168 142768.1648152536
571380205.0612462759 142898.8064826196
626022595.4221571684 207935.9304199219
609769752.2479804754 201878.0246276855
611053362.9606137276 202352.9796447754
611301147.2135756016 203007.6828002930
610902590.5220980644 202320.8598022461
611239568.7845337391 202859.5704956055
594519404.0250235796 184085.0131893861
595097938.2757270336 184723.4874020326
611115141.3630951643 202733.4809570312
537221251.4360511303 42666.3555616563
550846024.0781736374 97363.8345300454
611164914.8260518312 202801.2799377441
611090671.3317251205 202728.1122741699
609019214.3076269627 201313.5168762207
610095280.7208160162 202088.9376831055
550755417.1330045462 97102.9029908387
609486510.3908222914 201630.3924255371
550949628.0384459496 97507.1149135131
609222302.4761183262 201446.5185394287
609558644.3974363804 201716.8921813965
551000437.7820419073 97557.8106669394
549705462.2569351196 93412.2372267182
549944934.3957859278 94353.3076417242
608135060.6742949486 200226.8485565186
541878866.7848457098 68092.7733046011
607651314.1304882765 200035.7780151367
570276425.9436621666 140865.0763047403
570639194.4198061228 141493.3750985330
570566969.3876755238 141425.4818490213
570471487.0140384436 141282.2455819314
570071281.9135102034 140343.2202089168
569976738.5707899332 139770.6366479732
569951229.2487953901 139666.1935975887
570032384.8379909992 140141.4219301082
570171376.7702342272 140644.1598451473
537148832.9495369196 41994.3593707422
541399164.9933029413 64824.7572490629
625441254.3253388405 207839.8622436523
570021097.0114431381 140116.3799074031
541251154.9547659159 64062.4478645344
606121488.6510180235 197432.6910514832
622587253.5651024580 206606.2010192871
625281520.6831136942 207803.7591552734
606179281.3916217089 197528.9890708923
606405284.6105657816 197842.7862815857
606337888.0674060583 197626.1586570740
606529643.0094321966 197912.6515769958
605940302.9378646612 196955.4291954041
606259362.0057512522 197589.3438682556
542602105.9993950129 71250.4107692660
622871728.8810672760 206898.8538208008
622737047.5085344315 206736.8957519531
541155660.1272463799 63961.4060348627
549434520.8406648636 92133.7203758792
549441536.1526644230 92657.8638522630
622373743.2663108110 206420.7895355225
541254937.1923106909 64172.0944550690
548995724.5253229141 90940.3444042865
536927301.2495898008 39047.8649586964
541603211.6654276848 66033.9317322723
622573579.2880409956 206563.0859527588
541341410.4410877228 64719.8653309476
541645240.3646928072 66903.7459412566
622653585.8499078751 206671.6034240723
541105125.3665084839 63234.8444747236
597889611.7576725483 187861.6545372712
604582748.2020925283 195437.5033493042
560916391.7126187086 120760.0950712049
597615164.3058103323 187522.2861863687
603943999.9560078382 194553.3971242905
603964580.0482971668 194666.6939687729
603908017.2231628895 194545.0738210678
604114176.5635266304 194683.2580251694
604154385.3393057585 194808.9197988510
549153470.4186254740 91630.3250533335
597434006.9300806522 187050.4085160806
603659050.8043898344 194182.8457326889
603149511.8469165564 193837.8907375336
541517204.4893836975 65636.4871219001
602499896.2964234352 193067.4341945648
602822868.7334587574 193621.3967189789
624995687.6423070431 207666.6402587891
548304838.0942164660 89093.0885497606
548551493.0582599640 89860.0597805060
548270482.9737037420 88748.3376732147
548372226.4941195250 89171.9916334949
548307714.5335506201 89144.5053981817
548041899.5399763584 88122.5035202634
547862728.3756375313 86652.2019075658
624113629.6723748446 207286.6626586914
597332331.3684000969 187043.8256074502
602549120.1787000895 193329.0312404633
547759336.8445298672 86537.1983025465
601532015.4716289043 191812.9971399046
602231749.5417799950 192785.8134713173
601715104.5419663191 192325.8339318968
601198022.7894612551 191756.5315637328
601043726.6383318901 191393.1635894775
623849711.4362595081 207148.1913452148
623646750.8691723347 207143.8571166992
600841301.9612605572 191365.4332122803
596890229.2647187710 186452.5452500894
599620330.7290885448 189783.6145661175
599995060.3966374397 190201.0261566937
599731846.5562083721 189970.6585724652
599833467.2841510773 190026.1633332074
599699873.6716115475 189900.9976532757
538454356.4265019894 46116.0182712206
568180506.9811860323 135772.3511388637
598216801.4728662968 188369.0292397249
547549645.8807395697 85603.4933681353
538549190.8955512047 47189.9071291562
568082867.7608469725 135698.3185689785
597779912.3382757902 187741.1097184732
597201053.4370765686 186860.4457780435
540760417.8214589357 60630.2974678527
597106497.0815069675 186534.1713238466
560364428.3369729519 118464.1675801734
568526219.3944561481 136499.6508367397
540135777.0525152683 57663.7277449321
560456344.2599899769 118839.5980191687
540586578.1210129261 59768.3762620788
567874812.1533730030 135276.3670675494
540251010.8709516525 58379.9594954203
540340094.5592087507 58846.5832933288
567955686.5241020918 135504.7417791225
567647208.2063734531 134266.0450456687
540127379.4120439291 57289.2353087838
540084933.5092897415 57236.7789739691
540532340.5478466749 59106.8257729329
568562722.2632099390 136587.3975332119
547012802.8543564081 83022.8731142408
560004665.5969622135 117222.7474675635
546990818.6181046963 82705.8852113611
560408257.1170591116 118585.9051175574
560044023.6585199833 117751.5436254004
546368112.4496787786 80893.0262952759
539600362.2526268959 53748.8332530644
539770199.1127141714 54769.9450776398
539607246.1005008221 53944.3695513315
546277994.3514229059 80243.8799940064
545972391.7765742540 79333.9138227417
546121996.4987651110 79981.0967298462
546327322.4904896021 80510.5677076294
538783260.8842285872 47338.5083440372
539277411.4615408182 52184.5116967943
539435307.3283367157 53066.1941446371
539113778.5586123466 50465.6921510485
545923215.5368932486 78951.3396741166
538794083.2625868320 47891.7961057610
566231783.7390677929 131537.0572807700
538964859.5848411322 49547.4870112342
565540750.6816600561 129838.8195488364
539129354.2129700184 51260.1845684436
565325638.2039339542 129633.0897972495
538895391.4864778519 48754.3206045505
565004253.7024074793 128671.1142504779
564888695.9122124910 128580.9584654891
545863481.1657904387 78472.3126347919
545837507.6547884941 78459.5471478715
544998354.1193960905 75252.3621338312
544838178.5613546371 75039.1163288574
545049751.9088600874 75400.5048473740
564976372.7467563152 128602.5513551719
564558916.5041319132 127918.6675082743
559822229.1279280186 115991.3824622100
588282062.5370805264 170828.2975120768
588418991.4795612097 170895.7324180827
588183443.5090357065 170692.8962669596
589355116.3667021990 171978.6848318102
591906425.9966430664 176113.3824200081
619999353.3646917343 204574.5027160645
562732370.6016203165 123324.6080288799
562966219.4622455835 124086.1654803366
562671377.0582019091 123200.2830379964
562762703.2621619701 123339.5120628835
562657741.5856776237 122771.9122889400
562832038.9575909376 123459.7170780660
562492732.2623097897 122616.1031682626
591424311.4312397242 175226.5305567058
590062985.8623217344 172611.4255308360
590004335.0259306431 172510.5455422523
590069251.8008835316 172624.5959649207
589896596.8900943995 172451.6244490417
589921309.4316185713 172469.2413296821
589611108.0152516365 172059.6976590278
559646800.1526294947 115011.4794656092
559554438.1317677498 114972.9291204268
586998647.0937303305 166220.2677359655
587027814.8825590611 166443.2835059240
586927465.5788978338 166089.6230629757
586575070.2648727894 165757.3952307776
586158063.2770305872 165163.9654746130
586286491.4796434641 165184.7711854056
586507042.7623893023 165534.5634195879
586053581.2469933033 164896.7636399344
558531256.6246973276 111332.1647739820
558180602.0964494944 110197.6141664498
558084063.6678004265 110171.5114951544
558533399.2432773113 111572.1426694803
558251567.5453466177 110881.2796073370
557249961.5481574535 107346.8767530082
556934565.7720234394 106133.2460372804
556686551.9101213217 105657.2345626710
556849079.9545015097 106081.0594261049
557002651.6491209269 106647.2615287660
556774889.6598417759 106059.8316085695
585245504.9516177177 161669.9139346366
556553651.8661290407 105069.6899223493
556665158.7537845373 105369.6822869128
555881408.9655683041 102239.8138449897
555026572.6727389097 99949.7664434062
554844093.8271137476 99295.8635470019
554720816.6770184040 99094.2240969287
585064762.3413771391 158369.3677700376
585112423.5527039766 158493.1510418271
585030220.3052958250 158003.7444402193
584728021.4072656631 157458.4068797300
584680733.5213276148 157400.2571600149
584756749.1888790131 157516.9297521780
584357747.5392507315 156549.2488783071
584133371.3370013237 155967.5829580496
583895364.6940500736 153957.1382433719
583800535.4083012342 153552.8966673918
583661065.2876564264 153271.7554011270
581291584.2600268126 149427.3089154102
581553205.5863784552 149695.5970776416
581414054.9519002438 149502.9305941798
581058071.3997149467 148865.8397659995
580911458.4335110188 148819.8501727320
579880418.2911291122 146731.0354028605
580896338.3821291924 148406.8375383280
579771694.9175112247 145895.5270604454
579461114.9130356312 144519.6220053184
578973012.2379088402 143995.9506840967
579424395.4507128000 144491.1502385400
