425403008.9325373769 27841.1451244716
427940748.9927299619 37145.1449078013
428243205.1334795952 37615.8064562966
428147756.4160188437 37601.5410687019
449596076.2319143414 73175.0333892703
450535629.4301512837 73787.7443948388
466246295.7802695036 85092.0464782715
466004159.7081215382 84987.0686950684
466194602.1098161936 85070.9972991943
466074711.4092341661 85026.8043670654
471817718.0427972674 85945.0667266846
472844738.8587903380 86121.4061279297
450055253.6515151858 73614.4293962121
428004014.5208265185 37294.7398504753
428126230.6558740735 37346.5644690682
449988595.0890709758 73610.1017594934
427948917.5386729240 37221.1305721690
449156007.4051808715 72714.0951443613
449002982.9427735209 72505.7683573663
449485946.7809342742 73059.4963161349
463606352.4111051559 83974.5167770386
465747123.7032732964 84851.1730499268
465586564.8848236203 84834.4454498291
449959668.8355921507 73467.4090206027
449981337.3120778799 73544.9340011477
449657852.9505630136 73310.3983795047
427784144.2598558068 36820.8811176707
437328785.2067106962 55929.8784731404
449062633.9244830012 72578.2619129121
473338507.3007397056 86165.9928283691
424993891.8710539937 23416.1490636335
425020678.8165612817 23466.3387146459
437337515.5600652695 55982.9860823640
437579231.0465091467 56182.4158576020
440084823.6325014830 60793.1317023990
449073461.7511063218 72600.5000506341
460917299.0046293736 82376.3302383423
471660085.3678675294 85802.4588699341
473027065.9457527995 86161.8307495117
473032608.9646249413 86165.5646972656
465890986.2053397894 84957.1580505371
464158015.9108661413 84286.5670852661
463931943.0414841175 84212.6866531372
466242412.6914702654 85072.4284515381
425030573.6528397202 23548.5512180676
426841259.9010336995 33676.3620916744
425133225.5124101043 23797.0110927091
427691102.9867174625 36157.2406147410
437417567.4140707254 56031.1160300263
472709342.5939771533 86119.9832153320
464382830.4595997334 84306.5608139038
466548231.6211057305 85125.1782226562
449127651.1883593202 72709.9395895898
425074239.4352667928 23790.1055303083
427711386.0522508025 36440.7824695994
437435792.4510546923 56103.5699577370
464474190.7036176920 84310.0293197632
463815736.8967695236 84132.5719070435
471713430.6803457141 85802.5072937012
463575943.7199742794 83964.6905746460
464423399.3545926809 84308.0687789917
448984902.1374498606 72446.7853633761
463895455.3601213694 84203.9862747192
466571763.9978855252 85129.8360443115
466805289.6725258231 85149.7811279297
427495207.5473942757 35691.9099927832
427444712.4973459840 35690.8079670359
427436824.7380701900 35642.8155022998
427433144.9873060584 35336.8715936084
437167440.0186078548 55740.2078345307
449162969.4536420703 72755.4677297473
449543651.4968091249 73091.8817255199
425158023.3476790786 24141.8412080430
436999092.6928655505 55289.0709010727
425602276.4632881880 29097.0454070657
427098367.8132879734 34435.3004512925
436920759.3070677519 55055.4591319972
425147501.9141176343 23827.5594219728
437051028.6456868649 55400.7664974146
436985531.5249555111 55272.9276912623
437005849.6983590126 55368.8053691798
461040678.7783435583 82498.1518936157
425403187.4127221107 28128.9798488234
460917414.3800879717 82385.5272750854
460947623.7214995027 82387.2398452759
472695784.4139230251 86116.2353820801
448868556.5403254032 72292.9432457089
464583509.0133959055 84361.1338424683
472123565.8417659998 86075.3436126709
460710436.7707413435 82282.4537124634
425440808.9624081254 28492.4567384067
436783832.2995584011 54857.0766701047
465395266.6747609973 84521.9844131470
471607179.1324983835 85792.5663185120
460789908.8372510076 82295.6074829102
472664732.0236157775 86101.5498046875
436777647.0541387796 54743.6987140589
460811949.7896954417 82326.0888824463
448633040.0407295227 71749.4209831357
464146195.6659491062 84253.7125320435
465386010.6210991144 84403.7422637939
448608777.3515448570 71554.1402715147
448795240.3671561480 72179.4499697089
471719550.5421243906 85918.1903686523
471991025.6736232042 86050.3336181641
425525710.4983994365 28833.9219722365
448831907.4570356607 72244.4552696347
427374602.1582705379 35304.4337783594
460626571.1779454947 82177.9099807739
427296359.3261698484 35039.0753970285
425507182.3711429238 28797.1600932692
427165858.5765821934 34684.5373859544
427222784.4334657192 34899.8945651193
425468374.6106608510 28654.9455241774
425478751.0224567056 28796.5424747084
425407570.2251588702 28446.3762797926
427048420.0738113523 34315.2619797005
459930741.0424761772 81551.5327606201
431403494.5003153086 43686.9384988208
436921257.5632110834 55175.8888729029
440738050.2025893927 61470.8288974451
460289476.3293625116 81901.3461685181
460676346.1086015701 82211.3973617554
460518961.9992614985 82123.8863296509
463413562.4144567847 83865.8809585571
440770494.5300400853 61635.3138579713
459859039.8975849152 81443.1044769287
460027668.1440687776 81711.4279785156
463566866.9983722568 83936.1725692749
463469742.6823037267 83874.6962356567
441553644.8775541782 62247.4601949182
426977085.4308714867 33983.8285236497
460134053.4060584307 81782.7016677856
441754301.8319268227 62263.1983688094
441948439.6225112677 62300.1450093713
431462295.3191328645 43869.2996248861
461655601.5484822989 82710.2232475281
431334078.3600613475 43600.0104821582
441266122.7391003370 62184.6138465622
450893832.8700144291 73879.4332515895
461913060.4459578395 82852.7705688477
462320523.8346859813 83020.2719116211
440062021.9866493940 60689.9669952152
431638205.4004018307 43871.9763024707
426707566.0090610385 32936.2475735237
431260047.9391650558 43493.4387048145
441224268.2501229048 62165.6597144821
450806782.7572226524 73797.8415810540
426773194.1223095655 33305.3186778118
431329270.3462976813 43525.7364539174
426735233.8557777405 33082.3177317668
462170548.0090813041 83020.2152328491
426719276.6895094514 33082.0785807659
426702324.5764327645 32770.0508578633
441069871.7547041178 61912.6175086715
462535524.6160108447 83221.4959869385
431297235.2096606493 43497.0091699024
431191000.2055815458 43251.4440020581
431112205.2940606475 43172.4522723218
441316405.5879789591 62243.1727035263
462694138.8511438966 83252.1563034058
462788056.6272020936 83326.8033447266
426482841.9691140056 31947.6892717098
426532452.6476951241 32091.4241578792
426606724.2282194495 32337.0606324886
426663883.5619786382 32586.8520906185
426538088.3512402177 32215.3990876888
440837522.0386008024 61685.0263412216
440934029.1200382710 61804.8811042526
461954632.5848910213 82947.1887512207
426463631.7435187697 31843.9460847591
426284658.6194410324 30756.3636929855
426070629.5175064802 30418.8196664349
426330275.2626314163 31132.6563821331
451070955.3870900273 73960.2445839122
461655579.4924142361 82700.6592330933
426214509.5618904829 30756.3613839642
426193376.9691441059 30515.5683084027
425277839.6706202626 24250.9288515612
426048893.0698500872 30016.0039444462
426032473.6881076097 30014.3948188321
425998159.4099668264 30013.4553781048
451052019.8982141614 73920.7751854137
430765144.4375037551 42054.2928675671
430862450.4422674775 42236.0716624220
436739891.9064790606 54635.7587872931
430802637.7978866696 42146.6058955153
430438039.5540555716 41031.0589349826
430524459.5169668198 41361.0747037192
448604955.1001968384 71179.5725470409
436719306.2075279355 54554.5369159170
447968919.0350120068 70534.4958741441
430475260.3008688688 41259.2502458652
430639711.2973532081 41732.5277066489
447487802.7498675585 69946.8586779187
447168710.8649815321 69431.3423899958
436852138.4117435813 54883.4880267569
430255566.8526567221 40553.7532938083
447316963.4870216846 69657.3680639362
430609994.0192289352 41472.0524201502
430490788.0429316163 41330.5838179846
448356833.9987689257 70965.4180525020
447740538.1163140535 70241.4419290373
437913101.7195304036 56769.6531196971
447013613.8219164610 69368.8306866719
447644598.6802660823 69988.9399776204
439357565.7445281148 59166.7158032444
439627082.2401134372 59586.9492066105
439497469.3251637816 59366.7200653751
439257391.7837372422 59029.7380719383
439452757.8266428709 59198.4225188692
439461985.5402939916 59216.2344621618
471465373.9150698185 85677.6825866699
439376021.7695915103 59190.2741121252
439093101.1694400907 58800.8987554212
438936802.3011128306 58553.3523744245
446774706.7487803698 68923.3796502097
446873351.0242441893 69036.0398674948
446704103.5999996662 68816.4704705222
430219177.3723550439 40022.1187869226
430203270.7284471989 39726.3544433629
430114789.0789189339 39677.1156890904
455820626.0522511601 76831.9761402255
455838491.7565079927 76894.6811878330
455472447.7823530436 76522.4729969150
455514108.5676079392 76647.9682514316
455702314.2923959494 76805.2229199111
455593518.6216418743 76742.8782856113
445795688.8308435678 67558.6575177951
445873196.9543799162 67574.9721968515
445987287.9624305964 67729.3307330572
445938741.9471401572 67683.3341918780
438655594.5300868154 57969.8433375743
438745975.4102733731 58065.6206365016
438521469.4287363887 57519.9817052272
445736443.8703142405 67496.0250638617
445902159.8357069492 67592.4195035590
445390470.6997994184 66958.4225019111
445624740.8920097351 67313.0386289252
438618646.4889606833 57874.3719678310
445523219.4420493245 67102.4360635895
438406682.1032689214 57416.9563657183
438550948.7047954202 57685.5659846927
438386742.9804937243 57392.4627007831
438367643.9340080619 57290.6491696842
442526603.9546627998 63165.2512862359
444161474.2105965018 65118.4225643699
444454690.0140492916 65572.3459383596
456071571.8902956247 76957.6914565212
455440246.1831009388 76512.6808249599
430070851.3642928004 39381.0035159313
444172657.3701838255 65121.8931306091
444038423.1095645428 64954.5987523285
444066991.6803435087 65113.5359360476
444351362.9198532104 65430.6647427765
444314786.9916166067 65402.8421236624
438170500.2553976178 57153.5948113788
444214314.5445539355 65250.9556151188
437883033.7756599784 56600.8906306752
429949974.5861415863 38948.6590826962
429936335.5311862230 38879.6367552731
429939057.9715958834 38943.1434576962
429837417.1418356299 38572.2371752116
429733993.1537907720 38110.4970635975
443247840.6327332258 63957.3425180812
454953407.6884782910 76100.2238809541
437771429.3077413440 56444.0612220157
443018584.7889863849 63732.8642217350
443064134.5950698256 63798.1352274318
442827275.3965802789 63552.0424158337
442934944.8190851808 63720.5685770412
442718554.4482615590 63426.1935007472
455084893.9591486454 76182.6153530723
429561485.3141741753 37704.9650346840
429639194.7814216614 37868.0183073970
455015472.5872983932 76167.4252359346
442915745.4107519388 63568.9813847442
454839949.6485942006 75998.6935922578
470601538.2287044525 85302.6350402832
470999930.4015187025 85425.6475830078
471212119.6277097464 85432.2482910156
436218683.4118504524 52444.4406264583
454104545.0232146978 74663.3980892822
454444987.7695987821 75164.5851696655
454124936.9613587856 74739.0034779236
454309865.6380761266 75007.6488941833
454235685.9590032697 74903.0047002360
436686376.3184833527 53321.9088803745
436545465.4627335668 52985.6761820475
436245806.5112757683 52526.7698272030
436426774.7760313749 52907.6161559383
436611377.9781132936 53279.0691588680
435677550.8709802032 50507.4947180779
435931690.8797742724 51186.5083635853
435872726.9225665927 51068.3243527444
435737781.8553072810 50798.6489386590
435981794.6434572935 51237.8026757272
435997546.5053698421 51378.8953061135
435904764.9364935756 51179.1367917092
435527443.8960099220 44460.9518982122
