381748630.7368106246 11101112.2929687500
383421874.3107302189 11351127.5742187500
384852104.2924235463 11528087.0742187500
382742437.5681800246 11258982.8085937500
384424045.8009738326 11474039.2617187500
389833702.6450731158 11918274.5742187500
393085973.1149198413 12101249.5859375000
392739897.7365008593 12083867.0976562500
384127670.8861665726 11436659.7890625000
404543874.2482506633 12489681.2070312500
395756968.9565920234 12225589.4179687500
384392786.0198298097 11468268.4687500000
384984888.5849438310 11541390.8828125000
389612699.0913147330 11909201.7031250000
391558826.8848740458 12009119.4570312500
384113402.6631025076 11434669.8710937500
381694602.7011466026 11095244.1445312500
381660685.3621209860 11087602.1679687500
382157039.1749060154 11176594.8085937500
386939676.1375308633 11722978.9804687500
392739515.5724942684 12078251.3554687500
381616412.8856641650 11079010.7031250000
384335844.2403946519 11461075.8867187500
386964208.2105196714 11727713.6953125000
389159273.5095434785 11872999.0078125000
399817662.7746046782 12362029.0468750000
469003410.8628433347 13155234.0429687500
381416404.3859668970 11026357.2695312500
395216164.8297169805 12194127.5000000000
394978868.1626763344 12184964.5390625000
382408249.6215836406 11214988.8984375000
387517445.4944861531 11766279.4375000000
381036078.8674188852 10931433.2617187500
381923081.5752748847 11134492.6875000000
382679917.0638238788 11252701.3476562500
385838570.7655083537 11627728.3476562500
390463091.4425473809 11955308.1875000000
439203384.3130412698 12965115.0156250000
397235433.1845745444 12255473.9375000000
381278667.3844059706 10995080.6015625000
381805149.9557413459 11112418.4609375000
381681042.9078735113 11093096.3867187500
452306818.5300241709 13045467.1054687500
383939736.4885082245 11412494.0507812500
389635051.3823420405 11915472.5585937500
396066099.7003302574 12236816.9453125000
472379375.9772679806 13172111.3437500000
403697824.0239526629 12474358.1875000000
394129562.4945554733 12157724.5429687500
390580782.2044045329 11965373.2421875000
403916101.4864571095 12482243.9921875000
384630901.4066399336 11501463.7031250000
384689346.2022463083 11503767.2460937500
381145836.6918719411 10962286.0312500000
381872145.4977351427 11125583.2343750000
382563237.1046163440 11236630.0664062500
389282412.1863321662 11877918.6054687500
413404905.9477955699 12666182.0156250000
381904491.3747770190 11128954.0781250000
388942952.5911981463 11865225.4804687500
382079918.3522880673 11160698.6367187500
386508317.1158621907 11685149.0312500000
386430132.7705103159 11685055.0078125000
382170487.4656361938 11179231.3164062500
391958536.9426051974 12041827.8085937500
416157204.0009774566 12678678.5859375000
416183217.1483151317 12686265.1875000000
381938408.7138026953 11136596.0546875000
382948996.2963413000 11288048.8984375000
386773990.8044865131 11711788.5937500000
391014103.8225548267 11981397.9531250000
381524505.9287242293 11057507.5234375000
386141543.1715328097 11656025.3789062500
383294971.8080475330 11335424.2890625000
381201392.4302979708 10978738.7617187500
420544412.4946642518 12780147.9023437500
381787659.0682864785 11111192.8281250000
383811629.6044006348 11396253.0000000000
395524852.7989733219 12210677.1679687500
383632793.4123083353 11377554.1367187500
381183668.6115741730 10972140.6015625000
381360172.6867464781 11011284.9179687500
382688724.5697602630 11254097.3671875000
382901427.6147704124 11285561.2070312500
384570748.0430390835 11489149.2890625000
395675939.6453448534 12222278.8203125000
383794974.7215030193 11393303.4882812500
386570194.1181014180 11693587.4257812500
400792863.5062223673 12387733.7578125000
403543250.6014279723 12471189.8828125000
403202558.3988049030 12463686.7734375000
383792104.4475707412 11393000.0000000000
383827122.5835403204 11400282.4687500000
381587435.9007102847 11073939.0507812500
409615380.3744193912 12599918.4726562500
383126191.4618057013 11313379.4882812500
383855182.8271062970 11401374.3671875000
388520225.3316529989 11839435.6679687500
388412597.7248480916 11830735.9960937500
453271565.8055281043 13051321.9023437500
420667487.1414286494 12781162.2812500000
382370911.8948628902 11210326.6835937500
386287153.7514118552 11664861.5703125000
395375419.4965052009 12206550.5625000000
402716154.0364140272 12446879.3789062500
383766914.4779369235 11392211.5898437500
381437462.0874097943 11034857.1718750000
383818473.9967858195 11397869.9296875000
406201406.4812842011 12527574.0078125000
409457241.3516192436 12590639.3281250000
382473660.8615266085 11225842.9921875000
385866133.5059199333 11628309.2304687500
386011082.9395221472 11641969.8085937500
416410938.8460355401 12697899.8554687500
380966831.6056905985 10911032.3554687500
380951303.1494261622 10901641.8320312500
381047955.3607906699 10935541.0273437500
381853922.2843539715 11122205.6484375000
382422750.5052574873 11215458.3593750000
413083216.6527726054 12661510.1484375000
384604458.4867399931 11496631.5976562500
412915447.7245238423 12659515.9960937500
409743832.8250073195 12602264.2421875000
420730750.6437172294 12781618.4179687500
383086186.8969252706 11307648.3945312500
420540920.5442999601 12776628.4296875000
389017421.7163755298 11868398.8046875000
387339851.4394629598 11759120.3945312500
390754721.0770653486 11970786.7968750000
398553300.7097694278 12314790.2812500000
381466439.0723637938 11039928.8242187500
409379031.6908060908 12590266.9453125000
381115327.3144319057 10952099.3906250000
398661192.7489786744 12315238.7539062500
396157102.1688561440 12238779.8671875000
395526308.3847978711 12211431.6914062500
380976132.4264277220 10915958.8437500000
383764722.0768966079 11390265.3281250000
382244984.5495957136 11190104.9335937500
386511776.0611031055 11685429.7070312500
386613112.5515655875 11698366.3203125000
420270863.6404791474 12773494.9218750000
406843859.3780534863 12548229.0390625000
381299725.0858490467 11003580.5039062500
389549409.3484784365 11899643.4960937500
420180336.5211191177 12770987.3984375000
387189095.5647394657 11748204.8281250000
385138008.6843749881 11557481.5507812500
391558906.2056820393 12020503.7265625000
381408518.7420275211 11021481.7070312500
392189892.3193498850 12051200.2226562500
385592748.5995497108 11600925.6718750000
383188194.4907805920 11322199.7148437500
387595819.5053371191 11775940.3632812500
388128372.9557201862 11812561.7695312500
409481979.5368549228 12599765.5820312500
386524059.9764028788 11693261.4648437500
391118006.1451607347 11988075.8085937500
383431023.0063153505 11353794.3085937500
391586676.0997096300 12026871.4960937500
392243344.2305462360 12054951.0468750000
387006136.9987647533 11732492.5898437500
386733739.5146341324 11705452.9179687500
387058772.3315180540 11734708.4843750000
385538466.9874812961 11597719.5156250000
385080793.5216882229 11553172.1718750000
387126763.9618332386 11739579.1875000000
398623371.3222302794 12315133.7109375000
386651437.3013460040 11699216.8320312500
384261356.1812056899 11451511.3203125000
386518702.9108449221 11691055.5898437500
385072144.9349339008 11550759.6328125000
387917169.4302123785 11795068.9492187500
404196251.0401360989 12486362.5546875000
383153125.8743234873 11318096.7890625000
471466090.9016291499 13171339.9101562500
387994002.9174597263 11801596.8906250000
397595885.8949658871 12285479.0468750000
388233466.4203004241 11820562.6601562500
391987171.1622061729 12043879.4726562500
394550105.4381088614 12177101.1210937500
394273659.7987408638 12163600.4218750000
400665490.2681649327 12386549.8281250000
411930347.0683565140 12624648.0703125000
405756206.8709993362 12504698.8671875000
385654906.7054650784 11609095.1601562500
403832529.5654497743 12476874.1796875000
408650360.9019539952 12579526.6914062500
401173153.2042300105 12399469.8593750000
403459624.6906321049 12465675.4843750000
403475496.0494536757 12465795.7929687500
403489898.6217508912 12469680.5351562500
432788300.7392582893 12851616.8359375000
389066861.7907438874 11870007.1992187500
393110290.5195662379 12102375.1328125000
386361473.6648668647 11671238.8085937500
470924952.4454016089 13165660.4375000000
435891446.7762283683 12902773.5273437500
471278908.5929892063 13167249.0000000000
408831515.9532468915 12581799.6523437500
418487857.2362608910 12749206.3437500000
432557009.8989180326 12838450.9804687500
470935205.4769376516 13166667.7578125000
470243186.7578233480 13163378.8203125000
400856520.6432490945 12393737.2187500000
409762634.1943860650 12605524.7578125000
470299685.9539638758 13163765.2226562500
403800583.5633903146 12475039.6562500000
408815644.5944251418 12581675.5429687500
393367844.9836477637 12118554.2500000000
389558861.2325608730 11905361.0195312500
392032124.2584939599 12044046.4960937500
391172494.4036378264 11990870.3789062500
416058250.6680132151 12676349.7929687500
470357761.4242540598 13165259.6992187500
453277572.8416527510 13072540.4257812500
384498323.8518172503 11481355.3593750000
388754012.8898547888 11854704.4960937500
388103687.8129550815 11808149.1953125000
470647527.8505212665 13165414.9023437500
397657138.8416005969 12288121.9765625000
417729997.7628453374 12726226.3281250000
417157384.3328437209 12711973.6250000000
384518279.8486418128 11485538.1250000000
385055417.4564125538 11547850.4882812500
420068864.2968069315 12763032.6835937500
412541771.4579535127 12648580.0957031250
412419846.1024316549 12643983.3105468750
393119822.9330670238 12105047.2343750000
448917175.5718591809 13017051.5332031250
416029265.1333817244 12673620.8476562500
392470919.1534295082 12066824.6875000000
393704377.7188547850 12136168.1015625000
448132845.3248027563 13005616.5722656250
383880175.4651101232 11404201.8554687500
405385472.4333619475 12498351.6601562500
467984777.1702758670 13139940.0566406250
392287200.2676610351 12058887.8437500000
398127852.5410436988 12306197.8320312500
390031984.8570089340 11931698.2460937500
447213923.2801599503 13002628.2910156250
402113997.9001429081 12442728.7304687500
407673964.0610303879 12559486.2773437500
386193518.2318492532 11656141.8398437500
392270015.9202511311 12056402.3437500000
401899194.9588208795 12432816.6132812500
391854599.9614517689 12032935.2148437500
382735206.0461592078 11258708.8359375000
397570896.1053824425 12281983.0156250000
466357976.4758997560 13118737.8808593750
461700319.6667343378 13083294.9003906250
385788747.9171431661 11620241.4570312500
400235526.1787846684 12384648.9023437500
392354127.3140804768 12061173.4335937500
453152360.5409492850 13045823.2128906250
392488115.8606922626 12069976.2578125000
393599988.5603625178 12132172.9453125000
397708530.9540327191 12292665.4453125000
464851375.8347089887 13109580.0878906250
449798426.2870362997 13030844.0253906250
400088869.6021116376 12375247.1875000000
395144197.0630763173 12192436.0703125000
393780380.8291944861 12138484.3164062500
397354671.8971814513 12274903.0703125000
400072998.2432898879 12375123.0781250000
392662065.9571805000 12075733.3750000000
396490271.5022307038 12250072.2695312500
396020108.2921549082 12236146.5937500000
393355531.9621636868 12118138.7109375000
394776874.1254947186 12182560.6562500000
397644825.8201164007 12287706.4375000000
399135916.3403560519 12331144.0742187500
459978461.2104298472 13074922.9589843750
460215036.3396455050 13077617.4394531250
444975113.2277896404 12984825.3574218750
390215639.2702009678 11943160.0234375000
398467453.9959362745 12306530.1718750000
464005357.7610203028 13104294.2949218750
389490517.9637463093 11897514.0820312500
398755981.9632060528 12326909.2421875000
443973350.2823407054 12974009.8613281250
412231863.2075510025 12625249.6289062500
467379424.9198676944 13134003.9199218750
417420007.7371360064 12715948.7968750000
416940429.1256093979 12709634.5234375000
411815241.3316931725 12618732.5156250000
397268769.5355228782 12270713.7578125000
412724615.2007153034 12655748.0664062500
406460761.0778784156 12536778.0664062500
401430338.8005006313 12422008.6210937500
401296060.7785102725 12416984.8437500000
434303377.9170498848 12877310.7636718750
433805804.1304554939 12873534.1503906250
408046821.0059905648 12566452.0468750000
436738646.3762533069 12911454.6855468750
427951040.4004533887 12782893.0292968750
419189888.4260548353 12751571.4296875000
438759000.6558742523 12917660.2675781250
429779736.8965803385 12812834.3027343750
429356943.6165842414 12804676.0761718750
