211936561.7339392006 29353.1070268179
214277689.4561770856 31439.5186790104
208970709.0524673164 25961.7027121196
217646288.5432441831 33953.3334216718
223109488.6679114699 37640.6265754700
225744130.8119954467 38900.0890159607
210665352.8101746738 28107.4523162867
210806975.0727249682 28267.5552978541
218843178.9628014565 34799.3440209869
219764414.3894604743 35313.9698071778
223726350.6076344848 37957.2146835327
211604392.6578783393 28988.4291074301
223471240.2179554105 37760.1826324463
223092181.4818128943 37539.0815095901
230421102.6603182256 40177.4088287354
217831977.1294198334 34118.5592970494
211003166.9517664909 28463.1861200358
206427422.1095071733 22739.1858441684
221181743.0020724237 36297.5062930225
210997042.8750528991 28343.7527856852
210570948.6807471216 27882.1270689990
218476645.3578856885 34398.3553564847
221873282.2219696343 36656.2498452304
226198453.6464912295 39103.5285835266
218765893.8044112921 34675.1957800686
224644484.8733624518 38228.2310638428
206320471.9953817427 22522.1583440159
217372809.3049234450 33772.2151169423
223310722.0614501536 37695.0954749584
217762285.6767537594 34041.8056002738
206309208.5979377031 22503.0627629612
205666519.8000512719 21481.0599760715
226670165.1169803143 39246.5127372742
213051780.6769823730 30419.4328255530
221047643.1865848899 36162.5776421664
214676708.1760494411 31744.8989040728
205586022.6183582544 21325.6900696460
217501408.4840188622 33864.3543839101
217728034.6569014192 34041.8055710439
217684014.9593407214 33973.9871760490
223354699.8261918724 37753.7751159668
215410896.5987496972 32117.8205261938
212983100.7576949894 30188.2005973931
209133218.0138579607 26166.0080824504
211432034.4271084666 28803.1251199122
208605374.3787540197 25615.2523756633
215885229.0932049453 32607.5669131081
228083634.4863487482 39641.8173332214
205431471.3710505664 21037.3980345432
208862996.7536776662 25877.8617201457
226263913.9548396766 39105.4164314270
205391154.2838557661 20961.8261665618
205946131.5640708506 21714.5181042560
210716480.0697138608 28146.8814439799
209861530.6765697002 27096.0287239428
222128536.4726326764 36920.1160628796
211537973.0665675700 28829.0266396876
205392690.3913319409 21036.9969114963
210608408.5039338768 28093.0752916361
206133500.8476634622 21975.3192257885
205948396.9714156687 21748.5957608227
217649763.9394883811 33973.9871468190
220535829.1199297607 35786.7170459628
211712059.8884065449 29066.2521951075
205671132.1978823841 21506.8191618625
206022463.2702783346 21916.1579029756
221760217.3077746630 36631.5831611156
214421928.7914850414 31574.7585013981
205275015.4755143523 20833.9457496917
205582455.4114025235 21191.0487122098
222546643.3565312028 37134.5326745510
222917261.1354251802 37367.5390708447
223015814.2479991317 37425.8503310680
217299718.1580647528 33754.7936958913
210343693.5905387402 27807.3353319193
205787271.0062236786 21634.6995787326
217449535.8519478142 33831.9995407704
220915171.2250008881 36096.0467301011
209742529.3622074723 26935.9189064379
220055425.2299535871 35522.8467017654
219566234.7753887475 35171.4311013017
223481139.4493543208 37844.0661430359
222215873.7710434794 36993.4971559048
218116304.2653229833 34187.3680105150
217377988.8754777908 33822.6121201161
218436951.7335358560 34359.7400082648
218164637.9976673424 34265.7420782689
211794451.3382360935 29143.5501754160
222339354.3666006923 37033.6371552944
218726360.8163187504 34588.6757477764
218775793.0358101130 34702.5685178339
209977669.4849109948 27223.9091408129
209998540.5412888825 27230.3725197192
210138795.4501028955 27337.8053229029
205479882.3314405680 21150.5390223218
212160222.2017966509 29507.4647383566
205234015.5803829432 20500.7286214260
209815364.0963265896 26945.7260630752
222130612.0132355690 36923.5604035854
212156091.8529706299 29505.2736258383
222577229.6965563297 37277.5056886673
209190412.4423085749 26177.3613579690
210509909.7759558558 27846.9778366561
212804893.8430036604 30122.5365128393
206140769.5042337179 21976.6121625572
218562730.8616017103 34558.0051722322
224193694.7378997505 38123.1217346191
218624997.0886935592 34579.0306888986
216820416.7903002203 33358.2646741066
222431102.2997166812 37071.3438224792
221997283.6436145902 36711.4150521755
217177819.4832659364 33610.5037533622
205217408.0970538855 20497.7772511030
218082167.6749884486 34142.1174448133
219338726.0165142417 35098.8614567686
221420094.9423542619 36432.2143594623
205204985.5328322053 20493.3411702542
210312391.4935361743 27692.8020616646
223918043.9818837047 38092.7838172913
220663346.3853089213 35943.3841620088
219758475.8945564628 35259.4375852514
208360769.4079500139 25242.7483636001
212866423.8528648317 30183.8032822485
212784022.7866256833 30116.0731339331
223001398.6950662136 37403.0589981079
222839805.1029543877 37349.4734497070
216866772.6559913754 33469.0397203360
210562697.0391598940 27876.8604546066
216574125.1804986596 33239.1122121010
222101767.2010496557 36806.5831770003
227021180.6193075180 39414.6477317810
220272477.9680845439 35646.9257709384
218752068.7874870002 34609.4625419620
224198481.9546322525 38143.0877990723
215018446.4208495021 31950.1793294425
205785682.2604556382 21559.9918611357
222383020.3562947810 37042.2284355164
226987363.4972257316 39368.9099082947
216981587.2283630073 33492.6436229590
214634855.1827993095 31686.1414086099
226170593.9089509845 38975.0370941162
217821963.2130727768 34063.2412466649
216548641.7262896299 33206.8896474037
216767733.9577282369 33312.6966310386
217059857.9457760453 33560.4620471839
218431295.9834618866 34354.4879183564
209324019.4310756028 26359.5870334978
219242054.6495041251 34977.5769437850
209500741.0194503069 26613.7042563583
206591203.2948825359 22826.2493302925
206789926.6602291167 23131.3554751137
221087370.4985852838 36179.5999937654
216178247.0208287239 32891.3058070336
210505297.3781247437 27821.2186508651
204775250.2707469761 19991.2048199801
209075903.6573304832 26071.2680981874
219277034.8685902953 35029.4965493474
209402574.6427235007 26487.1843159075
219148903.7577776909 34923.2591836248
209260952.3801732659 26327.0813343401
223053658.3735892177 37499.4276962280
223887390.6114947498 37985.1624488831
207038532.7235092223 23425.0100291902
205107205.8845458925 20468.3637227444
230853672.1346058547 40223.3457336426
211411163.3707305193 28796.6617410059
222097339.2149046361 36774.2677354813
226601877.5081090033 39238.6521110535
207707204.0621853173 24434.9202702800
219954664.5959584713 35375.2651445270
205013293.0165336430 20262.9870684100
222782245.2177599370 37285.0014266968
222033336.4830524325 36759.9837417603
206749878.2017630637 23001.4107460557
210256305.0655511916 27598.9724426742
210484426.3217468560 27814.7552719589
219982635.9956832230 35408.0205857549
215514210.5159868598 32373.2154582534
216465314.6568417549 33095.3078517113
214134595.0582057238 31268.0308949228
220478047.2133882940 35757.1831040382
207326217.6745005548 23908.8512299517
216115881.9201022089 32847.4832638893
220599522.4582370222 35820.5930988193
216701423.7083893716 33281.5511209760
211309851.8103719056 28613.2438104029
207167820.1051018238 23547.4961498315
231180249.0048765242 40235.2469482422
216470371.0088765919 33139.0712231789
211183042.1145348549 28580.8789117213
207108713.5122761130 23506.8758071596
207640409.6101426482 24383.7811980108
207240317.7003752291 23622.9959711730
207602152.2437191606 24345.7582886675
209594432.1448945105 26654.4774753924
207830273.4999148250 24563.4538987139
213669783.8313412666 30926.5244049902
206734356.4753994346 22912.5756077347
216206571.0033036470 32941.7907284889
208108909.0805550218 24936.6044198135
213597544.9619939029 30802.1416423544
216204069.8740516603 32909.9359416161
207467839.9370507598 24068.9542115191
213440854.6976928711 30741.1895952101
215452137.3110584319 32310.0240378771
213668863.1405452490 30838.8884613737
215207748.6517581940 32054.1885428820
206934391.8186851442 23332.0489009721
215719647.1164230704 32474.2146964464
207227420.6145734191 23602.8414625032
215595567.7976813614 32386.3517561350
206210735.4364123046 22312.7934042873
215079365.0981505811 31982.0275321398
206746556.3770858943 22990.2250055177
209660339.1669858098 26855.7842388625
213238246.3023965061 30538.7048587675
207681784.7860794365 24410.2024819326
207881260.8912045360 24609.1519480804
212861457.1437626481 30179.9935035582
210191819.1149464548 27498.8488770004
208311208.9673571289 25127.1477700332
208049092.7921906114 24847.7232201766
214569008.6969347596 31637.3714667782
209816754.9444422722 26952.2131898788
215777906.6857487559 32595.2197272088
211362562.0841529965 28622.0395162876
214869101.2186975777 31894.7640635955
214664186.3944969177 31697.4082067001
212301932.9822276533 29593.3127309966
216077466.2091435492 32734.9648799095
214797384.9448077977 31765.8295390594
224333137.4755626619 38153.6916236877
228963457.9449031651 40009.6046752930
207532437.4108325541 24206.1310237749
212574429.8300127685 29863.8841785181
228908680.9809883833 39980.9058380127
212509612.2051966786 29783.5892356622
211875393.7493515909 29214.2486548114
214192731.1989184618 31361.3207725275
213807946.3593637645 31028.8832315195
213986956.1557669938 31162.3616206038
212504116.7492640018 29775.3557990777
224645111.6091241837 38342.6520080566
208931726.3238811791 25882.8441479662
213011280.6567353010 30247.7991082060
213382490.2551600635 30605.9179417479
224879768.5868007243 38398.4135437012
213563680.5701743662 30752.7653983819
228167768.5194078088 39757.5590209961
213960434.2428177297 31124.2184013116
214095086.3594011068 31233.2995564330
212147890.5971366465 29484.8201023328
208461935.7413762510 25395.4825562012
212377136.0952928364 29647.0940342744
228722095.3291351497 39944.2178955078
207287908.8338226974 23732.0221786272
214371740.9953217208 31494.7991616118
215981660.1649833620 32682.2444638405
214010421.1888151467 31216.7948786604
227303655.6142249703 39471.3411369324
227601357.8035499156 39528.7606048584
216342979.9714899063 32960.2487467919
208559715.3896625340 25420.4600037109
215246744.4052080810 32078.7841058958
214807801.4767526090 31824.1073119628
214862729.3096504807 31824.4353330123
213152974.6775571108 30471.3919190156
226813356.7461869717 39304.1959495544
212572876.4397247434 29809.9564818132
208180621.2651846409 25082.5308531296
216364925.3733832836 32983.2810290158
207996399.0142746270 24778.1560667526
207946064.8571753800 24768.3159550201
215304587.0838851035 32096.8234148137
208724989.9613594711 25701.9093934456
228620307.0428127944 39903.6306304932
230354581.6267445385 40170.2952575684
229464392.8234725296 40124.0897216797
229590350.0895538032 40135.7850952148
230093465.0648221672 40160.2818908691
228597081.5630860925 39847.4445190430
229024468.9536810517 40029.1687469482
228371102.7806682289 39843.7839050293
225425955.9212683141 38612.1526222229
227606931.6475016773 39547.4848098755
225737717.2712230682 38798.3640899658
225351894.8309365511 38607.5686988831
229166336.6647684574 40040.8641204834
227685967.6254663467 39575.8056755066
225530763.3625996709 38682.2862625122
225456702.2722676396 38677.7023391724
227251637.9242685735 39440.6541404724
226013266.1089293659 38908.7966079712
225242220.3366987407 38553.8896751404
227774048.8188833296 39603.1447334290
224990041.5562290251 38453.8370132446
228353743.1450209022 39804.3560028076
224872162.4328828156 38369.3152427673
227718736.9909499884 39599.1167984009
227844694.2570313215 39610.8121719360
