190094096.9886467159 1974888.2236328125
185390533.2989127338 1799421.4423828125
198737659.1469331384 2077703.7011718750
187275169.2945460379 1894328.9257812500
187485260.6783953905 1901847.7343750000
184306591.3949258924 1739513.1489257812
200820473.4571543038 2080527.0839843750
191402598.7137650251 2001068.1689453125
188780453.7080172002 1941770.1640625000
187178331.5583072007 1885350.5712890625
184175227.6704651415 1724153.1850585938
190863274.3760280609 1991285.5371093750
193078023.0558449924 2034370.5507812500
185201390.0849240124 1794503.6357421875
186026998.7737870216 1834708.6308593750
185406361.3073818684 1801534.6757812500
191750557.3868144751 2010218.1992187500
193748482.7326596975 2041974.7988281250
188183789.4534962177 1923112.7822265625
189353137.6844974458 1955634.9003906250
199178640.6270689070 2078995.3574218750
184480290.0973891616 1756098.7919921875
188484966.4510039389 1932035.8388671875
187714561.6830049753 1908358.6865234375
184010020.2303677797 1710048.3364257812
189551611.1650200486 1960773.8349609375
186389720.8016347289 1854165.2768554688
188239031.2840954065 1924166.7783203125
185020534.2737250626 1786417.5654296875
187023625.5235731900 1881761.1455078125
190711390.0578157604 1989950.3828125000
188183789.4534962177 1923120.9111328125
186498571.0633979142 1861541.2036132812
186460895.0427227616 1857384.7641601562
188010426.7083829045 1917248.0849609375
193230982.9956147671 2035282.1210937500
194058325.2875016034 2049096.2099609375
184828389.0882197917 1778900.7294921875
185909911.7947783172 1833923.4204101562
184504745.1195612848 1760222.9760742188
192972730.0862641037 2030690.0097656250
186324695.5942776799 1853679.3901367188
186125765.7624845505 1842051.9824218750
189076296.0510120392 1948726.7968750000
188396658.0495575070 1929251.4833984375
188534896.3094735444 1933720.9541015625
186136689.8733837605 1843736.0830078125
195833067.7191324234 2066348.9550781250
185005686.1930269599 1784953.3916015625
192075257.2785072923 2016062.8330078125
188239031.2840954065 1924174.9072265625
192754176.1273320615 2025926.5263671875
184827289.2886653841 1769728.6865234375
193335296.1507343948 2036398.2988281250
189353137.6844974458 1955470.3496093750
189403743.7594661713 1957171.7431640625
195287768.4610562921 2062098.3320312500
187432114.9706738591 1899135.9472656250
193396668.0632589757 2039273.3564453125
189868232.9324914515 1970228.1914062500
192661269.7290851474 2025629.6591796875
184757382.9320204556 1769289.6806640625
186116088.4237999618 1835303.6464843750
189909299.7179454863 1971633.6962890625
187642206.3545232117 1906279.9785156250
184681346.5312355161 1769242.4541015625
188484966.4510040283 1932043.9677734375
186937018.0340740383 1874594.9174804688
184466463.8409984112 1750289.2788085938
189353137.6844974458 1955478.4785156250
197139391.1965121031 2073154.8496093750
184093111.9370451272 1723969.6674804688
189612776.1879399121 1964551.6533203125
187714561.6830047667 1907564.5361328125
185016728.0575048029 1786183.2744140625
188061932.2147006094 1919694.7744140625
186996491.8665405214 1877892.3247070312
185858701.8302326798 1823948.3598632812
195943639.4196174443 2068243.7089843750
193525568.5863239765 2040523.6171875000
192843299.4081862271 2029073.7236328125
186463822.0398505032 1859505.0209960938
192889977.8614827693 2029476.6660156250
186423556.7533460259 1856400.3803710938
185647379.0267052948 1818568.7451171875
187097052.6429896355 1882892.6904296875
196305367.5156427622 2068867.9785156250
196586134.9384905398 2071023.6191406250
188832336.9826997519 1944166.0771484375
188604056.2490947843 1934715.8808593750
188390707.4078848660 1928510.7509765625
188817809.8331278861 1942900.4248046875
184038502.3238867223 1722885.9418945312
193995839.9647310674 2048565.7314453125
189308505.9891104400 1954621.9287109375
184452013.5622617006 1744334.6938476562
195847300.5424526036 2066597.3769531250
190671441.1671164930 1988823.0185546875
186443600.2435680926 1856973.7041015625
184013366.0701608062 1710310.9379882812
190351006.4184706807 1980127.7822265625
194667819.9180908501 2059151.4199218750
186581286.6544875801 1866641.6440429688
190351006.4184706807 1980119.6533203125
189177395.8801854849 1950226.5019531250
189003502.1249657869 1947336.8535156250
189798632.4140167832 1968949.5419921875
185733719.1715983450 1819766.0312500000
191920433.7686560154 2013900.6025390625
194576051.4103686512 2054678.6601562500
189862598.1446184516 1969697.4785156250
194608150.9805962741 2055484.7578125000
189798632.4140167534 1967738.9736328125
195893471.3319002390 2067327.1835937500
191522290.2321900129 2003197.6464843750
188807366.8086837530 1942603.8330078125
190232722.9077040255 1978538.1894531250
191181583.9931145906 1998745.2636718750
194183885.1590932310 2053413.7187500000
184214519.0910263658 1727316.1752929688
189844882.4386041462 1969258.0917968750
189798632.4140167534 1967747.1025390625
197281778.0970361233 2074614.5117187500
183988760.9367038906 1708189.9887695312
185812254.7205868959 1822374.6635742188
193402419.6962909997 2040045.9423828125
191352802.8168280721 2000501.0156250000
188103028.2664880455 1921711.9755859375
190383505.0597050488 1981615.0830078125
195365684.6683281660 2064697.3417968750
187167966.2591662705 1884693.3027343750
200228834.6245864630 2080040.8515625000
195145357.0813599527 2059882.2285156250
189085835.3405268490 1949929.2363281250
190566573.7920213044 1986542.7226562500
192685137.5473176539 2025743.0087890625
191343263.5273134112 2000492.8867187500
187603358.4815797210 1903834.6787109375
195582574.0717322230 2066112.4785156250
190511343.5107976794 1983810.1855468750
194329660.4486279786 2054201.5292968750
194610427.8714757562 2056348.5585937500
196324115.3006866574 2069465.7167968750
185569756.6254382730 1806840.0395507812
189186519.5270204246 1952951.8769531250
188761917.8337707520 1939445.3867187500
192355290.9686360657 2021405.2333984375
186423556.7533460259 1856389.7407226562
193866247.9636989236 2044937.0898437500
186423556.7533460259 1856588.2602539062
192463551.1094160080 2022967.4775390625
191486307.9202006459 2003068.9492187500
192281521.4303148687 2019523.4130859375
191000027.7790011466 1996632.8603515625
188464678.9157850742 1929338.1386718750
185554645.0872404873 1805183.7763671875
184397920.2256089747 1742942.5634765625
193630973.9803534150 2041904.2451171875
185628654.6890775561 1809106.6049804688
194147630.7695268691 2051219.7802734375
185773569.2025855184 1820593.8090820312
186849171.4269851744 1871319.9345703125
189441993.6383741796 1957187.5078125000
186875706.7592868209 1872323.1132812500
190549130.8304651678 1985968.6728515625
190171814.8893699944 1975975.9482421875
189741951.3134489357 1966970.9101562500
184676928.2550032139 1761011.2651367188
191600766.2729142606 2007128.8203125000
184301085.6826398373 1735306.8774414062
194329660.4486280382 2054617.9472656250
193933906.4416623414 2046267.1835937500
197924634.3537470698 2075144.3027343750
188265901.1648061275 1926191.9472656250
188256361.8752914369 1924989.5078125000
193770050.4614768624 2042811.4384765625
195906528.0680783689 2068057.4375000000
184252984.3831178546 1734745.7973632812
188726844.2454330623 1936695.1152343750
190828510.8213190734 1990017.2714843750
186849171.4269851744 1871309.2949218750
194078592.1895122826 2050989.6435546875
195189097.6295815110 2061142.9062500000
186257828.3362973928 1845655.1079101562
196452535.5018506646 2069609.3203125000
191447836.4182657897 2002581.5058593750
195340062.2677462101 2063473.8750000000
190393654.2757644653 1983072.8349609375
191338308.4073004425 1999982.0312500000
190253555.1361354589 1978618.3916015625
198776347.9567351937 2078368.5312500000
186849171.4269851744 1871725.7128906250
188470553.9941439033 1930358.6210937500
187010446.6111880541 1878460.3574218750
190253555.1361354887 1978626.5205078125
185353275.0593167841 1796152.1845703125
188704708.1727457941 1936573.8525390625
187960496.8499132991 1915427.2031250000
190896513.2887310386 1992083.8359375000
186784146.2196282744 1870987.9589843750
189558205.5324685574 1960948.8759765625
186729866.7273839116 1868247.3457031250
192990157.3675277531 2030755.9970703125
188701661.9137021601 1936215.5859375000
188771457.1232854426 1939566.6308593750
186754836.9013997614 1869809.5898437500
189381190.1708612442 1956513.7783203125
188256361.8752914369 1924981.3789062500
186205905.1622227728 1844042.0380859375
189469683.9868248105 1957685.6552734375
192919262.2428310513 2029845.4003906250
192055602.5746504664 2015033.1318359375
188997739.0967952013 1944279.3476562500
187832133.4151256084 1913555.4931640625
196888819.4455153942 2071582.3886718750
189875974.8280855417 1970726.6943359375
195165151.9617810547 2060918.9941406250
186764376.1909144223 1870008.1093750000
189605079.9767232537 1962578.3408203125
190860438.6669147313 1991253.5351562500
187807163.2411097586 1912001.3779296875
189875974.8280854821 1970562.1435546875
189957088.8863681853 1971934.3232421875
188997739.0967952013 1944270.6289062500
186754836.9013999104 1869997.9873046875
189652085.0222235322 1964670.2607421875
187220539.7835363150 1888126.8242187500
187102941.0518091619 1884042.8652343750
186956900.3610243797 1877510.1640625000
189482628.8768774867 1958287.7333984375
196966000.1667542756 2072498.9140625000
190180978.6922301352 1977694.8681640625
188380975.0615534186 1928409.8247070312
195216850.2740943432 2061721.2226562500
188118211.0615849793 1922401.6401367188
187991333.7334005833 1916961.4350585938
186924975.5246113539 1874179.0434570312
193514035.5135036111 2040414.0136718750
184231660.6597984135 1727801.0073242188
201098899.3982599378 2080615.0683593750
189957088.8863682151 1972849.0029296875
186287055.3520759642 1850273.4575195312
189947549.5968534648 1971638.4345703125
188276688.2281615138 1926470.1166992188
187191230.4653080106 1887113.0058593750
188378153.0718443096 1927942.1176757812
189957088.8863681853 1971802.9853515625
189441993.6383741498 1957178.4843750000
187959286.1247837245 1915240.7705078125
193806276.7716633379 2042956.9541015625
188999194.0888595283 1944902.4658203125
200717406.0276027620 2080128.8359375000
199844572.7559027672 2079850.7578125000
188224670.8313926756 1923370.8691406250
193829206.9853157997 2043373.6982421875
198651413.2479798496 2077279.7910156250
192532589.6894305646 2024181.6220703125
200191203.7528350651 2079892.3593750000
192505269.3887981474 2023298.3681640625
198239268.3287866712 2076266.1367187500
192350560.0103294253 2020501.0810546875
192532589.6894305944 2024361.5634765625
192146925.0839301348 2016533.5830078125
191702580.3344270587 2008182.3984375000
192532589.6894305646 2023945.1455078125
193852536.1062132716 2044555.8759765625
191556427.3134812415 2005976.8671875000
193041768.6662786603 2031714.2968750000
191844240.6845547259 2011305.1162109375
193393037.2407699525 2037329.0742187500
191721852.6394329965 2009411.2167968750
198413440.1867993772 2076391.9082031250
192118791.4261109829 2016241.4433593750
190923627.5183753073 1992442.8798828125
191551039.3675642014 2004231.9541015625
192810000.0820601881 2027454.6591796875
198413440.1867993772 2076739.3496093750
190923627.5183753073 1992732.1738281250
190923627.5183753073 1992278.3291015625
198383738.5403690636 2076330.3808593750
191368462.0909350812 2000851.1962890625
199596758.1850853860 2079253.7714843750
191235325.5577667058 1999524.9755859375
198631220.1302321553 2077143.4687500000
198197338.0804649293 2075928.7636718750
196876579.9537939429 2071227.4960937500
