1397815945.1537699699 3628257.6041870117
1401262573.6015887260 3675440.6829986572
1374763717.0535113811 3293760.0676990747
1377572826.6721611023 3351625.0148135424
1408223806.4728376865 3744158.1610984802
1385704605.3415391445 3488954.9834643602
1385385417.8371286392 3485982.0723620653
1398019218.2257349491 3633648.8602447510
1403108632.5934071541 3689324.4021872282
1375717829.9394953251 3308783.8555308580
1376057965.8744649887 3315348.7771159410
1409692841.1593801975 3755586.1042633057
1401643858.8453738689 3681440.4834136963
1371468949.2609019279 3196219.9671589136
1401602436.3388271332 3680577.1631011963
1398576421.2540252209 3644277.4327545166
1374189106.2296986580 3282191.5691362619
1413168911.7873461246 3781065.2681884766
1385704605.3415398598 3489010.9414721727
1413721917.9160709381 3784650.0030517578
1444957651.7372229099 3894968.4462890625
1395519093.1289930344 3606535.7294998169
1400122552.8446750641 3661261.6719207764
1431848929.3364207745 3872203.7260742188
1415465068.1707637310 3790204.0085563660
1409286213.7270836830 3752815.9215850830
1382337396.7103738785 3437285.4379931688
1373053972.9309852123 3250547.3085848093
1376937413.3020415306 3339509.8610492945
1373865327.3979048729 3269147.1914335489
1380895872.9280581474 3415584.3127461672
1377689351.3814458847 3352553.6933375597
1382408703.7553853989 3439628.6047450304
1382167181.5813696384 3436888.6941004992
1423222915.0109941959 3842733.8268432617
1441555737.1047878265 3889881.6569213867
1375765045.2092657089 3315179.0426646471
1421905429.6095983982 3835097.3165893555
1384803401.9783179760 3473779.0306292772
1384854559.9500396252 3477353.3038226366
1408685141.8443431854 3747172.9844627380
1405576708.1022341251 3717349.4618225098
1372236290.1022889614 3211416.5422970057
1414013412.4962022305 3785097.4613647461
1379450544.0765709877 3388067.0609232187
1410816007.5347330570 3765519.0500030518
1399235290.9172174931 3650520.7133865356
1404837793.8632862568 3713173.2353820801
1413502691.6632268429 3782157.8963012695
1399369491.4744009972 3654494.3773193359
1382516652.4464700222 3443890.9024077654
1380518951.9796853065 3413041.3977681398
1387001161.9694833755 3502556.0304174423
1384854559.9500403404 3477376.9623309374
1375120209.7942728996 3298334.0430895090
1392857913.3062505722 3568945.8240329027
1379551892.7837831974 3391729.9300638437
1409544125.6278057098 3753188.5187530518
1387158560.5699591637 3504745.6169042587
1410584847.7924706936 3764915.1863555908
1378826732.7869777679 3372630.8994560242
1403093351.8253936768 3689039.8476217985
1402075635.8572065830 3685561.8941040039
1426661345.5264973640 3858611.7411804199
1404837793.8632869720 3713178.2451477051
1383217028.5596883297 3457773.8317004442
1400850253.9295706749 3670741.6560974121
1376344290.1335241795 3331335.2603107691
1419002129.6608057022 3822613.2590332031
1372595714.8719472885 3218061.1300922632
1377239689.6310071945 3347624.1261995640
1386030363.9824151993 3494073.7972308397
1376595868.1493976116 3333514.3377853632
1372625384.2329139709 3218435.6122699976
1399878191.5972480774 3660311.7944641113
1383989759.4986045361 3469268.9487506151
1371974110.3131701946 3208260.3243976831
1382991745.1497523785 3448101.0944415331
1385206062.7201056480 3480490.0098239183
1372272847.7689819336 3215838.1396137476
1377521580.5067250729 3349691.0038284063
1372745387.0303533077 3228138.5879467726
1385168938.3831357956 3480203.4284640551
1377042692.9295043945 3342179.0534824133
1417641505.7750837803 3811379.0242424011
1380917943.0860540867 3420874.3741890192
1379634995.5939428806 3396460.2369791269
1426602652.3391971588 3857216.7450866699
1375067248.4829375744 3294504.8020054102
1379935797.7083580494 3400177.7059732676
1409620387.3180534840 3755110.7398986816
1426249473.2151439190 3856310.1303901672
1400213135.3944256306 3662966.7600479126
1379954401.8870749474 3400386.0914713144
1415582875.4230241776 3792608.5698356628
1416667237.4552969933 3805610.6664543152
1430772550.3034269810 3868437.1414794922
1403280893.6610460281 3691230.1394729614
1416835434.4596898556 3807258.7488517761
1415789729.4648079872 3797411.3734855652
1385817103.2908239365 3491104.9852191210
1375393835.3787627220 3299173.9587987661
1375206360.4783298969 3298626.0435765982
1430954712.9724078178 3868821.9256591797
1386309953.2153236866 3497997.0762683153
1386238843.0713548660 3494435.4092913866
1431406304.1180179119 3870547.3056640625
1376154878.7145783901 3324574.3492492437
1381823987.7899057865 3431722.7755242586
1378835629.8903005123 3373276.2223870456
1406481481.9139516354 3728906.8315582275
1416835434.4596915245 3807265.1726799011
1409897072.8285543919 3756291.1152038574
1406920412.6779210567 3731348.3624725342
1382503910.3077132702 3441566.2348223925
1418117150.6627206802 3816520.2582511902
1373053926.4762873650 3229378.8506428003
1382923450.4015197754 3446035.2895137072
1406962557.1936700344 3731410.0503387451
1406648509.0650475025 3730514.4828338623
1416401212.6281428337 3804690.6896476746
1394286153.2187924385 3590410.1356801987
1415658981.3359265327 3793012.8393058777
1405279512.9940340519 3713942.1117858887
1406339979.9178240299 3725964.5378875732
1378944648.8214662075 3376359.5290614367
1381668821.8816292286 3428866.6290303469
1406068076.3049499989 3725147.3657684326
1431062590.6882357597 3868934.8651123047
1430779407.6963174343 3868632.4779052734
1385307111.2142384052 3483356.9293185472
1421933185.2203552723 3839076.5037231445
1405697822.0597350597 3723911.1089324951
1416195273.6111481190 3803255.2262687683
1403086386.8415515423 3688870.2310333252
1426214767.6093816757 3856150.7976989746
1409951641.4197173119 3759899.8341979980
1380852516.7652909756 3414392.0906015635
1377196487.7771635056 3342873.0229912996
1405372032.7975206375 3717016.9656372070
1422882330.9291849136 3841613.3380737305
1391245005.8726425171 3555499.7994662523
1403521260.7858717442 3691833.8157348633
1389819944.5775239468 3540399.9828921556
1412428714.3549773693 3773046.1789550781
1416284186.8792023659 3804209.0128898621
1407431646.3001620770 3735810.4644432068
1430779407.6963179111 3868642.6097412109
1404674185.9032340050 3710202.9276733398
1419677870.2216479778 3825015.2179565430
1379287095.7799251080 3386172.0199238062
1399468595.5225923061 3656074.7420349121
1381602487.6832449436 3428364.8623400927
1381885138.4087405205 3432205.0502063036
1404636501.6680579185 3707877.7577514648
1412770819.4617302418 3775133.2590332031
1399001709.2116479874 3649290.8645935059
1402994234.2811636925 3688668.6485137939
1402347875.8133196831 3686963.0139770508
1401267842.3845655918 3677133.4731750488
1400997019.6234784126 3673948.9293518066
1378627734.8521769047 3370109.9897700548
1413060334.1282632351 3776919.3854370117
1409223533.6487095356 3752438.9450225830
1417029698.8877615929 3808733.4705581665
1378109267.5010330677 3362964.7280571163
1417549451.9257147312 3810968.6647453308
1378520779.9469225407 3369838.3007385433
1418657078.6941401958 3819594.9087371826
1411945094.5426964760 3768083.2786560059
1405110028.1252226830 3713779.1635437012
1417549451.9257161617 3811003.8246574402
1405665339.9973108768 3719751.5215988159
1407769694.6735067368 3740252.2254905701
1397641113.6598520279 3627040.2185668945
1408801044.6012070179 3749127.4560089111
1393741983.0822622776 3584496.2538290024
1427571633.7321245670 3863143.3164672852
1424670073.2907857895 3854182.1253356934
1382396331.4157836437 3438187.4493976831
1390094066.6402235031 3541485.0645953417
1401267842.3845660686 3677138.2475891113
1378168620.6324717999 3363608.8379203975
1378743747.5179531574 3372193.2216369808
1425130329.1396005154 3854854.4191284180
1379002543.0451209545 3384720.5530811548
1398806772.0855147839 3644893.4025573730
1372687744.5816628933 3223011.0984760523
1390332242.7778403759 3545722.4213095903
1422199920.7290179729 3839571.9769897461
1423241312.0332314968 3846047.4515991211
1379859309.4060919285 3397236.7371155024
1388629808.5287098885 3525396.5819541216
1420544136.8152589798 3829880.1441040039
1419626580.1915001869 3822837.6193237305
1379488784.6534960270 3391112.0450550318
1420239695.4430997372 3828429.9091186523
1422318152.0934717655 3841184.2577514648
1418619056.9207320213 3817847.5906677246
1379605682.1806902885 3393163.7408558130
1380428897.8306574821 3406645.2109957933
1388629808.5287103653 3525551.7098838091
1377806438.3379285336 3360173.0901176631
1394588990.6315276623 3598358.1396217346
1400389328.7366878986 3665221.7044219971
1390465095.3930191994 3550821.8988389969
1389675373.4226036072 3540374.3038682938
1400522724.2503743172 3669550.4225006104
1393860590.3667628765 3587491.6744728088
1391812634.7557201385 3562414.1956758499
1391651222.0049602985 3561215.6934862137
1394322417.0914626122 3592623.9444313049
1387790199.5401823521 3514442.7521698177
1388896355.0175871849 3527657.8399522007
1387761601.3768968582 3512848.3033210933
1391763359.4861598015 3561218.1346483231
1394376093.4220814705 3595501.9266090393
1399638903.3327820301 3656087.2146224976
1389054360.7670600414 3529084.1352402866
1444660511.8255655766 3894934.0502929688
1404407241.3836710453 3707877.6608123779
1387681278.0773906708 3509500.7782852352
1388730129.2125375271 3527198.8148667514
1420849679.7465746403 3831851.4653930664
1399275123.3701622486 3650671.0691680908
1393840294.9931535721 3584845.2357864380
1398801545.2699997425 3644631.4096374512
1392302008.3681883812 3566668.0932499170
1379458788.0618991852 3388785.8432399929
1398801545.2700004578 3644666.5038757324
1388063137.6013636589 3519574.3556396663
1388395047.9311902523 3524676.5267975032
1393319705.7896173000 3580396.6140556335
1393001789.9267241955 3577860.8257255554
1390102736.2975296974 3545026.6190445125
1398176290.2055225372 3635038.3006973267
1378096287.0390586853 3362491.8840267360
1387744204.4314465523 3509862.6859466732
1398365217.9016175270 3642985.6413955688
1428148025.6615610123 3864619.2357788086
1416057030.5781486034 3800991.5656242371
1403541854.8431243896 3692726.1203793585
1392249154.1202604771 3566066.5809144974
1392368860.7286603451 3567622.6619081497
1430594788.6915400028 3866358.3363037109
1398275516.6966755390 3637325.3001480103
1403162665.1850421429 3689674.8230133057
1416057030.5781478882 3800990.6151847839
1402560534.8667364120 3687543.1786308289
1381458696.4045329094 3423961.6159469783
1430261878.2530350685 3866170.0384521484
1402330014.3040947914 3686600.2577590942
1392960717.9327397346 3576316.3576768041
1390851387.6610195637 3553945.3660936356
1376495513.2177529335 3331621.6814539135
1423524134.7186818123 3847593.9882202148
1395155595.8333752155 3604936.2383155823
1393300730.6260304451 3579601.5621871948
1394837862.8918209076 3604515.7783546448
1399874837.3546526432 3659338.4089355469
1414384049.9097146988 3785933.7419471741
1403886333.7655532360 3697847.8863372803
1396451588.0458028316 3619436.3503417969
1395993106.6368954182 3616800.5523414612
1434767994.7822728157 3874893.6820678711
1394742730.9968724251 3601682.2563819885
1390092391.9939408302 3540592.1357757747
1415164648.9580442905 3789937.3499603271
1396741869.7305357456 3623394.1990776062
1399784300.9483549595 3659326.4253311157
1389186245.7199201584 3531917.8052704036
1434418330.3311741352 3874656.9701538086
1387838324.3135967255 3516186.9209243953
1389186245.7199201584 3531748.0914032161
1389358920.1857519150 3535261.3990204036
1427504136.7046399117 3861172.1599731445
1387848959.3356699944 3516757.4917251766
1394073648.4283335209 3589780.6299791336
1391293783.9175422192 3556974.2588531673
1442855340.6196084023 3891027.7749023438
1395703955.0396146774 3609486.6548004677
1395916936.1289691925 3612709.6552887489
1396592650.9160990715 3620700.4650344849
1397142888.1248726845 3624667.0760574341
1440456875.9297194481 3887832.7641601562
1395675870.4874267578 3608142.8926429749
1439580962.4216892719 3887165.9500732422
1443627592.3814389706 3893793.5747070312
1424170985.4457664490 3848752.0989379883
1378416494.8657979965 3366824.2648060024
1375568487.8128244877 3299862.5329191387
1375602942.1849205494 3301738.5526945293
1403670575.9487388134 3695335.7347640991
1404014314.8441615105 3697982.6523895264
1404200481.4684128761 3702298.4387664795
1438124857.5895876884 3884867.6370849609
1437286740.4939987659 3878346.9591064453
1436201873.3843832016 3877381.7461547852
