572789495.6260156631 4980687.8486328125
587444881.0255229473 5144463.2988281250
526601212.4909625053 2090967.6442871094
541862842.7271274328 3889936.5561523438
549328113.7416980267 4301270.4072265625
535535368.4618259072 3367914.9560546875
545176124.2159376144 4102513.9907226562
549525923.2187526226 4308090.0117187500
587654462.1484098434 5146106.4101562500
530497136.3845618367 2767569.8986816406
526514185.0088812113 2066284.8840332031
530667766.0572285652 2789859.1823730469
548780151.3014793396 4281888.1992187500
549495986.9760301113 4307855.9238281250
549401955.5949268341 4305106.3457031250
535625137.2979266047 3380154.3989257812
590016942.2042390108 5155626.9990234375
547285110.8203686476 4207457.8662109375
549150356.3394821882 4292448.8154296875
563443041.4184325933 4773887.8076171875
590099715.7002972364 5157085.4697265625
549692537.3671072721 4311429.7480468750
526774836.2969443202 2147171.9609375000
547426894.3795574903 4215569.9414062500
563530673.2190350294 4775153.1337890625
587140356.1175568104 5144152.8613281250
587625516.6319990158 5145253.2568359375
587057998.3495116234 5143794.5546875000
547483754.0817184448 4220080.9848632812
572334384.3698648214 4975545.8935546875
592739199.9912078381 5162190.7783203125
593609234.3664797544 5165928.7001953125
545274948.6860088110 4109407.7690429688
580266233.5275737047 5084116.2441406250
593317974.8004417419 5165529.6025390625
609532825.4046286345 5174655.6298828125
542002752.2755006552 3896538.5883789062
577717500.9691278934 5054584.8056640625
544865324.7978959084 4080673.2602539062
562537925.4269572496 4747008.1201171875
563549259.5824035406 4775318.4931640625
563253643.1921671629 4770161.1181640625
572043623.8157378435 4970223.7773437500
593480649.8934401274 5165846.4638671875
592865581.1561669111 5163888.0537109375
535545123.5613431334 3374514.2309570312
541146722.6718848944 3848013.8842773438
572247286.8026070595 4975152.6894531250
572836724.0707211494 4986234.4082031250
563302720.0414398909 4773085.3359375000
562969414.7399741411 4765070.1552734375
592934610.8229328394 5164501.0205078125
530785030.5434390306 2799176.4079589844
526844479.2566921115 2148664.5861816406
573051801.4015882015 4989648.9667968750
590362010.7972921133 5157442.4638671875
548468573.6127802134 4267308.7871093750
562765311.0443885326 4759448.1953125000
573803249.8264187574 4998638.1875000000
548710609.2359769344 4276396.5458984375
548697710.5892193317 4276223.6752929688
561675435.8996227980 4728342.6337890625
586796200.2526280880 5140299.5878906250
586552659.9643579721 5138287.0634765625
573762165.4461029768 4997228.0644531250
577970471.0680704117 5058651.8085937500
587051989.5903394222 5143646.9863281250
590210057.5348645449 5157242.7119140625
590690965.3985880613 5158396.0009765625
530378875.7174638510 2753029.0295410156
586959398.8888611794 5141898.2832031250
548158326.6118549109 4248366.0341796875
544998250.7341644764 4094407.6372070312
545201042.3952201605 4102881.2895507812
545128111.9403564930 4102105.4799804688
547458341.0754013062 4217744.5522460938
580699242.4456671476 5089608.7900390625
530436421.1587179899 2758852.4809570312
547226959.7450828552 4204769.4843750000
572971844.3759553432 4987078.0917968750
572790965.1596778631 4984439.5712890625
526625370.1859249473 2114987.2814941406
573181780.6134854555 4990111.7333984375
526730442.0703395605 2141426.0424804688
526670700.1174390912 2128837.1354980469
578120161.8697856665 5060284.7255859375
578387207.6475064754 5060962.7529296875
569358702.3572590351 4914214.0195312500
572388791.3908659220 4978590.7812500000
527345437.4507736564 2271623.9228515625
527344405.9221737981 2270886.1450195312
547365611.3101477623 4214154.7617187500
564196654.4900068045 4775872.9482421875
563290013.0352807045 4770633.2470703125
577582944.8649202585 5053773.4033203125
581399651.8868790865 5094537.3798828125
527279866.3733202815 2261570.8225097656
589679867.7111427784 5152714.3369140625
532046622.8015605211 2913966.2058105469
563140667.6073195934 4768986.4453125000
527501568.4124891162 2285300.6066894531
530436544.5045072436 2761079.2963867188
562560971.3912031651 4753156.3945312500
527667972.1013172865 2288041.4367675781
530333798.7379751205 2742846.7770996094
545060128.0025891066 4097111.5180664062
531588202.1883794665 2902488.3527832031
545203228.0518370867 4105424.6586914062
609532396.2562934160 5174628.8095703125
536242652.6113995910 3431608.4338378906
545211758.5476422310 4106863.5551757812
589710056.6387306452 5154040.6806640625
563101059.1582074165 4766279.7070312500
535831743.9486318231 3400502.5092773438
573746622.2722784281 4996065.3466796875
541881108.1811162233 3894266.3950195312
531537201.2274981141 2895688.2497558594
536165372.8279821277 3429067.0200195312
573309785.0190001726 4993037.6083984375
573238825.7953168154 4991153.4033203125
581306964.8651500940 5094186.0478515625
555718581.7198046446 4517078.6914062500
586442903.4540858269 5135059.8486328125
610393545.8205982447 5174676.1005859375
555946607.3295563459 4525301.0585937500
541588794.4447326660 3880966.1303710938
572541902.6647354364 4980437.9814453125
556001079.7969070673 4528872.3671875000
531486521.6986969113 2887315.9895019531
569642539.0083349943 4920448.9824218750
569725661.3417432308 4921473.7304687500
531631435.8474786878 2907021.2214355469
536088308.5926147699 3420422.6796875000
547641591.2571450472 4227658.9780273438
530223733.5337757468 2727173.9870605469
581890865.8578730822 5097790.9228515625
530163247.4768178463 2714559.6845703125
535668716.3980164528 3383995.2294921875
546991627.7472348213 4188016.4345703125
535806104.3057313561 3395818.9672851562
578751759.7707757950 5066659.7080078125
527177542.8253738284 2226130.8337402344
585933495.5253971815 5131879.3886718750
531452558.1010387540 2887102.2824707031
547322097.3077868223 4209347.0561523438
586445620.6383752823 5136603.1650390625
531402245.0574468970 2876111.5090332031
592701197.2358583212 5161640.2548828125
527095419.8248298764 2209187.2316894531
555434014.6981465816 4509916.4248046875
578961969.1975986958 5069864.5419921875
572015281.2899967432 4966806.0068359375
555275964.9033516645 4504058.1396484375
608429988.9778777361 5173701.2099609375
555344719.8567414284 4508069.7343750000
608270163.9870470762 5173612.1103515625
569463934.7883821726 4917446.8945312500
527010154.0802921057 2190514.8666992188
546736772.4007873535 4179743.9819335938
580581089.0276846886 5088458.2646484375
569886982.3903217316 4926099.0029296875
555200138.1626611948 4498287.0771484375
542157602.5539599657 3899249.2700195312
546572242.3779255152 4172861.2377929688
608362335.8289018869 5173624.4013671875
526949736.7405918837 2175821.8352050781
526927163.0596451163 2164600.2077636719
534843439.1131224036 3292804.5234375000
545831878.7890557051 4130458.4492187500
608636662.3934837580 5173823.4248046875
580047068.5897898674 5081203.5869140625
534906944.9243972301 3294617.3549804688
534802373.1810796857 3287200.6665039062
530125301.1713986397 2706930.4777832031
530157845.5942788124 2713421.0134277344
586276320.8517538309 5135012.1669921875
542195477.8351869583 3906513.9926757812
577164673.3555772305 5046979.3310546875
579637219.0650271177 5074485.6562500000
579867472.5941394567 5080248.5947265625
531162393.5524761677 2844153.3044433594
579381854.7095657587 5072813.7089843750
579703060.0318392515 5077768.4970703125
534661015.5434567332 3266178.5305175781
545888150.2010058165 4134419.1943359375
534664289.3252756000 3268127.5939941406
560854994.5086988211 4688741.1230468750
560937712.7059783936 4691985.1318359375
554792030.6752077341 4485314.7275390625
542308738.2080030441 3909058.4096679688
528069977.8512395620 2342434.8342285156
579245376.7829637527 5071928.9023437500
535066062.6762118936 3309688.9016113281
527851717.1955192089 2305589.2556152344
592328967.2677230835 5159827.1708984375
527798835.9821983576 2291201.4809570312
544694712.8489491940 4057520.6889648438
531334779.3275839686 2868433.0515136719
544743735.9651827812 4057807.1113281250
607390693.9833000898 5172685.6376953125
607068949.3574606180 5172237.5517578125
544606073.3480379581 4049342.5268554688
544750277.3457792997 4060074.9243164062
607324873.0952540636 5172647.2392578125
544634884.2225774527 4054384.7080078125
553667186.3303964138 4432221.9750976562
553688730.4284647703 4432306.0854492188
585253181.2076607943 5121201.0644531250
554208435.7988083363 4454340.6718750000
542653698.2717672586 3930584.5078125000
542476004.2418386936 3918199.2514648438
553636954.7909948826 4429738.9506835938
560359626.5326155424 4669261.5605468750
543091818.4384541512 3950307.4189453125
534631020.2084137201 3238844.2785644531
606069348.8462120295 5168751.9931640625
542986475.7908880711 3947341.1738281250
543131569.9945970774 3954353.0678710938
543216789.1366151571 3958985.1757812500
543168619.9416698217 3954848.6303710938
606664299.8344291449 5171607.3740234375
531025374.0957880616 2814150.0800781250
571805516.7992033958 4962205.2988281250
583462209.5622191429 5105558.3105468750
571462614.3803846836 4954709.4550781250
583586761.6148258448 5105768.4169921875
583278295.4894211292 5103395.7978515625
583564286.6534242630 5105726.7871093750
583657326.7088514566 5105786.4775390625
534542887.4524986148 3222048.7587890625
582977927.5847303867 5100769.5263671875
570570985.7670502663 4934709.8203125000
570871809.5411331654 4942649.6630859375
560041159.9200952053 4645187.4638671875
560018991.7472673655 4644131.8515625000
559805351.8418756723 4632920.2158203125
534459489.2331544757 3205936.4477539062
534506376.3480216861 3218555.4267578125
559875393.6935646534 4635316.5380859375
559403917.0359838009 4620408.3632812500
557613273.9572958946 4555894.1220703125
557489003.7685692310 4552483.0869140625
557429037.4598480463 4549617.2119140625
529434889.6111339927 2494855.4018554688
540824547.7290936708 3738207.0444335938
540050285.3475421667 3676615.6328125000
540681574.1534094810 3728428.6655273438
540736410.9594395161 3731525.4863281250
540730322.9686828852 3728833.7568359375
529403135.0590206385 2488280.1086425781
540643852.4541894197 3724857.8891601562
567181813.5159919262 4807410.6171875000
567173123.1103510857 4806714.5839843750
567891800.3694289923 4823646.0830078125
567555694.1371470690 4817646.3017578125
567352067.5729779005 4808406.4716796875
529575316.2207199931 2507722.6875000000
567479827.6543633938 4816973.2138671875
530010110.7935328484 2598352.3527832031
529999721.7439208031 2596948.0935058594
575373856.6311944723 5000481.4199218750
529831242.8759827614 2565917.1149902344
558618841.9272797108 4575184.5830078125
558210138.6444164515 4559376.6552734375
558097152.9690769911 4558582.4208984375
558217885.5760463476 4559654.9951171875
558309593.0989317894 4562609.5185546875
575755739.4943906069 5005615.8876953125
529727520.7289246321 2542172.1894531250
529341929.1400988698 2388017.1049804688
529216560.5785835981 2369862.3798828125
529342376.9450363517 2389842.6354980469
529329660.4859628081 2387006.5305175781
529747990.0977545977 2543411.4853515625
529722958.7585544586 2531324.5747070312
529254510.5005397797 2375697.9650878906
529261292.0751933455 2376706.2180175781
539629644.5344300270 3621485.6679687500
539893785.3548555374 3642414.1894531250
539952269.5260515213 3645918.4648437500
539457306.4474682808 3601202.7348632812
534330663.2445929646 3134106.6391601562
534325128.2498536706 3134042.2426757812
539275467.8469343185 3561959.1674804688
539266448.7927843332 3554964.1152343750
539098244.9256304502 3537680.2563476562
539156307.7277017832 3544854.7910156250
538982643.2158972025 3514257.3574218750
538899048.0604254007 3507820.3002929688
538813054.2538706064 3498107.9892578125
534211034.6304507256 3062063.1938476562
534236827.9105536342 3071135.0566406250
534183579.2621194720 3056732.3447265625
534138818.4046911001 3046973.9951171875
533923794.0974470973 3010191.1157226562
534054910.3515148759 3026594.2392578125
533904176.7884826660 2999312.3247070312
533411522.2882716656 2933196.4418945312
533312058.6393438578 2919339.9975585938
533265015.6585932374 2915251.9282226562
