157108535.2986115217 1256630.3769531250
157431519.0959605873 1312206.1137695312
157375572.3202974796 1299934.7089843750
157555303.3736579120 1322724.5468750000
158023358.8129917979 1376847.6826171875
157908500.1936477125 1358224.9179687500
160706306.8576998413 1577118.7763671875
161689827.9833733439 1621696.8574218750
185311780.8773787916 1847331.1904296875
161183002.2235537767 1600041.2714843750
156629294.9884473383 1159164.8120117188
156843541.9485289156 1213268.8320312500
156938040.5817671120 1228970.9787597656
157082548.7630419731 1254223.4042968750
157116064.7287151814 1258455.6518554688
157272850.4079729021 1285818.3544921875
157608735.0879395604 1328900.8808593750
159724127.4240330458 1517942.7744140625
156872172.9202312827 1214231.9165039062
156873549.3416480422 1214419.9570312500
157316201.4339491129 1287473.2192382812
157365122.2124571800 1298706.8461914062
157880764.9396111667 1354623.3476562500
158730899.3386041820 1440051.5087890625
158413069.5996764898 1407562.2919921875
156612242.6296163201 1158722.4252929688
156672477.0090474486 1170126.0307617188
156737733.4459853768 1182741.1625976562
157788468.9714950919 1343505.7353515625
159163085.0594452322 1472755.2324218750
159423725.0557020605 1494725.4824218750
160645138.0629352927 1576951.5908203125
167399482.8785662651 1734147.1396484375
156845687.1363914907 1213948.8859863281
157605484.7508927286 1328743.8105468750
160714156.1084915698 1583362.5332031250
160407141.6305670738 1568054.4926757812
160606075.3352690637 1570893.0922851562
157511882.3214942813 1314241.7871093750
158440474.0616028607 1412060.6640625000
158476123.9279288948 1413261.6079101562
158630637.1552007198 1427178.7050781250
160751612.9911164045 1584262.4052734375
160514822.2117921710 1568954.3647460938
157160047.8073428571 1267180.5307617188
157702571.4675004184 1331770.5424804688
158582626.2546125948 1424671.5830078125
161647538.8178488016 1619660.2617187500
156768679.0550552309 1186405.8535156250
157695528.9063600600 1329788.2607421875
191112433.1440581083 1862636.2636718750
161684342.9732707441 1619887.1171875000
161501658.3045393527 1619164.3007812500
156797660.8067792356 1203770.5664062500
156789595.7199690938 1201841.8559570312
159183552.6664213836 1475463.5258789062
156931626.8118718266 1227587.6896972656
157350365.3577859700 1296747.7158203125
157513188.7827765346 1317824.5732421875
157160385.9235436022 1267669.1411132812
159315126.4753266573 1488454.1850585938
156677012.2543533742 1170801.6333007812
156715045.9632224739 1177281.9013671875
156894929.5642630756 1219519.0205078125
157318716.4953304827 1293568.2900390625
162355531.5955583453 1647877.9238281250
156770986.0991607904 1194985.0620117188
156917504.0783183277 1222177.4877929688
158153996.3141195774 1380232.8364257812
159313672.7662548125 1484004.4296875000
159160613.8186809123 1471825.4755859375
159386268.1730772257 1493825.6103515625
167375251.4065481424 1732723.8945312500
157252319.6118271351 1280069.0224609375
157266180.6095885634 1285054.6875000000
160671557.7647771239 1577029.8061523438
165150332.0811940730 1716101.5732421875
164665597.3695916831 1709958.9814453125
157049212.5926105082 1245406.6420898438
157100786.3585254252 1255830.2958984375
157424153.3915371597 1300084.8007812500
157168134.8636297286 1268375.9941406250
158348178.0934866965 1400943.0517578125
161600675.4839402735 1619336.1923828125
157026573.9682511985 1244313.7199707031
160946211.4442295432 1584733.2309570312
157685806.6338609457 1329773.0852050781
158147129.5788431764 1378477.9340820312
158244569.1241180599 1391846.5625000000
156823792.7006591856 1206590.3706054688
156843099.6328620911 1212043.1108398438
156956410.6240938306 1229577.2319335938
156933771.9997344911 1228484.3098144531
159258060.2172266543 1478744.2441406250
161857568.8634054661 1627531.9902343750
161482414.4835169017 1616923.0332031250
163237120.7982326746 1667795.3515625000
157308156.5461428165 1286663.3154296875
158486649.7446542978 1417180.1181640625
164811144.9307762384 1712038.0908203125
167968657.7418297529 1742340.1386718750
156695979.0343523622 1172093.4497070312
156975199.2820102870 1233494.1638183594
157122540.8881081045 1260142.0102539062
158188833.1548343897 1382574.3452148438
156699729.5833334625 1173306.5585937500
157219407.8890168965 1279206.6625976562
158236766.9070258439 1388382.8984375000
157866964.2400581837 1349834.7646484375
159653652.2218200266 1512859.8154296875
159541597.3463235795 1501847.7021484375
164752531.8878504932 1710273.6806640625
156709372.4858005643 1176339.3183593750
159610615.3918798566 1508990.1333007812
177900482.9027079344 1815468.4921875000
177605386.4392894208 1810438.1503906250
157871232.2936009765 1350618.0590820312
158290646.5527749658 1394048.4003906250
156989746.7945252061 1238393.9941406250
156783517.6459681094 1196958.5737304688
157190700.6901441813 1272045.1635742188
158638603.3704880178 1428929.7773437500
157308494.6623436213 1287151.9257812500
161390314.7445509136 1609195.5800781250
161970504.4196015894 1635717.4462890625
158016251.7638598382 1365416.8378906250
159758794.6104808152 1519092.9858398438
159665089.7980484962 1513871.6733398438
157064806.9103774726 1246686.8911132812
156890329.1188282967 1217844.6926269531
167262712.2773505449 1729296.7226562500
157984662.8727732599 1362407.5312500000
164138126.2075303197 1690349.8798828125
159379351.9184204936 1488924.3964843750
167896862.1185698807 1742062.1699218750
158607652.3476268351 1427089.2944335938
168264396.8520802855 1765291.9970703125
190609783.5847207308 1862030.6328125000
157063361.6455292702 1246057.8720703125
164543132.3121824861 1701275.9296875000
164519474.2091872990 1697129.8193359375
164074286.1971203387 1684607.4267578125
164200884.8457236290 1695568.6210937500
156789542.3131353259 1199339.8208007812
158140034.3207749724 1377201.6967773438
191055692.9525867403 1862444.1601562500
168052761.9513196051 1748552.0380859375
159875008.2586836815 1525982.8149414062
157213817.6378253698 1274690.7763671875
158657585.0113504231 1430363.1923828125
160264949.5607950687 1552463.4682617188
162699686.4926957190 1653488.3056640625
160613598.2538971901 1571737.6469726562
161702250.8254229128 1626830.8427734375
156841803.8301804960 1207155.1594238281
156965556.3795431852 1230461.4040527344
161939548.3979222476 1631861.6269531250
157076504.5715998113 1252798.9843750000
158440389.3351882696 1408187.7910156250
168120791.3056918383 1754684.2812500000
191067957.7844472826 1862486.0820312500
156744234.7283526063 1185894.4926757812
156825767.6682220399 1206907.5073242188
159634856.2154783607 1510348.8608398438
167574313.4423771203 1738526.6142578125
157116496.6966658831 1258613.2265625000
157255062.9480620027 1280130.2905273438
158539026.4458447993 1419841.7939453125
158154848.9820915461 1381654.5961914062
159207096.0064259768 1477545.8798828125
158892945.5657511950 1451479.6728515625
158908206.8204792738 1453240.3857421875
159941095.7922183871 1532817.9819335938
160195931.5152387917 1546052.5258789062
159100112.6812176406 1469783.3671875000
160202503.2928820252 1548073.8779296875
160035366.7783308327 1540679.4526367188
158393167.4954502881 1405957.4653320312
160571566.9822448790 1569673.3061523438
159905662.6567877233 1530294.8662109375
159434740.5627388656 1495345.8417968750
156730692.7229009867 1182151.8037109375
157845256.8374929726 1345706.4389648438
157740928.8694603741 1339508.6184082031
158377906.2407221794 1404196.7524414062
162018341.9543625116 1636882.1455078125
157725667.6147322953 1337733.7062988281
190417936.5612114668 1860784.3095703125
160000810.5474807620 1535020.7319335938
157140077.9188356400 1262132.2741699219
159834112.4670100510 1525055.4692382812
159220471.3862764537 1478620.9765625000
160981989.7950255871 1585747.9956054688
162182802.4346341193 1643584.0185546875
158189615.6777258515 1384123.0458984375
175016753.1822946668 1790127.5751953125
157011375.1960957050 1239665.2558593750
157096697.8159606159 1254874.6342773438
158228648.7982608974 1385870.0756835938
158205721.0463667810 1385710.0224609375
158592391.0928987563 1425328.5815429688
158844344.9823758006 1447500.6401367188
160329605.3297910094 1562066.4790039062
159044797.7829290330 1463925.5126953125
158320174.3801911175 1398339.2104492188
159876661.2234082818 1526780.5195312500
158804703.8625132442 1442284.1000976562
159867131.3372792304 1525875.3227539062
158930582.3671176732 1453783.5810546875
162576343.2835298479 1649933.5703125000
159883951.6132944226 1528557.7187500000
158866064.9011114538 1448940.4482421875
159960736.9393959045 1533322.3066406250
160316608.2614094317 1554259.8125000000
159465997.3579199910 1497202.7270507812
158658897.7856450081 1430636.7539062500
160012951.2496908605 1537511.5786132812
163289517.0370692015 1673654.5908203125
158970223.4869801998 1459000.1210937500
158723415.2516512275 1435479.8867187500
159005888.3748569489 1461037.0517578125
159520244.0953969359 1499928.7749023438
160217293.3435354531 1549087.7968750000
162972268.6616580188 1664203.3564453125
158831143.8811573386 1444317.4960937500
158770939.3378885686 1440428.4638671875
160231069.0241428018 1551446.3134765625
179447960.0516010821 1816338.9570312500
162596695.6813130081 1652358.8154296875
159970724.3018879890 1533436.1684570312
163110530.7984626591 1666724.2099609375
158957267.6597154438 1455445.9907226562
189930691.7346359491 1860623.4013671875
163213994.0079348683 1666926.5869140625
163548789.1300648451 1678839.6826171875
163248700.0123448670 1668152.3437500000
159866423.0138675570 1525487.8325195312
163056243.3332179189 1665171.8603515625
159141303.5204719007 1470465.7602539062
163292674.3124212623 1676591.1445312500
190579047.4244126081 1860799.9443359375
159084689.7350940406 1465740.7641601562
188370288.2804991901 1858642.9111328125
168658017.3805238307 1766979.8222656250
159776384.9127956331 1519928.2519531250
163586572.2193785906 1681902.7871093750
162342875.4571071267 1644291.9863281250
159203609.1902231276 1476769.7387695312
159815851.6952324212 1521928.4868164062
162948880.5478770137 1657876.2460937500
162399794.9827812314 1648039.3740234375
159601685.5840481520 1505680.2563476562
167661157.7144649029 1740079.9511718750
167717405.4154656529 1741530.0468750000
161029258.0079486966 1588794.0571289062
189826488.1877318621 1859305.1884765625
159778302.6423753500 1520837.1250000000
189493562.5909827054 1859078.6259765625
174589168.3833059371 1788234.0908203125
174318878.0151201189 1788110.5888671875
161078567.0788656771 1593337.6835937500
166433069.3030388057 1725600.4248046875
161047693.1717874706 1589272.4487304688
161146018.3853276074 1595524.9316406250
161312236.3067522943 1603196.7197265625
161137905.5286449194 1594107.9448242188
187889770.7577023506 1856205.0029296875
186294011.2259652615 1852068.4609375000
175451580.8125630021 1797155.8867187500
186995517.8928917348 1852851.1142578125
173769045.3032739460 1779997.4462890625
187810834.4039415717 1853174.0312500000
187183622.0774937868 1852854.2050781250
187705265.1978142858 1852912.7128906250
177157842.0169097781 1807500.8984375000
176978974.6949476004 1807135.3935546875
167147428.2397934198 1725610.6083984375
165685572.2195084989 1721912.9628906250
185934348.4966877401 1850095.5351562500
173691123.7740521133 1776979.4287109375
180173582.8948436975 1827132.2880859375
184745841.3520348072 1846240.6738281250
176542792.8371043205 1798586.4990234375
185099672.7310872972 1846814.5468750000
184773080.5148911178 1846466.6542968750
184320206.2888123095 1842158.8066406250
184111164.7542046309 1842027.7617187500
184001879.1438983977 1841547.1699218750
183487022.2976387143 1837758.6464843750
183716915.4153907895 1841404.2402343750
181595288.7960840464 1833848.1142578125
173320443.4323541522 1771238.5439453125
173123983.4238416553 1771066.2656250000
