149931911.3294224143 7825.0199852118
144733834.2986560464 4440.6089361812
144907647.3915998638 4559.9926937413
145299856.0225721002 4909.5473733164
148125391.8445410132 6772.0280573145
149602348.7955302298 7714.4336824582
152721348.0598102212 8735.2723213434
152423261.2340300679 8658.7233232688
152610371.7253178060 8720.3881679485
157740412.1970950067 10013.8351783752
158016869.4087772071 10071.9915695190
159103965.4039308727 10239.8610744476
164794706.3825380504 10565.2615108490
164745620.1793785095 10562.8618068695
165123816.0711347759 10591.9938640594
152676677.4896450043 8732.2540373635
152063065.5621422529 8477.4729249459
152505801.9837813973 8717.2839314590
152435561.6140850782 8662.2716917824
152793287.5393525362 8749.2680594158
152194585.1038479805 8638.2726454567
152482028.1375292540 8701.3402899743
161241382.1896796823 10432.5115337372
161098234.1234921217 10415.4696102142
161156228.1409542859 10421.7144756317
152379340.5944239795 8657.0138697835
152088323.8246318102 8590.0301956508
151779958.7927083373 8471.5160957941
151690394.1273258924 8365.5219903382
160668446.4165089726 10402.5813503265
160767232.7430635989 10414.2619762421
144866829.2668149471 4514.3859983322
144887522.4662338793 4534.4493843288
145128147.3069372177 4624.2034522053
145047446.7028931677 4617.1915340134
149570236.5428157449 7626.4961660073
150136183.1249041855 7914.7967283185
150451823.4945468009 8022.0917548704
151735709.9512912929 8420.3965461560
151512087.0294925869 8359.1449269234
151412268.7832894027 8264.9479342159
151427631.7444981635 8355.3694423356
156955901.1423535049 9735.9558506012
158011160.5058875680 10065.9575500488
158749992.4760359228 10202.5620326996
159553681.1521803141 10290.7710933685
160400277.4115580320 10385.5230464935
164858513.3405527174 10568.1443080902
165267368.4494557977 10592.8936290741
148386588.6094096303 6961.0112447217
149650900.6876266897 7719.0584867166
150210104.1081211567 7930.9284883307
144861406.0509678125 4507.0151922889
144996466.1096068025 4616.3481118230
144972922.8136973977 4607.4273957531
148255987.3459191620 6932.7308056131
149859418.3499254584 7815.4510514901
150129289.9119904935 7893.0215906331
149909088.3764891326 7824.6900583634
157106375.3490191102 9863.3683948517
157149964.4243331552 9894.0136127472
158244982.1230098903 10107.1195526123
160231951.8763291836 10359.2923870087
159778201.8362226784 10329.9401988983
160248472.9190818965 10366.7416133881
164947238.9852890670 10575.9199962616
157991329.9038519263 10065.6141128540
144908249.7973350883 4604.0273583016
144921661.4954697788 4604.8727330500
144843385.5792014897 4505.7674850197
145407693.4023467600 4996.0711312361
149744739.3567556441 7733.0122934708
149939488.0744036138 7832.9322611221
150682000.6701196432 8096.7547977649
157031727.0617719293 9847.9106016159
157823014.6709170938 10056.9192733765
159391956.6305114329 10273.6647090912
159962786.4754772186 10340.5637722015
144951028.8459926546 4606.1376640023
144864297.0489262640 4512.2692373749
144753107.4293142855 4493.0898755760
144894089.6003187597 4547.3657437954
144726748.8551159799 4435.4405003395
151408538.3150267899 8263.6367448620
144721704.0209122896 4359.5066556390
150983338.4746271074 8168.0524395760
151142724.8755567670 8245.9092982927
151280042.7456550598 8247.9730508447
151055454.9463785887 8177.2526917387
150916232.0652360320 8158.8398827370
157363496.2393527627 9930.5926017761
159216931.9928663075 10260.9120464325
159413161.3984393179 10287.2065181732
159930144.4987764359 10333.2631664276
160254534.2766823471 10374.6896419525
164978864.6603632867 10576.8984889984
150676717.6665871143 8083.8311122116
150789958.0590968728 8134.8339489754
145394915.5477759242 4991.1506829477
150438240.3452820182 7988.7120132226
150537277.2491425872 8058.5922955330
145386488.5824446976 4934.6450257517
145214707.8064355254 4881.6905389048
150487683.2869656384 8033.9574962016
150432834.9446433783 7982.0179762054
150449049.2242176533 7996.8562541734
159003586.1905166805 10225.2707576752
164650761.1146785021 10557.7909450531
150665888.8460796773 8071.6235882633
150293239.9828553200 7978.3454128038
158892463.3479819298 10222.0539379120
145522694.9087415040 5035.4634347177
145615909.0805902481 5106.3251231589
150095336.4081294239 7878.0566202530
150008642.7783671916 7868.8818601852
157141828.4174842536 9886.4719567299
157651375.9249314964 9997.7691383362
159108662.6820091903 10258.2769985199
158761661.1373721659 10206.1973323822
160074262.5038734674 10358.1393413544
145603732.8189008236 5102.0349632065
145847198.1001460850 5141.8383776158
145717985.8829801381 5128.4948814322
145852519.9364584088 5144.5540972123
145860013.2368340194 5242.5512535266
149804542.2682236433 7733.0734652409
149848515.0151957572 7781.4369226822
150061042.2235248089 7873.0972925552
157518181.4545243680 9984.0429344177
159983097.3729949296 10344.6257457733
159745810.2474880517 10323.8639736176
159643631.4777747989 10293.0780620575
160596049.3182077408 10387.3352184296
149700742.6485236287 7727.7505487219
160305700.3461154103 10375.3439617157
159780322.1231768727 10332.9760112762
149856317.9028585255 7813.8176218399
158699299.7131613195 10201.3414897919
158558332.2803452909 10162.1694431305
159670061.3120455742 10318.0286159515
149531539.8882256150 7610.1071263593
145637850.6481199563 5128.1706611954
148600543.4244584143 7096.2841529304
159279392.7213983536 10273.3105525970
149414981.1725247800 7530.0321260918
157759395.4987942576 10020.5679035187
157124287.1017341316 9864.5096836090
157449182.6763859987 9971.7312583923
158589991.4907514751 10182.0121364594
158804159.4121366739 10209.9713878632
159027314.1698281467 10234.6385402679
157791340.0349663198 10022.7187900543
157807688.9711882472 10037.1450195312
157406278.7159182429 9955.5681190491
158711837.2036810219 10201.9544353485
164894847.4357906580 10569.9284801483
164601328.9391479194 10550.3596706390
149561494.8242190778 7612.0283232968
156969194.5394583642 9823.9653856754
158479102.7055084109 10150.8368930817
165026513.3611008525 10582.8634929657
165108038.0587412715 10588.7518215179
148664048.0572977960 7147.3533790915
148626317.0876673162 7118.1338397288
148533087.8622626066 7077.4613712644
158456089.5176659226 10140.6945400238
158281506.2174419761 10122.0103244781
158145140.3866252601 10095.3992805481
158510002.8126210272 10160.7705059052
157732977.9430632591 10010.3803405762
157063715.7268832028 9859.5207920074
148331688.6812808514 6945.2812335252
157295667.6519132853 9927.2037849426
158372244.8905362487 10129.4286212921
145149479.6251429915 4635.8583265988
145471507.1187223196 5006.4356767546
148233693.1709801555 6890.1587152163
149259771.3379437327 7388.7777996713
158395141.7700066268 10140.1007022858
158267452.2979504764 10113.5351619720
145185993.2557686567 4694.7495097027
145171810.8175359070 4647.4078982706
158235666.6530617774 10099.4727268219
145185063.9742540121 4660.4627821939
149140040.6068553925 7369.4327221567
148709937.8990533352 7157.2153831476
149198042.0410212576 7380.1667251826
149297677.1163978279 7392.0068872545
164584346.0807337463 10544.6777553558
148441203.6060906649 7045.5553172341
148747049.2300495207 7170.7912781740
158224981.5046955943 10097.9953784943
158158524.5366020799 10097.8728733063
148433857.6071546078 7042.5322799141
148688773.3674199283 7156.0234779061
158498310.0060386956 10159.7266063690
149392357.5700922310 7411.2737257084
148503568.2061693966 7051.3019290472
148740261.2278581858 7159.5677911438
149006756.2385139167 7274.2488538976
149000855.7486368716 7189.5393238228
148918477.0391078889 7174.5417184052
164709958.7331932783 10558.1633434296
148731206.0169809163 7159.5657506640
148462638.9830566943 7050.1056066210
148427572.6711608469 7022.6217757071
148274848.4854193330 6941.8417850043
148400200.9177452922 6976.4415469671
146275493.3617117703 5457.9605187578
164585369.1315085292 10549.4248867035
146225209.0612084866 5354.5891707722
148115668.6898010373 6732.9938731743
164370066.4744589627 10541.4305706024
158138868.3713284135 10086.4116058350
146188258.8712059557 5345.6903037523
148196157.3017432988 6833.7366878171
148096409.9999700189 6724.0015571723
148170044.0647120774 6815.8791701547
146068495.0798000991 5259.0550143767
146031522.4275800586 5242.9563137002
146435550.0337208807 5458.1574371826
148046382.8213258088 6710.3581414772
146436043.5806844831 5461.1578655636
146219276.8550522923 5350.6539642749
148170447.2767154574 6823.5526204658
146102487.2896856964 5342.4697411169
154398855.1335258484 8979.0190652311
154877277.8283663988 9073.4788218439
154501466.3604864776 9004.4604333341
147959211.6337884963 6593.2886808409
147791507.4496498108 6464.2018545288
147892721.7107154727 6592.8557336945
148035133.9110324085 6635.4651531554
154490171.9541063905 8985.9944606423
164603409.3540502489 10551.4702968597
147891329.1439351737 6572.1120301504
147843102.6606857777 6479.5212136526
154910209.7253080606 9075.9198006392
148014711.9230675399 6608.5396802146
147663724.2314490676 6342.5929696876
154843934.0143933594 9062.0706787370
147688805.2950362563 6379.4501746017
147857212.9356252551 6488.9103186447
155016424.2429486215 9129.9044480324
154972292.9423518181 9109.5387711525
154280823.2012788057 8916.9231935143
154381575.1403372586 8932.2511487901
163951483.2319572866 10488.6076335907
164276708.3129352927 10522.9217815399
164192902.4766474664 10502.8244762421
154689576.5274714530 9036.4465633035
154544090.5259118676 9014.8992839456
147639987.0775111318 6184.0387763610
147579800.4593591094 6171.3572272008
155643559.2747210562 9252.1195162535
155585550.6617954373 9239.8243758590
155238395.0580417216 9148.0682572816
155931828.4139184654 9254.7313926131
147048438.6989761889 5555.7295859031
155419870.7488422394 9204.8507946990
155315245.8688710630 9193.5048072250
147644857.3820417225 6199.2875730707
156295665.1519567370 9260.4178335071
155531310.8545495272 9234.4674912244
147431938.8605332971 5963.7372187499
147523035.6709071994 6064.4699152831
154741578.4001322985 9042.7077174783
147278253.0232976079 5847.2623401429
147104328.0520207882 5734.7641761140
163937932.1500102282 10478.8184413910
147494824.4306436777 5974.5342435288
147522523.1846665740 5997.0979251203
147523398.9230639338 6073.1973627929
147446225.0050676465 5972.3394531515
147350446.1047230959 5920.1508711647
147389564.8280050755 5962.4529788162
147226586.9930388033 5844.2243201570
154045817.6237150133 8818.1255857693
147198786.7843931615 5781.9412380118
147064451.4600852430 5669.4430739829
147319067.3285703659 5858.6537419699
147151754.4620722532 5759.1878522882
164013160.2877632678 10498.9088115692
154148961.2808988988 8833.3671430200
