257088376.1144347787 445772.7741997811
269454365.8651267290 857052.7260220572
271778567.8706278801 920463.6724573644
292695418.0871165991 1340641.0075163841
284107746.7344784737 1166857.4221364856
266664247.8502141237 796173.4250485599
266195837.7618511915 777321.7311567809
263112353.5647754371 680704.7011469688
283813239.5788693428 1166493.4935132861
283339067.6572551727 1152913.2777196765
269320656.5197753906 856047.1615689322
270710357.8844360113 888330.4362436803
264907455.0652518570 737904.8453082554
261448632.5722507536 619470.6346600080
262612953.3241302967 664744.2873943757
266830752.4322349131 803594.0508895367
260791343.5741651654 600762.3792638481
257350218.5890627801 467807.9641497433
257406676.5588024855 468082.6094108793
258683253.5955309570 525352.5848658979
267344874.5364519358 815412.4645427167
269765993.2282132506 868275.0414517447
259859432.1356863379 568652.0847421438
257307487.7219835818 464665.6534453779
260269141.3017209768 581554.1728838831
271317592.1461681724 908791.3485437902
278034438.0784996748 1047860.1892100200
277697617.1773498058 1039884.4075938091
261459544.0766344666 622482.2613047088
258474489.1744535267 515171.4653573781
265922069.2931058109 769145.5226188884
263547904.6726770997 692581.0967952098
277644559.3204327226 1038457.4565749168
318176363.4020608664 1662294.5025634766
317549078.5708567500 1661628.5035400391
302033452.8825473785 1414969.2710037231
282295701.1156225801 1132853.4295294536
281953093.3724520802 1123411.0071661724
278082495.9807046652 1052129.0574966297
273646097.9493431449 966021.9405235986
273942653.3749007583 970933.7383710335
324201470.9570385814 1709828.3955078125
257437216.0497413874 470512.3937310493
257453415.5410560668 470592.5063138828
269292283.9409286976 844293.7292557228
288069195.7210199237 1244096.1434597969
270881965.0865476131 889569.1212247880
277336966.7401295304 1037457.8373108730
260622772.7440779507 592397.1515992875
292560881.9130259156 1335820.9977507591
290824852.9678080082 1297101.8947234154
286205368.8093181849 1186347.5982485441
261000762.5650912523 608502.1447279148
278743513.6560511589 1062728.9708331525
281116663.0763508677 1082142.6416603178
280797083.3457598686 1080170.7244239897
289289995.6782224178 1261369.8038284183
323636083.2303420901 1707492.1357421875
309205619.7918655276 1552194.4738159180
270888977.4288293719 895647.3202234777
259354257.6969984174 550658.5463014692
264830050.3177513182 735556.7231317870
284886864.3058038354 1171180.9426748157
260631391.1939697564 596484.5400491655
291254908.9173838496 1307854.0148406029
266757296.9653650224 798307.2777025560
313418207.0847690105 1597553.3125000000
274553620.1957675815 983014.8806630857
263338111.1900874078 688225.2106684531
285233125.0822917819 1175040.5358015299
285932337.8071118593 1184189.9572577174
273640263.2811151147 961835.2446694449
292637978.3389886618 1335854.0163054466
287009111.2156668901 1215055.0982570648
293243366.5011453032 1347592.1344738007
262927774.7926339507 671501.5482439401
272994415.4218338728 950973.1965884680
272913998.6002151370 945262.3513736243
323821367.2115927935 1709219.9443359375
270812560.1510576010 888622.0189234242
277901436.7687091827 1044750.6523690298
323925194.6297572255 1709802.9931640625
256331995.8073145747 391206.7070137579
278619594.2896283269 1059685.5791105987
280495536.0784204006 1076767.0989510363
292668934.1096256375 1335885.0905241966
293023227.0522961617 1345946.4791808128
293364762.7460088730 1349061.4044914246
320946490.4981179833 1670996.9890136719
276572249.8257749677 1013859.4333496913
272749541.3469284177 938068.2299171779
314605793.5662788749 1618952.0396728516
314435431.3735753298 1616484.8365478516
271433046.9632903337 909542.0358873876
289419942.3488804102 1268343.8161101341
276059252.6247895360 1004923.2508545741
293162707.1099185348 1346107.1472434998
264753799.5400252044 733099.1222742840
315896809.2358672023 1632622.3886718750
292931558.3685619831 1341590.9904112816
292324152.0891698003 1328221.8799529076
292685099.0164208412 1336728.3571257591
264694648.8257566690 729606.9369743423
300257204.0929539204 1380842.5306188464
272919120.6167801619 947233.5640739426
272298267.5463073254 934143.7460645465
293073015.1914035678 1346018.4643630981
256485572.9121074975 406460.8211460728
257578945.1890060306 476732.1605424061
264699307.4587726891 732245.5729357048
292395747.3920637369 1333278.8156828880
256602537.7577742040 418864.3469669521
314380044.6004518270 1608886.8519287109
287326019.8463033438 1218194.7797948718
287359590.4113153219 1225079.9887945056
271860822.4278404117 923296.3117891820
271535354.6212831140 910587.2409655126
258652094.1546968520 520641.5714186346
290534301.7004001141 1283865.1691985130
290806282.7570127249 1296093.5874114037
292182753.9459772706 1322056.9534049034
290821554.5616272688 1296899.0632414818
270960170.1701730490 898651.1807644395
292681800.6102400422 1336525.5256438255
291115698.0977194309 1302379.4704680443
258576353.2587441802 519104.9162343182
290310792.9580373168 1279103.3855071068
274158281.6502296329 974949.2266899422
290094599.1947751045 1272990.9025969505
289801739.7117795348 1272127.8459563255
291510435.4674203396 1312493.4939055443
292017090.9308729172 1321468.2080340385
257831545.9715611041 487576.7922025546
270958982.2361544371 897314.1560045751
271570030.1051648855 916492.4377428563
256401526.3634707928 398680.5257666159
256837414.2369351387 439948.3372945637
272223994.3209242225 929823.7277933629
256453631.7735120356 404329.9144986431
273933946.5234220028 967918.4679008797
256796228.9460239708 436624.9347345382
277097310.6497815847 1031381.6499634609
264324058.1686477363 720869.1715941982
320905065.7642782331 1666285.6445312500
275331873.3846578598 993009.9732792452
274205852.4812457561 976173.8482719734
259941902.8461175561 570297.1399096511
258276968.4931368530 506984.4722628891
283239696.4018617272 1151100.6417943835
256561127.8667715788 414799.0276165652
276662497.1508397460 1024444.6812658049
276171020.6072016358 1010102.2662617788
277830950.8759912252 1041236.1947059706
267109416.2084546685 807802.6900560716
262747439.2972448468 666447.7845853964
285352170.2313235402 1175243.3162938952
276109547.0304627419 1005983.8231781349
275593840.1255324483 994423.5247803554
283336822.3084938526 1152014.8382665515
268481335.9242143631 841597.5069229124
272823566.9838564992 945250.3173606470
288466570.5513856411 1251999.8198661804
276106612.0802567005 1005241.1370850429
309942913.3683857918 1560762.8672180176
308027189.0636283159 1523730.7339782715
270267111.4538496137 871993.7509795341
321802817.0486927629 1677116.1499023438
275148053.6506103277 989659.1741902456
313896380.1003734469 1600046.5555419922
313953354.3860988617 1603307.2030029297
281978066.2512968779 1123567.0788901104
301092015.6821870208 1387134.7020149231
278202370.8123266101 1055134.7589268805
313236878.4608041048 1595658.0184326172
282475410.6604349613 1135863.8003317714
283325710.8244627714 1151773.0990449786
261848885.1389949918 635263.3697765624
258238638.8873955905 504254.4150136150
319730021.5932047963 1664518.0080566406
316472491.0783742070 1643448.2349853516
256662510.8240459263 426610.8163263351
271165115.6697878838 900476.3488213895
266797952.2696677744 799704.6357316235
281151826.1859511733 1088812.6475870460
277299111.2859621048 1032957.5203858241
323095118.6638534069 1704599.5566406250
263702826.2137332559 697347.2154011996
307774887.4267317653 1512551.7581481934
307845607.7435260415 1516496.0071105957
264714845.4572196901 732910.5429435329
275067404.5532815456 987979.1274109706
281246154.8532015681 1095763.0494425148
315984970.3434290290 1636255.6524658203
263454958.4198386967 691411.1615873557
310245643.5808590055 1563713.1379699707
310389729.9639045596 1569867.4324035645
258759325.3276594579 526958.5084831007
269137272.5120393038 844080.4582757875
286618762.4888936281 1189547.8294755816
264759464.0183945596 733912.4213978971
289694748.3056136370 1270729.9106864929
264207632.8197756708 713588.1982169704
267653630.2881104648 817075.1953611076
264384307.5009840727 723434.0557616310
303638325.9776163101 1438957.6838607788
283355099.3297924995 1153326.9393388629
259536430.9525069892 556654.1059285384
302728317.6876991391 1425307.1311569214
302978381.5498141050 1427029.5132980347
283444032.9048022032 1156658.1633989215
257751833.4999572039 482736.5670205839
263789870.5303775668 701374.7550071242
267297817.3795742989 811721.2532300651
304902141.0405323505 1454252.0077323914
304944189.9197608829 1462009.8407402039
262001305.0567866266 640551.1036841782
262391631.6712259948 654923.4836332588
323063302.5324373245 1696618.1728515625
269292412.1173443198 845201.8701909184
267381507.4894256592 816338.2929422259
275734609.1351916194 994907.9872912988
275897095.8868651986 998685.3772754297
261751795.5950005949 634628.9377579396
262155160.3835971355 647550.8949897760
257829613.1030584872 487523.3242470399
289058524.3302711248 1260749.4297294617
288617262.2795079947 1254150.0862236023
286835221.8669489026 1193975.4391164184
262933730.2074226737 672556.1231253038
271688747.3623003960 916965.8639417803
291806922.3270000815 1313963.5127372742
300183435.1890266538 1372005.8335418701
307022968.9822077751 1499578.8839111328
300070804.7399025559 1372001.4302215576
307055944.2730543613 1506666.8311767578
311942243.6472842693 1584130.2827148438
263184535.8239058256 683732.3798685449
266077560.5638008416 775527.2665217516
303367920.0657999516 1432599.3156633377
301555571.8834258318 1401991.2714157104
287627253.6121163964 1231614.5133476257
287461275.6081559658 1230887.7577323914
307004659.0350500345 1493482.1075439453
258552365.3768964708 517374.8765747249
321990465.2098888159 1680531.9213867188
266221161.0832625031 780161.0292170641
270388484.3281257749 879213.2402960435
289552191.0420919657 1270282.9033622742
270656200.1076972485 883621.1707051042
262835738.7108686566 671252.7391607652
257708301.2212938368 482168.3498818055
269988953.8222619891 868864.7887059301
287667510.8150669932 1231781.2831230164
287704684.1821761727 1232749.8353691101
267035484.3504040837 804110.4130594134
299982898.0852119327 1369075.1233329773
265456182.2173646986 753805.1669312872
266139140.2983576655 775775.6972372960
262626870.9441820085 665738.6512701402
299783016.5626880527 1368988.9267148376
305410906.5515010953 1464824.1389312744
263026736.1268312931 678079.2632126641
285429415.4543201327 1175374.5592336059
281149232.7972321510 1082202.6215268942
263047568.4017869830 678954.3956945438
265058987.4716386199 744278.0126164812
286869641.8590552211 1204836.9593925476
265058660.1393535435 741217.4557915085
262214004.3801980019 653083.2991976638
262570909.2568246126 663028.2018320449
260303558.0384508669 583022.7331897318
262430792.6093843579 659482.5292978380
298214599.1201374531 1357257.4467419982
261681997.1137561202 629311.4638506040
260322726.1571174264 583675.4365588725
265271887.5910322964 747578.2561992691
262941612.9734563529 676694.6857821234
285580097.4617055655 1177201.5752524734
260412159.6223567128 586843.5682568443
265632655.9055934846 759561.4311037231
299114090.6730136871 1360070.5024670959
285469438.5390981436 1176563.1636313796
322881420.1768909097 1691552.1855468750
305600377.5784053206 1467209.8747100830
288303224.8963211775 1246061.7230644226
281164321.7137770653 1094694.5084219575
306766055.7050274611 1488484.6757354736
305922399.9611533284 1481191.7919311523
305621532.1279913783 1475262.1376342773
304334568.9553724527 1443370.3623657227
304482509.0519109964 1448372.9815063477
308460493.0875478983 1526004.2474670410
279406616.6275712848 1066878.9117403030
281832743.8634751439 1111430.6195402145
281691474.9282355905 1103746.3298635483
299442716.1500447392 1362426.7541770935
298925860.7360850573 1358891.0035667419
279974987.4025826454 1072382.0540552139
280071917.6595152617 1075337.4818448424
300733312.5973061919 1383325.3150291443
