776815956.8703024387 8675816.5966796875
772728235.8621935844 8617507.8154296875
776940047.5804401636 8679376.9873046875
783075602.2042688131 8742925.8671875000
777156490.0341043472 8682635.4873046875
774372235.6049135923 8643768.3427734375
774405390.6127908230 8644466.1640625000
768727087.3506494761 8505943.1640625000
771218494.0357986689 8579242.9394531250
783045585.5472683907 8739630.5527343750
769656635.5136886835 8531619.3554687500
776285727.1130272150 8674607.7060546875
768885334.8550931215 8507319.6074218750
781658617.7002857924 8727427.8095703125
771695208.6149188280 8590869.3583984375
773237501.1204490662 8626949.1562500000
772972819.8476620913 8623415.2617187500
774948748.0658334494 8649941.4628906250
773011275.5451931953 8623450.8398437500
767175608.2880744934 8457902.9453125000
776122054.5249831676 8667355.6123046875
779322521.8337357044 8709142.4912109375
778524520.1840199232 8697925.4130859375
777254654.6438336372 8683740.5654296875
789794257.0079313517 8782537.3652343750
789081127.6227449179 8779634.7060546875
767592486.3451390266 8474106.1347656250
789165257.9565906525 8781152.3203125000
767897262.1207743883 8483147.3574218750
780586816.6720671654 8719731.7294921875
767860745.6297857761 8481319.2812500000
774780750.0354630947 8648050.8593750000
767581662.3430269957 8467498.8974609375
774654387.5745072365 8646864.3544921875
774405390.6127915382 8644717.4042968750
775024863.3947230577 8654183.6904296875
783798943.3339014053 8748776.9599609375
784143141.9861038923 8751333.8125000000
772935160.2163038254 8619257.8076171875
773857926.4018529654 8637429.0107421875
773857926.4018529654 8637620.0576171875
786697493.7161637545 8765928.6347656250
767388676.0356023312 8466353.5830078125
768727087.3506494761 8505684.1132812500
768454270.3862888813 8499822.2089843750
789849319.1391762495 8783101.8740234375
772935160.2163038254 8619024.6083984375
782231863.4334346056 8732645.2392578125
777675420.7332878113 8689684.1533203125
784977117.6964604855 8757279.9101562500
778801809.1794232130 8704339.0195312500
770177642.4143576622 8550354.9238281250
781428197.4841641188 8725334.1279296875
777712452.6538119316 8689702.0292968750
767038644.9333062172 8445756.5439453125
774489061.8102494478 8646416.8105468750
771515171.2415096760 8586517.1220703125
774867479.5046156645 8648980.2851562500
769554360.3931248188 8530221.9814453125
778059056.5306030512 8693398.0351562500
776985569.3247418404 8681239.3828125000
782671530.4744504690 8739273.5996093750
771823473.8627802134 8590963.6728515625
779753452.4836393595 8713731.6591796875
775410606.1115980148 8656610.1503906250
768312433.0004594326 8495580.0556640625
781132831.8554971218 8722598.5947265625
773458403.5414443016 8631224.3701171875
773549469.4512027502 8633397.5703125000
776865270.4964566231 8678614.6796875000
781861437.2544828653 8728834.7617187500
779753452.4836390018 8713361.8154296875
768290566.0960096121 8495519.6533203125
769114137.1399205923 8512308.2167968750
768412711.0729035139 8497693.0810546875
780778318.9014083147 8720580.0878906250
770177642.4143575430 8550106.1171875000
777712452.6538119316 8689875.9414062500
779556636.6010085344 8710644.8847656250
791601145.0664565563 8788153.8320312500
775829244.5142056942 8667244.9873046875
772188889.6223715544 8602678.0488281250
777557034.3937351704 8688045.1269531250
770410510.9597069025 8559137.0361328125
791630378.9571948051 8788174.2744140625
767993622.5537263155 8483454.4531250000
768268532.0579284430 8490252.7509765625
779487125.8343664408 8710566.8808593750
780249363.4080399275 8718606.6640625000
771976732.7941197157 8597320.8476562500
786645559.0671772957 8764280.6074218750
773089546.0098878145 8625181.1562500000
769473823.6977243423 8525130.5400390625
777278693.5824062824 8683760.4990234375
786660648.6151765585 8765196.1484375000
773644737.7677544355 8633477.1865234375
771970878.7306543589 8595262.1093750000
781034085.8224631548 8721905.5322265625
779275148.5925306082 8708177.3974609375
774976453.1079854965 8653365.2255859375
770831833.4756554365 8569603.1113281250
779424385.5447189808 8709309.2734375000
779948339.0794146061 8715509.5957031250
770791451.3281519413 8563189.6953125000
780315442.3997656107 8719369.1689453125
768098115.5329073668 8488061.7744140625
774936113.8329201937 8649354.8896484375
771948395.7258439064 8594867.4980468750
773247468.6608932018 8627750.9609375000
769488281.4013987780 8529466.6201171875
776694160.8936405182 8674765.3935546875
768287183.7122523785 8492474.9970703125
791630378.9571948051 8788383.2568359375
778002367.1466032267 8690932.1250000000
784936391.1953767538 8757024.8417968750
791761194.7620899677 8788649.1230468750
777417087.0251450539 8687018.4121093750
780805079.3793268204 8721220.7041015625
778473978.3643323183 8697612.1630859375
778804387.4269382954 8704868.8701171875
786660648.6151765585 8765379.6308593750
770820782.4779800177 8563280.9375000000
771048056.8157963753 8575675.8925781250
779003821.9024362564 8705465.3046875000
771287724.2779815197 8582678.7460937500
769956210.2235349417 8547335.5068359375
777752252.5580545664 8690219.4863281250
777417087.0251444578 8686775.3808593750
776285727.1130268574 8674534.7763671875
785770916.6595796347 8759461.4707031250
772241237.3600541353 8606614.7695312500
785967007.3891698122 8763894.8525390625
774254486.2358839512 8642171.4414062500
773857926.4018529654 8637186.1533203125
773812226.4923747778 8634909.1083984375
769941781.7371414900 8538508.5312500000
778674582.7518837452 8700186.7607421875
769431304.9316717386 8525080.6835937500
769352568.3501297235 8520666.1240234375
783542870.1562660933 8745659.0722656250
781552490.6040488482 8726418.0107421875
784012930.1585519314 8751131.3105468750
767313975.4004286528 8461528.8330078125
788085035.3376491070 8775224.0888671875
772605429.7479788065 8611302.6435546875
777938866.4023928642 8690705.4013671875
775613587.6201194525 8658584.5224609375
791630378.9571948051 8788581.7138671875
771922649.7529860735 8592825.4316406250
772107532.3735796213 8601782.2177734375
783592435.6504331827 8748044.8164062500
774222016.4598894119 8641058.7246093750
770897373.4188836813 8572640.1738281250
783674942.3704818487 8748072.3378906250
789447792.0254080296 8781255.6210937500
769109009.2614887953 8512289.9589843750
771582576.8613096476 8588192.6435546875
778600028.2691485882 8699368.9541015625
780805079.3793270588 8721430.7041015625
772869081.2245788574 8618674.2294921875
778600028.2691490650 8699651.0400390625
768198663.0240472555 8489328.6835937500
784264869.8369761705 8751648.4619140625
783926879.6221661568 8749761.3955078125
779718577.2307521105 8712126.3271484375
775679739.0375250578 8660823.5771484375
773128202.8834381104 8626449.5771484375
767795081.7649009228 8480052.1464843750
772107532.3735792637 8601537.8857421875
783855580.8481699228 8749222.1640625000
782353275.9601845741 8735449.1728515625
783418476.9766762257 8745529.7060546875
785830952.5463355780 8761414.0546875000
786594224.0251507759 8764235.4394531250
767176844.4953062534 8460803.3037109375
778728787.6499013901 8701181.9794921875
778792110.7315802574 8702113.5654296875
768056608.4597296715 8484441.7666015625
780946838.6673244238 8721584.2314453125
780946838.6673246622 8721737.2353515625
770593141.8920302391 8560776.5273437500
790355455.6327924728 8786039.1972656250
772486208.7442359924 8611073.0878906250
775655615.8896780014 8658679.8251953125
770267957.2322994471 8555800.1259765625
774107713.7251783609 8639276.4541015625
774758452.0723162889 8647448.4951171875
787892310.5688819885 8774663.4697265625
790011256.9805899858 8784402.5419921875
777550232.1421296597 8687506.1162109375
779582846.0692478418 8711268.3486328125
773333982.2864148617 8628529.3779296875
773128202.8834385872 8626839.2978515625
785770916.6595796347 8759656.9238281250
770231582.3252288103 8550557.7363281250
769708023.8401514292 8533990.8720703125
777234112.4977197647 8682689.5830078125
778666107.2608739138 8699820.5048828125
791948277.9445984364 8788769.9052734375
778666107.2608739138 8699809.6201171875
773394127.6089341640 8630748.0146484375
774729395.1121269464 8646922.4355468750
777387130.5792596340 8684914.8027343750
779245914.7017924786 8708136.9726562500
778600028.2691490650 8699600.2041015625
779083066.1300995350 8706429.6240234375
779053832.2393606901 8706223.4316406250
772309739.5454869270 8609416.3486328125
780739729.5851110220 8720263.0712890625
769841854.3394433260 8538444.3603515625
772215350.7394076586 8604346.9501953125
779245914.7017918825 8707895.8613281250
770328445.3496159315 8556923.0888671875
770781286.5973210335 8562780.2753906250
772791160.3561691046 8617769.6572265625
772955164.0939124823 8623223.7539062500
775295447.5073579550 8655286.1435546875
770029665.9300947189 8548755.0136718750
770740375.8601559401 8561938.3847656250
780739729.5851107836 8720222.1748046875
778365113.5412917137 8696316.1835937500
778792043.8382710218 8701415.5615234375
788984751.4644111395 8777440.9296875000
785125487.5104836226 8759292.5527343750
791583726.8862485886 8787810.1533203125
791173847.0292358398 8787056.9443359375
778684624.6049429178 8700193.1962890625
779053832.2393606901 8706171.1015625000
784643771.4183001518 8755577.0166015625
769893017.6488509178 8538450.6474609375
778982272.3705724478 8704916.2890625000
769294336.2548655272 8519206.9882812500
769161705.8088201284 8516607.4785156250
768990284.7620693445 8510522.7763671875
772608621.5083408356 8614593.2900390625
771184797.0392051935 8576229.4892578125
782100814.8431378603 8731068.3515625000
791173847.0292359591 8787217.3193359375
769406518.3486816883 8524948.7607421875
769288917.6582355499 8517492.8173828125
786889570.1930546761 8767293.7968750000
791173847.0292358398 8787047.3896484375
