494843446.5830289125 417567.9830322266
473744661.4267123342 341343.5335744418
445626968.3999143839 151669.7275237894
460557049.6467537880 274565.9107455965
473259455.8526067138 339468.4675293990
490192332.8203220367 406386.9365539551
445258304.8874878287 150243.6755784769
473437299.4237332940 340362.2686148711
489646675.2843863964 405201.4872436523
491300115.8686641455 408175.0694580078
445678583.7860441208 151686.1612434244
459324928.6900776625 267780.5086684078
473484970.2919573188 340596.8309470244
490155635.0170418024 406355.7643737793
443106780.5076661110 98603.5979610388
444845693.5173863769 144351.2100071535
473314126.2413449883 340220.9069205351
495003804.6113198996 417884.0575561523
456343084.5333495140 247404.1280077025
460502423.1616204977 274381.8790324908
450708758.7175828815 204634.3584110718
460683648.9383677244 275327.7748505305
493973463.1868754625 415993.6366577148
445589660.9092420936 151646.2298271140
445622329.3780393600 151668.1546412712
489886101.3745462894 406134.6752929688
494041675.6893126965 416360.8317871094
443502818.8243613839 119342.8624334112
450831091.0505555272 205801.9622224923
459392723.9192245007 268078.7124591172
523906478.5600664020 437514.9985351562
524318746.3815527558 439080.9022216797
445170445.7725281715 149597.6067352151
445034454.9005964994 146898.0608185833
494763801.7262881994 417495.9936523438
445080426.5210421085 147606.5235184735
494862245.5257277489 417595.3374023438
504054655.2696181536 428101.3555297852
460819403.7514806986 275368.7898450326
460441904.0701120496 274262.8720205761
494678886.1337847710 417464.3428344727
450789220.2988297343 205716.7177400161
490095612.3506578207 406325.8795471191
494927345.2266719341 417686.9291992188
489709359.4774260521 405337.7099304199
460142428.9569594860 272777.7351840138
450908783.5987338424 207095.1019679364
443471078.5142807364 118805.0414151028
450960104.4327716231 207291.8263432458
443034286.0768653750 96933.8331533377
460627249.2459437847 275315.2168590929
444960570.3559443355 145827.2099961495
472984995.8569603562 338407.1268464156
523967464.0049610138 438145.8923950195
523923078.7781181335 437992.1545715332
493688948.2950568199 415717.4617309570
525143903.3213773370 439373.9644775391
443435846.6813302636 117333.5864718035
444885464.5321858525 145789.3487761677
443515341.9416119456 119405.3223961666
451002535.0973041654 207432.9576933291
443468111.0416136980 117810.2934345677
472600985.0854769349 336550.8600998946
478152486.2788473368 359733.9438475821
489512809.1905024052 404879.4874572754
489197611.9015023708 403520.6379699707
498429883.7705739141 422843.0228881836
442898470.6417679191 86642.3034606876
459917541.8517379761 271588.6904813517
443912081.8230807185 131751.9274267182
443891527.9182484746 131617.8891959563
443881796.4304782748 130780.5543828383
489004926.4203253984 402981.4429702759
443995372.0890901685 132849.3799062148
526621172.2102352977 439481.6727294922
524490225.1329213977 439087.2739257812
525004881.4165070057 439323.4554443359
459807044.6273231506 270473.8498308770
472795927.8225218654 337808.9680024214
443054743.0175538063 98413.3216246669
525102641.8564810753 439342.1212158203
503914798.9697735310 427879.3388671875
478046450.3730052710 359621.9091133330
489486281.0826721191 404787.5643615723
512261338.6695280671 433403.5080566406
506571868.6072912812 430832.5343017578
506294978.9917637110 430636.7846679688
490069280.4510623217 406222.6310424805
443026593.5581548214 96723.7766862814
442979009.5310989022 94855.5705384021
451147707.0094218850 208535.9855316337
492126019.1504287720 411126.5068359375
458682065.2103370428 263442.8913190076
471903769.8561435342 333517.2975007124
449695113.6494880319 194825.6230870616
505427310.8393473029 430052.4580078125
458635985.6409403086 262928.5260131592
492422977.6946243048 412412.8799438477
498093642.7802508473 422541.9191284180
492624846.8176287413 412632.2187500000
505988984.7644289136 430531.5875244141
443816698.6922758222 129650.0718617812
444332167.1999974251 138835.6205049814
444397977.4492763877 139321.5700724185
511679237.8353268504 433276.3035888672
449860323.7943851352 196256.8705922496
477968919.7490892410 358993.6169652197
471624877.6904975772 331555.2635998108
511773024.8625923991 433288.8162841797
511214642.8820202947 433002.4993896484
442930449.0841031671 91005.5105332141
442944778.1347906590 92822.4286926989
475804641.4921553135 349699.2472975240
501313501.8471244574 425428.9946899414
476164429.0588306189 350822.0386488424
449742551.4861678481 195446.5932160374
477233440.6006789804 355848.0828346465
456807694.5837289095 249576.0509285405
475208336.6664198637 347499.1538658515
475095298.5753047466 345876.8270564452
475510333.0505061150 349019.2919142232
493346004.3950711489 414454.3319702148
444448720.2032690048 140170.7802585051
443517237.1375412345 119814.2387317540
511401205.0164702535 433214.7250976562
511216562.5157558322 433127.0913085938
506307667.7977205515 430731.0679931641
471482744.9415689111 330940.0428261311
451633874.2102382779 212657.5561196879
451643141.8709747195 212690.4500914555
451372139.5666776299 210617.6266559120
471402137.3086104989 330549.2971181871
475148988.6426103711 346720.3020739928
504485781.3260185719 429184.1153564453
477613505.3179595470 357806.0147194121
456486691.2353246212 248149.8671211675
477165214.6918357015 355552.9917350558
456823745.5527896881 250404.2770972550
477763707.0493307710 358148.3644004611
451189367.4187242389 208874.8705676552
497478609.4743826389 420936.5338287354
447092255.9629778266 168965.8716420624
471154575.3167726398 329197.0952917339
493163464.5399414301 414061.0584106445
457913076.5158774853 257466.1490549743
458203503.6723686457 259625.2927550972
470868138.5502091050 327156.5293585063
457681186.1487357616 255419.2725894153
506130681.5759875178 430602.4248046875
470945577.4290627837 327771.8429418803
470819723.5082626939 326951.1709576399
471100948.2416171432 328797.7657171489
471040787.4048631787 327811.6378027202
504184056.3163905740 428758.3273925781
476508096.2564004660 353052.3518909564
476369281.8123788834 352582.3490223041
450233395.7235664725 199603.9940662887
457048818.3867557049 251362.0361885503
446944536.3578936458 167172.5919956658
450997837.4537326694 207405.5666501876
457721368.2529932261 256738.0520701110
476618391.6003988981 353497.7332472801
457787448.9843144417 256901.5503684357
476439905.3315606713 352715.7498249164
457373976.9357349873 253995.7071056142
504676861.7373701930 429338.6464843750
446892281.5359814763 166892.2819675896
505418410.1172106266 429788.0699462891
446648196.2896571755 163022.7843536828
456855282.7604055405 250743.2733684853
457581824.1456563473 255361.4959356859
476895011.1371283531 354591.3996323695
476298065.1303138733 352352.1557239642
505040217.2198320031 429545.9515991211
456917446.7990101576 251331.2258541062
442964257.7278835773 92874.5117806201
491635370.2812136412 410080.6008605957
491754022.7682783604 410275.8218078613
505013428.1776350737 429537.2827148438
491383105.5779806376 409163.4811096191
500909527.4077686071 425152.6359252930
453087966.5445679426 222983.0537001267
491584846.2377064228 409766.7558898926
476492104.4490221739 352722.1180652728
453491530.3969784975 226442.5320729390
446891984.5139328837 166242.8369418234
496671781.9497944713 418537.5624389648
453050788.0898112059 222162.9612541571
443467467.3430847526 117578.7163085714
453129528.2158396244 223149.9308668748
455932562.2825284004 244144.2092891783
450073045.5822735429 198763.7600275185
450246830.3988998532 200162.3087484594
450280511.3016756177 200698.0927735325
511416970.1467568874 433218.2751464844
446446004.3799316287 161234.6695097517
453171485.3361247778 223450.7214548364
453258179.1344172955 224646.5127756372
446369298.0966803432 160591.9316099714
443601422.9340779781 121536.4581976458
497537695.4118679762 421424.5231323242
496677972.4948202372 419615.3165283203
450040446.5613225102 198239.2094565984
443617981.1997288465 121998.8290930316
482726243.4455753565 376340.7561415769
443601524.7284334898 121629.4713848755
461925662.7796608806 277937.6672697160
443682234.6281842589 123456.2447729632
496959301.8667043447 420135.2810058594
443592622.5331056714 121515.1174536273
482185755.7108198404 374382.3495158292
455871476.8652980328 243026.5842426233
462228031.1167363524 279693.8719425295
461653355.9351187348 276463.3319730852
496884427.6808415055 419917.9656372070
455685711.4107854366 241266.7664258517
510808862.4899747372 432838.5130615234
461710293.7524939179 276549.8396524489
482218673.1520825624 374676.9823989011
510894300.1789799333 432931.3918457031
482446964.8511112928 375447.0711440183
454098332.0525418520 230292.4328233982
446140504.1812629104 157286.2091822904
454016335.0997922421 229954.8630009256
497083921.6388255954 420387.4130249023
510742950.1552475691 432759.8670654297
454763150.1087981462 235058.5379988551
481858545.3106063604 372958.8172289468
474244899.2287682891 342907.5863191262
474065848.6739024520 342436.2357331887
480343389.4829503298 365682.9071199857
454604343.3710103035 233859.4242365956
454610326.9626253843 234360.4179667830
482005923.1566230059 373578.5788256265
446102921.9605659842 156276.3771952298
481452383.4781883955 370756.4841600992
454605730.1211215258 233911.7088794336
454384728.5727019310 232293.9686392844
474172481.4068632722 342628.9550935403
453905804.8477408886 229060.9378637904
453702903.9887984991 228002.9523650184
474032135.0750592351 342059.1376927666
445955552.1742346883 155197.6350596081
480806334.6274970770 368512.9056303464
445932191.1102667451 155173.7363124173
454020122.9115735292 230031.3501627222
453628370.2752885818 227030.4211588278
501408907.6692634821 425751.7233886719
452976333.6821504235 221348.3517085686
452842326.9259073138 220365.5972863585
443320214.3360080719 107466.6727097053
443374658.8921183348 109302.7234430481
452514564.5276781917 216472.0211854950
443368494.0359886885 107674.9005870242
443320209.5926727057 107269.5815973449
508328815.1338139772 431050.1170654297
508419748.0224890709 431106.2158203125
508625670.4160346985 431219.6519775391
443345213.3076765537 107541.5873554577
508584117.2253860831 431184.1026611328
507972475.6076046824 431045.1243896484
501495236.7287077904 425805.6962890625
507874441.6735745072 430992.6021728516
500079102.1183248162 423997.8622436523
499714495.7194871306 423766.2200317383
499660894.4771991372 423579.4826049805
479957412.6298937798 364109.8427456953
479939496.0251069069 363675.1205968000
500195569.5687000155 424336.0059204102
449362638.9557927251 188348.5964697888
449494349.3087565303 190147.5781354124
500454229.5324025750 424541.8216552734
479689908.7119612098 362029.2745660394
503900028.8145713210 427681.7650146484
448837924.2467153668 182207.1842068633
448928559.0195158124 183862.1938249519
503291421.2356350422 427013.9767456055
448674511.9921687245 181403.5111987064
448497832.5703005195 178691.9885061154
448220435.0884258151 176423.8452348877
448119030.4601106048 174966.1828249265
448323574.5057309270 176772.3689585943
448312562.0659158826 176500.4413851071
447809227.5231373906 172533.4839361748
503630550.2161859274 427316.5130615234
502816367.5550759435 426164.2438964844
503181176.9797607064 426704.8845214844
502650259.1744074225 426075.2211914062
503015375.1059590578 426514.1791992188
470138445.0365657806 299801.8662381490
470153615.2866547704 300012.1821094827
470029735.6698313355 299774.6237250884
469759297.0144954324 297741.7103500833
469634528.0773954988 296720.0075205249
469474591.4702336192 296399.4997018260
468204601.8310611844 289104.4068743042
467913732.2333680987 287634.6718644751
468074372.4002221823 288488.5576127423
467619509.2562205195 286119.3707093564
467974416.5804308057 288144.3274378432
