307784602.1561804414 5891.1104574409
307863326.5892361999 5982.8493916748
307988729.1557438970 6094.9685830160
317991643.5787734985 8458.2101354517
307718506.6013661623 5879.2954480770
307782173.2871198058 5888.1341312147
307597814.7073874474 5779.7731302000
307794368.1780602932 5894.2582810076
307743998.8122309446 5885.9741647273
307787185.8106821179 5891.4926669627
307988181.3518895507 6094.8186147559
307840450.6636843681 5980.2058355185
307990699.2317752242 6128.4353869210
308851645.0266925693 6473.0954503178
308125024.1970119476 6236.6961866223
308080406.6350820065 6230.6769429269
307867384.6684118509 5999.0284330651
307801484.2618491650 5898.5748981416
307884718.5952490568 6007.3539212487
328122859.5128915906 10375.7011184728
308039316.3858386874 6207.7430040610
308800050.1677263379 6465.8768622807
376142350.0588892698 17300.5295820236
309110015.7387195230 6573.0269629887
308426255.8020692468 6322.4933961827
307905878.9716634750 6018.8708485981
308153204.4564606547 6291.7859899356
338150653.7704582214 11979.3261913817
308036952.4257140160 6180.3654999262
308430208.9248940349 6325.6630491215
308574365.0018006563 6404.7215740285
308443806.9643537402 6403.4449388534
307904047.3104566336 6018.1984374571
307963944.6426112056 6094.7992282675
308304198.2441751957 6321.8634475080
362802307.3464595079 15454.8259020700
376212701.3192985058 17305.0293073654
357185818.3965263963 14500.0417840984
356986420.6371604800 14485.6808352732
366448605.0441750288 15942.2006397509
327976492.2020576000 10326.2140027668
375860224.7651418447 17292.0784711838
375781048.3197485209 17212.5997886658
372121173.0609796643 16758.5322950119
375836553.9619442225 17282.4067192078
337931323.7777901292 11881.0338810348
375755750.7716643810 17192.3683629036
318729243.9886977077 8488.8377793381
368688130.5694300532 16256.3447197434
316889080.4110570550 8279.7298564297
313999445.6884267330 7793.2172136644
358119329.9049878120 14630.9324195088
319256429.1705424190 8657.2516106263
320311830.8789942861 8780.6706137888
341354048.3073766828 12419.3752624859
341386379.8583064675 12433.3332388271
356039926.7232257128 14352.6900113784
356016141.7210226059 14339.1770833693
309312299.2862100005 6626.4333024804
370607385.5336509943 16301.5860165656
371121952.9914553761 16376.8003379304
354828061.7083261013 14264.9090986323
360841174.8968297839 15186.0991058421
310457590.5045298934 6836.8428022104
339292024.8651360869 12071.9060383511
360648057.5763205886 15118.5627555919
323123478.7128500938 9244.1675108145
322718786.2321241498 9147.5951536368
351654359.8653789759 14047.7523530421
351446009.6241413355 13973.7921694216
342487883.0699788928 12735.7569614614
374967913.4243804812 17011.8318128586
375569078.7276026011 17020.0929307938
358481431.0574472547 14901.0397983158
335140811.8898327351 11559.8618148381
374917432.4604362845 16968.3066582680
350396707.4617562294 13946.5477111340
349352406.9972725511 13924.8756414617
349027094.8450781703 13840.9848772252
349098010.2197781801 13845.0432093705
348591359.3215631247 13756.4398065771
327193456.6595393419 10184.1520407932
346533353.7278699875 13363.1464601720
338480841.9689373374 12051.5366951192
353166384.5197594762 14193.5992952550
342984499.4207325578 12747.9418417180
320053277.7091792822 8738.7233339035
374484937.4415870309 16891.0780630112
371287460.4517441392 16542.3021809126
371582977.2872931361 16544.6489178205
364976987.6414126754 15711.5480430368
334098756.4846328497 11440.6252717192
319087107.0396060944 8558.8971060300
367255743.2947509289 15966.6397499407
367330289.9710462093 16008.8643793429
374773158.5675846338 16908.4478406906
309982580.1596196890 6643.2233908099
310111544.1760861278 6652.0014678321
322781855.8956543207 9148.9227006154
322226667.3305513859 9030.2234232312
340774816.2169985175 12279.2090875019
340943389.8464346528 12279.8705979694
324043617.5508108139 9471.1345317052
316193632.7767006159 7922.0433888782
315867851.8428752422 7863.9548039783
310378592.6520697474 6654.9712669561
337391125.9699346423 11690.8635939759
310448566.5107574463 6655.4192594793
310454848.9816383123 6655.5634503076
320530190.2122750282 8907.8220540902
329005080.5400958061 10548.3400422531
328569034.0190212727 10442.9820632889
332804192.5320774317 11098.2764256204
325603672.5375419855 9492.5576256312
332653559.6784389019 10961.1437187681
332454240.2564036846 10886.3246307860
322055961.1950828433 8950.2278942689
312081035.7201179266 6951.3974132976
311940050.2330391407 6838.3931570789
312078290.3030303717 6926.8945322102
312025786.4163565040 6872.3515322992
312366356.3837583661 7087.6859242197
312004588.9753348827 6844.4930038748
331780387.7828820944 10679.2883676465
331549994.0471748710 10596.8433717664
326877469.4921131134 9574.6818393428
326496996.9819602370 9509.7736505826
312313790.5847238898 7082.5807828234
312740534.8258758783 7212.7165093499
312874085.5238797069 7283.3846739315
312131313.5143057704 6976.7093803201
312633656.7690919042 7108.7954669215
312485762.3450869322 7093.8147505703
337343433.3826903105 11582.0403530747
344407780.2723230720 12799.4597125053
344159323.8403285146 12783.9458098412
344414327.3339591622 12807.1678261757
345003561.1632311344 12854.6127663031
345022052.1882537603 12862.9925670624
345288169.6400567293 12870.6953959465
345553532.3456838727 12884.7851362228
344762504.7046891451 12815.8196668625
345572549.6179889441 12945.8043799400
344683327.5771043897 12811.1692781448
346059147.2105612755 12949.7264914513
346160621.7540769577 12958.0563879013
