120199759.6750879437 194.9002956152
126134215.9538020790 195.3541879058
99118342.5322398841 58.5278989442
104935363.4664772153 118.6042919495
108192440.7617370337 138.6090339952
119967123.7374251038 194.0866416693
108867018.1819834858 141.6971167392
118405397.4153809845 188.9748608470
118565344.8793778718 189.2337864637
100743757.9693926573 82.8556531379
108370608.2585133761 138.9036935038
118290564.8695594221 188.9592512548
104912377.6018559784 118.1890526750
107320727.7946003377 132.7710276200
108514341.0192584395 139.2872282035
108720916.5310248286 141.6861378484
108104471.4685441256 138.5845680005
104490792.4223274142 115.0078419380
107979569.3678983152 136.6998110861
107794516.4624335170 135.8410731322
120828404.7580080479 195.2730720043
99012493.8371340781 55.7283559211
99003203.7807866633 55.2115535543
104546770.4767511636 115.1501990192
108003095.1487039775 136.9484024412
108366257.2749226838 138.7176512519
98966881.3577480763 54.7827959761
99792675.8203328848 70.9488518728
118783837.8062644601 190.2915841937
118613262.3319142163 189.7976087928
99116756.4676023573 58.4638394185
100322322.3138431311 78.6651885312
107417041.5756371170 133.5905794865
98978946.1564030647 55.2002339766
99361484.9882568419 63.7075821378
117239166.3269669861 183.8385425061
107969377.7960398346 136.3644167118
118665862.0916366279 190.2832715511
120634675.3461919576 195.2525720894
125886145.8278173506 195.3442668021
101321974.2021312416 89.5175470508
107804604.5625115186 136.2022199564
107694470.0309971720 135.5628795690
107652004.6209524572 135.5107506580
107391987.2957646251 133.2111609727
106907857.5010744482 131.3530069656
117658495.2426327616 185.7565208226
117082195.8813512176 183.7700677365
107500969.8183989376 134.4302952356
119361985.8956158012 192.2931741774
99868917.4931746572 71.4026792759
121490992.7641133219 195.2965574861
119022257.5401113480 190.8263656497
99734934.3787081540 70.1702220693
104277826.1000282466 113.3597267203
107453492.2197016031 134.4301108188
116575728.4186971039 181.1096840799
104036925.2368058413 111.8448531263
104301985.8932849616 114.6445801489
116679908.6093236953 181.3555299193
120136204.0847852081 194.8901101351
100355337.1435143203 79.6529384356
118851189.8728268892 190.4280931354
105043735.7344203889 118.6995138266
116597166.7302076072 181.1639027894
116686308.9286127836 181.4572568983
120238356.7992619574 194.9340483844
100471948.3433070332 80.1958949018
104365163.8669781238 114.6599627666
104748893.0319629461 117.7843472018
119269665.7245390713 191.6494289339
126099006.9634860158 195.3520355225
101418121.8579279333 90.2411260235
106859587.6189249307 130.1052158839
100608113.7911374718 82.7690771073
100451596.3610994816 80.1518579064
100728027.7430851460 82.8192975009
105124377.4337432235 119.3402174153
101974071.3685757369 95.0180215346
101519878.3143986017 91.9164497836
105205252.9447497725 120.7554294207
99075447.1602807492 57.1526189365
107344117.6546636224 133.1862367160
107403109.5698724240 133.2568020291
107063326.7129378617 132.4142693049
119004488.1585888714 190.4410078526
107105465.1046935320 132.4346435732
101922497.3718979806 94.9746030795
99576629.2843985558 67.7815834500
101978050.9229587018 95.0230939670
105286264.7996711135 120.8886407923
106572591.4664224982 129.3269516268
101649869.6876973808 92.4517186433
101696760.7633731216 92.7227908224
99276302.4192819744 60.4370610632
101602416.8602128625 92.0374437720
101794571.8303027749 93.4631729650
120119235.2750513703 194.5606152415
120694377.5701226443 195.2676489353
98862583.5451499373 45.7991696285
99214843.5361175537 60.4366949715
100152137.2535724491 77.0525892179
101990239.4988892227 95.1894896560
100570574.6860188544 81.0376452010
104722818.3922072053 117.0043934026
105156227.3333026022 119.6869228520
120294390.8507629931 194.9355590641
99724220.1791529804 68.9035140827
119658950.2572773248 192.7628002763
120653287.4304747730 195.2676046491
105279405.4658649415 120.8670425200
99904855.3625922799 71.6030184023
106701691.2514327765 129.4619879138
120506348.7968051881 195.2293907702
105262202.9315693229 120.7734535971
98877923.1218620837 45.8612537619
102055738.9895490408 95.2197932120
106697471.6500545740 129.4362597718
101396925.1263535321 89.7903360113
100293810.6072186381 77.9764328699
100606771.0227080882 82.7285269301
101206536.4680084586 88.6379817435
104730011.3561728746 117.6783255675
106643207.3465754390 129.3463291266
100535267.6909875423 80.4846028786
125759242.2007470727 195.3143417239
101609363.5186504722 92.0937020034
101517104.4147400558 90.6674330682
104702832.8920121044 116.6814281085
98894433.5004198551 48.4753159087
101534254.2723590881 92.0369235128
106499271.9082712829 128.2585713901
106355139.2906133085 127.0109815338
98856026.1353481561 45.6208584558
101197569.2636450231 86.7691996577
99277924.2178249061 61.7413847365
106224173.7294150740 126.5833404996
106444124.2454962730 127.3029317596
100592597.1421703994 82.7193950217
105234083.9231189042 120.7680443861
100773641.6452179253 83.4650586715
116451975.5762631744 180.1755755208
116534868.5158209056 180.3960770145
99324829.9525719285 61.9598838307
106379308.6057170480 127.2398873010
100415953.6867386997 79.7916723441
99396323.2926788181 64.7044795968
99514742.1718204916 65.0284857072
106675876.3599411994 129.3893064895
104861337.4644663930 118.1442983407
101283626.3549752831 88.9498870301
101209011.6239159852 88.9481519014
101155308.1967590153 86.7060830395
106003021.0163275003 124.3859431186
98857688.1045906842 45.6226962905
100517873.5525496304 80.3556533912
100836132.5009784102 84.2304807177
106846768.8174170554 130.0137726107
120482425.2920317054 195.2143582106
106814042.4828108251 130.0012446382
117372665.7014258057 184.7560587972
117348083.3234780878 184.7530427128
117011709.5839692801 183.2765318304
99396000.8794113994 64.2487364926
100971682.2761413008 86.0244405359
105487686.7251718938 121.2181189992
116756428.3899524063 181.8059278578
117268415.7469772846 183.8963919133
116920952.9801624268 182.1605033726
119883832.0371241271 193.6455045044
98879700.9996132255 46.0387475293
100888265.4063383341 85.7801166575
100608538.8079658151 82.8002588621
100993442.9976572543 86.3089862812
105837966.8103313744 123.8266249548
105791076.9453700781 123.8193138578
100306183.7751670331 78.3522719543
106246071.3830583692 126.9065209069
100928558.6958983541 85.8399241141
106252651.0084718168 126.9225985744
106452510.0399074554 127.3336098530
117781837.9873670489 186.1304554343
100716686.8956356198 82.8136387637
104874050.7420727164 118.1807823517
100322568.6214676648 79.6280974846
117111445.3013615459 183.8279171437
117806751.2825819999 186.1977389976
119146394.4544259161 191.4280469120
119926600.9389310777 193.9966698587
119784139.4602749348 193.4820009768
105935051.6174796522 124.2589905924
106058197.8452378660 124.4166163319
118521249.9756490141 189.1716555953
100072652.9456526339 75.5023927942
99627315.2527090609 67.8765656903
100107491.2500746101 76.4992902532
117937061.4769180864 186.8200293630
105725941.3834677041 123.8153468707
105127978.3884434551 119.6299226620
105552473.3714701682 121.3714419643
117881305.4718004912 186.5774890706
120015250.1832987964 194.3546682000
103989902.6979013681 109.4377911651
99685704.1926707476 68.0941786125
117886912.3711286336 186.7531833574
100263096.0344687700 77.1049825014
100028862.8871778250 73.9392683759
99955654.8208867460 72.5469162717
99763862.0480609685 70.8600348189
99824358.0401010364 70.9503141702
98963368.8857529461 50.1526224285
99645978.6101707071 68.0935438230
99972804.6785057783 73.9164067164
99717701.1679342240 68.1265915587
99745714.3275629729 70.8396605506
103925333.5825887322 109.0242983056
99562107.6625653952 66.7892534285
105910564.7414421588 123.9087140002
98931277.8226020783 49.0543901444
99572887.6114202142 67.4586919098
104089234.2463318110 111.9674423077
118136961.8654220849 187.4592961967
103931851.6915988624 109.0763440275
103940279.4239716679 109.0874648718
108695550.2483525574 139.5509622426
104148991.0741228312 111.9850476720
118163980.0591752976 187.5947805047
117574532.6850549728 184.8875907660
109262005.8834190071 141.8203770164
109113016.2023317069 141.7341029614
104174843.1363360435 112.0838775375
104658997.9020743221 115.8715228111
105092364.5928848535 118.9819029310
105610013.5085991919 122.0590067842
115533108.7431645542 172.5112507399
115844678.2430179566 175.5430997610
116030308.9082273990 175.7731210589
116087524.1674525589 176.1239328682
115790344.3004497141 174.9427925423
116312058.5092144758 178.1317142844
116105445.3850816935 176.5121501982
116277309.5270473212 178.0264977515
116042394.3140307814 176.1019534171
116243836.6900400668 178.0177383423
110226875.2813707292 144.2368238085
110277326.0050085634 144.6423075014
110335517.8698467314 145.0729042703
110587499.4737566710 145.1592111116
102595387.0404853821 95.6241368176
102679148.4065743536 97.9036585224
110074417.8757674396 142.8054627968
109675467.5769925416 141.9958004170
109703025.9201088846 142.0355885738
103767108.4339234382 106.1438906723
103827923.8895191848 107.2872385615
103860375.0718661100 107.7768014604
103809128.3455614895 106.7984324926
109806012.4887431860 142.1365309567
103770931.1363414526 106.7643813723
103621532.9343568832 103.6552245850
110155924.8202977180 142.9590694886
103188179.9759195596 101.5826265135
103361965.9031460136 102.2476045706
110198822.2869131565 143.7199837249
103502246.8246257305 102.3300467947
102651246.8080221862 97.7035338106
103697415.5820849985 104.6119750784
103048138.1000938565 98.5303805390
103266272.8923400342 101.8796499589
103166537.1749477684 101.4887413898
102980421.5347612947 98.2955682111
102667938.3925763816 97.8097733987
102789707.1421534866 98.2333068755
103077767.9136137664 98.7860929942
112398900.8393417597 148.1731384865
112308428.0637849867 147.5677742893
112244782.1231536865 146.9328838619
111987500.9752716720 146.2726912280
112333348.6837869585 148.1677245465
111888936.1591401100 146.0318297950
111819605.0464307070 145.3622388450
112250255.7554193586 147.5376701525
114139200.6631533355 153.7253916371
114870465.1950987279 157.1054254564
114847260.7720319927 156.7365696235
115345472.0711318851 158.7380189123
113598680.7341399491 149.8983831757
113808756.5258266181 151.3841212445
113831330.2544458061 151.9958974773
115418373.0733468235 159.5576304044
115150139.9389690161 158.6876934292
115414071.6904662400 159.3437669920
115478494.0096635371 159.7378581809
114750801.2274932265 156.5279694572
114745177.3364748061 156.3904457742
114682332.8747540414 156.2147482985
114327340.4818192869 154.0607006305
114249225.8820329309 153.8882324451
114320472.9145152867 153.9092911237
114080923.7220582664 152.1183081878
