30750502.1575558782 4500.9761207104
31509507.9175729975 6280.3704528809
30414670.7750450149 3184.3249969482
30875440.2560119033 5076.3713035583
30909681.0854644887 5087.6005210876
30709593.6114576235 4472.6444594860
30492156.1207271405 3508.7283502817
30419016.7069514096 3376.2755508423
31033337.7570733726 5208.3417564631
30456944.6307859458 3475.6387710571
31052022.0049883351 5245.8329219818
30457660.8152941763 3506.5031051636
30503290.4545241706 3512.9171943665
30708092.6952885874 4465.9886599900
30858691.9495681971 4849.4141921997
31330957.2637035660 6019.7687492371
30439907.2130536661 3475.3883552551
30350506.2646929324 3141.4641914368
30761416.9440541528 4837.4329574108
30943188.9202357233 5171.6075370312
31364164.8666718863 6074.7659301758
30404335.5004301593 3167.3820819259
31298303.0166235492 5923.9281120300
30311996.6069343016 2802.3431681991
31305628.4971967898 5924.1785278320
30326598.8113359623 2832.9645524621
31296852.0510322489 5884.5606899261
31277895.9323174432 5882.8022651672
31463590.5028524473 6280.2632141113
31213197.3123928793 5786.9616279602
31373668.2485416830 6181.8809509277
31438366.8684662469 6277.7215881348
30297324.5423907675 2461.7482991219
30276770.3741699792 2425.0648332238
30254672.5098164082 2090.2952961922
31312563.0853636265 5988.9603462219
31307700.6248195395 5943.7974243164
31527178.3729134686 6353.9433288574
30643514.1113159284 3846.4852219820
30689846.5313455574 4108.8346191766
30514091.7339244075 3533.1974180462
30587579.1559514590 3803.8013045788
30661457.6244720183 3910.7037971020
30518210.1471984722 3533.4254621267
30753803.2014233805 4503.2583777905
30682615.7711455151 4107.5692532063
30622254.7794254497 3804.0660166144
30672570.3461148329 4013.0154430866
