237702546.5135558248 5406555.3535156250
214322759.5420023203 4712090.6582031250
214377726.6951727271 4719811.8789062500
214342138.1545591354 4715693.5683593750
214236830.0289362073 4702888.3105468750
214182505.0651157498 4697186.5800781250
222186119.4934388995 5207104.6376953125
222330212.1809417605 5207729.7431640625
208278655.6726208329 3632489.7636718750
208599106.9169575870 3758340.7207031250
209951955.4705837667 4073093.7343750000
210280872.6230975986 4131007.5429687500
210420036.7211170495 4160080.6640625000
214233452.6687372327 4702877.0253906250
217266787.3385225534 4971996.8457031250
216939420.8190086484 4948469.7734375000
217543946.4594382048 4980838.0371093750
220282836.9771820903 5142064.8828125000
220455341.5195031464 5148014.1894531250
223006345.8515488505 5233543.5205078125
223152455.0071380138 5237636.0888671875
223068017.7055596113 5235396.5205078125
223438094.9257708788 5244277.2822265625
230163793.3660555780 5369084.8935546875
233583295.9124806821 5389191.2783203125
237812788.9254435301 5406714.2070312500
226337687.0232245922 5311270.4746093750
226146266.0946018696 5305711.3378906250
226295283.3862751126 5306215.7958984375
226329288.1697041392 5306498.0996093750
208376211.9240896106 3661149.8925781250
208357477.2354650497 3655512.9335937500
208492441.5083173215 3734198.7675781250
210498647.9476103485 4167497.1503906250
216889142.1330746412 4947599.8105468750
216960953.6413442492 4955897.1250000000
216946901.0623821020 4954590.0742187500
223603456.2839932442 5249350.0712890625
226390483.7366988063 5314584.6699218750
230045036.4997648299 5367846.0693359375
229913021.1932811439 5367659.0771484375
223601733.1801823974 5247492.1611328125
223461675.9117426276 5244845.0556640625
223757570.7497794628 5251367.0595703125
223147118.9451023936 5235416.7490234375
208585063.0083964467 3754492.6738281250
223174522.8113523722 5238950.8037109375
223345571.1273217201 5242132.6787109375
208391488.4162654579 3669116.9941406250
208530046.8922200203 3742892.4589843750
208536869.6233783364 3743064.2988281250
208501839.2261444330 3735302.6972656250
210443205.0920712054 4160594.8691406250
212322960.0955655873 4458568.4707031250
214689283.3057433367 4748742.6894531250
217079077.7971022725 4961729.1054687500
217293917.6964921951 4975875.1445312500
218579045.2387575507 5045117.2578125000
220054758.8284696341 5132282.6875000000
220147205.4456928372 5137890.5078125000
228343729.2741450667 5350240.0810546875
229022637.9767874181 5360136.7490234375
229648725.4548135698 5365554.9833984375
230273220.1495061219 5369323.8935546875
213866746.9868446589 4662707.9062500000
213772149.9835147262 4654141.5351562500
208360125.0175137818 3656109.2031250000
209268892.9044914544 3929057.3535156250
209219912.4429900348 3912638.1113281250
210304087.5257472098 4140193.8886718750
212475549.8866337240 4477436.3027343750
212508569.6847821772 4482781.1464843750
212598975.1755954921 4497847.5253906250
213762422.9691613615 4648201.4511718750
213886272.7995576859 4668400.3359375000
214764834.0583672225 4750664.2656250000
214784608.4572251737 4758702.7167968750
217957410.9126381874 5018907.3222656250
219697567.5913852155 5114288.4921875000
222793003.5608530641 5228270.8193359375
227984635.5660806894 5344745.2851562500
228542860.2367497683 5351862.9521484375
229744921.5755127370 5366378.3662109375
214997010.9838603437 4763996.7539062500
224486730.7984789610 5267693.2890625000
224187989.2476297021 5259991.6289062500
237685009.1664222479 5405978.5781250000
210377155.5256117880 4147404.1679687500
214737605.5102041662 4749115.8359375000
224421151.3230459690 5264081.4296875000
224197649.1308883429 5263003.8359375000
229842280.0600371659 5367453.9873046875
237403475.9828264713 5405570.6054687500
210283603.2359949648 4137872.2773437500
214627682.1167974770 4742945.6933593750
214513859.4315153062 4734200.5253906250
219364978.3547473252 5096535.1132812500
224149025.4363453388 5259553.3359375000
228076843.1975631118 5347688.0771484375
227869678.5353932977 5340875.6474609375
237015788.3387102485 5402586.9375000000
237243709.1380266547 5404590.5429687500
236975582.9970573783 5399701.6992187500
209457431.8232519329 3967984.8769531250
208397027.2709223032 3675534.7617187500
209246954.8198486865 3922805.3808593750
210133656.0473773181 4108808.6328125000
213976255.0664384961 4677785.6445312500
234598439.0116759539 5391086.4541015625
217407788.8142068982 4980202.2343750000
208453878.2900304198 3713209.5683593750
209174296.3346240222 3908937.9726562500
209624039.8315291405 4005634.1757812500
210088893.5137367249 4095507.8964843750
210197811.1304151714 4120131.1191406250
212366189.4390124679 4465669.0664062500
217080628.8023977280 4963709.9023437500
218606211.6540655494 5046182.9609375000
219705082.0717177093 5114788.7656250000
222514673.8081789613 5215235.5771484375
223754216.8468588591 5251274.9101562500
228314444.0637634993 5349522.1357421875
208742392.7723009586 3774862.7675781250
208845355.4353277683 3779036.7773437500
208813730.4302731454 3776141.5781250000
214021364.6116188765 4679426.9257812500
208407817.5328595042 3682269.1875000000
209533852.4263873100 3984180.1601562500
210173392.1530915797 4115899.6894531250
213955414.3563170433 4673220.0585937500
217208538.4781355560 4970312.2343750000
218596800.4914602637 5046147.3339843750
218431507.6379469633 5044028.9414062500
218146414.7722845674 5030244.4648437500
220059315.1546796858 5132710.4687500000
226643808.5732306838 5319003.8964843750
209314258.3072893918 3938512.0664062500
209183294.9718602598 3910116.0253906250
209583150.4236262739 3997018.6621093750
209915797.0833326280 4065447.4550781250
209948864.2037910521 4072506.6289062500
210019932.3777786493 4087645.0234375000
213881476.6918235421 4666197.6093750000
213937124.2058531046 4671152.9160156250
220114550.1929299235 5135117.6562500000
220008321.1182949245 5127137.9765625000
228926404.9579989016 5357962.5341796875
229478353.7680843174 5363662.5576171875
234634651.9112491608 5393396.9150390625
229353788.5961437523 5363564.0380859375
209864173.2776333988 4055834.4472656250
212249581.0792808235 4453192.9003906250
212056291.3626120389 4423393.7089843750
222376311.3410536647 5214691.2255859375
229292198.8659042418 5362457.1708984375
220388801.8337847888 5143987.5937500000
220098173.8685658872 5134358.8164062500
226959605.6635544300 5323559.9316406250
209291743.0357261598 3932671.1347656250
209775589.7589279711 4039025.8496093750
221298397.3382341266 5176180.5302734375
222515840.9390781224 5215774.5927734375
217321577.1222721040 4976406.3535156250
212155860.7094788849 4436374.0917968750
219487569.4904098809 5105366.5703125000
208421208.8661572933 3691725.1113281250
212190768.0933164060 4443878.1425781250
218165929.5461059809 5030889.2226562500
218380047.7275764942 5040458.4726562500
221656132.2987675667 5190243.3271484375
213685275.7408644259 4627848.1093750000
213583932.8596952260 4617167.5351562500
213565333.3439923227 4609003.5820312500
213316683.0510221422 4582282.2070312500
213515998.9628966749 4605168.1289062500
213443390.4244084656 4599937.2988281250
213226531.7284649312 4572973.2265625000
208878175.2376103401 3797202.9257812500
213153514.0606442392 4560400.6523437500
209743558.6115286052 4024543.8671875000
217563477.8270216286 4990139.7480468750
218314870.0546637774 5038862.0390625000
228973015.6410964429 5359617.5380859375
209644611.8153493106 4008431.9335937500
209553128.0835047662 3985702.1757812500
213141480.4281412065 4555232.8652343750
215541184.9175636172 4803953.9453125000
217802344.0189782679 5006948.8066406250
218273483.1119278073 5034968.1757812500
220054064.1132719517 5131235.0664062500
221773883.5130160749 5193126.9794921875
236601113.3531167209 5396486.0908203125
236613482.3991158903 5397270.9111328125
212977249.7668339014 4530561.2324218750
213022127.2676554918 4542296.0761718750
211959824.1150434315 4401754.4667968750
212800900.2584485412 4515880.6640625000
212848445.4218099713 4516958.2968750000
213010009.5133894980 4532469.3789062500
217568799.3761848509 4990831.7382812500
212882751.1613789797 4517283.6992187500
209476507.8411020339 3968474.2148437500
209328121.5775655210 3940195.3750000000
222058552.7908818722 5203508.1357421875
209416117.7587632239 3958768.3261718750
211922130.1718854606 4389624.4101562500
215856040.2569831014 4811786.6718750000
221716598.8521075249 5192676.3154296875
236283728.2079859078 5395405.3994140625
221807988.8865414858 5194234.8974609375
221691786.2976372242 5191241.4990234375
215860809.9628540277 4812127.9179687500
221622216.0272153020 5185883.7060546875
221389063.9576863050 5180463.6738281250
221266857.3859346509 5171936.6855468750
217937491.5641189218 5016014.8320312500
224869568.8781703711 5274968.2841796875
211693326.2198122144 4347776.5234375000
211622084.9561129808 4343281.4335937500
217724207.3458343744 5000504.1367187500
215252919.4250422120 4779877.9052734375
215252132.0350091159 4776639.4355468750
225564552.7769713402 5292488.5263671875
211917478.6462560594 4380067.7460937500
228674556.2739790976 5353228.6826171875
232060192.6027136445 5380299.3720703125
232196304.4787613153 5380897.3408203125
211860285.2839955986 4375799.5449218750
231834468.7575330138 5379415.8095703125
211825364.1791754365 4372236.4082031250
211771823.8034715354 4365070.9531250000
215978313.0129540861 4812297.6992187500
225751751.6752775311 5294789.6220703125
227688493.2175797224 5337342.4902343750
227434911.6380493045 5331163.7050781250
227547735.1268343329 5335092.8378906250
215431057.3253261745 4794613.7500000000
215281031.2601288557 4780950.5273437500
227545399.1259996295 5334466.3066406250
231596730.2440257668 5376903.8408203125
231562250.1595714092 5376835.4345703125
221044429.4328929782 5158781.7617187500
208950542.9742004573 3803478.5449218750
211552592.9437974989 4324027.9433593750
220792431.8750863969 5153907.5820312500
220721859.0514606833 5151534.0000000000
227211866.6466655135 5328584.3027343750
225672998.0038448572 5293451.7919921875
211476756.5061306059 4306299.6308593750
234141039.5613854527 5390779.3447265625
211425479.1823478937 4297005.1230468750
233103987.0331864357 5386142.5869140625
234034221.1341941357 5390585.2666015625
233742502.9035242796 5389453.0166015625
233809466.8187599182 5389602.2666015625
209033872.8647875190 3830095.5878906250
209021748.2416059077 3826933.7792968750
209009829.8691901863 3819910.5234375000
209065417.7664703429 3834225.7109375000
209144607.4488784373 3855348.8164062500
211414477.2794080377 4293869.3789062500
225417943.1099699736 5288337.9541015625
231126614.7006024122 5374112.1416015625
231403905.5733122230 5376449.8564453125
208994333.3444710076 3815481.2832031250
211174607.4501362741 4248383.5996093750
211044508.7540614009 4218796.2617187500
211080479.8973273337 4230895.3945312500
219173270.3414883614 5077255.5859375000
221051747.9264391363 5160325.0175781250
233487906.2648980021 5388189.0869140625
211365425.3709690571 4283009.1269531250
211303276.8864786029 4274022.3320312500
211276663.2887650430 4267231.3906250000
219117991.1155783534 5076415.7695312500
219227846.5683779716 5079783.4218750000
225308470.8450607657 5285161.4003906250
225974288.8984339833 5299047.4902343750
230863044.6500779986 5370993.0986328125
233492748.3435978889 5388226.6962890625
233239386.4092268944 5386636.8447265625
211180536.5672927797 4250940.7050781250
211131660.6560334265 4244155.0527343750
211114995.6586435139 4237938.6777343750
233010930.8283110261 5385129.9306640625
232592547.6150821447 5382782.8369140625
232521676.1660966873 5382274.6806640625
225792682.6480996609 5296100.5380859375
231530797.8897643685 5376637.8173828125
219155281.8640835285 5077109.9843750000
236498245.1970395148 5395504.7626953125
211029816.7476716042 4211007.7968750000
210935010.7751044929 4195202.5117187500
210883273.0771669447 4189435.8027343750
210836119.6525622010 4172200.6542968750
230812985.5237947106 5370940.9736328125
216566780.3050357997 4852546.8300781250
216421941.0044703186 4834020.9882812500
216658651.4386796057 4860004.2207031250
216507319.8405988514 4845730.9746093750
