511152736.1869859695 5678753.9824218750
464975650.2679333091 4413549.9423828125
489443735.1020243764 5410406.1582031250
450139345.6380754709 2482962.5769042969
473529852.3297203183 4880615.5029296875
481056541.2621079087 5178191.2128906250
481878051.7966341972 5206640.5751953125
481285986.6027541757 5191094.3955078125
481442460.7003994584 5196839.6669921875
481292307.8588870764 5191592.6533203125
481254056.1382223368 5187116.0107421875
483156210.2261544466 5239635.9570312500
489752321.9086164832 5416680.6250000000
496248446.2820019126 5537571.9833984375
507335029.8717893958 5659546.0429687500
464932038.0166038871 4409936.0307617188
464882195.8996699452 4408594.6000976562
464631282.8643900156 4392412.1821289062
450412539.0695669055 2548295.1767578125
452619365.9123995304 2977477.1677246094
496295300.9295586944 5538346.4345703125
499311584.8339072466 5581331.5332031250
504203279.5509110689 5638124.9023437500
464355168.4625729322 4370780.3339843750
464387850.2496638298 4376707.8769531250
503549204.3467326164 5632094.5019531250
464224646.3680577278 4367218.1933593750
483220636.0969896913 5246437.1845703125
489212925.0811219811 5402326.9921875000
497275625.0351727009 5554133.3417968750
499554591.1863517165 5584247.9355468750
503721237.7038876414 5635882.7187500000
452507073.5359662771 2976877.3278808594
456947074.0609585643 3710787.4873046875
457456118.9271524549 3765501.1621093750
450615162.6423234344 2557007.0039062500
450459716.6475630999 2556741.1984863281
483550821.8255643845 5246563.6669921875
498150688.9699836373 5569362.6054687500
489979186.2709838748 5417654.7910156250
463225921.4567092657 4286863.3540039062
465568814.6075413823 4441231.1093750000
481275016.0955140591 5187206.7431640625
490015207.0552602410 5420056.8085937500
463214052.5184001923 4283954.4565429688
463095897.5547047853 4278691.6020507812
463359826.1328161359 4295686.4887695312
473280594.7283303142 4861033.2695312500
496167007.1806811094 5536592.7138671875
463233025.9597999454 4288992.6459960938
450361846.2369804978 2538103.0529785156
465989365.7079210281 4441270.0576171875
512144099.5021874309 5685240.5097656250
496259355.2627345324 5537632.8759765625
503243945.2654330730 5627664.3066406250
507388532.8212701082 5661494.6738281250
456749471.9411681294 3675285.9370117188
475018293.9006307721 4948656.1533203125
496129143.7402424216 5535128.2958984375
506090332.7924242616 5650835.4414062500
511663089.2482561469 5683076.7109375000
464195405.3982475400 4360812.7739257812
465499448.2956917286 4438869.1533203125
488700624.6463446021 5392092.6162109375
465187267.3407886028 4422693.6181640625
513262533.6319624782 5686432.2363281250
463290866.7395468950 4293137.4423828125
496315445.3743470907 5539058.3837890625
489275427.9279451966 5405240.1953125000
496625064.6784002781 5543337.7763671875
504560078.5897069573 5641628.1777343750
507541658.6445642710 5662437.4785156250
520250741.4881799817 5693671.5000000000
473305561.4194307923 4869876.3203125000
474780613.9501901865 4936484.9863281250
496451047.7115040421 5542269.7412109375
503976991.2325246930 5637525.0957031250
457070437.2986165881 3729075.9458007812
463334167.6894782186 4295594.2446289062
452451712.5288017988 2966346.6013183594
474705761.6956634521 4934310.5693359375
481067740.7230955958 5181880.0390625000
488679569.9797586799 5391418.6406250000
489100318.5491753221 5401896.7021484375
452338237.8337356448 2939830.0305175781
473389853.7820195556 4872909.2246093750
497162715.1342115402 5551757.5820312500
503650962.4540587068 5634291.4707031250
457393768.5852419138 3759011.6589355469
475364348.7925017476 4962756.9150390625
450153602.4382646084 2487736.6386718750
457139665.8906753659 3738923.0180664062
452358800.7991703153 2948018.0905761719
450185186.5460799932 2499401.7285156250
450944972.2480126023 2615603.1804199219
457716684.5284948349 3782092.5625000000
457689584.0390213728 3780986.9355468750
468268260.7829812765 4590790.9365234375
507009011.2426539660 5659444.8945312500
488982868.1832650304 5398470.3193359375
488956019.7028052211 5397659.6728515625
520500303.8939922452 5693841.4140625000
463777796.3801532388 4330662.4946289062
488342806.3157300353 5382799.4990234375
488873394.6608293653 5396166.1357421875
496935644.3548716903 5548884.5117187500
450763235.1738530993 2615403.9511718750
482478795.3997234106 5221990.3076171875
512413496.3265399337 5685805.2109375000
467976233.5053977966 4576576.9697265625
482103697.3916068673 5210208.4541015625
468048970.4425595999 4582377.6201171875
473706740.1650341749 4889518.5000000000
473790237.1976414919 4894815.5019531250
488606667.5906151533 5387957.5869140625
474014140.7219750881 4905359.9218750000
480523020.3381142020 5165081.4296875000
452242143.9231287241 2923440.9499511719
473883729.9415156841 4897051.3583984375
502326060.0152593851 5617737.0878906250
520460177.0195451379 5693730.9980468750
474193689.7637044191 4911100.2851562500
452291569.6994307041 2937254.6325683594
482398269.6563623548 5218656.5537109375
474100726.2400898337 4907380.7812500000
468128353.1962943673 4586286.5375976562
474324730.4033289552 4918636.3300781250
502547000.8003438115 5619090.9296875000
519108526.0055666566 5692308.9218750000
468169746.7570433021 4589530.7382812500
478483907.7500589490 5080322.6884765625
487609961.8277283907 5362527.4462890625
490527272.7114635110 5424349.2060546875
512360376.2823041081 5685653.8359375000
498520588.5246869922 5573281.0195312500
512563392.8319919109 5686178.7910156250
487224334.7157967091 5351409.3095703125
506402492.0102388263 5655239.2363281250
482149591.4760183096 5212292.7412109375
480215181.1832490563 5152983.9609375000
452264285.1269896626 2924619.4084472656
450689247.9142988920 2595949.9135742188
487495808.5316066742 5356757.6865234375
502593453.2693050504 5620642.7890625000
501940947.3260357380 5613718.9335937500
519377813.0731130838 5692942.7558593750
458166223.1541516185 3798929.5541992188
488006964.0946950316 5372381.8710937500
487631659.3034846783 5363187.5292968750
487280535.2743020058 5351738.1416015625
458096769.2272519469 3796127.6230468750
458102896.1977815032 3797330.8588867188
452352205.1447091103 2942144.3913574219
487211578.8714422584 5350426.4863281250
506527021.1175962090 5656033.4765625000
458184038.9562225938 3803819.2363281250
458236756.8044850230 3808801.7651367188
458352509.8092088103 3820335.8549804688
478162474.9776496887 5072044.1806640625
463003113.1510249376 4239018.1367187500
478118963.5424990058 5066602.7197265625
487122575.7331094146 5347348.3525390625
511713715.0234894156 5683823.0722656250
458341934.8313913941 3817094.3154296875
462849597.9309303164 4232253.8066406250
477914948.8253284693 5062084.5175781250
511189624.4639989734 5681696.7402343750
462868242.3487662673 4233555.1191406250
479705836.5366572142 5131663.4052734375
493541703.3109003901 5477565.7949218750
519866606.8513107300 5693079.5292968750
450978180.4463379979 2633721.2893066406
477872442.7219501138 5058646.6767578125
477472203.5456546545 5043307.0820312500
477721770.9794373512 5053430.2099609375
502900939.2716081738 5622729.4746093750
452224926.7103378773 2914541.4289550781
493244266.0704107285 5473703.2324218750
467322387.5348227620 4532110.5302734375
505747117.1949746013 5648380.5507812500
510360413.9045186043 5675569.8828125000
466791943.6373121142 4495926.8637695312
467146733.5654382110 4518109.7871093750
467017407.0219113231 4510008.3642578125
467164292.6577794552 4519444.2158203125
500322689.9642216563 5591122.9238281250
500711257.4547024369 5598466.8632812500
501065651.8397802114 5602212.6464843750
517128042.4292454123 5690034.2636718750
452656101.2548964620 2989255.1271972656
515935837.9616729617 5688189.0683593750
500571213.8082384467 5596034.7519531250
500580024.6120507717 5596852.9042968750
500985919.0565292835 5601598.8281250000
500573421.9154441953 5596289.4785156250
516086942.2967475057 5689010.3769531250
500520513.3883673549 5594997.7714843750
461295716.1311101317 4079790.8032226562
466909391.3683419824 4504170.0200195312
516572690.4723809361 5689547.6757812500
470596709.2466018796 4710187.3964843750
461097440.8423670530 4065769.2827148438
451305034.4310447574 2681458.0830078125
451208142.4423914552 2662250.3447265625
460746825.3209960461 4032675.7602539062
460844545.9561121464 4041133.6010742188
461125597.2275847197 4068668.6225585938
452211214.6133127213 2881211.9174804688
500211067.9172915220 5590980.5195312500
451305267.3439851403 2681805.9580078125
467062331.5471174717 4511016.8110351562
516262361.1264882684 5689019.1347656250
479527357.5209682584 5115732.0400390625
479561397.6744871140 5116674.7109375000
492660122.7601284385 5462602.9589843750
479634636.3739527464 5121949.2490234375
451405460.2172527909 2697295.0585937500
510211604.0582099557 5670703.4140625000
461015995.0398342609 4058998.4438476562
492759917.2664328814 5465043.5136718750
510147822.3972945809 5669661.4941406250
469885949.6165665388 4670696.6420898438
460877943.8870581388 4046148.7866210938
451509545.5167549253 2718413.6008300781
451700479.3507545590 2765278.6730957031
451576142.1729882360 2736284.5627441406
469829170.2105510235 4666593.3178710938
469945104.2920998335 4672501.1235351562
515612209.1397078633 5688026.8867187500
453820872.8616923094 3117472.6699218750
499905630.7771916389 5586260.1914062500
505563399.5943762660 5643532.3808593750
453982367.3195415735 3143275.9589843750
451926512.3940393329 2789580.9821777344
472795789.1724314094 4815964.3105468750
476338355.3807983994 4987296.2119140625
491965333.9328117967 5446727.2636718750
462275868.0596965551 4152257.5673828125
452013479.2723271847 2790349.8688964844
452052871.1874390244 2804137.9025878906
476195296.7333669662 4978340.2441406250
461954464.4867440462 4125195.9858398438
462296759.5263856649 4153792.0380859375
492016226.7853181958 5447681.4306640625
492046615.2155019641 5448626.8398437500
510030811.4861066341 5668387.0156250000
509497819.1684699059 5665074.0820312500
462071473.4630116224 4136770.6333007812
462315488.9155297875 4153881.1625976562
454032838.7619045973 3145785.8476562500
452159870.4684537053 2814236.7585449219
452191288.1929067969 2816850.0554199219
469201883.5322503448 4628398.0278320312
484800837.9573477507 5266704.3339843750
469260968.6198400855 4631455.2016601562
484297747.5567790866 5252059.0146484375
484515108.6946802139 5257540.3662109375
469259538.3145186901 4630962.9477539062
461795066.2913469076 4108535.7558593750
469226737.4135920405 4630415.6020507812
461738445.7404788136 4092530.8867187500
518865304.8854968548 5690147.2363281250
472453676.6343078613 4800331.7812500000
491308504.4003605843 5431480.4375000000
509642118.8761431575 5666026.6855468750
453475318.6760747433 3038857.4667968750
453445737.1273043752 3034260.4072265625
453532386.5530295968 3050023.1962890625
453322938.9679924846 3012258.1225585938
453814138.9348397851 3103938.4633789062
453675264.3744246960 3079714.1181640625
491218488.3817091584 5428925.8681640625
453451046.4252598286 3035682.5068359375
460688936.7555013299 3962685.2065429688
455128005.6539912820 3213234.6030273438
460108242.7867331505 3904315.8881835938
460328476.4555900097 3918842.7773437500
459707078.3468636870 3857525.8432617188
459787566.1857177615 3859217.3520507812
459589630.0096948743 3839111.8842773438
459543418.9586017728 3834864.2172851562
459562653.4377292991 3836995.9287109375
455086417.9214290977 3207332.5532226562
472201160.6482135653 4767098.2539062500
472019395.7667998672 4755009.0097656250
472011234.0785468221 4754465.0468750000
471536122.6552883983 4726008.6904296875
455038811.7663963437 3196507.1191406250
471732092.3238093257 4738731.9042968750
454954936.2733561397 3181758.2006835938
494950504.7096577287 5482526.0449218750
455503962.0104932189 3237556.5585937500
455522168.0041552782 3242106.5737304688
456089632.9559165835 3302918.3520507812
456084255.8875445724 3292495.7138671875
456058859.2252351046 3289814.2143554688
456221583.3454654217 3314550.2207031250
456195237.1587624550 3314522.2421875000
456375481.8349686265 3339828.7363281250
456405521.5412462354 3353954.7607421875
