172012256.7980743647 10555.3820037842
169797289.3989141285 9995.4400786161
170849498.1009586453 10352.3070278168
172078428.4934433401 10566.3461608887
163185346.5953018367 5840.2071699035
164158908.0524607301 6700.5278231319
166253320.8782150745 8252.8028096076
171137370.3044781983 10452.9110488892
171984902.4199604094 10554.8660659790
163850587.6858573854 6465.7466131785
164151279.5990692377 6685.2574086603
166228914.8436133564 8168.6196037646
169069745.8064368665 9753.3154660463
169501491.0263049006 9872.7888697386
171157445.2392181754 10458.4893646240
166581712.0970013440 8259.8577852095
166005971.4004658163 8147.8882290240
162989243.1474269629 5611.8146729566
165823291.9990620911 8041.2145015117
171562751.2495789230 10508.6759185791
161872573.9452102482 3984.6378971883
161955540.8775523901 4169.3917798028
168938688.0255961716 9648.6779462099
169714221.8455976248 9968.5647658110
163052116.0909683704 5726.0910295230
163043298.5141194463 5721.2742103321
165724193.2068606615 7953.4872428294
165989353.7549509406 8091.2626363154
169533029.0226559043 9918.8090056181
171023765.7215079963 10432.7905120850
171340451.0570979416 10483.2196960449
171959898.5676510632 10550.3726196289
163973055.7010631561 6574.9120291289
161667389.4632298052 3265.0752286707
162015680.2098977566 4247.2833418623
163184692.5400930643 5830.9303916408
165806468.1774239242 7983.1615649577
171127307.6648518443 10450.1372604370
161688915.5672403574 3449.6052542835
170972245.1798040271 10383.9874496460
168970134.9048430920 9728.5866070986
165967982.9026183486 8078.4356624003
169671165.3446592689 9959.6681212187
171267089.9248542488 10478.2181243896
162073834.1864617765 4286.9692733582
163918581.6926949322 6493.2694917360
171160817.7150135636 10464.1072540283
171017042.9421927929 10416.6887550354
162116085.3838994205 4289.6737103160
163121434.4246405363 5748.1001611173
163150033.5552553833 5793.8712712252
163444890.0804859996 6109.2797467777
163585052.4082784951 6206.9286391212
171068079.2026557028 10445.1651535034
161812384.7660276294 3875.1218435252
169876296.8177398145 10049.2146958113
161705341.0994431376 3451.5069600254
161712931.2762708664 3458.7305492056
165785766.8186515868 7974.5479632731
171180525.2709203064 10470.5068359375
169556135.8624956906 9927.4344938993
171785816.6587125063 10535.2628936768
163427754.5124084949 6103.2023320966
171690567.1388384700 10510.5485992432
168837836.6828445792 9615.6116050673
161757193.5501423180 3567.6641091491
161672966.9994481504 3447.3212299143
166080780.0209589303 8164.0575720305
168525691.7669591606 9401.9565649778
170940593.4969052076 10377.9258003235
171093475.8792217672 10445.9313888550
162100547.8636733294 4288.0769852779
166048864.8349716365 8151.7741629118
169734439.6219131052 9986.6896666288
161888389.5283997357 3999.5303285719
163814726.8924982548 6376.5167156794
171915952.0647853017 10541.2821121216
161738496.8997046053 3557.3223879748
170803077.1480022073 10348.6453018188
168917909.2603368163 9646.3627566099
169533907.7064639926 9926.7984786034
165988405.7910866141 8079.7192775126
169562388.4559614062 9956.0648268461
170740824.5505996644 10287.5784797668
165938052.5161658525 8066.7950393077
171494385.5651367605 10496.2896270752
171862012.9262456000 10536.7383193970
162070085.8266001344 4286.3607942773
163265695.8020182848 5936.2866650545
161751835.6330282986 3558.7700636183
171456515.2856038511 10494.7089996338
162006746.4513012171 4174.5822589316
161978684.9326369166 4171.9246312034
161956495.4444342554 4169.8904003874
163041358.4388954341 5639.7409938299
170868992.4752687216 10376.3350906372
171443157.4202665687 10483.2273483276
161860270.1830944121 3977.3048774596
163946704.3059244454 6533.7795510927
165867973.2373562455 8047.2298976298
168595376.7168457508 9501.0477410671
163848500.7766195536 6463.4293733278
165861372.6883542836 8046.8526665088
171879269.4366002977 10537.2659606934
163971784.3256999254 6554.7561727205
165782381.6765189171 7954.5323058482
161809306.3992141485 3775.7997722222
161843985.6079841256 3878.1246782388
163140144.9578937888 5760.6774836504
163326604.0912220776 5995.7611604803
168715551.2012421489 9560.8803504896
170982455.5645338595 10408.8929138184
163218189.0022292733 5860.7624088847
169219249.7361345291 9790.4639662504
171922119.1425779164 10548.7176818848
171746342.7071584165 10524.6126251221
170492131.8245057762 10211.4700374603
170688630.7328056693 10271.9971046448
170345164.2287378013 10187.3955898285
171608316.9481919706 10509.0021972656
165606448.0387378037 7847.6112510081
171806709.7801294327 10536.2421798706
161810863.3980388939 3867.8447334166
168867208.3002742529 9638.7016221285
163088618.3651468754 5732.3563462221
170674349.1247400939 10266.4056262970
168915653.7768616676 9641.7264977694
168829600.1230809093 9613.7594156754
163010347.7574509978 5636.7921670252
169688233.5230051279 9961.2909370661
161718527.3266241252 3556.6956260615
163227056.6614275277 5892.9539917433
165674822.9777606726 7888.1193477031
163159751.9935972393 5827.3885525190
171700393.5874322057 10520.2155075073
165713176.4780600071 7930.8872081157
163278854.6592821181 5936.8486965620
163499022.2435165346 6118.3342989557
165579480.5396997333 7833.3094436046
165661668.7197814584 7865.0878192302
171718235.6557348371 10523.4293670654
168939764.1998570859 9679.4028079701
169947148.1928286552 10063.9898099899
161757891.1891581118 3665.7261999064
170610950.0616831481 10223.3618984222
169049019.5909012854 9731.7201253176
170437331.8670862913 10191.5076580048
163479500.0551638007 6116.3423269861
169693816.3851872981 9968.0823286772
171801502.1592373252 10535.6858978271
169318812.4546455741 9831.7847477198
170269109.2168732882 10150.7055263519
163251311.4565809369 5903.5682438486
163346070.4996181726 6006.8821829432
169350323.4345113039 9838.9063359499
163516572.5968469083 6130.9957629168
169369811.0478370488 9850.9030781984
161858822.2386690676 3881.2475831409
163424009.9377645254 6041.3567625755
163257314.4280777574 5914.3155840510
169265900.1593479514 9827.3218442202
161795937.7913673818 3771.7874390979
163557828.3029314876 6134.7916442030
169402204.5268016160 9865.5494710207
169678445.0347596109 9960.1399077177
163406615.0571025312 6027.8729875558
163533370.9445750415 6132.7996722334
169723382.7851971984 9980.7936857939
163257803.4157773256 5914.4414156550
163366784.1636971831 6023.3395281904
163313014.6391156614 5939.0168627375
162179277.2531665862 4356.1575517245
163753977.3002719879 6327.3083241620
162217382.2222261131 4390.4917831011
169326693.3462620676 9832.6503065825
162157348.2312869430 4301.1040896960
165430451.9979523718 7663.5858782645
165572311.7372078001 7775.5300654288
168749201.0240409374 9591.5371574354
169255974.2438005507 9827.1583704948
162192046.2166889310 4361.4292760678
163923800.6020578742 6502.6157916227
168809268.3715802729 9604.3083750498
161787204.5339843929 3676.6348968644
165566493.5828179717 7718.5910498317
170398624.1107926965 10187.6695613861
169173173.3689619899 9755.8240414858
163770988.8620859683 6340.9364770093
165436808.5886068046 7673.1856569465
169250471.9789036214 9826.1742192507
162339614.0732539296 4459.3034437568
162343643.5668841004 4521.1192773012
168955996.8083432913 9691.9588695955
163404776.6534246504 6023.7061272991
162202832.2153516114 4381.3792489198
165496850.3204924464 7684.4093496021
163616910.3519435227 6226.3993864534
165415581.9659692347 7660.6123525318
162233429.8866940439 4391.4293038145
163710961.6801854372 6313.5308327702
163601276.7573347390 6215.9594655064
170225776.2667005062 10125.2753009796
163833831.7700181007 6427.8401463964
170069390.5671527684 10081.0510959625
170111791.1836929321 10095.0885257721
163801375.9608091712 6348.8058323303
163831323.3010600805 6425.8211739698
163718607.4467565715 6325.0088352599
162290386.9429917037 4418.5735982397
163656578.1216473281 6245.0728659668
165527573.9018305838 7691.8978593167
170202120.0939555466 10113.6110630035
165380299.1113159359 7600.8416640576
165293712.1732022464 7555.0495859798
170520451.6507483721 10211.7440090179
170140494.9195622802 10108.1923465729
170253578.5579238236 10130.3525180817
170305211.3240792751 10155.1815624237
165171767.6930810809 7462.1468274411
165253396.4362557232 7550.8566129025
165356418.3364355862 7587.1038763340
164747864.9092490077 7051.9359820153
165302372.1866841316 7577.2860638913
164807602.4608494937 7138.5684127625
164863022.8764241636 7208.4150530364
164822875.6723700464 7144.0741578605
165345268.8799361289 7582.2181080993
164937644.4208585024 7279.9634233977
165138588.6400498748 7433.3805411818
165038010.1647801399 7339.3364650275
170553580.6852881312 10218.2944011688
165080494.1569383442 7362.1000671521
170526620.1181262136 10212.3984203339
165127139.2910754085 7418.9200761135
165391902.1919009387 7620.5982655700
164819865.5490869880 7142.8350025680
164901199.1588287055 7251.1156221892
165116631.6774114966 7404.8129474934
165047501.7976465225 7357.7132349875
165234186.5919644535 7511.4866750058
165015843.4201257229 7313.7568842437
164830840.6890051663 7186.0674387481
164789117.1185156107 7066.0723825957
164887957.0744267404 7247.9574953582
165103409.7752028406 7362.1225487258
165038984.1399132609 7355.1342216994
162657935.9398232698 4605.7272294673
162715634.0488167405 4696.5649730843
162675954.7874196768 4691.9974294578
162783369.4830872416 4754.2043633591
162804845.4633337557 4789.8275196230
162830817.4547949135 4797.2329068314
170642588.7707519531 10238.8196372986
162615437.0393833220 4594.9474121463
162674633.2413852811 4665.0371910762
162592867.2345550060 4578.9590563904
170630366.6898502707 10228.2059516907
164535063.3386387229 6732.9883977109
164453453.7261427045 6715.5712925647
164728026.9935836494 6943.3471771404
164457462.2394949198 6720.5760609363
164579620.6901359558 6818.2796723102
167601000.0291216969 8533.5171011398
164629267.2729259729 6827.4904598468
164545108.6280685961 6779.8597690319
167565150.1268103123 8527.8221750567
164563418.9404593706 6816.5017410968
164684470.5876587331 6839.3291795854
167640739.8685866892 8604.1181181381
164714797.1387343109 6933.7225397234
164687117.3938011229 6868.3970912104
167880972.9264211953 8724.8255414674
167826078.1907313466 8662.6946600387
168202181.7971644402 8744.1442064950
167538618.8795461655 8527.3925881693
164598135.8225339651 6824.5255225305
167717461.5551317930 8638.1722535798
167621557.9402246773 8544.1820748756
167488836.0064174533 8513.2918974161
167686796.7974421382 8624.6714056442
168494279.4882459939 8831.5138368890
168208761.4727465510 8770.4134288118
167798294.5555890203 8650.4643280790
167929364.0841371119 8740.5377297685
167819950.9129209816 8657.9010991761
168128223.3415220678 8743.1737364242
168112852.0472752154 8742.4193520829
167193265.8149496913 8311.0816108841
167167357.6122065187 8293.2944685752
167236552.7024813890 8326.3115854813
167213953.2572723031 8316.2935864264
167303360.2510399222 8326.9027656630
167373455.1671955287 8377.2830242231
167346632.4054430425 8332.2381576613
167414856.1966467798 8419.4693645552
167366927.6757006943 8335.9387388542
