203201931.6558020115 497175.2753814161
203453542.6551272869 518714.4329611957
203542760.6735857129 526275.3383855224
219758570.1106597483 904299.0795376301
204021173.4321051538 559657.6067200303
217503674.9675862789 882043.5231781602
219248002.0798412263 903657.4222500324
203309303.3402084708 504948.8850863874
203084605.5304331481 488986.2452700082
203384226.9174154997 511995.6973595321
204109187.3412851393 567203.9451319575
204266366.7743467689 575294.2271246910
203222744.2382016778 498075.6938270032
203796445.1457055211 543531.2893211246
204263162.7973608971 575261.3909155875
204145434.9833211601 567265.7127270103
206801575.9578852355 702306.1748450398
207941397.1783620715 739400.9846039414
203850769.8249853849 543701.6875156760
206859290.5837968588 703094.9194739461
203027738.2935161591 482208.5215990487
203564885.6667847633 526469.1697257757
203884459.0548854768 551127.2904116511
204243294.9125990868 575044.1013988853
204840288.7262821198 610861.2008137703
204347344.6108892858 582292.8221013546
204386408.0541222692 583051.7779059410
203754861.5298356116 541731.6103412509
204335682.5120584369 582012.9627263546
205725726.5681878924 658408.8587861657
204311772.9542374611 580997.9693672657
205525652.1315376163 650641.1487372518
205976863.0050781965 670897.8653756678
203115281.8303627074 489966.0723802987
204358887.8253921270 582573.0000815392
207613428.0320970714 731093.7698469758
208936184.6583987474 769121.2247380614
213088583.7507112920 848940.3177747130
203159497.1688224673 495897.0771773756
204431814.2340129912 588755.5201485157
204959142.0583011508 619453.3584837914
205667138.4606460929 658243.7410224080
204039871.6035735607 560485.2095302939
203700474.9297907948 535038.8625325561
208289074.4609064460 747225.0601888299
206856615.3931964040 702914.9297278523
203454497.1631411612 518890.2519109547
203874902.8096111119 549489.1611225009
203983007.0967345834 558647.9797326028
234245931.1414396167 991238.0105380416
243784045.0655801594 1051836.0646972656
234331930.1221058369 991969.6880282760
212905550.5607439280 845382.7827234864
212192453.7914726138 833926.9264290929
212691555.3156014979 841366.2096970677
203190173.4687518477 496876.9042876661
204527560.2508343160 590940.7923683673
204505794.7374848723 590409.8816382438
211926871.5172218084 830433.9256900549
203341885.4023022056 505696.0478945673
203416808.9795092940 513026.7820427120
204508998.7144707739 590442.7178473473
203317840.8401803076 505679.9889708459
204487922.4444514215 590381.4632057697
204475725.1281816959 590297.7146536857
205483863.4484008849 649347.4764767289
203464954.2320358753 519727.5052538812
203916486.4254809916 551288.8401023746
204351819.2814091742 582352.4358546138
204600079.9655318558 597692.3641791344
205907597.4211770296 665139.4737883210
203273500.5910362601 504634.4550689161
203183541.7309444845 495913.1361010969
204802262.1764769256 609177.2670234442
204653943.4491300285 598392.6956229210
203358224.9384043515 511686.1312033832
204332954.0748696923 581086.8812451363
204462331.4084301889 589851.6531729698
203420613.9828919470 518681.9713519514
225914899.7357118428 917683.1212168336
217769547.0608540475 889479.2171077132
214317313.7853071988 863276.5356100798
203372468.7303653359 511981.2481407821
203685545.7921240628 535012.8747395873
206222967.6147876978 679081.5858898759
207825295.8555591702 738868.9949446321
204220280.1397243440 574034.9424955249
204205319.0632397532 573946.5025541186
235287761.5410461426 1001918.8045604229
212819699.8675291538 845202.9023523927
203835808.7485007346 543613.2475742698
205007889.2747923434 623960.2010853589
204373584.7947586477 582883.3465847373
203743738.4770280421 540685.0573645532
211751993.7652156055 826084.7806070447
207257431.3656497896 717816.1917446256
226734594.9517407715 943149.3494063020
226177485.7091980278 935070.1449690461
204015962.0457525551 559470.2161712050
204735322.0781283379 604824.3306354880
203281587.5478603542 504652.1137603223
211924452.4794998467 826477.3464520574
204841775.9691261351 611875.7974486351
216600449.6502883136 870280.0146785975
213109379.6459716856 849152.0847581029
207938721.9877616167 739221.1042328477
204949744.1969926953 618656.3006453514
228905563.9623958468 970064.5374894142
204961817.2489015460 619633.3482298851
205127112.6209989786 627733.8719208241
205034630.6250885129 626412.4190692902
208817408.1449953914 768409.3547076583
206575622.9842945337 694479.7944739461
206423042.0514380336 686849.2959387898
208226437.3105130792 746727.0579968020
244181548.9900664985 1054886.6462402344
210281014.0458970070 794293.4652649164
204828626.6274513304 610583.3990559578
213672334.7264596820 857668.9072182775
205625310.5614777207 656323.6646040976
204896701.1708181202 617388.5921940804
207802380.1699280143 738005.7856915593
207899725.2625779212 738989.5525811315
205659586.8572998345 656570.5978173316
204413813.0270842612 588085.7948269844
206232482.2963812351 679767.3340247273
205457459.7813947499 647314.9402864277
219872041.3479545414 907668.5504865646
203628681.2852850556 533175.6449418962
205618147.9395453930 655558.0295806229
205436235.2379963398 642335.0007388592
204908363.2696489096 617666.3939518929
207822620.6649587452 738689.1145735383
208115657.7247345448 741695.3905410171
203559365.5475734174 526456.9093402326
205776788.5684278011 663130.1553267539
205475975.4214281440 648782.1506470740
204092853.8525324166 565784.3172640204
204309044.5170486867 580071.8878860474
218083127.3815312386 889699.3942987919
205979538.1956785619 671077.8551217616
204074154.7306566834 565142.3987961709
204755851.7202733457 605360.4907405376
204297382.4182178676 579792.0285110474
205125319.5198042393 627450.8110475540
205208670.2547041178 634551.1211230755
206009937.7519153357 671234.8810421824
209750555.0225725174 789156.1386489272
211106324.9864637554 810363.6060825586
205600165.2630618215 655378.9319243729
205779463.7590281665 663310.1450728476
205459367.5532622039 647621.3811431229
205335177.7116285264 641024.5998658240
244032956.1438378692 1053741.8383789062
205193394.0631710291 634489.3535280228
244252817.3102484345 1054909.8039550781
208942540.4488005042 772790.6860391498
218919888.9289355874 899151.7280263901
204101210.7282213569 566249.2870106101
203864942.0752300322 548302.0479030013
204070887.2474446595 564983.0109166503
203591444.2043023109 527942.2892538011
234017218.0199047923 984397.1769969463
204190928.5272202790 572740.5616979003
205462042.7438626289 647801.3708892167
206386635.4939316809 686753.8144934773
244162631.9468135238 1054886.5329589844
203932095.7614787519 551691.7308196425
206383960.3033312559 686573.8247473836
206183885.8666808903 678806.1146984696
209300955.4993475974 780386.7231485248
209861633.8803250492 792107.6443067193
204204793.7177712023 572981.1488130987
209173513.5212819874 776717.4249333739
210983758.3621518314 808365.3311390281
243603736.1914685369 1050259.1765136719
243663788.0968682468 1050319.8933105469
227869519.1908258796 969276.5481526256
205659633.1189722717 656697.2258552313
209391149.1127878428 780426.1981474757
208179647.7351441979 746313.8559172750
238141600.9368310273 1004093.2821605802
239832079.5386860669 1026789.1827392578
231318764.4782906175 984327.9920792580
239976615.5138763487 1033771.9609375000
209670621.8994865119 788292.9293958545
210981083.1715514064 808185.4507679343
206186561.0572813451 678986.1044445634
205407115.0591709316 642104.0424657706
215443383.8686212897 869355.4043632448
235236733.2454544306 1000701.9307565689
205140595.7113372684 627745.9279849529
210250326.5302650034 792503.3270401359
204687777.1769064963 598558.4211375713
209053403.2832348645 774263.1051959395
208939865.2582001090 772610.8056680560
217730533.5650628209 888836.1850457191
225917513.3107149303 931939.2100935578
218680476.9581908882 893172.3798818588
209527438.2664718330 784494.3321599364
231029258.9057236910 979276.9133439064
206136370.1543900967 678685.5570619702
205383489.0226371288 641034.2356041670
211065298.4643330872 809647.5047849417
208727997.4347379208 764835.5805703998
234112694.8239469528 987137.0931439400
213540437.3513883352 857073.1371069551
206798900.7672848105 702126.1850989461
206885002.8828576207 703214.0856395364
217198919.0427194834 881439.7827181220
216731633.5372318923 875522.7350723743
207187365.2693241239 714683.9447832704
218336335.7453276813 892630.5659480095
208348894.4237177372 751332.8373228908
208324850.3575962484 749288.9647597671
241829284.2185141742 1044031.2993164062
242074301.1004187465 1047852.9680175781
217279430.7663192749 881863.9855501652
218736331.1238263845 893704.8812060356
209859011.1791687012 791904.2051829696
216810462.9837347269 876954.3551782966
225211328.5401548743 915994.1810717583
207008461.2257627547 708949.4120729566
218950082.7392218411 901251.5637177229
214831057.0879743695 864214.3696893454
214240268.7099475265 857846.8516229391
218783066.3163166642 896109.1761856079
211286109.6675200760 815870.3154224753
218090291.3494339585 890716.9073638916
213057751.7756597102 848556.3146467805
206796468.8714920282 701175.4569948316
206976339.4566737711 707606.1425417066
210837997.6863436997 807334.6367450953
210560310.5226047933 805960.0496975183
210330191.4344992340 799868.9237209558
212603870.0827391744 839188.0543824434
213531404.8449633718 856571.1946327388
210097609.2578209341 792499.3493217826
206940170.4812673330 703890.5472241044
205929968.7830099463 665634.3817104697
206128681.6633092165 672587.9361918569
239814880.5680873096 1024905.3889160156
238910756.4352476001 1019594.2393684387
206459852.7894935012 688054.9870582223
206659927.2261439264 695822.6971071362
207074867.6900974810 711375.0574586987
207175571.8825123012 714678.2002423406
205433560.0473959148 642155.0109927654
207799798.5710936785 736661.2461407781
213194528.3613535762 850452.5294905305
209956518.4490962923 792442.7001892328
208503436.7309827507 754592.0046417117
206975497.4458619654 706910.4901934266
206286387.1885818243 680298.8295934796
211293408.8106743097 819295.5330103636
207256501.6184524596 717151.4822238088
211195835.3523913622 815089.8232628107
207590512.3464658260 730230.5605939031
211276874.1680347323 815166.0551944971
206727100.2997948527 695918.1785524487
227611729.9517445564 953389.6340901256
208605540.3215332627 760634.1296100020
209610063.5200609863 784652.5559359789
207526044.0144034624 725492.6648228765
206932168.6053302586 703618.8999939561
213287905.6473916173 856336.0846350789
224123675.9187365174 910004.9905501008
206513969.7787899375 688412.6484194398
207128984.6793937981 711732.7188199162
209030030.3664444983 773308.7140826583
208343783.2420116961 751309.0365416408
211185051.0980027020 815043.2090049982
209775520.3305024207 791824.6341659427
209507004.9710047841 781234.9469737411
208924718.1439959705 768473.3231489062
212777606.9096887112 843881.7298689485
207478545.6219292283 725137.0976336598
207547577.7303798795 725559.0480452180
209038612.6756026447 773312.2846717238
209409448.6358591318 781101.6176814437
230027446.3856508136 977106.3513484001
230008434.8278836012 976846.0349421501
212427942.1650697291 836038.7207440138
207750398.7256003618 731962.5188017488
207773049.3189461827 732031.1971235871
206961434.9484049678 703945.1321657300
211515784.3071961999 820814.4257178903
208230073.6172194779 746807.4404723048
208599768.0456966758 760587.5153521895
208302655.0383768082 748815.5798766017
208492304.0057578683 754572.3595075011
207573788.9007627368 725624.7335348725
207360492.4324471653 719144.2352810502
208081282.3249680102 741055.1636247039
208538495.7581858635 754800.6075133681
208677549.8904920518 761717.5387250781
237358695.6094867885 1002790.1956672668
237413508.2681938708 1003781.6558723450
223981913.5073138773 908210.5690565109
234332435.3795788884 996211.3743090630
