409380299.9694708586 225545.3583793640
410268534.7984135151 276116.0393629074
413155235.4378122687 373766.2957629599
413025089.3387479782 373732.8914544322
412898832.0531632304 369622.6856438853
443033777.5086417794 824393.4825439453
442730309.1991779804 823496.8062744141
443225078.5929948092 825422.9669189453
412804107.9555264115 369610.5804192759
412960056.2516863942 369922.3831292130
416205040.2479809523 444897.8045927435
430850749.2703223825 693141.3279663026
431141690.2092702985 695684.5087524354
442801111.1307713985 824111.5150146484
430713226.8825208545 689914.6154418886
430958117.9985988736 694262.4739623964
412977798.3373131752 370074.0381409861
415911490.6943227053 440025.8602410704
416322710.0101037025 447487.0907865912
456359374.6879597306 858690.4904785156
416124439.5256443024 443764.2802397162
421555330.7607678175 550861.5085772015
431461452.8200221658 698910.0847735144
448653290.2306395173 844149.0765380859
452347608.5947769284 853082.8336181641
453750764.9439219832 854427.2836914062
461771027.9555262923 860121.0437011719
409508858.8313976526 241121.1505500078
410418830.6104388833 283979.1135503948
412709875.2318071127 365758.0960925631
412465239.7296503186 357895.3710432984
416047679.7383602858 443395.8702055365
431810440.4566868544 700239.5047048330
410842914.0904717445 284085.3711187541
412597534.7610830665 362599.4380852915
416239375.0998523831 446010.4359438568
421344786.9698534608 546692.9034784229
421091992.2672675848 542402.5495137544
431320196.9017800689 697090.1420880258
431409716.8812206388 697788.6563092172
455157690.9782027602 857683.5943603516
431395354.3181439042 697740.5748883188
431509880.8000571132 699531.2429791391
416245594.0906000733 446431.2908598334
431175856.6272946000 696983.5664654672
416187055.4415048957 443996.7812162787
416042897.4371448755 443364.7797514349
422128244.9997504354 558705.0469746382
456412335.4227777123 858699.7078857422
462068990.9758872390 860405.4530029297
421971945.1418905854 557078.1420294761
442562594.9837087393 822413.0168457031
448982960.5738688111 845396.3155517578
412653060.8553816676 363160.3754632212
421405588.3835293055 548554.6049988063
421771570.6846312881 554531.6408087730
462947004.9240296483 860522.9896240234
409447934.0679395795 230248.9440374374
409462733.9085648060 231033.0160232186
409416238.1102308631 229910.7089576721
410208001.2347114086 276024.1649857461
421631279.7267549634 551651.0257566102
445675846.0192927718 836321.7131347656
461790564.7133542895 860255.8297119141
412581546.0714743137 362183.7837248184
415991789.3979596496 441004.0292986482
412618512.4065696001 362954.0085198618
454192497.8534423709 856443.6506347656
409559908.6691776514 244896.2825349644
441897559.3872749805 815747.2864990234
456378388.2696403861 858692.3728027344
410202096.8685817719 275955.0456934273
449215377.8175726533 846036.2442626953
410293306.0889236927 279787.1151762903
410158420.1688168049 274903.5216875672
430523737.2840003967 686328.1508422792
455881329.6199710965 858657.4755859375
410166356.4065008163 275587.5295792520
445924603.3038797975 836567.4238281250
412676944.2115304470 364031.5702997260
446099669.4151528478 837216.5725097656
442485917.7587362528 820962.5334472656
409806881.7530266643 252777.4321193099
415959085.1870043874 440163.5467192084
430713758.3007465601 690317.8280883729
455803600.6792547107 858592.6296386719
455778035.2371069789 858591.1992187500
409456521.2527766824 230424.7362535000
452077229.9467310309 852149.3812255859
430582937.0485472679 686609.4339999110
451602484.5590551496 849794.9703369141
462433382.7228307128 860438.3079833984
445830082.7438390851 836372.5584716797
462288617.2394109368 860422.6365966797
409685468.1233206391 249431.1572993398
455648186.2143420577 858398.6425781250
445676043.9225198627 836350.7072753906
415876568.3669052720 439019.4011718184
454820397.2544662356 857430.6945800781
442710246.8792679310 823256.9799804688
459777958.3071032166 859549.1328125000
409467352.5853889585 236669.6716666222
455074336.2254299521 857544.1574707031
441704716.6058925390 814607.3632812500
442000134.1569209099 817174.7337646484
409629531.5045245886 248643.7188494802
412997490.3979844451 370186.2934651040
421507779.3872063756 550406.2415954859
442380591.0032526255 820288.1270751953
449416692.5856080651 846101.8936767578
444745668.2817451358 832911.0167236328
410046360.0466721058 267435.2759400457
452206205.0379332900 852815.7098388672
442125286.8518903255 818118.1202392578
442379795.3413164616 820124.0936279297
452564530.6224902272 853235.8795166016
451604516.9475379586 851453.7286376953
442493342.5049239397 820964.9764404297
447143110.6464833617 840359.8367919922
409900378.5323573947 260024.6265324950
412675914.5823759437 363371.9032360394
444399563.6147122979 831126.4223632812
446779433.0949438214 838874.3773193359
409912791.1349233389 262919.6027287841
442438100.8008689880 820758.4714355469
442546000.2161817551 821669.8286132812
448429882.7101853490 843890.0098876953
409541350.1264501214 241122.7565382719
444330916.7298908830 830689.9431152344
443837402.9522050023 827564.6878662109
442270734.2369831800 818934.7053222656
444008726.2173350453 829062.1604003906
444007883.2207047343 829032.8104248047
448338706.5879252553 843834.1519775391
454940840.8836297393 857469.5493164062
461483943.0455027223 859925.1738281250
414717837.2432283163 411491.1853962541
444559686.7973902822 831422.6773681641
448082028.7943229079 842993.3350830078
415022474.1060349941 416879.4182432890
447451184.2705798745 840579.2520751953
409993928.8706705570 263639.2617942095
444298882.2930838466 830432.4320068359
460290919.1663003564 859689.2012939453
453021030.0630648732 853563.9089355469
446997363.1488290429 839591.9615478516
461425419.8917140365 859817.4306640625
447549935.4369842410 840712.8093261719
409818597.1257013083 256029.4176490488
412380055.2259321213 351924.9724045396
447845986.6613996625 841985.1002197266
444505706.9064548612 831267.6126708984
412460110.1174830198 354946.9939786308
414848828.8430142403 415007.4008713365
415528281.8581483364 429885.0210333318
460145576.2175731063 859606.3864746094
460228730.7312108874 859615.9714355469
446972205.1891109347 839001.6927490234
460193210.1843212247 859612.6787109375
447882317.3186456561 842522.4993896484
420901523.7155295014 537271.6269620375
419947520.1649264693 518138.9963233890
420018616.3669722676 519789.3749821605
420654094.7849444747 529638.4531510079
419831580.1246125698 517064.8795020999
447598808.7733861804 841658.1524658203
419763370.4915414453 515528.0606661336
452927900.9277401567 853550.0737304688
453689756.9791359305 854213.0192871094
453263609.7693988681 854173.7512207031
459513466.4050895572 859366.5563964844
414626144.9503518343 407535.6491813660
420715374.3487420678 533226.8677053859
430340702.8988598585 677601.6440744493
430257126.9777200222 676211.1925648861
446512304.3586171269 837738.4862060547
446337511.1898503900 837433.7996826172
447741573.3397778869 841802.4001464844
411573762.1586034894 319671.6844719673
414537373.8573086858 407271.4734001160
429972842.8335953951 672030.0283955745
430074421.0931715965 673940.7092274837
430281284.0102173090 677040.3040761165
458864855.6354646087 859031.3502197266
414673582.0310881138 410834.2608757019
430491367.3401054144 680076.4966135118
430425966.0413586497 678640.7346748163
412238077.7369222045 345956.1967900355
415425560.5528329015 427760.7999605387
420558494.5767048001 529487.3701467921
415292420.0463988185 423896.6244622469
415328603.6307043433 426081.6926138848
415285117.3641280532 423062.7373613566
412230455.0787359476 343718.4211239663
412190057.0830001831 343053.1407867828
420479623.7524093986 527645.3357712617
459045972.0480670333 859164.2844238281
415218021.2660218477 422632.5969331618
420428124.6821462512 525949.1654926201
458758571.6625457406 858952.1505126953
411642011.1567987800 323518.4990775945
458414154.4619835019 858791.2086181641
415192808.0211416483 421727.3025850505
412230281.1842811108 343477.1755472419
458503920.0907903314 858929.6097412109
458736113.0907955766 858938.8959960938
420193667.7253345847 522069.6436942032
450398203.3658775687 847164.7814941406
453025551.8514724374 853607.6381835938
450944528.9934198260 847387.2839355469
411696695.5150200129 326484.8533409002
419452617.2641599774 504084.0299051842
419375314.8568923473 502228.6612881990
419581442.3848517537 508411.0251499480
419503178.4415516257 505168.8212400218
411964773.8410172462 334965.5068085750
412024573.7575640678 338355.9574192126
419053794.6158916950 496392.5948549947
411906422.7871032357 334233.6463840564
419300074.1232130527 501566.9049135884
419313902.1822482944 501907.4708315572
450082381.8883540034 846756.6804199219
411691062.4793710113 326028.7735441287
414496164.0375919938 401317.7087122500
419186027.8587586284 499815.2119455375
419173592.8164607882 499813.6763979634
440973231.1860694289 795950.6117439270
429917041.5027828217 663116.8698557410
440855606.0425574183 793910.4731636047
429506974.4468606710 657391.1179140601
429506383.0359731913 657260.6608828101
450462212.1277886033 847373.3747558594
418825185.0229638815 490903.7149933020
418950267.7851205468 492864.2670602491
441076157.3703724742 796568.8143501282
441237393.5250146985 797876.0381050110
453799006.5900740027 854609.6831054688
411531375.6784206629 315004.7485086682
429454535.5899684429 657234.4049624000
429313322.6583410501 653140.3190635089
429423667.6529527903 656336.2042258624
417998485.0090944171 474316.5189136157
429528360.5259786844 659125.0145896319
411561388.0776618123 315198.5758274157
418359172.7436523438 479045.4735069169
418422686.1029083729 481728.8544433753
411561761.7060602307 315239.3221745255
418264081.5192648172 478267.1126521716
418398342.7977374196 479465.8191569934
418216953.0944603682 476488.6343806873
411456560.5952109098 311732.1211054089
417454558.0097017288 460166.1863025317
417653146.4972600937 467030.9375690112
417582369.8042705655 464740.1877044330
451436144.6148012280 848671.8081054688
417753538.4624298811 467966.0315631519
417386351.9334661961 460121.3534366975
411349723.0628020167 304479.1597406628
417483754.3385508060 463366.8680240999
411393882.9497828484 305284.4683899793
411417499.6828128695 308014.0832636121
417020643.8549993634 454634.1100182255
416800261.4291070700 450511.7971494023
411084236.4208828211 285914.5766611956
411159762.8703643680 292684.2059346996
411124759.1028144360 289331.0053731762
411062048.7452678680 285779.8272222616
451211351.7682333589 848262.9508056641
414468763.6595208049 394937.1765764579
414332896.9420706630 391958.5484712943
414319195.5711366534 391204.1228292137
414296471.1018790603 390365.0017964989
414247548.8057336211 389516.0729024559
414166655.1315788031 384485.5591904074
414023457.7205243111 379028.9516905844
414001171.2268642187 376543.6317583323
429266503.7567608356 614818.7839504480
429283109.1088613272 614924.2676192522
429253843.6773030758 614691.6664649248
429209636.5355637074 613044.7947684526
429008510.3870919943 608574.1732000113
440313866.9127505422 757690.7739181519
428995037.2128680944 608237.0401433706
428022987.5261583328 590162.9317406416
428151425.7696233988 591560.8155702353
427694522.7486895323 584230.4068883657
427953269.7268436551 588677.0053428411
427814138.6969568729 587130.9212316275
427785228.5931817293 585753.9498618841
427668227.9285131693 583881.2084840536
428215287.5814735889 591967.6184943914
427274975.6272987127 561448.3868265999
427338613.7349710464 562902.9257639730
427182257.3135802746 560813.3092602575
438753285.9091760516 701289.8308944702
438983689.8351103663 704460.5508651733
439305411.1276419759 705009.1768646240
439895624.2548694015 708386.6845169067
439879422.8952541947 708386.0581970215
439784618.9185376763 706163.3254241943
