113749635.7089328468 1237566.3535156250
111599611.0408481359 1064509.6567382812
116352669.4929247946 1340348.0341796875
118523682.9870212823 1377798.5283203125
110664920.8921312690 965717.6965332031
111599656.9389975965 1065973.9379882812
113853211.3605112433 1241902.5664062500
115658968.1355593950 1320954.7216796875
117806971.9964901656 1369871.7275390625
113861319.6943944544 1242434.9619140625
114790654.5751764923 1286004.1894531250
115216687.9188622385 1303850.5439453125
116466150.0806408226 1343244.7255859375
117247330.9446831942 1359170.7568359375
109479424.8578470945 741954.7792968750
109701502.4529562443 816792.6975097656
111476954.8474977314 1053774.5971679688
113092698.1119238287 1191708.9082031250
118242019.3940733820 1375365.9990234375
119889885.1262588054 1380483.9169921875
121675234.5387886465 1380955.2919921875
109940895.7460267693 859012.6408691406
111288631.4821031392 1036570.6904296875
113809523.6319367141 1240420.3281250000
115070255.6576991975 1300703.5107421875
117066789.2550367266 1355543.4804687500
123726553.7032293230 1381210.8759765625
110443901.5994056910 936205.9504394531
115313609.2372155339 1309057.3808593750
118068619.5555536598 1371466.7900390625
111334854.6399576366 1039397.7773437500
118819131.3230092078 1379349.6064453125
111587635.3884912133 1063496.1098632812
109647078.0975143164 806266.5874023438
110380505.9862001538 930089.0222167969
113331185.7604085356 1207237.0800781250
111401321.2737827301 1047563.1328125000
111426454.5950827301 1052198.6967773438
119078019.7459837049 1379632.5771484375
118870335.6831613034 1379523.5947265625
120079824.1612421721 1380576.0009765625
111527834.9311922193 1058920.5009765625
113077592.7090175152 1188850.3085937500
120418857.0001351088 1380773.7431640625
114120915.7868355364 1255686.0449218750
119133270.5712602139 1379666.0322265625
111240728.7561261058 1032948.7734375000
113944809.2729839832 1247711.4160156250
113844440.6983374357 1241547.4335937500
118652148.7908226699 1378336.6181640625
114991738.3972259611 1295638.9863281250
110015836.9071834534 871364.9758300781
113622296.8418644667 1231132.7041015625
119151614.6934658438 1379734.6748046875
120162813.0043994337 1380649.8974609375
111169740.5039614141 1025617.3759765625
118114607.7793426365 1374038.8115234375
111390509.4935903549 1046846.8876953125
118626021.4322557896 1378219.7783203125
111293884.7671304047 1038228.2709960938
111820252.0875435919 1081099.0068359375
117729953.2459120154 1366910.0888671875
121859443.6047977805 1381083.9150390625
111094657.4624516070 1017474.6767578125
111622445.0104554147 1067970.9941406250
109743441.2912874073 823488.4799804688
113561220.9644843489 1224995.2778320312
114537258.0938852578 1276612.4960937500
113780961.5680380315 1238482.6884765625
109729462.9758162647 822930.2189941406
109902706.4554027468 854689.6840820312
119696684.5576501340 1380374.9345703125
113567755.4537453800 1226940.8730468750
109953606.8362372071 862691.1025390625
113815365.9529054463 1241539.2539062500
115039413.6855135709 1299860.4755859375
121301205.3863800168 1380782.9013671875
113887544.9659698159 1244475.9873046875
110067036.0722551495 876115.4514160156
110519852.8935522139 950114.6350097656
114795948.6015322208 1289055.3359375000
115242404.5705995411 1306857.3994140625
114596040.0815467536 1279464.5703125000
118207591.1970501989 1374274.4189453125
113588665.0374037027 1229921.7792968750
109857701.7679512352 848066.0642089844
109911784.3420755416 858999.7160644531
111469991.7540453821 1053018.6079101562
113679912.5758694410 1233869.4013671875
109509646.5417935699 767550.0134277344
113517907.3438561857 1224516.0263671875
119841544.8629216105 1380436.5927734375
113308527.7622587383 1206121.1777343750
113049353.3232165873 1183408.8549804688
113140247.6707330942 1191927.5810546875
113385708.7577259690 1215566.5781250000
113231448.0395672172 1201410.4672851562
114099743.6702357829 1254362.9423828125
113267029.0884576142 1205862.0722656250
114656777.6937430948 1281428.9541015625
120151119.9638184160 1380606.0322265625
117893495.1489985436 1370611.5498046875
121750774.8792566657 1381080.7255859375
109963618.6282492727 864421.9982910156
113470007.8020673096 1218334.3330078125
109636976.9279568344 805940.4948730469
113360013.4450768679 1211940.6484375000
117389397.3025423735 1361913.5068359375
113215514.0047117025 1198589.6904296875
118255387.2843699455 1375368.1123046875
109444427.4250862151 735909.9475097656
113211115.6247483492 1198530.3125000000
109828673.6941363066 842342.7312011719
115499015.2727659047 1316353.4296875000
117608874.7405742258 1365590.4580078125
110576219.1776588261 954505.7944335938
109868984.4128678292 850070.2255859375
114027919.6271115243 1253164.8652343750
114371739.1458911449 1268475.3173828125
109446145.2927280217 737632.2617187500
118588669.4424173534 1377908.4306640625
111023756.2345073968 1007863.7500000000
109783555.5774537474 833991.4665527344
114549109.7772327214 1279387.5117187500
109882650.8166447431 852803.4338378906
117360194.9194581211 1361394.1083984375
111617875.3695367575 1066607.3657226562
114912286.3214718848 1294086.8330078125
114624014.3165283352 1280411.0341796875
109836707.4595642537 843703.4914550781
116608267.4964464009 1345933.1240234375
109787312.9278716892 837854.5227050781
121782470.4066353440 1381081.6435546875
109692033.0425501317 816725.5822753906
114872484.8518138379 1291152.8808593750
115709998.2786562592 1323512.0107421875
119385004.6149353981 1380030.8466796875
113191705.7475975454 1196783.7294921875
115688713.0646055788 1322942.8525390625
117136695.8096342534 1356682.4306640625
117354009.9727575481 1361340.1406250000
114131568.5122022033 1259090.0888671875
119061587.3468921185 1379606.4150390625
119550246.6903475076 1380168.3720703125
115098997.7599362284 1302558.8798828125
117764729.7317422479 1368536.8466796875
111676030.9839258343 1071110.9541015625
116272986.1647692621 1338746.6796875000
122912462.0769851208 1381209.6455078125
109618846.5309785157 803869.1179199219
110649220.8868633211 962325.5498046875
109639768.2262914032 805956.6269531250
119913641.6063848585 1380502.3134765625
115522686.0080103725 1317627.9296875000
117436453.5419584960 1362034.2802734375
114926491.1617586762 1294919.0761718750
118518239.2455007732 1376955.6474609375
109480942.9073965549 753510.8652343750
110009800.2464043498 869399.7258300781
112458778.8727739900 1132484.7885742188
109483068.4924274683 756085.0961914062
114609668.6025855541 1279882.7578125000
115220458.5995407254 1306735.5576171875
119285470.2186092436 1379981.3330078125
109599358.5986122787 792304.5451660156
111025989.1059338897 1009234.6591796875
114700306.0959389955 1285148.8144531250
119814805.6309552938 1380410.5283203125
109454055.8751907200 739957.8798828125
112544913.2917956710 1137888.3706054688
111064823.4075882584 1013791.2333984375
114615990.4470061511 1279962.2763671875
116367611.5326594114 1341530.8144531250
111336413.5924350172 1041742.5556640625
114465340.6939875036 1275296.0468750000
112494121.5625247955 1133601.3896484375
114309158.9180614650 1267179.2753906250
119434139.3942269534 1380032.4677734375
109805472.9427501708 839298.3674316406
111728258.3629509509 1073377.0756835938
114236815.1154282093 1263576.1640625000
116843995.0078086853 1349293.9707031250
121669598.3022096455 1380944.7509765625
115039403.9192166626 1297880.6337890625
119570037.4092419297 1380183.8466796875
114992544.2052649409 1297320.7509765625
116537886.7285529375 1344058.1923828125
112753419.2674006224 1158951.7221679688
116306359.5576723218 1339584.9472656250
109542577.3877349794 776671.6674804688
116826378.8712100685 1349243.6406250000
119026764.7411426604 1379589.3154296875
117073919.5196785033 1355650.3945312500
111238286.3225569874 1031690.8134765625
111190470.5450855643 1026200.1435546875
111994562.0021617115 1096908.5595703125
115648668.6224632859 1320946.1552734375
115271260.1574136764 1308531.7871093750
114215061.4712918103 1261434.8164062500
109558535.1369326115 783213.1557617188
112578105.1112868637 1140911.7836914062
117471380.3366719037 1363343.0371093750
109533764.0663122535 776262.4221191406
109524497.7674390078 774980.4912109375
117367673.0228251815 1361447.8652343750
112718677.8051614165 1154527.6372070312
117308503.5635590255 1360777.3759765625
115686075.3833843619 1322391.0761718750
114169395.2018149495 1260033.4931640625
113036189.5823357850 1178966.7402343750
112887209.3035763055 1170920.3627929688
115879578.6708965302 1327465.0078125000
117554081.9778513312 1364926.1855468750
111093945.8697158545 1015858.9809570312
119456757.2899288237 1380033.8076171875
112609568.8581415266 1143818.5541992188
117203246.0026417673 1358300.3984375000
112705275.1774361432 1153725.4135742188
117277919.6278594732 1360654.2861328125
109517799.0770635307 772046.0644531250
112665838.9248573035 1153681.5346679688
111125498.5202111751 1018869.1147460938
111148209.2086000890 1022457.4868164062
116983279.2178785354 1351321.6884765625
109765604.1877387315 831807.9863281250
112767000.0551041067 1161498.3911132812
115552793.8096246570 1318304.0351562500
111870595.3530369401 1085900.3930664062
109479844.1371397823 749767.1435546875
116118615.3525106311 1333664.3408203125
117026412.5637719631 1353993.9072265625
116656171.9768601358 1347181.5732421875
115514548.9308743030 1317001.6406250000
115668491.5889061242 1321783.8779296875
109588274.3846844435 790203.5812988281
110564452.0125761032 952391.8173828125
116244943.8139503896 1338541.2714843750
122329110.3658880591 1381109.8544921875
111826169.9754753858 1082104.3896484375
112068345.8646210730 1102057.9511718750
111987321.1043007076 1094492.5444335938
110719953.5666322112 969336.6005859375
112060565.1058043242 1100416.5219726562
111969799.1918649971 1092592.5068359375
111871432.9984759390 1086903.6240234375
115864168.0106216073 1327425.7431640625
109744175.2641418129 826802.6474609375
110763272.2982735634 971925.0849609375
116753801.6627801061 1349138.6796875000
110414391.8782112300 930520.4824218750
109654602.3775507659 808797.3146972656
110712754.8697234094 967608.4248046875
122319388.5556421578 1381109.4482421875
112970956.5100547969 1175050.0073242188
112943689.0101503730 1173471.3266601562
116514877.9482221007 1343815.9560546875
116424133.6266392320 1342599.3857421875
115901936.1952561587 1329111.3378906250
110773410.0919826925 972293.1015625000
116366841.2588832676 1340832.6474609375
116401751.9130127132 1342218.4951171875
116405581.0259166956 1342485.9716796875
116197916.3120590448 1337782.5175781250
109572837.4472339004 787106.7839355469
109479498.3711223453 746909.9680175781
115999643.7930318415 1331806.5917968750
115831077.2137461454 1326601.1386718750
121525325.3581873477 1380928.1376953125
109506109.7494722158 761767.8337402344
110584229.9120427072 954783.8242187500
112942588.9822320938 1172246.5161132812
109615548.0043599457 800935.1560058594
109495118.2864678800 759588.4782714844
121577294.6254521608 1380928.6064453125
118430383.9720769376 1376413.1689453125
110999162.9656212926 997974.3066406250
110501083.3468057215 944238.1440429688
112332508.2558912486 1108315.5078125000
110804251.1710292101 978258.6000976562
110938045.5753037930 989188.0234375000
110959439.6489450634 994009.0781250000
112343328.8710985482 1109228.7939453125
112297124.7094572335 1107599.8686523438
112296215.7747645974 1103816.1025390625
115129290.7325765491 1302866.6650390625
110472261.2643259466 939581.4711914062
110420465.8689896464 931287.5092773438
110361733.4866203815 922290.7197265625
110316150.8455611318 911941.1367187500
110318870.8168036193 913136.8874511719
110324362.5303915590 916368.6035156250
110228116.7460942566 895804.8920898438
115408233.5800775886 1311431.4531250000
110265569.5436381400 895876.4318847656
110284714.9448123425 904877.5395507812
110187712.3328157216 889677.3032226562
110267441.9700849503 901438.7817382812
110213260.6517246366 889778.1479492188
110145178.6249634176 883912.2211914062
110118023.5314382166 878827.7543945312
