657370373.1573703289 35638.4968807537
657238047.4789173603 34974.2936069805
692733655.6005915403 79882.6958612595
692767845.4494917393 79907.4946363484
773602857.1898790598 118162.2051239014
774927945.8731100559 118371.2436676025
774451393.5308498144 118329.5347137451
657628027.9218696356 35641.5884307164
657439155.3728190660 35638.9079677898
657341341.4904657602 35637.8016979534
657596070.4189915657 35639.1189968425
657299645.9823404551 35345.2277386028
657336063.0134911537 35479.6473947882
657359347.6945844889 35638.3026058513
657703879.2249850035 35651.5318859296
684157852.6897737980 73527.8695680556
684420544.4824103117 73676.2915727553
684253747.9834085703 73562.4933473524
756453496.1481652260 113990.5368919373
773879125.9019700289 118260.0960235596
654634832.7697242498 27990.1231155467
683921440.7505515814 73414.3257524428
683812923.9864777327 73187.9294206557
683823773.7592430115 73265.6564102825
684212532.4864108562 73546.1035844740
757539931.9695684910 114499.8298454285
775157634.7971210480 118373.5429229736
774435190.3838654757 118329.1549224854
774558590.1894123554 118363.3130950928
774465733.6805913448 118357.4653167725
683355543.9408581257 72828.3841096815
692969262.5130473375 80133.3874568391
754432846.8143775463 113176.4091911316
772551903.4603010416 117888.8667831421
692791875.0490789413 80120.5593744528
684100515.8493179083 73516.0134202894
683683625.8498314619 73187.1407854017
683490167.0338424444 72948.1949998793
710643461.4001685381 91017.4185123928
663692295.4093054533 46990.3528527777
663390196.6575101614 46618.6702889960
663620234.9386376143 46899.9558279421
683326364.6478881836 72744.9747468886
690312403.9308449030 78457.7398907706
753659948.0322608948 112810.5981712341
754216274.1264284849 113109.0524291992
789453160.9796328545 118921.9904556274
656992651.6840062141 34870.9214751038
691201926.2117122412 79164.9177320516
691534620.2555229664 79339.7255704915
711925454.4940646887 91639.5422791307
663592459.6225478649 46897.7266104128
690409130.9792814255 78522.4803463981
690682960.7622456551 78773.5182874715
691325685.2692213058 79258.3664167440
663639749.4025459290 46907.1200721553
683244446.7723323107 72651.6947481093
711193407.1888571978 91293.7065552537
790360556.8430804014 118953.2580871582
683673246.1381398439 73065.0427247938
753429308.1406602859 112716.4870948792
663289079.4888485670 46167.9069602918
690557259.4422812462 78626.8531110799
691094969.2298327684 79090.3853834188
756589582.3666195869 114114.0651359558
654401571.2023874521 26647.5519245338
683231203.6938474178 72625.0253090319
656796197.5219217539 34100.2788439575
656705425.7693947554 33733.5277434174
656594029.4340238571 33428.8606224838
663342367.4209680557 46527.6255557965
683471579.0463657379 72895.7002946791
690937400.7391033173 78910.1383359944
690627098.4176685810 78762.0304334676
789980975.2318799496 118951.3216629028
711438837.7245608568 91410.8734238887
711285750.9481647015 91337.9309662645
690762924.3098803759 78781.8948337333
691018228.7698856592 78960.8807616131
654511089.2231093645 27404.0732132863
710347212.5882345438 90765.3163078163
654412856.8846206665 27003.9651232023
656515440.2313357592 32945.3812297617
789062771.0361822844 118858.5504226685
710555999.0513687134 90979.4371613328
664018531.4979515076 47215.3359205098
709634606.0482555628 90317.3692329262
684849411.5514186621 73825.4582025763
709490829.4338749647 90304.3288276527
710001390.9839545488 90592.8658792857
656503544.8656678200 32940.7957478096
656305331.0238169432 32290.6041654430
656479581.4122816324 32822.3864539289
656413722.5966402292 32656.4269566709
663959528.4397429228 47182.9036466450
688922067.5003324747 77145.6963722026
663948440.9693005085 47132.4404521034
656318621.4305188656 32297.5484720061
656189216.3861714602 31946.9201655320
656413128.3892759085 32648.4707508168
689542469.8574101925 77739.9575549858
656223892.9535052776 32022.8318490467
688394151.2300546169 76817.2714530742
689306359.1382322311 77500.8742343681
689324260.2127369642 77630.4093829887
688310321.8711124659 76760.2394935405
709465767.2934839725 90197.0489351634
709069397.3600181341 89878.8308520275
688990115.1245141029 77346.3768226421
688211269.7918627262 76655.2458850658
688326633.5051746368 76779.8239280498
709351544.1890447140 90068.7967548328
709285187.9155567884 89929.5517139393
755891802.3853638172 113807.3936729431
688438880.3915563822 76936.7596809184
709836803.2771034241 90464.7981684093
709367082.3218606710 90187.5935535389
688938335.7591688633 77217.4876167094
696521535.7308763266 81966.2988336146
696420625.0677604675 81936.3781488001
696802215.0076692104 82030.4305531814
696566984.5249828100 82019.3237588465
753765970.5135666132 112915.6326789856
696816604.4069688320 82048.9524819910
663959530.4536571503 47212.4172574849
687964806.5008326769 76425.3723616516
688054172.9861297607 76425.8008284485
688122447.3035098314 76514.5309131062
687954526.0103087425 76425.2182478821
696572563.1436120272 82022.6914041102
655317435.0283468962 29134.0040360828
753899841.0632321835 112974.0028877258
655072209.4065072536 28406.6214069730
655421284.8019373417 29506.9644883665
655259083.8645361662 29133.9908941182
683102840.3505165577 72370.0065386054
664043036.4083455801 47306.1114970491
683070449.4195446968 72254.7627489325
655561465.5340354443 29880.9006373481
709832167.4339100122 90455.1135481721
655516108.7499713898 29605.0347462651
655856508.4123407602 30665.8806294593
676106475.4365085363 64521.8385255542
676156119.8284204006 64807.5754625406
655695950.9992903471 30207.0666771325
754262089.5168483257 113126.5136528015
676135388.4684555531 64768.1862985697
655216629.7981445789 28763.8042445124
761594477.4189358950 115170.4273834229
761884429.7874062061 115258.4813919067
685803333.5424355268 74397.6887709331
676113726.4895992279 64767.8009759989
754191358.9034420252 113082.9775123596
753891614.5356808901 112952.2552986145
754119861.3836573362 113082.4467506409
685245017.9366016388 73880.3894850445
685195099.6999084949 73851.0012327862
762146350.3126455545 115287.0811843872
709217733.9565174580 89894.5472778803
685163156.2000643015 73850.1938145590
761653109.6260194778 115256.7176132202
755315372.9639950991 113542.4649543762
755678781.9618546963 113718.8859901428
754529678.9314953089 113273.2886009216
755648591.4122623205 113672.2223930359
762190471.4011435509 115317.3948974609
788500197.9817038774 118791.0741119385
761362915.6794171333 115154.0486831665
755350723.4888589382 113569.3694038391
754894433.1236346960 113394.5474510193
694030707.5979861021 80176.9958245545
675809953.0123221874 64239.0781229861
761910883.5295864344 115276.3880996704
675964820.9728795290 64391.2329707279
676061138.8582655191 64520.7197270527
694415485.9495033026 80445.6782257298
694477084.4048449993 80498.0947549837
663029813.1359055042 44757.0998860128
663091162.3034794331 45093.6188679464
675883493.3958637714 64266.8055791690
755445487.2102659941 113621.5912055969
662714326.2664266825 44057.7947916785
662931565.6724685431 44318.6240154157
787913803.8783223629 118770.6557998657
662976529.7797243595 44672.6674537609
662768122.1302540302 44304.6124309931
755069306.6304774284 113455.6256904602
662297947.6640951633 43440.7749571072
662422166.0375410318 43685.3803625936
662945362.8238786459 44511.4930459576
662963105.7336018085 44627.9992396550
680515814.7556902170 68952.8125634637
708854048.7045209408 89503.6174916164
786490768.1739301682 118611.8934097290
786873696.2395975590 118649.6964187622
760516734.7650860548 114908.1768722534
787777471.0854822397 118663.9368972778
680630393.4665703773 69301.9062539857
680646614.4987829924 69309.1805195671
760213986.8318221569 114869.3600082397
760532923.3004859686 114916.9689636230
760087041.3255212307 114790.9760665894
681296363.4355783463 69869.7698097092
681390289.3298867941 69900.8834515794
680923470.5480155945 69545.0699424606
661921021.0737679005 41599.0023976637
680871258.3573703766 69436.2911167007
759933352.4243978262 114763.9045486450
661803916.9224054813 41420.9710283007
785842544.2834800482 118543.6500930786
679391239.7272653580 68011.4423879844
661522646.6229645014 40622.7106815416
679374726.3266144991 67940.2226137680
679123584.3585927486 67678.3399554652
679016494.5373859406 67589.2787219447
661571976.2684754133 40891.6935306627
678539351.2985960245 66848.5459443909
678424000.4646344185 66828.3954291522
784856292.2588344812 118468.6041030884
784670618.5242601633 118456.5026931763
783162434.7459853888 118416.5664443970
782582815.5931677818 118400.0745925903
783224810.4406926632 118430.3326492310
782529574.1725426912 118393.4245071411
782024776.8680204153 118393.3822402954
781206475.4777759314 118373.7221298218
781211663.4750205278 118378.2391586304
661385853.0299485922 39496.3159045786
661378813.6427917480 39226.4091072207
759926818.2928481102 114700.0522766113
660809138.7665703297 37848.1745547104
660627430.9345684052 37481.1836693777
660633202.8502671719 37511.2968760404
660246335.9606120586 36454.9608521392
660521184.9426206350 37159.4002114203
660478920.4648691416 37118.7348947789
660419317.7978858948 36897.5024318959
660314501.0935964584 36747.1053247716
660117226.7723820210 36375.2929232385
769254989.4492678642 116483.5502395630
769770055.9952600002 116645.7667922974
769162847.1496605873 116345.8236389160
769534722.4158427715 116595.0033340454
769941911.2238011360 116674.6828842163
770515305.8685905933 116795.5202713013
771093843.3348037004 116823.7356948853
674989422.1607533693 57578.2380932546
674944903.2385704517 57549.9748219228
771652156.4401596785 116903.7061233521
771657897.7481042147 116903.7740402222
674607060.4148627520 56514.2320171311
674312349.2985453606 56051.8490725546
674592864.9942219257 56439.7222798630
674429721.6829646826 56256.5783611252
674341102.5704742670 56122.1460812851
674029496.9400845766 55342.9197366997
674241439.4447510242 55861.3043150916
674141494.9076343775 55801.0393503471
767572632.1451462507 115424.7422180176
707239334.6033008099 84557.1385394592
707820351.0314605236 84941.8783818209
707690656.9748265743 84932.5760441744
707595663.5833731890 84717.7785283053
707614169.8120220900 84750.9448719943
706988173.5797145367 84443.9061214585
707015280.1190088987 84445.2568370361
706621170.7584900856 84178.9917270202
704729662.6812071800 82531.6595395094
730333384.1877052784 96246.3430607074
704278766.1952433586 82268.2687476164
730194076.9335490465 96162.7707727716
729556202.8068715334 95984.2458627985
728584312.7247228622 95276.4810165034
727813724.4731853008 94773.1636664436
727726917.6636074781 94580.7153365181
727693220.5956156254 94565.9247519539
726326173.5881935358 93880.1186608076
727739885.9892724752 94730.7356688545
727475930.0023729801 94451.1219131516
727296907.5678601265 94451.1188194321
727099976.0547612906 94231.7204260395
725612154.7262060642 92603.2298584041
750625899.0893783569 99883.1247230960
753012289.0061647892 100909.1145024300
752862512.3257498741 100825.9749112129
752766380.6509690285 100671.5459637642
752860231.5560147762 100825.9337811470
752776547.2335481644 100709.7576260567
752605060.9898600578 100598.3983349800
752693899.5721323490 100645.3550877571
752776849.6882791519 100721.3193936348
749385135.4496027231 97655.1786770821
749890698.1762570143 97929.8745770454
749765592.4375227690 97843.5297818184
750224482.7805553675 98134.9244828224
749647621.2762123346 97819.4264950752
748789231.7875827551 96887.2628273964
749014406.8279949427 97123.5930924416
748674935.9301112890 96802.6262271404
748891775.8921993971 96937.3324341774
