428111205.1053565145 114714.2943533123
438588826.8206429482 229451.7424232601
438486332.9557307959 227978.6564618241
450398590.1511918902 303779.2409096956
451334935.0527705550 308740.2900429964
480726103.4107134342 391537.7953491211
429948095.8284687400 142822.3418562874
429840893.5977954865 142417.6067183479
430679775.8280257583 146878.2551723770
430156158.2468298674 145120.4074346885
438775034.5557742119 230405.8078158986
438936374.9265490770 231044.2509201657
459284305.5254586935 344256.4106292725
459789995.8938084841 346212.8141937256
471561940.7982287407 383448.9021606445
493064756.7907328010 393279.4547119141
434413377.3196496964 193642.4106521620
435426971.2133527994 202825.4646069421
450478699.9170208573 304932.2291756868
453125055.3002614379 317169.6912575960
453137018.5504899621 317417.8458038419
458617346.6309949160 341759.4914058000
469732689.1489211321 379881.7490844727
451347113.5813342929 309146.0091419853
471361022.1146104336 383368.7413330078
476893832.0537757277 389919.7091064453
430275302.8021937609 146589.2071359917
429188016.5933959484 130762.9750942199
429951452.0246744752 143099.6181337517
430046253.0581621528 144597.4845220908
438542713.6542127132 229228.8105896603
438281458.4558153152 227394.8283673417
442889370.0406705737 256894.9041898269
458571592.9935529232 341553.3680537492
426138463.2966508269 74358.7403889705
426256793.2128154039 77514.1294656988
458865901.2321646214 343280.1732295305
470012883.0036387444 380740.9270629883
471199566.5210297704 383292.2819213867
429885545.3625164628 142564.3426763877
449897605.9444537163 298643.5376280472
469002649.7748618722 377879.3602294922
434311108.1638349295 193115.1702651991
458704170.2296870947 342094.1874726713
434186142.9084109068 191646.9542961134
425752896.3239838481 57657.7062913614
429777522.7154906392 140923.3824619144
438215087.4412924051 226419.4769731811
469126588.6600958705 378166.0738525391
474065689.6892343163 387173.0778198242
438046141.4995100498 225423.5568085960
471096303.8923600912 382998.9931030273
429913724.1983050704 142799.5143167922
434426134.4141544104 194023.2487490116
434272789.0292146206 192604.0387458815
442940840.6983370185 257432.9873757380
438239246.3844622374 226439.8670396484
453059435.0042719245 316916.7570963632
469272665.8463560939 378909.6440429688
477399981.6084271073 390725.1082153320
452528384.2999362946 314809.0727273226
442938911.5119009614 257338.7795865554
471087932.7087242007 382981.5643920898
438207445.5013436079 226325.8711930565
471008860.5564910769 382913.9924926758
470699942.9255081415 382051.1144409180
459447531.6043907404 345385.9601287842
460232665.1735613346 347685.8175967932
478232412.5633159876 390992.2389526367
442704684.2488788962 255622.9010109919
442666918.6492860913 255477.6778693256
434587431.1585797071 195666.1382942213
459355627.6374640465 344837.0934439898
426097471.1765415072 73725.6052266169
429840400.7811382413 141682.2103025539
459673106.3486566544 346170.3624725342
429708092.2889145017 140131.9829771144
429476292.4785411358 136975.7083952053
451913094.5432084203 311835.4921513796
459836767.3057283163 346833.7491912842
438155856.9891248941 225957.4059296898
434247835.5073288679 192008.5800876631
459507758.5924741030 345752.9938201904
426116269.8654989004 74120.5093228949
429429291.5982505083 135770.5510209932
470132883.0458917022 381156.8527221680
469494371.1516265273 379427.6534423828
451673090.9973589778 310824.1222573519
470850615.7928137779 382360.5230712891
428236656.7220003605 118316.6517266035
478012831.3517398238 390957.3427734375
426217637.5900241137 76344.3524866236
452083378.5043405890 312883.1174660921
434248933.2278169394 192076.1287326826
450793961.4122508168 306365.4826699495
450952990.6351934075 306967.9633370638
451840777.0193194747 311832.4546548128
425774485.0444205403 57742.5909276443
429296711.9886178374 134615.5806330650
451029428.4622269273 307539.5513955355
450615347.0029569268 305677.0731240511
470790950.1224363446 382203.2910156250
469105705.9345843792 377940.2106323242
435029421.6936571598 200132.7974593653
429191065.1283099651 132607.9072321861
476917918.0191150308 390323.1814575195
427852594.3924484253 112069.2932639509
429017552.0585052967 130762.3840998618
442720886.4511330724 256102.7356753367
426059579.0194674730 72029.6269778859
443761494.7752369046 261872.8406895520
428824501.6204190850 127399.7702082603
443358759.5636679530 259637.5532699329
450927551.6152864695 306952.3226968050
428975190.3214305639 130000.7914852409
434885286.0953289270 198349.7696788325
451464330.6152794957 309811.6987954378
426453010.4282715917 80355.5568709385
426424198.5803679824 79984.9152388584
438276313.8240360022 226556.4939346625
425839128.5648378730 59910.1771873286
451168542.3722844720 308504.0343667269
470805012.1463255882 382223.6883544922
428135331.9573935270 116695.5127048045
451142988.0115893483 308333.0322304964
451357730.5811451077 309298.8712807894
434596459.0434221029 195759.7939249705
427743439.2536516190 109799.5152404667
428747554.9071062803 125799.4557880370
473503542.9084450603 386604.6450805664
427828004.5713999271 111843.0923937024
428784192.2156985402 126698.1716693847
443122725.1470575929 258664.4513107043
427827444.6784024239 111138.8362882794
425841276.8019940257 59917.6434199862
443046107.1591040492 257987.6392905813
442769257.6358249784 256332.6542747122
481013218.9912856817 391631.9773559570
442836752.3245961070 256623.1601684195
427820409.3222919106 110514.1819151104
425901349.3079380989 62336.9284290128
425872018.7035586834 61995.5124553494
436850993.5885270834 214991.4828950494
427903829.7176344395 113047.1584224165
449740774.7520039678 298478.3748939370
427886580.3801275492 112721.7952458411
426003545.5861165524 68344.0334594293
425969757.8446298242 64805.3447401567
427501808.9326760173 103200.0408792333
449667448.3868791461 297225.7500927781
427866706.6527973413 112547.3237608136
442539454.3502114415 254723.8889179033
476492580.1708344817 389715.2229614258
473258299.3465854526 386209.9550170898
428326968.7717483044 118719.3421133324
480681697.1367721558 391485.7816772461
480506848.2451627254 391458.0137329102
437527435.1741338968 219815.2544193207
437259313.8215155602 218104.2069180362
437067516.0302538872 216587.3827603214
437144704.6631665230 217195.0636768691
437002642.8314584494 216261.3118985050
480405171.1919745207 391440.9196166992
472942772.1616362929 385507.7463378906
480360314.5517702103 391423.7044067383
473109058.2374230623 385868.3541870117
480355659.4570178986 391417.1182250977
436703965.0457998514 212966.8099568138
436535409.7075382471 210416.8085835228
492070106.1660727262 393022.5451049805
492325380.1034567356 393213.0015258789
434114741.6442114115 190271.4445481612
427528399.6229484081 103535.9938481585
436447027.0950282216 210364.4333088646
427596894.0689072609 105760.1050687567
442416514.5585284829 253757.4708322044
436181221.1348214149 208507.4193568850
436317799.7814505100 209912.9269557620
436570783.2941110134 211877.4709010745
427560227.2672901154 104626.6313304529
433962309.5167106390 187566.8673767908
434027400.8916251659 188353.8166411980
436064084.3795824051 206980.1147253583
472343878.4466238022 384657.1275024414
435912236.3920181990 205727.2192828758
434005226.8537154198 188015.0413711532
433924725.5770715475 186518.1738708480
428536021.1986056566 122248.6825054495
458366341.8203029037 338870.5900109839
472702697.8647221923 385232.6882934570
479898388.4755292535 391176.7724609375
456203614.4257893562 329614.0194692788
455829250.1122059822 328275.1146851954
442251658.3132228255 252611.5829744795
442142165.2558185458 251452.9140184680
491993425.4896410704 392940.1104736328
434113063.7858679295 188992.3193977340
467592319.9825142622 371058.3743286133
476323052.6631712317 389491.1457519531
441977761.6191818118 250198.8027010420
467744270.4218385220 371578.7286071777
479825590.8391392231 391107.5274658203
427695440.2482624650 107843.6543159620
436048850.4813630581 206588.8232926461
457819857.9637148976 336123.5071372986
427697175.3939976096 107897.8194242255
435749834.0289533138 204557.8738791156
440247601.3921979070 237525.0257607631
457972406.7527415156 337446.7673921585
441768413.1332189441 248534.0002328316
426945066.1304653287 85159.1397763076
426882019.4783281684 84833.0689144912
455733338.6654208899 327889.8217164454
467880459.4657917023 371849.8385925293
426804784.4242366552 82007.6945467894
426948808.8849766254 85817.5104464949
457277854.8896439075 334538.3737303019
475030979.9835422039 388096.1401977539
475327113.3531663418 388324.5010375977
456797455.0151056051 332309.9095464945
456931237.5834383965 333024.6002813578
440758990.8258673549 241279.8364344360
440146977.0271326900 236715.3228292714
456514926.7119685411 331092.6334844828
440807917.3389937282 241445.8805446874
440686146.9788694978 240669.5524740468
440482414.6534480453 239420.0495443593
440944179.6397671103 242335.8350221096
440647106.6152535081 240467.3970118286
467694016.7247743607 371256.8780670166
456552545.3994666338 331127.9021413326
474755751.0750479698 387427.1712036133
440207826.5808964372 237199.5687399160
475204458.7956923246 388195.6215209961
475450821.9077510238 388419.4411010742
440457146.1251764894 238842.8017386447
456753728.0678632259 331926.6442134380
456607670.8990105391 331289.1577632427
433754419.9879508018 182747.9343622084
456009913.0391005278 328776.0288808346
455708359.0356851816 327692.8225099025
430959168.2148272395 149092.8691626601
439609088.1720562577 232630.8910168910
427449290.2717536688 95723.9699985227
466560782.7422260642 367564.0049438477
466589653.5331483483 367586.0927124023
491759217.8154184818 392639.9459228516
455430469.3068530560 326256.7869569240
427380198.0077104568 94040.6923744290
455423318.5464407206 326014.4761048732
427204540.7037486434 89743.8872581518
427214199.5093506575 89922.2914293206
454744992.4008167982 322589.3600981236
427171332.6058115959 89406.8381212152
427232987.0162082911 91329.1405707247
427308774.7196310759 93279.8748085111
454747890.4542311430 322956.1419584751
466953935.6959577799 368390.7885131836
454526074.9632614851 321677.9317533970
454176881.9918169975 319205.9794684090
454380823.3577301502 320588.2904883064
433137233.2644748688 171748.7278779380
433222391.9607673883 172745.6487153403
433143231.8945004344 171759.6954987876
433255204.7475012541 173603.2574799887
433097031.7717075348 171512.2606694370
432906296.4789595604 167733.5358576514
491382675.2893598676 392041.9405517578
491593714.1720327735 392127.0734863281
432572664.4683805108 163712.1169192940
432099657.5403675437 156222.3298849501
432453777.2319732308 161957.7553561479
432479276.0473027825 162035.2922339961
432391774.8165767789 160989.3508891501
432373014.5338754058 160406.8252615370
432266764.0693885684 160002.0901235975
432216165.3405789733 157979.5420295633
431673740.3797792792 152273.1789223589
431660465.1565025449 151722.4217612185
446247399.9957559705 271830.4769854130
446194201.9083093405 271117.1158098759
465150604.8420670629 359214.8902020454
465281909.3637334704 359862.9100995064
445490934.0951355696 265406.8656976839
445759399.9988119006 267114.9149377962
445688935.4368992448 266921.7618768831
445831664.8777335286 267572.8906295319
445890134.3373847604 267703.1055305024
445911007.8152999282 268178.3999750634
448580632.2674632072 283856.5070164910
448660697.2204788923 284751.1873659239
448477348.1584582329 282939.2096419082
448625400.2313103676 284031.7510866270
448463683.8528679609 282938.0204456559
448345839.1732227802 282926.4683717833
447814857.0350906849 278953.0075308791
464716233.2775871754 350331.8675537109
464573673.7622349262 349452.0384216309
464581125.5321435928 349841.0758361816
464538063.0432395339 349323.9281311035
