338674135.2168612480 1486913.6171875000
398034976.7062194943 4250416.0722656250
401810836.8519735932 4282441.3789062500
347589153.5053234100 2371080.7277832031
361466408.1324602962 3255174.2851562500
372108003.9468318820 3662472.5380859375
390084848.3268257976 4125660.3476562500
395986080.4253538847 4219916.0478515625
360559191.4716743827 3210691.9267578125
372768911.4827653170 3680621.0625000000
347371824.5196797252 2363806.5183105469
389950909.7793802023 4122624.8652343750
385431796.8015885353 4027983.8437500000
395912138.7151193023 4219177.8759765625
397901645.1783028841 4248879.6503906250
367259764.3846166134 3491672.0781250000
389908248.8199410439 4122104.5390625000
338211309.1598370671 1392230.5405273438
359879855.1586298347 3174265.2851562500
363577733.5564640164 3346766.2460937500
363326079.4705893397 3335386.2158203125
390506830.6405600905 4134772.3339843750
360503275.2258651257 3210539.5498046875
367316925.8019075394 3493428.6347656250
378109408.8998712897 3847399.6074218750
343845461.3693273664 2070373.7548828125
360113201.8427582383 3190333.9990234375
367366553.8569773436 3497153.0947265625
390341864.1696841121 4133624.2988281250
362623760.0599797368 3307586.2353515625
385502854.7527490854 4028765.7929687500
385544382.7966367602 4030627.9257812500
385455613.3465235829 4027987.0781250000
360437276.6547739506 3203559.2021484375
346930442.6302598715 2329157.3225097656
350113690.4718304873 2541557.2421875000
372186820.6646787524 3663669.1777343750
390280653.5744366050 4130743.3828125000
400928161.1418090463 4276078.4082031250
385143056.0085740089 4022124.1621093750
362676245.8807709813 3308360.9794921875
372314950.1905868649 3668276.1826171875
384464929.5456115007 4008578.3789062500
360611107.3653820753 3214921.6367187500
360303470.3587682843 3200855.0576171875
391195442.1949738860 4143301.6689453125
407824929.2886404991 4304718.8437500000
346965983.4561716914 2332482.7304687500
396397151.2038164735 4225488.8994140625
363477923.2576219440 3340541.0039062500
408208254.9601233006 4305508.5527343750
360483167.1347715855 3210526.3486328125
341021571.4446753860 1793030.9150390625
347658635.0741672516 2381017.6169433594
349846620.2269086242 2528339.3254394531
360566661.0841163397 3214517.8300781250
362176998.1453374028 3280945.6562500000
372223412.6057726741 3666458.5830078125
349597019.1068117023 2504132.9333496094
372018084.9955429435 3661103.5224609375
338572518.4228227139 1480370.9511718750
389538958.7118912339 4114192.8046875000
379713628.1000923514 3896539.7724609375
379222521.0322408676 3884184.2910156250
372170162.5463600159 3663388.7607421875
389958836.0231480598 4122702.9287109375
360065409.8367020488 3186721.8427734375
371905229.1802963018 3656411.1376953125
361885346.7165260911 3272342.0908203125
340576805.7045378685 1753102.6889648438
380904238.7897955179 3923738.4355468750
400960600.7666393518 4276691.5371093750
347373679.9160082340 2365642.7539062500
367151322.6120737195 3489043.6562500000
396320592.9864932895 4225360.0888671875
346862595.6274535060 2324733.9641113281
347125217.5804427266 2344682.9460449219
381312335.9353809953 3934688.7529296875
367233529.5974880457 3490431.3291015625
389898219.9489074945 4121988.6796875000
396135909.6018564105 4223908.7529296875
389678084.2471218109 4117959.5019531250
367005344.3225229979 3483660.0019531250
378076000.1940518618 3845558.2578125000
380770240.8110644817 3923141.0390625000
347277479.4207056761 2357529.1721191406
361169765.1831318140 3237638.2373046875
363302056.2324892879 3334050.5849609375
401186679.6633236408 4278794.5175781250
349481351.6047610044 2503951.9821777344
408103180.4387057424 4305075.7695312500
362513850.3028795719 3302309.4433593750
362846260.1285722256 3316564.1367187500
390005659.6415717006 4123784.1250000000
346993827.0046660304 2334737.9101562500
349602874.9502577186 2506513.2031250000
384253558.9883524179 4003245.8310546875
341121474.5111592412 1799735.1982421875
349393524.1835547686 2495470.6008300781
349279287.7662870884 2489803.6691894531
349244447.1006138325 2488331.2746582031
378580424.4559906125 3863471.4765625000
401405678.1261107326 4280557.5058593750
407621181.4930511117 4303577.5917968750
341388025.3177773952 1821767.0893554688
362619651.3642691374 3307042.2177734375
380885777.3152887821 3923636.2294921875
410091162.4327982068 4307300.3066406250
347238530.9545678496 2351423.8710937500
368068154.0001636744 3521605.2900390625
367655684.3564170599 3507421.7099609375
378469886.4553146362 3859565.8457031250
389311474.6902874708 4110162.3544921875
338394819.2865594029 1449969.1416015625
362194010.4936600327 3284871.1044921875
338897051.8655391335 1516599.9372558594
368278880.7008552551 3527629.9609375000
338257449.5277912617 1405405.4931640625
378581976.5242025852 3863946.3242187500
381042721.9502532482 3927940.8916015625
403517820.8625496030 4288914.0820312500
380416236.6079902649 3913233.7480468750
389815111.3958326578 4119984.7021484375
346436707.8240893483 2289912.8051757812
378343174.0730072260 3857634.8085937500
338275361.2584879398 1418593.1127929688
380700163.9259881377 3921462.1806640625
349409235.8188052773 2496689.2407226562
343811871.8993549347 2066527.4052734375
349335795.4984868169 2493756.4211425781
367399131.8585504293 3497401.7607421875
366814197.5952438116 3475821.7890625000
378492251.8023335934 3862399.1074218750
367929938.9025866985 3515527.6406250000
340567461.2291893363 1743579.4233398438
349201795.9302079678 2481441.5251464844
407447164.7271159291 4302057.4140625000
348871959.1597729921 2460745.2351074219
378551867.1611253619 3862968.0693359375
344512347.3349767923 2120821.0659179688
344508285.0040429831 2117341.0483398438
367498561.6647586823 3501605.5419921875
338184064.0703735948 1388447.3530273438
366727134.8338637948 3472030.0830078125
369729537.9116728306 3574326.1103515625
339967782.0140447021 1675386.9367675781
369653978.7010436058 3569809.1826171875
392348527.9489656091 4156949.9082031250
338169957.8620082736 1377762.1274414062
348995881.5360817313 2471908.0485839844
387817112.3058905005 4080128.3291015625
346513837.8141157627 2296968.6284179688
339220496.7247776985 1543450.4516601562
402958151.8115643859 4287793.2207031250
366888575.6722441912 3479035.1025390625
344376735.7680320144 2111753.6005859375
392604902.9328258038 4163482.9023437500
339299556.8843895793 1543595.2802734375
397565032.9178134203 4244338.9355468750
392187942.7707624435 4156802.0605468750
397609244.4710076451 4244888.3164062500
407185561.7603477240 4300128.0722656250
378930181.0069234371 3874967.2988281250
344214117.1011457443 2097867.1445312500
339204753.2348354459 1542248.7624511719
339806262.9920197129 1648335.5432128906
396887498.8206038475 4233680.1699218750
383604111.7501101494 3989474.6591796875
344349536.5326607227 2110684.8164062500
382796437.7766998410 3969928.2773437500
383518360.0484964848 3986093.2080078125
397318413.0662360787 4240620.7792968750
403439255.1703613400 4288721.1132812500
348820555.2001836896 2454092.2351074219
403133212.3145959973 4288143.3652343750
409784162.9673759937 4307083.4667968750
395507397.0486849546 4211659.7392578125
383408402.5094657540 3984916.8779296875
339625022.9017882347 1628623.6044921875
344140463.8610858321 2095277.1054687500
348206267.2115527987 2410583.3295898438
340154385.4270129800 1692077.5529785156
348637817.4635109305 2439374.4680175781
403370870.2403936982 4288516.5527343750
348290851.8338582516 2418801.3671875000
364061814.9471185207 3355741.1191406250
392406073.9363864660 4160360.7246093750
365819944.1673471928 3433900.6396484375
369837954.3315007687 3580319.4023437500
369800166.5002659559 3579970.3496093750
369859521.6193220615 3582433.2988281250
370043856.6909515858 3584868.5888671875
400587931.8582583666 4269046.2988281250
388115002.1749845147 4084189.6376953125
370064941.1856409311 3587551.1875000000
343715815.3120779991 2055966.1582031250
355887713.6204690933 2880951.6591796875
355562684.1164447069 2862479.9868164062
355764019.8414592147 2874654.7495117188
355959657.0115171671 2881497.5000000000
355840345.1825862527 2880350.8520507812
355764730.9831091166 2875724.7036132812
370145973.3748638630 3589989.4345703125
364964383.1240352392 3394367.4404296875
364631571.3110195994 3383306.0468750000
365308751.3181705475 3411846.1835937500
343910164.7261056304 2075095.8320312500
385910896.3364343643 4035337.1181640625
409066040.5831414461 4305786.1035156250
365355821.7110192776 3412019.6132812500
382929419.8368657231 3971851.9638671875
402901025.0997236371 4287351.7480468750
340321930.5009912848 1706959.0219726562
382049901.7877852917 3949737.9843750000
382330638.1269440651 3959092.1425781250
386113160.5390566587 4043434.7314453125
340327965.9513172507 1707953.8652343750
385975147.8737201691 4040130.2958984375
365060510.7471287251 3401326.7539062500
381819290.5743134618 3942900.1826171875
381444838.2985196710 3935115.9726562500
381937696.0592873096 3947939.2900390625
339915130.2001388073 1664781.1447753906
339446950.7135424614 1573483.0017089844
339534698.7197112441 1594044.7150878906
385694905.7615405917 4034076.4013671875
344943509.4638233185 2136460.6435546875
345046013.4539358616 2145954.8527832031
387427607.9221116900 4069258.8427734375
386015335.9367340207 4041660.8779296875
344752612.1299105883 2129836.7111816406
344848143.9423046112 2135883.7321777344
376444356.4570513964 3790372.3730468750
376381178.3863067031 3787106.9277343750
377446183.5142655969 3818376.7656250000
376486007.4871511459 3793922.2734375000
339390969.1490629911 1566797.2507324219
339493123.7467041016 1584610.3269042969
373646563.3561512828 3687581.1142578125
373825797.0247780681 3702304.2050781250
373685513.9004316926 3697387.9804687500
373924606.1320521832 3705128.1005859375
354793895.3593233824 2799326.2006835938
354794257.7298744321 2799617.4106445312
374563545.5769675374 3728595.2373046875
374278575.5303825140 3718669.4179687500
375063612.3735837936 3744593.3251953125
375340562.2897467017 3752418.3583984375
375229069.2671607137 3745613.3789062500
375006829.0997489095 3742332.9843750000
354352498.9476864338 2760934.5629882812
376362747.8123534322 3782450.8691406250
345924933.6911606789 2216418.0681152344
399892268.8999585509 4257560.4199218750
345812451.8023872375 2204634.3320312500
345735909.9660475254 2201850.8129882812
400211986.5709744096 4262034.3398437500
376294018.1024220586 3782357.7656250000
354754594.3853773475 2796298.1118164062
406617446.6908449531 4290691.5527343750
345591549.6721382141 2189362.9504394531
345503546.6721558571 2181463.8066406250
354651273.8192038536 2789072.7534179688
345264346.0806690454 2159915.9155273438
353995919.9345059395 2730063.4008789062
354115706.9048901796 2740813.3994140625
354024472.0438845754 2738595.2783203125
354152522.6961494684 2742325.9072265625
354177639.9633461237 2742841.0000000000
393470076.3976303935 4172709.6230468750
393803514.4107753634 4173966.2949218750
359204028.8107607961 3014069.3066406250
359333285.2775342464 3022090.6542968750
353002962.3469851613 2652080.0200195312
358863553.5893412232 2997505.4243164062
358636436.1052258611 2987351.9379882812
358245651.9000002146 2957889.8271484375
358266856.5257462263 2959254.9238281250
357817287.1359273195 2932808.8676757812
357968221.0443168879 2943600.2573242188
357761805.1659076810 2924585.2241210938
342378707.5421080589 1850358.2675781250
342135004.2390060425 1829514.9184570312
352849774.3438815475 2644680.2114257812
352409592.8998591304 2615480.1796875000
352608299.6569268107 2627578.2412109375
352498991.2878970504 2621454.7832031250
342819118.7367506027 1862836.9580078125
352327213.9799073935 2583572.2353515625
352063453.4386419058 2545160.3325195312
343361180.4069223404 1913344.1540527344
343095350.7194588184 1884329.2543945312
343305966.7603548169 1899963.8615722656
343061777.4158248901 1880490.0722656250
343387566.9633085728 1922748.7282714844
343584785.6794621944 1935890.9567871094
394397401.9157211185 4174388.5742187500
394860936.2295311093 4183559.1425781250
394496126.2036282420 4178433.0156250000
394658517.5716753602 4182490.7382812500
