169470286.5372910798 507.0691489192
169485120.3812822700 526.5209421130
204354950.0617850125 2095.5012149811
204146876.8129431903 2095.1233196259
203915210.5406879187 2092.1135025024
174991859.6711746752 982.0542831227
179913917.9745816588 1282.3039161616
188137010.1957612336 1676.7753876764
203063680.8627584279 2087.8449783325
188897922.4179403782 1704.6626195032
194435569.4213855863 1921.2713794708
196359699.2137224674 1989.5488152504
167995958.4348876476 230.9507533516
169702302.3319105804 549.9317270998
188119789.0712535083 1669.9321965296
196032977.0955527723 1984.0132451057
195972508.8650789261 1978.2613701820
202465646.5013637543 2086.8209972382
204490785.2604649961 2095.8550624847
175021103.4128695726 985.5217207360
187929828.6549690664 1667.2208537180
194598472.5201290548 1935.9648456573
194664485.6883085966 1941.3538484573
181385619.0802325904 1327.1827575618
194987161.3106348217 1952.5011515617
202409181.7638229728 2084.7774486542
204070035.0774168670 2094.3042964935
169300286.8003664613 504.4396032306
169416093.0055079460 505.9635059122
169421609.8217666745 506.8646830531
204617162.1618790030 2098.5498828888
169220840.2875023186 503.1858571979
195464737.3219350576 1966.0827717781
194742510.0583378375 1941.9792385101
204589767.0579164624 2095.9643039703
205960145.5051677823 2101.0586376190
169351460.1555106640 504.6053346090
178370024.9583981931 1196.6565881767
194599465.4518696964 1936.7495412827
169079183.6265481114 483.5053064615
174923994.7369730175 980.6440630175
180197662.6921225488 1291.6688157970
194641143.8600610197 1939.8343181610
205325913.7848548591 2099.8622436523
169017179.9109880924 481.1045183154
189146550.4271537066 1704.7519520838
204630668.5304839313 2098.5873775482
175046925.4465840757 986.1149912989
178245145.3953645229 1187.2187479203
188573744.8616114259 1696.7450951207
195908963.1772435904 1977.3900189400
177753597.0633799136 1154.0975804990
195119447.6546828747 1958.5320582390
168053733.7967633009 257.8827885544
168066155.6086974144 279.3158197297
188302319.6695232689 1684.2718762476
205983437.5710767508 2101.2313117981
168896098.3676214814 459.8738138454
168780060.4323604405 432.6980500595
168828867.4865744412 456.0331349747
172769119.6521010399 826.4463807337
188710650.8789507151 1701.5726143438
188088333.7602057755 1668.0509003717
188507176.5177513957 1694.5236891825
188421007.4436376989 1691.7686785776
205121830.7964341342 2098.9312782288
169140137.3351676464 491.8288132326
188670108.6272344291 1698.8625628129
198678475.7031727135 2038.7808895111
195750170.8350723386 1974.3074345589
202846126.4635556638 2086.8631114960
168167428.9605534077 302.2079535094
188652585.8844689429 1697.8670726851
198811969.8158038259 2043.4705123901
200777823.2066503465 2069.6967468262
189201998.3357828856 1704.8353894637
172590022.7731504142 816.3484016649
174594851.9268844426 955.2150485321
195989942.9481719136 1978.4065790176
196002258.1027242541 1981.5354542732
198489695.1921521127 2034.8022842407
202130714.9319931865 2082.7378578186
199356438.4207915962 2050.9954376221
200099823.5211377144 2061.5596103668
205782039.2846532762 2100.5123386383
168016887.8314080536 235.4757633872
196840450.5062260330 1998.9349584579
168949478.3219584823 468.4937283175
198706387.0255834460 2042.2244434357
179563389.1796699762 1260.9544046950
200513616.7667651176 2068.0816287994
175064966.3917586207 990.7966840529
199175810.9657694697 2050.4155063629
202024838.9819134474 2079.9947509766
203345246.5493702590 2088.8410911560
179599249.5397333205 1263.6170941056
174063372.8152369559 917.5296039387
185750425.0331189930 1565.7174385320
185988733.5559274554 1582.5299861864
173181474.1666861475 860.5397227089
206922962.2112487555 2101.3526573181
178658010.4763195217 1203.3610741537
168051840.8996002376 237.7747765975
174682864.3050165474 967.4023740554
167970128.2081602812 214.4396916823
169644782.4843371809 541.5055930044
186338427.9413611889 1597.2205098934
196401992.7416990995 1992.2080898285
199120936.2229965031 2049.5342159271
174755268.8607929349 968.2132814193
185919347.7967142463 1576.6386444555
185984797.2665632069 1578.0226595388
186230044.9220513701 1592.0476843185
197053269.1794409156 2003.6290044785
185907093.6222134829 1572.6361512528
198536157.7296390533 2038.1836357117
205901895.9832209945 2100.6519737244
169894417.7195674181 556.9982434811
169917670.3945406377 568.5495793146
169961819.8894547224 569.5276301356
185981777.3923148811 1577.6735212789
197253096.3545401990 2004.4650278091
178773239.0595949590 1222.9463836442
198978029.3238349259 2045.7755222321
198758987.2485001981 2043.3708419800
198255611.8853308260 2031.8680038452
170659222.7164123952 617.9662423917
170540646.4583642781 617.7557817289
186007018.9083310664 1583.7747290120
178735204.2721813321 1219.6718075537
186562749.3266651332 1606.3015459842
169213873.6252392232 496.0409588272
196218437.6015151143 1985.4824471474
200851372.3275188804 2069.7811431885
180792984.6467930377 1326.3746948948
170619128.5798334777 617.7904225179
185849289.0211609304 1567.2753364877
200032491.8001509011 2059.0413799286
198519631.6090849936 2037.1917552948
172873633.9195684493 837.7536722414
174353509.9184535146 942.3985152081
178846781.7261111438 1224.9075409288
187410547.4563881755 1637.9479369954
170800459.7883302569 637.2081273088
170401587.9771777987 613.7479973623
170458206.9964146018 615.2176879612
169608659.6312189698 531.9210764688
173000744.2498951852 847.4372348414
195859329.7008748949 1977.2207789421
187215870.1690366864 1632.0268091932
199883546.0742422044 2058.1048297882
168400942.3591365218 342.5902862897
170197874.9645799100 593.4917720524
170197835.3368059993 592.1938939360
180756775.4105199277 1322.2303713392
170374713.1886923611 595.1178228748
174148228.2673802972 925.9750051304
198192058.2424695194 2028.7452278137
170282680.5571544468 593.8903944385
169975635.3290490806 571.7347032917
168290091.5349832773 319.2552013746
169566107.3217593729 530.2387680528
178135594.2261851132 1183.8565995138
187177422.2231993377 1631.6749758557
167965130.9726008773 212.1406784720
180761916.5816610157 1322.4200910458
168311757.4999770224 319.5502980618
197968926.0573541224 2021.4384164810
172641640.0998651087 818.5382773954
178105592.9164703786 1181.5968748968
180301379.8221364915 1303.7054511958
185673760.5538353622 1564.3336521485
185870252.8532678783 1572.1205413178
179875696.4200611711 1277.9666716938
172014514.1236488223 753.8806589098
168359644.7490275800 325.1518054357
174067536.4454801679 920.6036186024
171837916.8386570811 726.8737882228
187558303.2700062692 1650.7232098416
172675964.9346186519 819.6379494659
173751726.0723707378 899.1490970153
172624700.2103567421 817.4990512320
172886557.7203093469 840.0801395999
180256107.2396623194 1291.9811031693
187138572.0128942430 1628.5595084266
187232366.8221537471 1637.1619158820
173416559.1094039679 866.5137641925
179892232.9293957949 1281.4600860947
186864006.0897589326 1620.3529889421
177477798.2657924891 1137.1638153368
179774712.5086256564 1274.0359127396
173306888.9755428433 866.2818655601
173809175.2388047278 902.3779617158
197259849.3396087885 2004.6546492577
177288770.4969891012 1114.7853958933
173495591.9818787575 881.9291942615
187066249.1892492175 1625.8509417162
172749005.7092713118 824.1949882136
178721980.2814806104 1217.3464757973
172245422.9756965041 771.8846116514
177352014.0223009884 1135.0823958689
168347019.9258645773 323.4928507367
177665409.6258587241 1148.6292217547
173602300.6505298913 884.4115205763
200495006.8246312439 2065.6392021179
172414992.7962660193 797.8930369608
173533061.3275340199 882.0240799702
173140666.5105215907 858.5457275409
177555307.0183376968 1138.4785397822
178766557.7488955259 1219.8659700924
179846534.5102696121 1276.1548811477
197828182.9010272324 2017.4335680008
172476185.4172244072 800.3551988594
168598510.3516722023 370.1624026780
179813431.3243175149 1275.1958784410
198382426.4584544301 2032.5840911865
179086447.9359456897 1236.0003109053
179890340.4105699658 1279.9554468661
172878949.5759243667 837.7976938478
201528723.4949150980 2074.0971889496
171660184.7025470436 720.4527786394
198427345.9962816238 2032.7575283051
168623519.8350142837 389.6069231514
189954366.0068720281 1727.2771455492
201927989.3456309140 2078.5978164673
189820709.5809016824 1725.4271007027
168532303.9788011312 366.2718382363
172553112.9298737645 812.6306819656
178668116.1810064614 1213.0024781996
171440476.1116924286 699.7221896939
172144464.4869152606 770.6588577965
171586518.9826225042 717.0915256898
171180685.1810450256 670.9406589560
171458869.4574260712 701.7764065556
171418275.3322148025 697.3288600735
170840101.6685545743 639.3383578872
171328010.1177317500 693.7703717045
201614176.1912709475 2074.6714210510
172363046.2321588993 794.0796913841
168566858.8407035768 368.6540107289
168507746.5073882639 364.2664165059
184879406.5897985399 1518.2634630814
177614029.6333853602 1145.9673288637
177584337.4108438790 1144.1260293299
171913047.1903166771 749.4877927925
202119733.2361452281 2080.1172504425
201473822.5399343073 2072.9892597198
168690569.4848673642 391.0296790670
171456852.3892298043 700.1435435053
171501384.9960324168 702.0420421145
179314340.4553723633 1245.0578664118
168444856.9968316853 343.9608921133
190401013.2501406074 1736.5032637864
190687763.8873255253 1737.7469934411
184203980.4710875452 1479.9216626171
184581063.0478437543 1502.1517501714
185395798.5329865515 1543.2079714279
184232374.1687823534 1487.2970545772
179041539.0769014657 1229.6451130384
171060593.4884256423 657.0418015757
184299680.1578640342 1488.9221756939
171122976.5356600285 668.0794035235
171723464.8574052453 722.0964905062
171845237.8900282681 736.5926595965
184694865.3474312425 1507.2882960323
185371070.2362112701 1525.9058414266
184486856.7138506472 1498.8177564775
171801080.3875666261 722.5242935458
170981210.6424995959 652.4467965403
184457693.1235779822 1498.1222201004
190131277.5732823014 1731.5508343257
176537876.1715014279 1055.3909303950
176961576.1720815897 1085.0552184390
177093321.9240924418 1093.5403564157
176670776.0863760114 1070.1060130404
177185971.7655566037 1095.8656461047
177037127.3733532727 1091.5972270774
176971501.5015716255 1088.3058059024
175926373.5229506791 1006.7461938187
176335246.7179118693 1033.6638617689
185126444.7818140388 1521.1341117972
175883034.2438031733 1004.6047262475
183347416.4675539732 1434.4455597841
175706271.5179342031 998.5064048097
175987163.3263240755 1008.6911020763
175769887.6582983136 1000.1708622463
183171119.7832989991 1422.0308242866
183144673.1473736167 1417.9489713737
183136924.0553297102 1414.5243609973
183161904.9767983258 1420.9632621833
182766034.9323807061 1388.0288335436
183601292.9428603053 1446.2826693147
182538170.2567433119 1383.9604937189
183181441.6724540293 1423.2026335352
182577890.8581707180 1386.3634070509
182327686.9710392356 1363.4619604994
182278117.8772959709 1363.4576840403
182379828.1988879740 1363.7758096980
181696099.8960132897 1328.3539383041
182155812.1143827438 1348.1188377099
