382091100.6711949706 4698.9145073006
462011175.6700223088 19893.1708287820
465297098.5744727850 20611.0266571045
382266597.2344365716 5274.2351130536
436641714.8367096186 15935.2376588080
464873890.2075762153 20573.1308860779
453446718.4730088115 18376.8285173774
464665017.3164853454 20532.3555526733
421174978.7728993297 12967.7779223337
382188998.1823398471 5074.6022644946
382188998.1823398471 5073.6134911487
382156696.2479953170 4976.5498209903
382162757.3432151675 4977.2012704918
382248959.7721719146 5260.0667442735
382141159.4828031063 4953.0244684974
432233258.4656531811 15105.9475757685
407394748.8711698055 10153.2392482720
451388760.2916623950 18096.6666282278
450658938.2990187407 18048.6985681430
410962311.1565975547 11374.4760691524
382123090.3162747622 4867.2553091953
382179838.5230875611 5003.9601396630
382242898.6769520640 5259.4154721554
382212696.7398244143 5088.4929064456
464851965.3288293481 20552.1742286682
461815907.5425671339 19889.9543844461
382121392.6562585831 4814.8044189522
382156696.2479953170 4976.1740008304
422190853.5019067526 13220.0746504678
394165317.5705437660 8118.4549162061
422336071.6700753570 13250.1154963388
393852440.9252291322 8016.8957803597
382156696.2479953170 4977.1446925113
382123090.3162747622 4868.1892691562
425821354.4326590300 13692.4892666861
401173040.7749635577 9286.9776316484
453441772.8864012957 18303.4167691357
382156696.2479953170 4976.1639643619
382212696.7398243546 5087.8990114871
382228876.9349073172 5168.1398971137
461351358.6820509434 19699.6740464792
382123090.3162747622 4868.2360373447
382179838.5230875611 5003.8085874626
382212696.7398243546 5087.8700808231
382121392.6562585235 4814.1856063912
382195059.2775596976 5075.2635864327
382212696.7398243546 5087.5031374637
382097161.7664148211 4699.1614978025
382091100.6711949110 4698.6353382180
382097161.7664148211 4699.1441180417
382212696.7398243546 5087.4940966312
382129151.4114946127 4868.3215459893
382195059.2775596976 5074.6407608101
382248959.7721719146 5260.4479546007
382195059.2775596976 5074.6506332466
382162757.3432151675 4977.2111429283
423493884.9062951803 13533.4949667136
464734046.5360437036 20543.9152755737
437412438.5710904002 16002.6880031920
382109068.5742300153 4776.9237439344
382129151.4114946127 4868.8505910942
382242598.1796687841 5176.4668504572
442739512.6994642615 16522.5625988916
382066613.0496935248 4589.4815671371
382078519.8575087190 4666.0034673141
383135500.8736535311 6159.8066486021
464599233.7369438410 20498.4312667847
434797337.8152117133 15691.4125299447
420944034.2315083742 12919.0172221079
406188017.8271872997 10007.4313198179
382248959.7721719146 5260.5077156480
382162757.3432151675 4977.8060144493
382162757.3432151675 4977.2302011559
382129151.4114946723 4868.9154409477
383619922.4650360942 6402.5816343626
382049100.7144213319 4495.5187893668
382049100.7144213319 4495.2122746268
382078519.8575087786 4666.8349015640
382040644.1242704391 4297.3588436659
382040644.1242704391 4297.2249172743
382049100.7144213319 4495.0821228782
382049100.7144213319 4495.2141819755
382049100.7144213319 4495.2088166038
382049100.7144213319 4495.5105686942
382049100.7144213319 4495.4972649375
382049100.7144213319 4495.0755787650
382049100.7144213319 4495.0655537406
382049100.7144213319 4495.2144585410
382047551.7369903922 4480.9368153373
382049100.7144213319 4495.2106533805
382066613.0496935248 4589.0085074829
382091100.6711949706 4698.9360317299
382039095.1468394995 4282.9561260756
382039095.1468394995 4283.3615892943
382047551.7369903922 4480.9335575858
382039095.1468395591 4283.3826712187
382047551.7369903922 4481.2417774955
382047551.7369903922 4480.7967625419
382047551.7369903922 4481.2363138953
382066613.0496935248 4589.1483695434
382047551.7369903922 4480.9458027640
382066613.0496935248 4589.0185325073
382065064.0722626448 4574.7581860946
382065064.0722626448 4574.7397162842
382066613.0496935248 4589.4402186798
382066613.0496935248 4589.1517703460
382047551.7369903922 4481.2284737388
461462428.3030334711 19820.2082299814
461689079.7638393641 19829.0855531320
419621372.1132875681 12755.6383633860
419076869.0595759153 12644.1200742143
459927601.2969697118 19457.2681092918
459022883.7829517722 19186.6478837058
439579211.5761410594 16211.7345771038
458529984.6381167173 19174.6787238941
465205947.2096807957 20590.4836463928
459240783.1208772063 19230.7844658569
383619922.4650360942 6402.6706035932
463494589.3616887927 20061.6057490706
463855580.9708209038 20128.0466927886
453778436.2340548038 18678.5640099123
454069061.4469871521 18751.0342209414
426715901.9365265965 13842.1626034185
383619922.4650360942 6402.5664280256
460976699.6019433141 19602.2500753030
409336825.9355093241 10804.4892096072
456355784.7351199389 18829.2858955264
426771975.5345315337 14150.4335467024
446236385.2078722119 16962.0783234984
446740977.7430606484 17133.5092269331
434680232.0465862751 15198.6220532525
433743901.4159858823 15159.4527836908
439798753.1871511936 16215.5950333420
383239991.4440065622 6203.4671157500
432176840.0115088820 15083.6215767688
383456122.0942780375 6397.7312866902
406234144.6216921806 10075.1665933877
406909087.8022420406 10127.1534556872
446134579.1635241508 16786.5916187608
424692433.0947669744 13691.5370621019
424322765.6777333021 13651.0222744279
431271848.5126500726 14720.2458586654
404060569.0012338161 9759.1137183792
440334939.1389922500 16273.1918226732
414644577.6573186517 11869.7840186268
460919944.2350860238 19571.2839361429
438541138.1130932570 16173.3399377058
449247182.5875552893 17718.4939829111
382320923.1477618217 5383.1412638715
382354578.2023661733 5477.2656771978
383234232.4826419353 6190.6298398470
382557800.7931194901 5776.2205713218
417529729.1904978752 12443.1607595840
429729946.5696945786 14450.7912121369
429008280.0920709968 14355.5863400055
431466519.6107832193 14895.4276403229
382303285.6854971051 5369.9150490221
382384728.8597762585 5489.9714960655
383393482.7715811133 6303.8265200903
382491420.6315757036 5685.6944231590
463408375.5385244489 19906.7266187295
429812341.7736412883 14634.4193275962
410366270.8675711155 11130.7817383378
445748679.4116060734 16659.3594610797
382303285.6854971051 5370.4659370836
413850638.1212342978 11595.3045860580
453156807.3265902400 18101.0780165003
382384728.8597762585 5490.6401590904
407934550.1447728872 10554.1314762746
382491420.6315757036 5686.2275042137
391135358.7605376244 7454.6387926482
390836277.4286540747 7345.0243921367
415567206.8357577920 11941.2859854725
403882083.9516744614 9732.2385225118
383234232.4826419353 6191.2195109820
383234232.4826419353 6190.7152394747
383234232.4826419950 6191.2235593295
428189450.3931884170 14169.6954667219
450184419.9033294320 17730.5878934666
388439652.3241848350 6796.6954417279
388065409.5187793970 6696.4227900555
391955858.9938083887 7645.3949978030
391454377.9041874409 7640.2239868320
409730798.0110570788 10964.4835121646
409567830.7972337604 10854.9764168276
382383228.8174912930 5489.8568736514
382353078.1600812078 5477.2534031114
382353078.1600812078 5476.6355823716
421267839.3015561700 13181.1660980037
448324343.1914747357 17528.7774670124
401299188.3906009197 9528.0514707989
403818831.3870570660 9627.9974177903
382281736.2643454671 5290.6429101285
405521446.2179930210 9843.6273719081
382301785.6432121396 5368.8655663785
382301785.6432121396 5369.2728539761
407693451.0324095488 10233.1345138405
382301785.6432121396 5369.8046151455
382353078.1600812078 5476.6090473374
382353078.1600812078 5476.6020969590
382517087.4838994741 5695.3164985022
382311280.5344253182 5381.2755638054
382289973.8279833198 5368.6650506314
396035748.5974418521 8636.8689727369
395351905.0084921122 8592.8569778237
382353078.1600812078 5476.6281742295
398972273.4694992304 9050.8027909282
398388081.6725882888 8966.7946503643
382341266.3448523879 5476.0203708848
382341171.3522660136 5398.6544288835
382329359.5370371938 5398.0134567460
382849509.0688923001 6093.7337129852
442456589.7079421282 16347.7766340424
382437035.2745668888 5587.7035183152
382371461.0202484727 5480.2361168107
412634253.9519214034 11426.4415924821
382697197.0245791078 5903.0514791748
382697197.0245791078 5903.6767080566
382382385.7533675432 5480.2765223822
382578835.0144838095 5790.5140784672
382578835.0144838095 5790.5063584736
382763658.3610072732 6011.7848239085
382514311.5449516773 5690.7796272477
382578835.0144838095 5790.4972833088
382611349.1678878665 5796.9415736338
382617643.2150132656 5800.4159784381
382617643.2150132656 5800.3655834262
382382385.7533675432 5480.2834727606
382643651.1022323370 5895.4660658976
382617643.2150132656 5800.6709270541
382850396.1510019898 6094.2482848307
382930709.4506703019 6117.8162266215
382697833.2086021900 5907.5670447489
382628567.9481324553 5801.7504561607
426604180.2092179060 13761.7252537479
394228499.7123576403 8310.3814503340
382697197.0245791078 5903.0323522827
405689216.7292440534 9862.1567994668
382826807.0546012521 6027.1637918850
382813304.2533404827 6015.7049591442
401073372.2616595030 9195.6760616889
388292590.6160778999 6710.0088697406
382737650.4737882018 5916.9734420840
393701564.7435118556 7985.9361526645
382617643.2150132656 5801.0428447787
392217794.7439923286 7751.0812293299
382737650.4737882018 5917.3807296817
382735473.9823715091 5913.9459591041
420477256.9971053004 12895.7016274254
420073900.2243126035 12852.2487517996
415059703.3748847246 11911.4063940757
399960776.4737334847 9141.0691980286
393324435.9927595258 7895.8706270156
392726060.9885714650 7796.1829789427
384056700.4304984808 6558.9935084025
383907603.3876037002 6541.6796408335
384275203.7333263755 6651.0726938883
383620921.7772375345 6431.6982242469
384522740.2227730751 6661.8495263444
383887808.3109165430 6527.3253329652
383907603.3876037002 6542.0715170542
383841385.9416002035 6447.0371390915
384087035.3529258370 6638.7862997609
383868294.6206025481 6447.4619647599
383886852.5994625688 6525.7470630330
383868294.6206024289 6447.4377566910
383951807.1486719251 6551.8758379856
383731775.8759952188 6434.4537172953
383731775.8759952188 6434.8737841288
383391651.6375411749 6213.7343105632
383391651.6375411749 6212.5714916545
388483103.0736068487 6881.7975123515
387421701.7097811699 6672.4493423775
390402942.3815240860 7206.0690718902
389885762.6631658077 7096.6615363373
389776944.8678392768 6900.0045117153
389871767.5647450089 7028.0282649113
390355131.1205236912 7104.6231692603
408797659.4642145634 10648.8471060638
408923446.1491086483 10734.9222136383
408797659.4642144442 10647.5900286083
408797659.4642144442 10647.5848761444
408797659.4642145038 10647.6070128326
414571580.5418516994 11750.1973750517
414474764.9295110106 11717.0852777883
414212437.5547612906 11624.2167495415
414253870.4356434345 11701.4827273707
415752908.8002518415 11943.1492695156
415764348.5513011813 11968.6282469761
416441924.3877069950 12157.0413210597
415773483.3294407129 12051.1232449543
416209015.7459624410 12129.6243782770
416630645.5475407243 12180.4115224611
416829622.1736437678 12209.4740068447
417039217.8488290310 12230.2130005229
416732254.8015393615 12202.0332242716
417062788.4398102164 12245.1683953535
416949694.0716305971 12226.8501288015
417150152.4299733639 12297.4104686659
417045070.7320061922 12234.4538906347
