48156745.8465381414 2698525.0527343750
48991517.2494998798 2716031.4082031250
48722007.5363096371 2712012.0683593750
47479821.2150936946 2585797.1660156250
48755167.7196612880 2712808.2402343750
47393312.1406608298 2541533.8496093750
47966495.0745527893 2683313.4121093750
47468814.3429068699 2583587.1933593750
47912606.8044113740 2681203.5175781250
50585959.8634700179 2723856.2246093750
49947100.5329334661 2721375.2832031250
47783072.5282892510 2660132.2714843750
47754374.7435092479 2654977.7949218750
48237373.7915049046 2701133.4707031250
50098187.5403332189 2722485.0019531250
47623482.1654406339 2631993.8847656250
47579548.2470855489 2621024.7011718750
47855024.1816898808 2672262.9785156250
47531397.7178505436 2607855.4277343750
47898122.7672356889 2680289.8066406250
48061425.2241946310 2692945.3144531250
48623998.6222315282 2710381.5839843750
48326266.5317923799 2704230.2050781250
48823066.6504346654 2713759.7011718750
50223479.3066850826 2722548.1191406250
47972639.2870560288 2684144.8808593750
47981959.4653700888 2684480.1269531250
48274555.6858275235 2702660.2441406250
49409493.8573023677 2719125.1191406250
47631811.5094158202 2635784.0683593750
48087043.6754354686 2693517.8769531250
48281269.4628612623 2703326.5019531250
48880773.3038482144 2714585.8769531250
47686816.9883625209 2645483.6386718750
50321589.2777163088 2723205.7128906250
47457035.5226298645 2580687.9511718750
47583330.4846973643 2621039.8457031250
47740284.8859385028 2653245.3925781250
49036310.6776927859 2716250.1933593750
50272202.2061612457 2722916.3613281250
47704387.7138866633 2651869.4316406250
48173693.3979384005 2698700.7285156250
48571405.6396531686 2709660.6621093750
50241980.0894561261 2722804.4121093750
50032379.0575529262 2721909.8183593750
48918860.5547045767 2714738.9160156250
47485889.4617193267 2591608.9589843750
47841699.1279574335 2672224.4628906250
47691067.5304680616 2646067.4628906250
48251862.0362942517 2702093.4707031250
50178460.7880385518 2722518.3730468750
47919065.2849131897 2682712.6308593750
47364333.6480195001 2509347.5722656250
49269479.0259580389 2718184.8886718750
47790276.4239605591 2660849.8613281250
50209716.5065850616 2722541.4355468750
49558053.5575796813 2720184.9316406250
50072281.9919535741 2722220.3613281250
47988494.7839361727 2687093.1113281250
47363118.9145060107 2492942.1074218750
50121669.0635086372 2722509.7128906250
47774368.4548951611 2655976.1035156250
49044681.3935697973 2716309.6269531250
47979979.6772850379 2684264.8300781250
47972330.3314571977 2683930.5605468750
48064166.1152620688 2693091.2988281250
48249784.0492140502 2701973.5214843750
50070675.8894318789 2722033.0878906250
47595819.9254100770 2628250.6074218750
48187695.1798502579 2700255.1816406250
48240463.0705589354 2701272.1933593750
48907662.7761205807 2714696.3730468750
50284065.5790604204 2723160.2246093750
47387008.2351707146 2529879.9394531250
48091347.6439235285 2694116.1503906250
47416238.9151577875 2557469.6738281250
48246853.1163045019 2701851.8652343750
48200820.9399710149 2701033.6582031250
48711477.3968820944 2711773.9316406250
47998272.3027659804 2687618.3027343750
49265295.0784104615 2717668.3964843750
47380142.6600767672 2524333.7714843750
49593496.3386774510 2720199.4277343750
47867571.0765437409 2674435.7558593750
47739950.2887416035 2653190.5527343750
47683832.0614904761 2639680.5917968750
49098748.3851460144 2716971.2714843750
47781716.4118693322 2656291.8066406250
47374625.9993939102 2517056.3261718750
48175977.7150246352 2699783.2558593750
48017019.1798084974 2692005.4511718750
48955415.9770461619 2715252.9316406250
48792765.8465017527 2713299.5214843750
47363321.4950574338 2493064.8964843750
47572323.2742692232 2619966.0605468750
47810479.8919610158 2666695.1347656250
48012973.4547595754 2691207.9082031250
48813844.1716474965 2713447.7441406250
49493898.3073032424 2719359.6699218750
47801660.3012696877 2662586.0410156250
47523428.5725132301 2602683.2753906250
47976156.9794438332 2684205.3691406250
49949437.1963620037 2721777.6191406250
47494217.3261925727 2593698.7597656250
47790098.7675129771 2660815.1035156250
47969943.5096508935 2683459.3925781250
48001240.3741571829 2690789.3378906250
47558200.7363548353 2610675.0878906250
48627791.8519992828 2710448.9082031250
47908570.7447821945 2680448.3535156250
47686468.8068113476 2645438.8222656250
47380893.8858144060 2524509.8652343750
48544010.7223929912 2709060.7480468750
47654850.6727055758 2637631.4316406250
47890931.9361756071 2675159.5683593750
47927974.9365879074 2683205.0175781250
47562746.0772900358 2617812.9902343750
48051005.3568671122 2692140.0253906250
47406924.9557881653 2557117.5136718750
48033248.9098013416 2692031.7792968750
47988592.5065716282 2687384.4160156250
48348193.1913644969 2704683.3613281250
48265269.0986219198 2702544.5136718750
47666691.6705069095 2637956.4042968750
47987859.4260988533 2684831.6035156250
48345442.9043151140 2704656.0097656250
47715504.0311937779 2652627.9628906250
49660737.3322810605 2720218.7988281250
48100774.5197333843 2694289.1777343750
47679091.5589606240 2638513.2636718750
47383453.3612675741 2526642.6660156250
47509289.0078538731 2595200.3574218750
47751155.8642088473 2653306.5449218750
49786092.2294598371 2720999.1425781250
49082043.5701580942 2716344.2207031250
48936109.3995031342 2715235.2363281250
48909439.8482179865 2714731.8886718750
47389160.3074009493 2530493.6308593750
48174047.0697354823 2698950.0605468750
48459864.9665959924 2707282.5449218750
48781033.4114634767 2713217.1347656250
48733790.2574338466 2712114.2011718750
48083678.8350563571 2693467.2246093750
47715681.6876413599 2652662.7207031250
47364875.1896297112 2509353.6894531250
48876409.6358838305 2714516.6542968750
48360924.9459317699 2705376.3222656250
48927991.1225032732 2715101.7558593750
48716143.4143697172 2711840.6113281250
47536380.7739941329 2607923.5605468750
48860975.0642326325 2714263.9824218750
47374733.9690229669 2524244.8730468750
48210457.6948316097 2701049.1777343750
48643098.7424792722 2710960.1816406250
49538190.2986014038 2720036.7089843750
47651393.6816422045 2637588.3222656250
48751189.3077900484 2712479.7324218750
48964932.8823718727 2715456.5175781250
49162662.0222314596 2717219.1308593750
49733942.0258609504 2720563.0175781250
48053449.2827788815 2692292.3574218750
48154790.6601056010 2697423.7558593750
49376854.7280346900 2718876.3613281250
48413914.0678789467 2706091.5917968750
47481576.7302527428 2590730.9160156250
47508935.8015013337 2594624.1777343750
47956350.0511251166 2683214.8417968750
48026412.7297572568 2692020.9707031250
47391973.9485757351 2539194.4199218750
47516344.0922893286 2598413.9238281250
48781193.1815370917 2713228.1933593750
50003288.1339337975 2721785.2207031250
49284903.3053747043 2718221.6777343750
47444944.3855513632 2575687.2832031250
49412051.7395005897 2719255.2792968750
49740015.1315004528 2720963.4082031250
48147351.5666819811 2695262.7949218750
47679695.7073258534 2639164.7402343750
49352047.8107925802 2718479.4863281250
48414071.5692569166 2706374.3496093750
48362538.8566886336 2705434.4863281250
49166637.6464123204 2717443.2011718750
47392927.9076420069 2540907.3847656250
48704127.5918913558 2711746.5800781250
48268223.7254084200 2702562.7128906250
48818648.2292602211 2713457.5996093750
48103188.7272076905 2694322.9316406250
47444394.9266900420 2575620.3886718750
49154767.6121503040 2717212.7011718750
47620103.1815136522 2629111.6386718750
48857275.2994063944 2714195.6074218750
47541983.1213578582 2610252.3496093750
48338031.5836934447 2704410.9511718750
47477563.9577856660 2584655.4160156250
47529342.5254180357 2607284.5058593750
48753656.7716183886 2712772.5761718750
49677643.7245620713 2720243.8261718750
48482438.9720647559 2707492.6621093750
48670915.7715595216 2711473.0566406250
48476898.3176035210 2707461.5136718750
48593747.2191998214 2709968.9433593750
47830554.3585265800 2667107.7597656250
49557661.6822585985 2720150.3066406250
48375247.8979458138 2705475.0019531250
47492993.1042234078 2593696.4316406250
47440438.6462873369 2568486.0019531250
49810109.0086944401 2721006.7441406250
48782807.0922939554 2713286.3574218750
47518617.8461305797 2601419.3183593750
48741265.8061711341 2712405.7128906250
49196134.7965753525 2717469.9277343750
47840131.5555057749 2669911.2871093750
48331987.5563013256 2704254.8417968750
48874590.5440099016 2714404.8222656250
47799530.6397057772 2661318.4003906250
47471923.7218073681 2584188.7402343750
48513360.7771402001 2708148.2363281250
47392771.3162523508 2539359.1699218750
49496963.7970284522 2719702.0761718750
47371253.2871162072 2516661.0058593750
48365289.1437380165 2705461.8378906250
48390201.1474891156 2705715.0253906250
47419239.2153558284 2561302.9003906250
48360483.6642561257 2704863.5644531250
48842173.0885912180 2713858.5996093750
47751709.0533535331 2654566.7519531250
48398876.5683581606 2705725.4785156250
49632355.5995529965 2720210.3183593750
47403611.4426575005 2554431.4003906250
47482407.7007160932 2591299.5097656250
49683289.5541356653 2720278.7207031250
47439849.5857548416 2568482.4863281250
48587480.1040267423 2709696.1074218750
47480352.5082835853 2590728.5878906250
47506721.9096875265 2594556.4863281250
47363462.8674521819 2501370.3613281250
47423961.6745098233 2568150.6152343750
48672426.7196024284 2711508.7207031250
49778205.5195361525 2720970.5214843750
47388116.3850791380 2530447.4316406250
47437975.5364512876 2568182.8066406250
48286990.4873702079 2703351.1386718750
48695691.7250576317 2711681.1035156250
49470340.9771906585 2719282.7011718750
48414724.2811098993 2706521.6503906250
48978909.7032909691 2715504.1777343750
47441089.9605083689 2571176.9941406250
48668761.8475518078 2711106.1933593750
48538763.0234088302 2708909.1308593750
47451411.7986244634 2579047.2402343750
47859535.7473114803 2672667.9511718750
47461143.4780725315 2583261.1425781250
48858889.2101632580 2714253.7714843750
48406310.8107032180 2705767.2675781250
48449750.3628661186 2707088.4238281250
49687465.3687590957 2720347.4980468750
49896913.5457105413 2721034.6777343750
47856617.9233187139 2672346.3496093750
48347352.4592921883 2704673.4121093750
48565754.8945415318 2709093.7441406250
47864450.6859381497 2673127.2050781250
48764303.8273600489 2712831.2207031250
48491386.4617661014 2707549.9628906250
47364004.4090623930 2501376.4785156250
47362665.4997755662 2492910.4941406250
47394462.8481377140 2541756.1386718750
47684481.6677951366 2640573.0644531250
47363348.4137805328 2501216.2675781250
48705737.9506804049 2711748.4277343750
48413621.7208234370 2705982.8808593750
47402276.1922483742 2549347.6621093750
47809160.4976481870 2663658.2324218750
47799951.7300969958 2662121.7675781250
48566002.2605693862 2709104.1972656250
48462481.6867874414 2707309.8964843750
48316268.6459411234 2703383.3496093750
47804355.0181663036 2663059.9589843750
47397600.6636345983 2542076.4589843750
47781627.5744108483 2655977.3574218750
47806410.2105988115 2663630.8808593750
48588114.5466882810 2709900.3691406250
48468088.4430618510 2707314.2597656250
48409354.1245463043 2705881.4277343750
48493441.6541986093 2708120.8847656250
47401047.6576248705 2542270.7324218750
49351456.5347985551 2718235.6464843750
48340766.0101172328 2704655.2128906250
48521080.0582779869 2708600.8496093750
47392951.9000948071 2541421.6816406250
48435835.0059090033 2706916.0996093750
47391459.8494491503 2530827.6347656250
48437448.9166658670 2706974.2636718750
