173227283.6249231696 2803489.5976562500
163554699.2214142978 1973277.5429687500
164483620.6001383662 2168329.9208984375
163638933.9600206912 1993431.6123046875
173573973.5103873610 2810105.8378906250
173771851.4686848223 2814718.8808593750
172886234.1457462609 2792006.6171875000
172567153.8430469632 2782163.9375000000
165997616.1426440775 2383822.1181640625
174354353.1379494667 2825574.8378906250
166028832.9354433715 2390464.1650390625
173155859.3716805279 2803215.1015625000
174011393.9829662144 2820146.8593750000
166031627.0568580925 2393096.0283203125
166069773.4909002483 2399441.1669921875
166000695.4968006313 2389653.1103515625
165705607.0227157176 2351843.2294921875
168688982.7941151857 2622250.1855468750
165345762.7228327096 2295129.1318359375
163662009.6054064333 2000200.5800781250
164390481.4525057673 2154024.0185546875
173834767.7440575659 2815533.8164062500
165298159.9478535056 2291180.3886718750
173827070.3979748487 2815243.9941406250
165348405.6254729331 2295967.5478515625
163796672.3320749998 2041995.6572265625
165683881.2066585124 2344694.3134765625
168956486.9939168692 2643424.9160156250
174484594.8863324523 2825849.3339843750
164438201.7046826184 2161768.1865234375
165698533.6623435915 2345799.7988281250
174304145.5780660212 2821609.5585937500
164547246.9459978044 2184172.3330078125
164502757.6025840938 2174607.3515625000
165696796.2676338851 2345509.2490234375
164550556.9651246965 2184689.6337890625
163775880.9054586589 2033035.6669921875
173695684.7686479390 2810920.7734375000
166353398.4927259386 2432058.7705078125
165648969.8178001344 2340081.2705078125
168555615.5202101469 2615361.7304687500
166147213.7630428374 2403171.8896484375
168943928.8369754255 2640668.6777343750
168841555.9421389401 2636055.6347656250
166332691.7979458869 2426811.5537109375
163895186.3457994461 2058662.5068359375
168983830.5158942640 2643691.3535156250
166191517.1340258718 2410072.4599609375
165848908.2645636499 2366673.0087890625
168868292.8462573588 2636399.5175781250
163694430.9872433841 2011164.9716796875
168761034.7392047644 2629474.4804687500
168884462.0525389910 2640065.4765625000
168775197.1354039311 2633410.5703125000
168988854.2783202231 2646096.6562500000
166404595.8717749417 2436216.9580078125
166466112.5476581752 2437467.0986328125
165804136.4037166536 2359414.9013671875
166305881.5018067956 2426642.2548828125
166236681.3862431645 2419932.7197265625
163882113.3572923541 2055418.3515625000
164445883.2599459589 2165359.6640625000
171926433.0104062259 2763320.0312500000
164322609.0414100885 2139570.5937500000
167805931.2035501599 2558784.1777343750
164497106.8940909207 2171520.1220703125
164605485.9583090246 2192730.0273437500
173236576.0472281277 2803504.9238281250
163767307.9878850877 2029105.8398437500
166117464.3260504901 2401551.7841796875
164369676.9849610031 2150368.3554687500
167631098.1783580482 2544099.4648437500
167690284.8506361246 2550130.6445312500
167632517.9173674285 2545794.4707031250
169032998.8782170117 2648304.3964843750
167824252.7806374729 2559061.0468750000
173363031.6869265139 2803779.4199218750
174329098.2886846960 2825491.7968750000
167573331.2450893819 2539763.2910156250
163957798.1299309731 2075924.8730468750
164358290.6658392847 2146966.2050781250
163698471.7462183535 2015313.8105468750
164045623.4985383749 2095474.7128906250
167112520.1178360879 2506998.0312500000
164258481.6075880826 2117121.3593750000
163914888.0529824793 2065233.7480468750
163767080.6523377001 2027143.9814453125
164260074.2701514661 2125416.6035156250
163725826.5543938577 2024894.2392578125
163806315.8364363015 2049866.7050781250
173406067.9827328920 2805299.7734375000
164106437.6074080765 2106095.5566406250
164303245.7856720090 2132557.9902343750
164001693.2538293600 2082420.6728515625
164317720.2005068064 2135494.8691406250
168256729.0852162838 2592258.2597656250
174734654.0393235981 2831002.8164062500
174634660.5673889518 2827312.0332031250
173385544.0273467302 2804031.4941406250
163679013.2685966790 2002679.8203125000
164016787.7380948365 2090211.5664062500
163684742.7082881033 2003468.4570312500
168212091.9718343019 2589617.3339843750
168441392.8289238811 2606141.7968750000
164595636.3553954661 2191087.6425781250
164631917.9613503218 2202275.5429687500
168277552.9919590354 2597002.6132812500
167734416.5104261339 2557675.8515625000
164175616.7482401729 2113605.7822265625
164732430.1844987571 2218290.8867187500
170289135.9760237932 2704627.6542968750
165402631.6962883472 2307721.1884765625
165382403.8729599118 2301476.4023437500
167207393.9701377153 2512813.0390625000
164085474.7458203137 2096378.7548828125
165141816.0411520600 2267809.0136718750
173486863.8231545091 2809290.9023437500
164779026.9483567476 2226031.1044921875
167324204.3744887710 2522456.2734375000
165426926.8564156592 2307764.4619140625
164846406.9207324088 2234815.5371093750
164827449.1924295425 2227310.7998046875
163968386.5439128578 2080442.4863281250
164665046.7189441919 2216149.7158203125
164658680.9261985421 2203567.6162109375
165868068.2447467148 2366831.8955078125
164806064.8552458882 2226972.9833984375
167017645.9141528606 2491734.1855468750
163947773.0894105434 2073419.1562500000
166183051.7532767057 2408314.3496093750
172981479.3707665801 2796791.3925781250
173722239.5023161173 2814424.3984375000
167416526.3174693584 2529538.6523437500
167319613.3120830655 2519402.8593750000
166878270.1860684454 2482708.6386718750
167275963.0908127427 2517436.7031250000
166231962.4633889198 2412162.0693359375
166801570.2710573673 2474320.7382812500
167189349.0882751644 2509292.2558593750
166911607.2579774261 2487859.1835937500
170720732.0804185867 2724434.0390625000
166911094.2537436783 2484970.1777343750
166889766.1937127709 2483346.8691406250
167121893.1553433836 2508779.0546875000
167024101.3639423549 2498992.8769531250
164891236.4913652539 2237886.2568359375
167057438.4358513951 2504143.4218750000
173321278.8260015845 2803534.2187500000
164830020.3024463356 2228091.7998046875
165016334.9257586598 2255117.9023437500
164921950.5041897893 2243366.4228515625
164760634.9610245824 2223007.7041015625
170834375.5591531992 2729521.6308593750
166635187.6652462482 2457173.6669921875
165095852.0265401900 2263079.6660156250
166668524.7371551692 2462324.2119140625
170741295.0593968332 2726461.9140625000
170725728.7673682272 2724493.9355468750
166521639.6444756985 2448034.4833984375
166649137.3967162967 2458112.9169921875
166572499.5704813898 2455250.9287109375
170804198.8775483966 2729106.9785156250
174636212.3570719659 2830722.0292968750
165180151.2763968110 2275476.6210937500
164207400.8037469983 2114898.7011718750
174774464.0330496728 2831277.3125000000
170874808.0531883240 2731889.8925781250
165026551.2303416431 2258084.6757812500
173733753.9507964551 2814438.0937500000
165117476.3192211092 2264718.9833984375
165020921.5570631921 2256346.3671875000
166706972.4445882738 2464390.1123046875
166481559.8102474511 2441568.2333984375
170386684.7118437886 2710096.8339843750
170802252.6680596173 2726801.5703125000
168660874.5021007955 2621479.7792968750
173416365.6071601212 2809010.1152343750
167550307.7476359010 2539435.5449218750
168719554.7949917018 2626947.0195312500
167321257.8521111906 2520262.9179687500
167409483.0743144453 2526404.8085937500
167464514.2764698267 2534822.5019531250
167481587.0836741924 2535948.6191406250
167679060.7169498205 2548056.1035156250
167595400.3159283698 2542905.5585937500
167511557.8375862241 2537749.5214843750
166150761.8459084630 2407041.1142578125
164291016.7082418799 2127520.6406250000
165461751.8546681404 2315610.9062500000
165519599.5940498710 2325561.9726562500
172819717.3237073421 2790917.6425781250
165621542.6964139342 2336345.8007812500
165540566.4668758214 2327415.1308593750
165466353.9918549359 2320157.0234375000
172999300.6413266063 2797550.9570312500
172783726.1081530154 2788454.1738281250
172667847.6660170853 2788414.5917968750
165428966.7409330904 2313780.5312500000
172545206.0981342196 2781705.0566406250
165507681.9134044051 2325122.4140625000
172890905.9841952622 2794882.9218750000
173021668.8226602972 2797894.8398437500
166788848.2511149943 2470523.2001953125
165959463.2507868111 2382431.7080078125
165879386.6268278360 2374335.6943359375
172430141.4170342088 2781385.9589843750
170524089.5104855001 2717900.5195312500
168103564.0096339881 2580047.4667968750
165902294.2553594708 2375173.6005859375
170508301.8897165656 2715414.6503906250
169483504.6153976023 2672509.0976562500
171024399.6003143191 2738131.5429687500
165788735.4379500151 2355217.7802734375
167842454.5539986491 2563217.3574218750
172636129.3613741994 2785062.6171875000
173154347.1083981693 2799013.6562500000
172071561.5160384476 2768512.2480468750
172074876.4128065407 2769422.5429687500
168049502.1246706545 2575088.5078125000
170993143.2126033306 2735115.7187500000
172650913.3933941126 2785686.3437500000
165794828.8921577632 2356780.2265625000
171641692.1242412925 2758706.8046875000
171756981.8101299703 2759825.6210937500
171999269.4030756652 2766109.0019531250
171096010.4039644003 2740054.9394531250
167385436.8833602667 2525121.9863281250
172183493.9815960824 2772234.4335937500
171936278.5806350708 2764570.5156250000
171470674.2454601526 2754237.8515625000
170966191.4738503397 2733774.3789062500
171596524.2073533237 2757530.6796875000
172059672.7163986266 2768188.8906250000
167869170.3874990940 2567916.5898437500
171460330.4808347821 2752446.5839843750
169642493.9211219549 2682092.8613281250
171278547.7617925107 2745559.6679687500
167956508.7714931071 2568645.3359375000
171334230.3758485615 2750432.3632812500
170167497.6330016851 2702302.3300781250
171312527.2117878795 2746674.7226562500
169844660.8739244044 2692459.6503906250
169504457.6352061033 2673597.1093750000
169527154.1911448836 2676242.1738281250
165322528.2949939370 2292514.8837890625
170513879.0605602562 2717772.9472656250
169642585.1321209371 2682897.7578125000
165207589.0441747606 2279411.4814453125
169981374.1736567616 2692740.4375000000
169632676.4820876718 2681277.9257812500
170192840.7110911012 2704369.9824218750
172324831.9831651449 2777984.8261718750
171271299.1025344431 2745285.1718750000
174570656.9199043214 2826756.7500000000
171775429.4340646267 2760257.8613281250
165164405.8888741434 2273497.5771484375
171781567.2094177604 2762760.9121093750
169774924.4111573398 2686689.3945312500
169355442.3894407451 2664892.9902343750
170076043.9063922167 2699219.4375000000
172184564.7502780259 2774019.5468750000
170045180.2765727639 2697111.8750000000
165278954.0194662511 2284751.8701171875
171189624.8023583293 2745004.3847656250
169717099.3245775700 2683766.8964843750
169811778.9689579010 2688293.0371093750
170617718.3635801077 2721971.3378906250
172582907.9279347360 2783412.8046875000
169297617.3028610051 2661970.4921875000
165788487.1458314359 2355186.8066406250
170152735.4673753381 2699980.4335937500
170895814.7787983716 2733748.8066406250
172355531.2858562469 2778259.3222656250
170103312.0828866065 2699793.8574218750
168067357.2811636627 2579484.2636718750
168268076.4453267753 2596768.7578125000
167959893.4003115594 2570781.0703125000
168104298.0896013081 2582152.8085937500
170016220.6116731763 2694990.2832031250
165792430.9106380343 2355502.5078125000
167980471.8674800694 2572611.1992187500
168302234.0525310338 2598598.8867187500
167994138.2017119527 2574056.2851562500
165289014.7044478953 2289797.8486328125
168616521.6378516853 2619386.5234375000
168476600.7385405898 2607992.1445312500
169231850.0319520235 2661685.6894531250
168262542.9450394809 2593985.8437500000
171539956.3887743354 2755860.3417968750
170480950.1960960627 2714713.2304687500
168690119.3761951327 2624814.5019531250
169126079.6456344724 2652206.9042968750
169361448.2254980206 2665507.8789062500
169110360.6676285863 2651007.7480468750
168512219.3923368752 2612128.4160156250
168590910.5459723473 2617556.3945312500
168388995.5512659550 2605767.0859375000
168375460.7227106988 2600339.1074218750
169124833.9567211568 2651391.9687500000
169184695.1074973047 2655357.2480468750
