511388475.1828126907 19798.3039589040
511199700.6368243098 17573.3010482425
511479599.5539804697 20481.8144564691
516526179.4575848579 30303.5593858140
511254782.4474150538 18339.4250871055
511388402.8200377226 19787.5106278294
512627446.8169798255 24689.1657477798
514033436.8262638450 27434.7482051753
511191638.4923583269 17545.4427196616
511170927.0552583933 17201.8480453128
513110436.0906991363 26048.4922509970
511851524.0497516990 22704.4713780347
511370102.0707440376 19447.7678840819
512716473.9971994758 25009.8579970779
511187040.8303074241 17528.4904307956
511286282.3863803744 18961.4198811883
513726415.9665475488 26785.5455684565
511822447.3806605935 22661.6793744031
578717589.6029173136 69224.0302669129
511277844.2075790167 18675.1851063603
511189825.2181743979 17530.5239181155
511182424.7463984489 17503.0016216868
511218598.7997403145 17901.9769210452
511947222.9781906009 23076.2752866212
511209290.4171199799 17874.1185924643
565282291.3841185570 61242.0895429014
511274784.6952404976 18660.2663048142
511273246.5455278754 18658.2328174943
511170615.4750625491 17201.5120131606
511285423.9480962753 18685.0383752696
511169388.9055458903 17199.8145579928
608165411.9287345409 85108.5090599060
511269929.4533094764 18642.6121507995
511175946.6374405026 17454.1654669309
511199038.9641345143 17572.9650160903
511322322.2588959336 19076.3148811522
511403248.4902923107 19818.8699813548
511493544.1564843655 20561.7759872141
511865918.4496909976 22704.8222836915
511200076.6711599827 17831.6774944896
511161401.7291025519 17159.0709151858
511294884.8181233406 19012.3676985614
511929130.6199350953 22834.1247853103
511421049.3831226826 20117.8690822953
511569895.2201725245 21224.7204623285
511102594.8141961694 16146.8918864918
511294269.5628237724 19002.1635239953
512194491.7347128987 23743.4565376106
511212444.5661186576 17874.4546246165
511429036.5595659614 20158.6127251023
511699466.5498054624 21940.9993497245
535257064.5405964255 41258.6048354544
514706435.2510849833 27906.9097946467
511445764.3446362615 20190.3229842845
511522115.4083244205 20853.2674593988
511709134.3983430862 21967.9773738447
511509215.5322250128 20832.7014369480
511624779.4324755669 21596.1734652582
511760146.2377532721 22333.0183751050
511355468.6784442067 19447.4169784251
516672481.1283952594 30312.1835588380
511319256.0257907510 19073.8095000619
513115374.1767045856 26060.8803583387
516581016.3413185477 30312.1524644273
512982361.9027689099 25703.0414252863
511084634.9502277374 15776.6712365341
511079001.3955896497 15743.3760040028
511116024.5631726384 16475.5677592945
511226230.4231336117 18260.7046882743
511338417.8260886669 19375.3139820927
516993836.0626607537 30380.1171951734
511197500.8144219518 17570.9315287703
511338740.8933738470 19415.7067192429
516790209.7958506942 30350.7625768954
513875815.2654606700 27063.2952022456
511615240.2091968060 21553.3814616266
511129460.4849177599 16518.0088572693
511352091.6047347784 19425.9108938090
511111808.5601562262 16189.3329844666
511131744.4300976992 16776.7213356686
511140370.6813606024 16814.6156520439
607592370.0409953594 84950.4674797058
607870133.7245575190 85076.1069450378
511219929.6002501845 17927.5644735209
511695638.6408348680 21929.8551129931
511550732.6122785211 21150.2181995148
535489129.4959068894 42838.6263681687
594509079.6682251692 76943.1592595577
511253786.5960335135 18305.8437660478
513324302.4105421901 26076.6196357788
511140958.1760576963 16819.1624336434
511330753.7169306278 19374.9630764359
511277916.6297527552 18683.3557936065
511329687.5162378550 19101.2881390599
511385337.8213471174 19781.3796935910
547245387.8760162592 51833.8689330210
512551957.5725435615 24635.4774375550
511157810.3260635734 16840.8495019786
511156583.7565467954 16839.1520468108
511548428.3687875271 20933.2289901438
513950869.6731625199 27114.4505218469
511674407.2883076668 21631.4898486200
513075366.9538665414 25808.4207330527
511084323.3700318933 15776.3352043820
511415091.9570621252 20078.6511943573
511382309.5412786603 19674.9612680189
511388008.0041323304 19787.1597221726
511483920.7718690634 20530.0657280320
511370620.6265119314 19665.1079991096
511505387.6232541800 20821.5572002167
513037053.5019077659 25728.6321397604
511127922.3352051377 16515.9753699494
511255950.5831471086 18574.2325946921
516300010.9117285609 29892.7806907075
511302925.1735409498 19054.8087965361
511560271.8355572224 21193.0102031463
511605698.5645974874 21260.0368456903
511247106.8511676788 18299.0174764506
511114092.5053361654 16448.0454628658
511083096.8005151153 15774.6377492142
511477709.7791813612 20460.3083718531
516770083.2499600053 30316.8590316588
511158121.9062594771 16841.1855341308
511245568.7014550567 18296.9839891307
511068326.5336971879 15405.2331071091
511217060.6500276923 17899.9434337252
511101056.6644836068 16144.8583991718
511255094.0276110172 18339.7611192576
511240952.6175460815 18271.4951800219
511266591.7187509537 18640.9146956317
511075109.6240717769 15733.8941064072
511088116.3826971650 16026.9551708323
516512016.9393056631 29999.5835989291
511093069.4880402684 16104.1147563648
511123306.2512961626 16490.4865608406
578618775.7962529659 69129.8466054520
511110270.4104436040 16187.2994971466
511102283.2340002656 16146.5558543396
511258604.5423076153 18600.1710528247
536919136.0050220490 44359.2622282871
512957509.4549319148 25677.0392480673
512518324.7047993541 24570.8502956213
511109897.3658434749 16147.1931137554
514020152.7342981100 27191.5905370616
570133867.4904490709 65896.1890732076
513853792.9845926166 26815.5619144379
524864822.8854939342 35084.8046094556
524639909.2609583735 34752.3627721446
515570933.1463197470 28976.0422918700
514062440.7254964709 27508.6324955128
603930721.7384748459 83302.0139768124
511545387.2955532074 20853.3208644974
516328404.6282487512 29920.0051646831
512053946.3486614227 23372.0035346809
606656058.0148205757 83728.8046741486
514359628.9099364877 27530.4451039142
514563969.6141228080 27710.8289149182
513971076.5148963332 27164.7720392250
515381705.1011998057 28506.5247365292
516358311.1462418437 29940.6994614976
516055796.9701655507 29699.3743485116
515644728.7060731053 29341.0845196150
511150691.7028818130 16821.6532639001
522218844.4813857079 31944.7501760625
515542748.1420095563 28863.9159234818
513665437.0037930608 26739.0850974860
516225578.3674640059 29763.1959367173
511700643.6362222433 21961.5653721753
513340510.7660987973 26401.3357623400
554546414.4008647203 56759.3336237168
554944810.4607167244 56984.9286859727
513075138.9079548717 25736.5845574966
512855306.8374401927 25365.1315545669
559418455.8214091063 58768.7469233593
559077890.1415066719 58762.6858273467
514053149.1713971496 27453.5229131313
513888699.7640077472 27111.2139730357
590659138.4664436579 74720.2496757507
512948489.1540048718 25663.3299987010
513485717.7118776441 26405.8834379496
512578003.7763383985 24656.5186658135
512172060.2213606238 23583.8478710849
511473839.3288180828 20190.6738899413
511744539.7755855322 22043.0613798416
513878000.7962799668 27103.5341588184
512353025.0627738833 24196.3789411275
511877031.9196137786 22786.6442508895
537477959.2451422215 45470.3143712411
512678152.8584231734 24954.9902016718
516099512.8737495542 29712.5375225447
515945558.8177608848 29392.0926129597
514031527.5653337836 27230.1706762217
512293985.8795558810 23895.8460417023
584685246.9081823826 71743.8453368843
584825335.6707551479 72072.5063361824
514399209.4082213044 27624.5757852854
511799475.0674698949 22408.4532867587
513108689.2649244666 26027.6609964004
563614768.2761002779 61144.1345208924
522154665.2564807534 31566.5277345133
511997024.6067627072 23149.2102928973
550761239.5336989164 54559.3272425926
515268705.1243816018 28267.0708875237
561126816.2652163506 60630.1219344458
512207031.7745025754 23847.3203144479
514650265.1347848773 27798.3708368489
512802967.2920554280 25315.5522630024
600849852.4661071301 81186.0828063488
514905486.0856032372 28181.9719263683
512012837.2369400859 23151.7101982749
545765040.0256432295 49559.3650374115
586081415.2807629108 72540.9025916457
540125757.4762768745 46358.6968425790
575383279.6985019445 66171.3990666866
512123160.7504122853 23536.3979277345
512308805.8821529746 23907.8509306642
512646991.4480912089 24892.4701851937
511971029.5932031274 23108.5672889865
512439191.5740517974 24514.5015654373
543823396.7747405767 49040.6815095602
543843527.4044727087 49433.8952713667
512101006.0081136823 23529.8823109078
512314157.0461877584 24113.3483324533
512017880.1124343276 23158.4293079781
607363610.6758046150 84621.4713592529
598960593.8901998997 80079.2697046717
513564011.1578226686 26661.1335637578
512645181.8168671727 24855.1572959056
523291593.4954935908 34113.3060456463
512395787.2793063521 24247.2177790289
512078349.7638757825 23446.1670814638
581586019.9098671675 70731.8622762284
542010360.5948574543 47084.6428994967
512664931.3685734868 24914.3990300184
512436302.7986148000 24465.9376747241
521282581.3820564747 30838.9746278754
531903094.1345980167 39787.3181047551
607081431.4830812216 84422.6315841675
566514733.9369225502 62829.3876127005
512345487.1741927266 24155.3958602886
512749040.5988191962 25284.7566514950
578849268.0312440395 70382.9862619638
512794741.3984542489 25285.8520329481
512262058.6493244767 23875.7647760992
512521344.5931425691 24574.7833968740
512772177.9824659824 25285.1075571518
512168999.4741798043 23554.1630307775
571037281.4578930140 66167.4778565092
590604931.2481951714 73573.6268215049
607101712.2120983601 84471.8788375854
566169893.4774236679 61362.3289294764
606898333.8693176508 83838.4693145752
512543398.4161024094 24617.9263061624
606923858.5033340454 84380.2712631226
547987177.3464992046 52356.8774948663
577691423.5123355389 68737.5104631502
577229676.5084156990 68360.6321319062
512709252.9986023307 24990.1237848883
547068654.0733492374 49906.3597340584
579960567.2538601160 70516.9670543671
579942091.9362950325 70468.1060466766
607222104.3130069971 84473.9534759521
606439271.2816129923 83620.6123657227
521568506.1720589399 31506.0845939519
521737933.0665903091 31515.7220451238
512057381.6632506251 23439.0043732267
512376332.9791656137 24246.4733032327
527985053.7042123675 37087.1137006404
512677034.6522408128 24946.2363998037
605555089.6984949112 83618.7944679260
512375740.0822638869 24203.3303939443
599555844.6034812927 81110.5318763256
568870843.9803282022 64991.3612532339
569180967.2925667763 65168.2401442251
601525616.7528071404 82059.1483740807
575724042.4775562286 66368.4382377277
596639415.0676637888 78659.4459946156
588945894.4009884596 72857.3443937302
566473342.5778096914 62651.0190366507
542765765.3212454319 48500.8623630990
603563101.8513945341 82331.1079367995
603346661.6776767969 82268.8278884292
597812607.1079924107 79222.7850031853
575758892.5479052067 66666.7677268982
575765050.1862298250 66951.9037051201
589211670.0513249636 73071.7750320435
557749144.6417784691 57660.2017536387
587401373.5577752590 72673.1194583178
553051503.4021562338 54733.5319483280
527874489.2877961993 35388.8653304060
583542615.5823705196 70855.9327902794
547186349.0416551828 50683.4777105600
567833846.3459271193 64037.3637516817
531836578.2519241571 37313.2419973314
594915976.5714682341 77276.0500465631
591093550.2916275263 74942.6107453406
586919117.5160465240 72615.2687481940
529902285.8326978087 37210.2439648687
534173103.2863253951 40350.5737592494
533954432.8315219283 40224.7282414948
