654415438.6092358828 391968.3706532376
657267454.8184404373 632296.6497377586
657260107.4783197641 631623.7933534812
656027107.4019572735 562921.3878052067
655979042.4239356518 562609.1540976595
657011337.1860705614 625058.1981386375
666373025.6803125143 1004743.1996130475
666684123.0139678717 1012365.5666784772
680522059.9494200945 1397665.7956459769
701970598.6027971506 1783805.4066219032
759805570.0888631344 2193538.3620605469
654570671.0875029564 413895.0594858425
657083522.5684823990 625233.8831471633
666639353.5359772444 1011560.5066198835
666709893.5991582870 1013600.8191351423
738715795.1443910599 2138011.3955078125
738029132.8758473396 2132804.7744140625
759527336.4964798689 2192980.8234863281
681627355.6182914972 1420983.8182175406
681475105.7558678389 1418316.0475485530
666830009.9429277182 1020216.9138617048
666793513.8130303621 1017145.7336859235
667010989.2349987030 1025856.0437959726
681150802.3249222040 1413955.5307448157
696865861.4426515102 1703500.0922405720
703592399.4446063042 1802512.1112117469
738520442.9327514172 2136544.1613769531
666491746.1453067064 1010046.4018754440
666936607.2507207394 1021572.1376189718
666966702.0346227884 1024384.9927496442
697339604.6525446177 1714484.8853542805
703469346.5586258173 1802153.5242976844
731891121.0344442129 2100386.9809570312
732032472.0760089159 2101137.6778564453
731653821.9242513180 2099310.6757812500
734898625.1559770107 2116904.5471801758
759421174.6369494200 2192194.2570800781
657100450.4806532860 625646.1437439155
654597317.4289404154 419747.8559856908
654496236.6121702194 399815.0311241644
738161483.8190443516 2133573.7910156250
738063851.5738505125 2133551.5385742188
760605227.3639022112 2194210.8986816406
654530230.4334386587 413596.7655315893
654660185.8124262094 421414.4376197355
703620741.2147161961 1803919.1343593299
657130960.5535935163 627532.5652400684
656897805.7296774387 618929.2689317893
656733880.7255010605 612026.1238365304
657125261.3643478155 626838.0222300291
667204231.9538671970 1026848.1331159959
696958557.4510769844 1708826.7344753742
700738604.3165471554 1763895.6159114540
703458140.7683351040 1801600.6652736366
680448098.1419867277 1396379.7506020316
680818399.7141710520 1404649.5176918753
680583610.6158891916 1401772.9129555472
681018706.0162426233 1409064.7641427559
680594340.2269109488 1401947.8334877738
654576573.2177895308 415114.3947800463
656047900.3938368559 570366.7048789095
666958561.9840053320 1021685.0959906110
683719020.8217064142 1456532.8578658402
703751485.2020469904 1805590.9349727333
738948552.3085428476 2139087.6403808594
739096508.5030128956 2139431.3493652344
759816668.2645785809 2193924.0002441406
683792538.1394320726 1457284.9927127510
703073417.6721409559 1798536.4696101844
759649145.9680670500 2193146.9440917969
656340436.2740118504 586220.0604835581
683839477.6583114862 1457517.6022506058
739704928.3873801231 2140702.1469726562
656186675.6598641872 579825.8593264222
740017253.0635740757 2140769.6730957031
666599690.0812593699 1011555.4165319928
656604480.5610760450 603561.5991095733
683964742.8246423006 1457783.5173558593
667639710.2775580883 1038095.0145591139
667314241.5490100384 1031002.5152693628
702488854.4808037281 1788608.9262752235
738838876.1476097107 2138313.6037597656
739553872.5672848225 2140366.2270507812
656548728.0987334251 590957.2558496054
656590487.3738100529 592669.0928088259
702615689.4061033726 1790081.6044673622
733347358.3205401897 2108742.2457275391
701094115.7366068363 1772034.4543513954
656567036.5047392845 592492.7194722723
732733507.6301114559 2105801.5960693359
680252138.2399340868 1388198.5888530356
701793330.5918734074 1782093.7406062782
701372773.2249376774 1776529.2596492469
696629506.6991760731 1703046.6971574202
701280527.6821541786 1773729.5965633094
654834432.3030189276 431084.0729551688
697229217.9177267551 1713695.7087287595
697012506.9058560133 1710816.8923606565
700758214.6544589996 1767422.5433406532
732433235.1443541050 2103738.7930908203
760276618.0507529974 2193999.0251464844
654785845.3690738678 429401.9813948050
667974123.5257952213 1040698.4116160998
680153654.4781476259 1384000.0958110434
680303271.6246048212 1390628.0510112387
700890055.2083851099 1769006.2715073824
696527956.0810141563 1699900.9439353636
700952427.5352135897 1770255.7544175386
700592590.4492439032 1763261.6206895113
739525587.7817616463 2140184.4409179688
739251861.0458874702 2139652.4655761719
696171435.1982009411 1690998.6486472776
758607233.6075432301 2189996.6447753906
734478189.4338979721 2115679.3746948242
700396495.4393472672 1759641.4875600031
696269702.9953995943 1691911.7150153806
700266350.4510208368 1758662.8855092218
738423229.8123253584 2135463.1481933594
655726132.9002799988 517870.7665310819
696061132.7617371082 1686787.0923347166
734156743.9755699635 2113118.5238647461
736859457.4048887491 2125415.9892578125
655119815.0586842299 442297.9761757032
682084795.7519305944 1423581.4486067933
681855830.6102844477 1422096.5037673158
736995634.2571643591 2127631.9521484375
737568943.1267701387 2130654.0234375000
759155611.1602406502 2191283.1623535156
733961152.9606419802 2112097.7638549805
733852726.2566317320 2111265.4889526367
655751883.7443151474 519262.0772057492
733636414.0107438564 2109418.3627319336
734297504.6975994110 2114349.5985717773
736802523.2723103762 2124774.2871093750
736911945.4982541800 2126315.8046875000
737480219.6123120785 2130504.3515625000
655840260.0492621660 527480.4868283756
655776311.1809166670 520283.3629718740
737475277.1647588015 2130113.5507812500
737343319.3342732191 2130043.9497070312
699980273.1533892155 1752107.4675099542
699483388.5236378908 1743477.1855275324
699282778.7230685949 1739268.9907033136
666200978.6497995853 977967.7147049535
660031670.3108367920 717799.4790724905
699199515.1678565741 1738199.6757619074
660256433.1944940090 725559.7994460256
666271685.2777336836 981182.8957955751
655712635.9755300283 504220.5283821542
655610155.0224159956 491458.0528219063
655681994.9514160156 499490.0244440157
655672844.6806977987 492581.6539380867
655265221.1569526196 463885.1317386944
655428735.0997750759 479348.4482610542
655338631.9628609419 471590.8974798042
659787607.5158886909 700104.6161151321
655176571.1191437244 456075.7959173042
655174820.3725894690 448907.0442615571
659776448.7079401016 696618.5990252884
698532706.5026429892 1726426.0976853063
659883138.0577596426 704253.4889192523
698276549.4240293503 1719416.6438126257
698530279.5431393385 1724469.4275040319
659798248.9578377008 703297.3724627884
698277406.9357265234 1722301.2312149694
698100357.8289114237 1719244.9641251257
659889166.2849205732 704555.7981601150
659642725.4492415190 687912.1665798815
695559073.7926926613 1672006.7454597643
756255888.7654956579 2180231.2988281250
664416051.0927898884 882118.5469195595
659714736.4263240099 688882.5586697252
755805138.6860461235 2179535.0151367188
695439101.9200141430 1668043.1927253893
706256572.2928607464 1822344.1976776123
755909252.9718801975 2179556.9184570312
705997735.0744699240 1818827.7689666748
695735871.6216819286 1673252.2984909704
695837628.2857314348 1676393.8038277319
695608038.4705808163 1672941.1997971227
705921263.2248361111 1817325.0211639404
705569928.5214174986 1812082.7360076904
695931285.0739364624 1676748.9046311071
705321818.0716894865 1810657.7640838623
665282823.7676036358 926787.2692664096
665419720.2926756144 932249.5114539096
679533060.7720223665 1340960.0919596553
663931940.3453274965 863805.8731776824
754871568.4457845688 2173872.6690673828
665215779.4011306763 924437.0964453646
664975645.3938575983 911517.0415403077
755204927.0731270313 2176432.1694335938
755165942.0753867626 2174877.1965332031
755478521.8104882240 2178486.4824218750
674617451.3495137691 1201539.2969564497
664905068.8296360970 910528.7829592654
664676492.8471069336 902839.1226122209
664621408.2719129324 898892.3744555286
664871702.2002793550 907371.9433648160
659089608.3991935253 641766.0348740013
659136286.5397853851 649523.5856552513
658975409.7868793011 634543.3789366558
659013734.1355246305 641343.0044249371
663812096.7919511795 853508.3228938202
663930684.2314409018 859536.7124774079
678716220.6187448502 1310821.9190493375
679361747.1264290810 1328318.9624956399
678937356.2353105545 1314690.4780059606
757141417.6522617340 2180762.1674804688
678732116.3806817532 1312046.8461795598
678661565.7453322411 1308681.7182391435
678376714.1133840084 1301384.1982929856
677934548.6329259872 1290359.5837657601
677677222.5446925163 1276843.1187243164
677805311.0444133282 1284557.2187144905
677702660.1273150444 1280126.0103267594
663482890.3480640650 818285.0856597046
663438905.2504577637 818082.4991929154
663630606.8045347929 827104.2160012345
663550490.5676603317 822744.9525620560
663363898.6745707989 808898.9829041581
663423489.6166459322 814666.1088807206
713838327.0322816372 1876800.9409448802
663341632.7345077991 805665.3893106724
713785331.3448240757 1874862.2709009349
712722860.6471998692 1852961.8560449779
676653937.2268455029 1244092.1751417825
676597446.0746815205 1243996.8353590677
676610662.4411487579 1244064.9988722512
662747207.3922513723 767956.8344753156
676311863.4604232311 1237671.5342351655
676698735.8460106850 1248994.6878370950
662492492.9610561132 760085.8059598724
662425084.7379049063 753590.9625913422
662668542.0141729116 767155.9755210201
662427040.5477758646 754857.1740476410
662350870.9989018440 752762.7596952240
662293392.1379016638 745430.4744474213
662302423.5808091164 745546.9965116302
673847827.5109210014 1162493.5820383029
673687114.0048365593 1156287.0199049907
674290996.6602773666 1173374.6679402785
675870337.7594540119 1221758.4115796247
675996921.4581477642 1222738.9209790388
675998823.8496565819 1223864.4219556013
675828217.4044101238 1220988.8970532576
713350088.3614459038 1871380.4848596752
713981086.8898016214 1877172.6505090892
713394906.3249660730 1871614.2836878002
714227620.7184569836 1880110.7089269515
713900857.6250755787 1877163.9706457015
713508963.3578341007 1872807.2739221752
674305732.7396383286 1175941.2936777072
674079324.1449980736 1168806.4130472140
671850135.9243415594 1080308.2245858479
673283786.1603708267 1128273.3438008721
673229141.8156909943 1126041.6110959942
671625885.0940784216 1076484.4159920979
671358599.4636741877 1065428.0964126526
671479266.6903251410 1069173.1757982662
671397142.2377189398 1067560.6732423375
671706296.7714530230 1078774.7182381917
673539205.3338754177 1136961.8976128991
673481159.1707234383 1135057.0273736413
671587098.6299310923 1075311.6054452229
671926052.5326915979 1084376.8864534665
672132159.4864417315 1088009.7338074911
730454945.5764172077 2012588.1062202454
730124106.7059148550 2012388.1097602844
730586327.0233631134 2018805.7948188782
727324173.1496165991 1987091.4996395111
726880298.6468266249 1979918.4201107025
729864509.1334809065 2004957.0424208641
728723339.5727317333 1994414.1590728760
728813362.2027750015 1995422.2440338135
726615026.5866637230 1974028.5604582820
726095691.0745109320 1968180.8321867976
726612014.7244703770 1973404.4197112117
726379908.9462422132 1971758.2699309383
726746636.8754762411 1975478.2196379695
725791928.7839460373 1957232.5376139581
725647311.6375104189 1954329.4626659453
725541855.5707097054 1953064.6804393828
725673509.2276531458 1955472.5429882109
725033021.8879665136 1941733.2825964093
723798254.3384033442 1928339.8606675267
723235942.0282876492 1923400.5021360167
722420169.5750606060 1917853.8297117003
722513917.9669928551 1917992.9583738097
722659931.4773211479 1918687.2033002623
722747140.7041492462 1919978.5877683409
722179410.9996140003 1916316.7987058409
722405804.2327169180 1916726.8309324034
721438079.6706651449 1909667.7263902426
720731489.6289901733 1902445.3238094891
720715110.4235093594 1900413.8406551923
694094013.5522158146 1473833.8959387038
693820291.6292965412 1461637.2951086257
693919378.5456507206 1468818.0158117507
693579789.7084691525 1461060.4650305007
