131663204.0978756100 685453.9581809475
131800190.9523355663 705817.0898879601
132363629.7326774895 767276.9018134512
132674581.3292172253 791306.2740752734
138285035.9349000156 1016574.3417205811
131831501.0877493620 712442.6423181130
131855113.8413858712 714286.1683190896
132011000.2620947659 730629.3742391930
131924042.3560034931 719240.2409061028
131831610.3201567084 712443.4294274880
132466021.1691974103 776846.5490607657
132653597.6650375128 789536.0133780874
133155083.4465836436 816552.3457561769
140811799.5562477410 1064494.9350738525
140559935.7792386711 1059896.8271636963
140428273.2814883590 1049529.3017730713
134671548.6788679063 905426.8902271986
137337069.1658316255 990157.7687530518
131497304.5938949287 650637.5919941498
131625145.6606554538 683821.1012604071
131947340.8281366825 724655.3757165505
131989498.1769536138 728350.2592489587
132870385.0740355402 803257.4128692187
133684507.9965243191 854238.1145741977
150022078.6676944494 1111784.9365844727
136655164.1368502676 964407.7506771088
131916451.8793919533 715452.0396302773
132172082.6091813445 744000.7186486588
134734382.1698398292 906113.3411549330
131540668.4343324304 670285.8540182544
132306616.2216295898 757298.1873266138
132919702.9460428357 804360.4488477223
137247092.8317681551 987267.5408325195
136172326.3257980943 954897.6866264343
132292586.3011868596 755846.6232772900
132861357.0410871804 800668.3417930044
132183019.4358965158 750585.9200302197
132330250.8535574079 764627.9120120071
132858525.5511721075 800234.2799346484
132914932.7846616656 803799.7597042359
132832937.5294926465 798594.1659500636
133442673.9621879011 839641.2230557837
132490633.2856021225 777650.6689533032
132537983.8772950768 779841.8254363574
132985608.2182520628 808187.3172603883
132468835.8682041168 776884.4975165762
132495300.2346352935 778602.2912978567
132816690.7632972151 798202.1377471723
133474468.8615598679 840576.2174108066
137115835.2473079860 985796.3083648682
132245059.3408341259 755020.3163088821
132987758.4103700817 808490.4145459644
153583260.8445498645 1151813.7080078125
132121987.8093021810 741777.9446465836
132764736.4313396960 795991.1874903478
136724997.0560576618 973312.6293945312
150511633.4432532191 1125783.1549072266
131704614.5579083860 691815.2452126576
132385148.6283162534 769271.1735631861
132580788.3877246082 782718.3851233339
132558688.7499293983 781780.6346515454
133008034.8743273318 808765.6993633546
135855405.4842700362 945914.6021385193
132046919.7494805753 736909.7502157555
132575353.7194547504 782167.8006506776
153864258.8949736655 1151917.7387695312
135505019.3853801787 933283.2288951874
135188546.8677027524 921302.6179711819
132732601.0563918352 794299.4462324418
132795183.5704215765 796855.1015151776
134143066.1996853650 879123.2138440646
132005528.4627601504 728361.5665527044
134409016.3674842715 891236.7497182665
131643256.6578661352 683970.9089765383
132106305.8024736345 740346.2102715836
134796966.5080720782 906797.8667559624
133397932.4415505379 836752.4447965063
153105164.6877299249 1138813.2453613281
136495649.1040897071 962111.5151176453
133382814.2577027231 832019.5890492834
133845966.7455907315 861972.2337338962
133964099.3668067157 867337.0719068088
136463837.4470921457 961575.5183258057
136319454.1737332940 956165.6732215881
133748051.4404763430 856283.3558080234
135772042.9996505082 942255.3646373749
136830838.8955976963 973489.8486938477
136084909.8370737433 949691.2965126038
132792619.1724404395 796529.1710811891
132628551.0396991074 788700.0462531485
132958006.2314981669 806006.7523418702
137987879.5848624706 1005771.7195281982
135390204.0863312483 930875.2325572968
131505358.9080256671 655659.6201979353
131918961.5194633156 716095.8847497536
132539511.3017944992 781527.0992316641
133196339.8646067977 820449.4715184607
137688827.0002053678 998220.2186431885
138080845.8116016388 1008509.9630584717
131695366.1464780122 689774.4713815285
131976821.8693204969 728179.4400828911
135732631.4115556777 940148.8658852577
134489340.7031668425 893883.5175331412
135735300.8230265975 941651.4090709686
131731594.9781741649 695226.3263802363
132200960.3094230890 750904.9640848099
132450809.0467060357 775424.7846259512
132605089.5499311984 786689.7488898672
133264681.6364867240 826654.7508763708
136094652.9568993449 950205.1411781311
148833892.5501209497 1103259.4898376465
135991226.6985231936 946722.5038738251
135629737.9462819397 938234.3691539764
132063594.6507977545 738680.0837664471
132220970.8449765444 752616.9773196243
138194632.8562256694 1014704.7362518311
132161278.5013737381 742594.9002715573
132312596.8367402852 757559.9818877615
133659768.9629627764 852685.8291585483
131686313.6152224541 689713.9537147118
133632393.3491079807 852671.5186116733
133587651.8284706920 849782.7403523959
133088513.0868008584 812405.8446824066
132610524.2182010114 787240.3333625235
145181610.6598385572 1099971.2540435791
149558445.2366496027 1107560.1368103027
135471637.4416725338 931296.3793714345
132413031.3694169521 769554.1129950918
133473241.7965065390 840083.3532140292
131684366.6032933593 689711.7161301209
132339541.2368198484 764873.5628241934
139210456.0137268305 1028329.6911468506
131727072.8701307327 693081.4567855431
134308374.5909789503 887831.3033226309
132167484.9319533706 743199.7864951156
135567852.8763521016 933969.6798229218
132318031.5050101280 758110.5663604178
132984720.9306374043 807768.0287929811
132244541.3724130392 753430.0161895193
132939979.4100000411 804635.7336651124
132680015.9974870384 791856.8585479297
135842045.9722940922 942378.1061229706
134106791.9591060430 872456.4070899487
134275768.8726273179 882959.6518770494
134393125.2684872150 891217.1696401415
133517983.3171438277 842972.1314733066
134224397.0570355356 882701.1188814081
135244150.3823185265 923352.8263015747
132724563.7081131786 792399.2053829469
132471455.8374672532 777397.1335334219
132917552.7539248168 804057.3515621461
133259246.9682169110 826104.1664037146
134051211.1650058031 871973.4940435924
152577944.6722172201 1131789.4423828125
145839207.0085751116 1102753.7828979492
133623560.6020914316 850649.7259633578
133729055.7071504742 854823.8061357774
131684125.1451817751 687338.4808950259
132424496.8145842850 770083.5525969900
133984486.6717266291 869237.6456792392
137241805.0317936838 986968.7988662720
137988867.6841607392 1005980.6176757812
131518312.7556933910 656145.5584095551
131641309.6459370404 683967.0259464814
132225048.8052807152 753308.3030740677
132838923.9023644030 799774.7392727174
133877047.0023401529 865306.2836034335
135708854.4839962721 938301.3721523285
131540207.2076319754 657632.8670783474
133309423.1571240574 829543.5291356482
134353116.1116162837 890721.1609886466
134619160.8972049356 903407.0490272818
131662008.0832718462 685210.2048087551
131727182.1025380343 693082.2507308556
131784467.9514881968 702030.3968347146
133078610.8509202003 812286.5181519501
134119388.7400608510 877563.5987459458
151719362.5898877382 1129747.0681152344
151750345.8548043370 1130264.0515136719
131539011.1930282116 657389.5487647487
131520259.7676225454 656149.4718808962
133026189.2729526609 810908.1609875001
137991462.8615656495 1008348.9072265625
133582217.1602008641 849232.1558797397
132206394.9776929170 751455.5485574661
132274450.4420202076 755585.5142557083
132344975.9050897062 765424.1472968496
132966611.5509810597 806733.3678661622
133064241.8401319683 812074.0110851564
134006485.0119511634 869525.1847368516
132439495.7358481288 771271.9067763723
145141216.4431470931 1086602.1146392822
132044334.4819629788 731178.0549032555
131977502.3270918131 728218.7259664370
133673736.7909985483 854089.0886952914
138366414.4355166852 1017108.5039367676
131970844.3493658304 726497.5047323571
137746809.2083335519 1004237.1412963867
132294460.9775736332 757297.5274905227
134151005.9564568549 880225.0589677729
133755980.8713156432 859073.0896836258
138994832.1413781643 1026596.6513977051
140497401.1483782530 1051834.2588119507
132848826.1382450461 799893.8790050782
132748071.4618143141 795986.8242461719
152820370.7600551248 1132067.6892089844
131756464.9946681261 698142.8291335537
138099092.6224056780 1013445.0112609863
133742792.6566564441 855622.2994359769
133164848.0919360667 816565.3923655786
134131494.2306062430 878601.0387407579
138445689.7208698988 1018657.9140625000
136417691.7775990665 959072.7289104462
133312493.2835583091 830704.6029385962
136924050.3637210727 976186.6873168945
145028196.1213955283 1084744.1143951416
133298586.5559651256 828256.1639737524
134896463.3974545598 908482.9912927151
131578894.5674237460 671711.6958683564
131958848.4995039850 726365.9714498355
133391430.4846676588 832818.7416188754
133521053.4435781091 845203.8528554477
153078763.5830196440 1132215.1740722656
149650153.1254877448 1109556.9694824219
135254865.8125193715 923888.1662347317
134331095.1782516837 890645.8862528978
134313214.8741610348 887905.2598757921
138588508.9644511938 1022360.8953552246
134130793.3586160690 878342.8840441881
138394817.4471048713 1018194.2407531738
133884108.9441697896 866236.6747677922
134290787.2104167044 883545.1458621202
136682676.3855373561 971925.1256561279
137042416.5325684845 981901.1638641357
134462881.8047028184 893158.2872348009
131592167.5297382623 671924.8750365151
131618355.0728500336 678106.9524335696
131606902.6574725807 676506.5286320283
136895585.9981509149 974733.7058715820
135013943.8240912259 917761.6529138088
149667307.8902567327 1110361.1323242188
134044482.8076100945 869716.1431186972
131942790.6510136873 723032.4319003688
144933049.4828820825 1083464.9017868042
134569893.3069295287 898610.0899151145
134812045.0420708954 908397.7351891994
140369828.1508256793 1047997.4101791382
132098777.6706583649 739288.5527059899
134782952.6493836641 906280.6205346584
134947708.7735474408 916248.6715600491
136946831.3742438257 979411.3219757080
135255900.8914765716 924734.8255212307
131782066.9632797390 698534.5673649146
134363391.0630681515 891088.2562136827
136894942.8091766536 974682.5176391602
134537382.0502221584 896282.5404086290
135127635.9271389842 918923.5921227932
136681526.5929481387 968091.9826965332
133725377.1285708398 854738.4351407306
134900302.5584547520 911105.8143212795
135262154.3081395328 928069.0950982571
136944290.0484311283 979085.3630218506
131600789.0193623453 673197.9503684475
137046102.4832904935 982390.1115264893
140559074.5534386039 1052254.7739486694
134444356.7723612189 891867.4144147038
134089040.8253912032 872080.8781848131
134632936.6258943081 903785.8972638249
143989800.5758749247 1078489.0897140503
134919540.3825117648 914866.9745825110
138242410.2825882435 1016111.6738815308
137920981.5190066099 1004566.1398315430
134302424.8585003614 884014.3240847765
140306275.5476904511 1038910.4519500732
139704532.2004442513 1032706.0644989014
144587816.0132584870 1080878.2855682373
139761655.8462631404 1038314.4407196045
137707448.7989966869 1001215.9915771484
144969122.9165546298 1083656.5617523193
148956633.2500097454 1106761.4082031250
144672027.5918816626 1082104.7658538818
137605772.0033207536 994833.8870887756
137439723.8062885404 991574.8185424805
141261155.7612731457 1065189.9123382568
137522138.3580203950 994242.4384803772
140327667.8381184936 1039519.9773712158
137481934.5697639287 991613.3255043030
