1096717118.8184525967 4280768.1791381836
1097101468.7815735340 4312777.1403808594
1096819053.1216559410 4300471.2141113281
1096524958.6390314102 4279647.8844604492
1098194874.3352003098 4379853.5242919922
1098607868.9522123337 4395308.4766845703
1115104233.6341254711 5091449.3071289062
1095976949.1587607861 4248510.3150634766
1106894640.6826660633 4766147.5914306641
1106769930.9291584492 4764667.8568115234
1093688336.6327681541 4106926.3577270508
1094005042.6217031479 4137241.7161865234
1098276636.4306859970 4386789.5246582031
1098910140.3194944859 4407030.1037597656
1100143458.1017503738 4460515.3283081055
1101882657.4908115864 4553255.3759155273
1101535595.8200373650 4538096.4578247070
1113578407.9581127167 5035604.5703125000
1308871696.7786326408 7236682.3442382812
1099398744.5642557144 4425933.4473266602
1093716477.2725305557 4121504.4199218750
1095519827.7272708416 4226282.7647705078
1095345764.8201134205 4215774.1706542969
1096423149.0905137062 4271049.9323730469
1100035198.4996316433 4452913.8463745117
1099545277.3957464695 4439862.4021606445
1099713916.8942737579 4444036.9735717773
1113339099.0773935318 5020250.6636962891
1097690309.2825956345 4352862.0522460938
1102812605.4550819397 4584729.3911743164
1102190872.6893076897 4565507.8308715820
1106699964.7070128918 4756114.7647705078
1094337981.9625241756 4162130.1334838867
1096490168.7515735626 4277683.2668457031
1098684789.4384253025 4396876.1081542969
1108775351.9722540379 4847495.3466186523
1106325519.0452857018 4742727.0293579102
1106099895.6805412769 4738566.2998657227
1094637136.4325709343 4171536.5782470703
1100795395.6353852749 4492892.5128784180
1114956842.6209795475 5077122.8094482422
1113107844.7017395496 5019657.6959228516
1093401545.8982350826 4077555.9694213867
1093401545.8982350826 4077813.7799682617
1108897545.8398985863 4858586.9674682617
1096482228.1907067299 4274240.9592895508
1153872795.9784235954 5970268.0609130859
1135673694.8740303516 5645362.6455078125
1135699776.2303833961 5649726.3542480469
1094719718.4760284424 4177782.7623291016
1103817909.9376711845 4643785.5814819336
1104138901.2969779968 4647669.4218750000
1140835780.1910648346 5776340.7773437500
1107294143.0076303482 4786720.3122558594
1094179067.4316825867 4143524.7092285156
1097690309.2825951576 4352846.7666015625
1097456595.9371376038 4326803.7207031250
1118790131.9040749073 5198695.0316772461
1096381571.5579302311 4268424.1311035156
1096350622.6569240093 4267829.7644042969
1097417298.2622313499 4323629.9360351562
1289889121.3062686920 7123339.9418945312
1289898220.2536139488 7124922.4155273438
1118884764.4623003006 5210641.6029663086
1093891634.2663650513 4132318.3869018555
1095854743.1301991940 4242444.0252075195
1097604749.2267334461 4347753.6534423828
1100464361.1502099037 4479138.5648803711
1096313419.9890472889 4259567.9482421875
1097517523.7841219902 4339760.9711914062
1096924741.2929375172 4304642.2456054688
1102479802.8028213978 4569984.7128906250
1103817909.9376711845 4643443.0757446289
1105323003.3265998363 4703002.3829956055
1123387407.9554402828 5350825.8364257812
1140518318.4256746769 5767873.7268066406
1103748990.8622918129 4639652.4634399414
1103634659.6171166897 4629546.1685180664
1123511741.2353632450 5355781.0006103516
1121613343.8210275173 5289209.7768554688
1121035583.4589951038 5274413.7113037109
1112065350.9364075661 4981722.2390136719
1109603419.3855726719 4886449.2036132812
1112693075.0922920704 5000945.7612304688
1287926996.7762742043 7100119.6142578125
1102698096.7846281528 4578733.2302246094
1109202501.3324708939 4867703.7175292969
1110611574.8346164227 4913798.9400634766
1308938226.0892629623 7237333.0219726562
1115328513.0239820480 5098194.2072753906
1112500223.5094041824 4994338.3343505859
1138113497.4249942303 5715780.9392089844
1115076856.7805421352 5083312.9794921875
1253286368.5544664860 6960388.6567382812
1101853602.0334873199 4539175.6396484375
1298792534.0716683865 7154084.8515625000
1298394174.8441674709 7149352.7685546875
1109441187.5574665070 4876616.4879760742
1115245219.8667500019 5092040.6075439453
1182549273.7561590672 6276071.3554687500
1138892682.3090264797 5718846.5336914062
1295792229.1353144646 7137559.2329101562
1101175479.5123546124 4507753.4144897461
1101346830.7802252769 4514816.8679809570
1117783314.2453238964 5171425.0258789062
1130575233.9825899601 5521355.0711669922
1115245219.8667500019 5091945.7296142578
1106718073.8109154701 4763840.1347045898
1103984050.7427959442 4646310.6874389648
1104263725.7183575630 4655070.2378540039
1104266378.5409626961 4655153.8989868164
1166413818.1691496372 6177758.1301269531
1119343893.9093382359 5226685.0801391602
1251948718.9257862568 6833131.0876464844
1100715352.9130589962 4489722.6193237305
1146472094.6411752701 5840606.0155029297
1136909518.2837381363 5694458.0034179688
1105109151.1292212009 4683768.6076049805
1106954634.6811859608 4771275.3443603516
1154014275.0457468033 5996839.1600341797
1296095127.6368398666 7146127.2978515625
1227222557.1344206333 6733685.8911132812
1108702818.6443517208 4843852.4921875000
1137545757.9960644245 5701360.9428710938
1185165433.2680931091 6329501.7414550781
1105560403.8866491318 4714024.8072509766
1105611324.9373087883 4714747.2465820312
1115778807.6332693100 5108117.8585815430
1114074691.4658448696 5047293.4331665039
1252893165.9566688538 6841725.0378417969
1155146957.9047174454 6020814.2919921875
1108299803.9587171078 4843821.1938476562
1112913705.1980416775 5002459.8789062500
1117169604.1255173683 5155627.4191894531
1107911015.3969397545 4825825.7310791016
1107911015.3969397545 4825740.5738525391
1118564852.2265503407 5197411.2763671875
1224597564.8223035336 6695892.9433593750
1106008147.6218051910 4731777.4345703125
1111706357.6176936626 4959191.1834716797
1184509421.8671021461 6324948.4050292969
1106593558.1763434410 4753389.0925903320
1114953981.1041886806 5074252.0867919922
1106449600.9703681469 4750426.4458618164
1143347322.9890575409 5804148.5277099609
1143163757.1736383438 5800539.2756347656
1116746121.9747471809 5143752.2534790039
1114131961.9554047585 5050436.8352050781
1106070143.4162259102 4735592.7169799805
1117514844.3812205791 5164836.5024414062
1105994230.8355085850 4728513.3079223633
1223418811.1178069115 6690762.8842773438
1105908819.1153676510 4726967.8956909180
1147792006.6387019157 5867261.0321044922
1141822136.4763350487 5797327.7958984375
1115667221.7271885872 5107638.6519165039
1107059240.4970562458 4775437.0866699219
1106350329.2562494278 4746258.9284667969
1116132490.4983987808 5121649.0508422852
1106070143.4162259102 4735302.5929565430
1110591113.8613343239 4910559.9035644531
1117572368.0062248707 5170859.8464355469
1116427498.5066883564 5142945.5256958008
1116202552.8728795052 5135202.5186157227
1111706357.6176934242 4959189.5931396484
1114509934.7097935677 5058990.4558105469
1116161842.1970069408 5121686.2207641602
1272366917.1590261459 7001446.3090820312
1272418256.6421811581 7003313.7387695312
1141376108.0848124027 5787172.1301269531
1110346450.0283083916 4906355.7319335938
1109938023.1341996193 4894996.2159423828
1141104728.4243965149 5778100.4499511719
1116035176.9583988190 5121333.5950317383
1111473443.4736204147 4947271.4283447266
1267659991.1015186310 6966322.1691894531
1140165180.1308562756 5762636.7269287109
1140366267.3368232250 5764154.1041259766
1130084455.6351864338 5516481.2071533203
1121639049.2196042538 5290749.5253906250
1107279919.7985553741 4777806.9282836914
1276865901.8368954659 7044505.9233398438
1281741589.6114211082 7068304.0786132812
1281555604.2479548454 7064884.1635742188
1155219187.0357441902 6025682.0411376953
1284039452.9517467022 7070891.7534179688
1127058970.1443076134 5449720.8431396484
1141294590.6183474064 5783026.4226074219
1119986615.7825081348 5244204.3642578125
1154714614.7322554588 6020019.1586914062
1121664108.7875828743 5302047.3817138672
1154155748.0701894760 6008370.1945800781
1124717762.4626641273 5394476.7324218750
1125523281.7548429966 5413676.1181640625
1125154045.3541922569 5407700.8935546875
1125247320.2312681675 5411065.9139404297
1125174341.4417016506 5409345.0341796875
1154401688.3156576157 6009790.7536621094
1125001544.4107823372 5406174.2504882812
1159641686.6997888088 6058649.8488769531
1124856288.2237293720 5398562.4741210938
1121389244.1364471912 5288886.5863037109
1154057767.7670102119 6006560.2756347656
1136479295.9155733585 5679923.3070068359
1128154432.5455584526 5486204.2596435547
1128364492.9646515846 5496604.0550537109
1184192163.5609743595 6323958.5334472656
1154542534.1171760559 6018212.6945800781
1154225188.8986663818 6009777.2961425781
1128322803.2536075115 5490049.1148681641
1274396947.2890954018 7020009.2668457031
1145215827.4393181801 5815338.3325195312
1145335410.6713407040 5818729.6030273438
1124985388.5226788521 5403040.3348388672
1270374287.0721731186 6983110.2749023438
1152205064.9408457279 5947303.3676757812
1308508580.5110213757 7187495.3745117188
1131326514.7694728374 5537290.3984375000
1146245284.9380574226 5828402.6224365234
1145889754.9747650623 5820459.4808349609
1120121676.1162569523 5246591.7695312500
1122075104.8702018261 5313654.7231445312
1121813972.2836556435 5309200.6669921875
1145815619.7426853180 5820120.1678466797
1183952520.8321833611 6320015.2861328125
1122870376.8320429325 5328518.9942626953
1155608226.9683568478 6030759.7402343750
1222343311.3223981857 6668675.7941894531
1152470590.6151521206 5949479.6350097656
1135070656.5915281773 5640011.4660644531
1234634203.9481739998 6749379.8806152344
1164415192.7288062572 6136432.2700195312
1182696729.5231566429 6294955.6645507812
1308377073.2328970432 7170508.1103515625
1308280867.8007154465 7167642.6484375000
1308491599.2396850586 7171226.8652343750
1236519889.6392052174 6825001.1987304688
1308377013.8500237465 7168858.6831054688
1308207783.5021333694 7162269.5800781250
1133731821.6708605289 5612109.2145996094
1135973719.6201326847 5667608.1071777344
1160944132.7892456055 6079757.9062500000
1160591833.5089206696 6069947.7763671875
1148543944.4714605808 5881783.7297363281
1135781780.7556273937 5651718.6091308594
1307539483.4229679108 7160568.6577148438
1307948667.7145752907 7161337.6450195312
1183661434.8108258247 6317245.8759765625
1183081566.9196906090 6304182.7514648438
1182946465.2596673965 6303451.5644531250
1183144135.8056302071 6305879.8510742188
1183479604.6437540054 6314782.0156250000
1183660913.5544242859 6315587.9877929688
1183166318.3848080635 6307114.6191406250
1177541031.8669734001 6256835.9755859375
1161494446.5271008015 6099197.8937988281
1149588518.3800754547 5928889.4506835938
1251191653.4787523746 6832554.8234863281
1131425059.0267205238 5557425.5362548828
1156087586.5965049267 6035048.5473632812
1155683051.1089794636 6032436.8466796875
1203735876.6448740959 6407023.7856445312
1203356710.3391005993 6400992.6191406250
1153294718.4053447247 5964657.5229492188
1126247485.3721814156 5426696.4809570312
1146528179.5024790764 5848933.8247070312
1139079068.0723779202 5731265.5476074219
1152954373.0939602852 5962160.9279785156
1139600309.9964039326 5738878.0803222656
1155962411.4485838413 6034687.5161132812
1131455805.0019519329 5563899.7833251953
1162262388.3716554642 6118080.9541015625
1131728581.6935889721 5567885.1458740234
1132160472.1719770432 5576446.6221923828
1150516649.2619321346 5929550.1477050781
1150542081.0367004871 5937884.2182617188
1133027227.9748308659 5595512.5600585938
1131898137.6804053783 5568710.6485595703
1131990679.0122425556 5575725.2091064453
1170563795.6727421284 6211949.2956542969
1165964879.9735865593 6149230.0925292969
1170515730.8830420971 6209751.7302246094
1132752562.2120122910 5589706.0059814453
1126896949.3320746422 5442155.2995605469
1214723301.5066678524 6607520.5480957031
1214691099.6131429672 6606832.4274902344
1179793299.9610683918 6268198.3637695312
1127297848.6319983006 5453439.0737304688
1127206922.9882993698 5452435.4255371094
1126934642.8471882343 5443028.4897460938
1126925803.5842533112 5442457.7543945312
1147044532.0955531597 5862855.3330078125
1165599799.9330537319 6147876.9765625000
1202288670.9909722805 6377911.8117675781
1188687984.1497790813 6347889.9477539062
1188192064.6096310616 6343729.2426757812
1207390396.1800122261 6490354.1254882812
1194159746.1189591885 6375238.8481445312
1193793575.5257236958 6371353.9077148438
1205072693.9008984566 6409576.4025878906
