579027189.6660797596 5102.7876516581
580839391.1459102631 5195.5801861584
580927476.2791332006 5204.9427409470
581467461.1337667704 5236.0270284712
577994644.4950259924 5042.4545274675
566219774.0039308071 4373.1145370166
597953078.4918344021 5644.5946187973
581259923.2711371183 5221.3108514547
588168293.6379216909 5496.7090578079
582237419.9176957607 5272.7330231667
583900468.2549399137 5356.1399760246
571034778.4732960463 4708.1346910307
565420327.0121049881 4303.7175951164
581474240.1877806187 5239.5937780440
562016700.5823215246 3964.7383306978
571333457.1320173740 4735.3576081702
577945617.0194290876 5041.7588375509
566756131.2849752903 4406.9957688014
563661096.1496453285 4165.0533727418
581209143.0578434467 5216.7016202211
563473621.5318595171 4125.0683492433
581377883.8208612204 5232.2200440168
581885946.1501520872 5258.1793107986
564255545.4305381775 4208.1873876016
562200933.8504489660 3979.7658196447
581190853.5291881561 5205.5547786057
582355355.7576475143 5283.6053352356
580918146.2694685459 5204.8751578629
579619975.3614375591 5140.2782818079
564000367.4581495523 4182.1877154272
594050074.9744125605 5595.6765575409
564705534.3795170784 4241.1847300689
587914191.9333823919 5488.8660764694
566854435.2174595594 4429.8584201301
581836740.5440039635 5256.3310174942
571145826.9913395643 4714.4625737974
562633742.1836191416 4016.8135261295
565259002.0159738064 4283.0633456867
579535421.1198434830 5134.7216534615
564190505.0196535587 4196.4579156453
562223470.6225876808 3983.2980412004
561718374.5125328302 3927.6500748155
580181616.5233665705 5174.1193957329
558605542.1115764380 3476.8542248919
564756360.2785066366 4260.6283300083
585233357.1875405312 5398.3061070442
558819897.5488655567 3538.9859392062
579005306.9081039429 5101.8409851789
577428450.2185597420 5018.9358945936
558792627.7172366381 3496.5136038974
558569543.8913204670 3473.8965506270
582180599.1839232445 5267.7507446408
584668742.9784733057 5383.5633969307
587337202.4017690420 5463.6379184723
581746640.5103542805 5242.9518988729
581765649.9886467457 5248.4851029515
563517273.6840468645 4144.8737109910
581780983.5492030382 5251.7445157170
564535981.5870469809 4223.9407781358
584667895.3892499208 5373.6187787056
583854381.7024343014 5333.7818093300
563924366.0636863708 4172.2709708291
586275085.7432694435 5434.0205855370
568077796.4850332737 4531.4307031830
561836358.5157946348 3934.7914353890
562593772.6198039055 4000.1139150617
578788233.8152277470 5085.4391186237
564168718.3689098358 4194.8397666181
571760772.0814675093 4756.4703548336
566825180.9136873484 4427.7579112018
578988562.5186550617 5100.1498564482
589866364.1671305895 5544.7950506210
566321612.6122963428 4375.8687513279
566605722.0334006548 4404.8903478462
565458956.9818276167 4319.9573239768
585331498.6622083187 5405.9890921116
563435763.7120975256 4084.4581965980
585249805.7584650517 5400.0036203861
564952756.1848794222 4281.0336528504
564290070.0838673115 4213.7581196988
559925836.5879815817 3728.1292099669
562023519.1615514755 3979.4310192542
564347244.2723867893 4219.6936150754
565323959.6357828379 4295.4683384562
566778573.2992041111 4421.5562212731
561326174.0866057873 3902.1141649987
582660117.4160367250 5286.6377644539
597394081.5441036224 5644.5940246582
565053069.6422054768 4281.1694265092
585150937.2953513861 5393.9476041794
562268616.2854157686 3996.0788155553
582799227.7370967865 5290.9027671814
589579377.6789517403 5540.3273897171
561889322.6074390411 3948.8759201246
582968685.9200232029 5298.3644052744
583307561.1022940874 5308.3640956879
561599062.0093922615 3906.2472837669
578252063.9709553719 5051.4117776155
593787043.0143465996 5593.5333909988
597170245.5918635130 5638.8967084885
590656864.4056566954 5549.4047794342
590250857.9605940580 5546.6088342667
596970786.1509511471 5631.7597141266
565856477.5964571238 4327.4034351492
567431905.8818829060 4468.7919917102
567551846.6558066607 4488.0168672525
564593368.7559407949 4235.5361378158
573905328.3708678484 4845.7662172783
566459642.5763170719 4393.0074392635
574983849.8285812140 4917.7451751083
579039968.0511245728 5102.8187810183
565867053.8983519077 4332.0172245924
566062740.6838577986 4351.9668441836
566965308.8263667822 4440.0783445856
582279536.2530747652 5274.9836201668
562972907.6150913239 4052.7128942189
568488212.9720422029 4563.5807273214
582753237.9525117874 5288.4405803680
566151336.4292650223 4365.2934341852
576785031.5891766548 5007.2972012609
590432676.4218251705 5547.0690078735
562934057.9237684011 4046.8265867855
567289349.5940493345 4461.8017096515
567985106.8062742949 4522.6994650190
566447205.4260123968 4391.0125609713
567784082.2173838615 4515.7349074905
567238335.8997811079 4449.7336004921
563230963.9655244350 4069.4068195996
596262291.0238124132 5625.3297767639
563241675.7003314495 4071.0929978070
566546610.5382598639 4394.5886718111
565964587.5177444220 4350.0918910925
583250083.6259719133 5307.8524456024
566197906.5064435005 4370.9591108982
568357589.8583576679 4555.2765644517
576700068.9613968134 5005.2357054800
568668579.5911422968 4571.1877963965
562792474.2060929537 4028.4434184195
573925873.4527236223 4845.9436033188
568506171.6431326866 4567.0434101050
564942797.9160730839 4262.5457761236
571080868.6536569595 4711.3986939473
568638962.8298062086 4569.5162933294
596580181.4264489412 5631.6690521240
579976195.0350584984 5164.7659654617
560448639.9058444500 3787.5027149446
562437012.4316972494 3999.0120629149
596362508.7581317425 5629.9451541901
576915478.4456428289 5018.1167279333
560866544.2950735092 3829.2829750065
592288395.6098914146 5579.5783290863
559358249.0728067160 3642.7488989864
559271978.4448448420 3579.7260491286
576842750.5207827091 5017.5182133764
559117831.0557504892 3548.2686834009
559181530.3647060394 3574.0752522383
559350969.2872951031 3638.7629281913
578432022.8621803522 5072.2462536693
578701579.7819288969 5079.3788906932
601411558.8644348383 5668.1350383759
567467923.2517123222 4477.7112839749
572342437.6788111925 4783.5339928679
585418410.9046629667 5407.2636651993
585437411.4441847801 5409.6569206715
571921102.8009825945 4770.9309136122
576366942.3319517374 4999.2067113966
559467235.3470102549 3673.6348350678
589163998.5476913452 5528.6862721443
570778941.2339744568 4706.9542409463
560205471.8774479628 3768.2373043072
560103241.8884569407 3736.4999090206
573284170.5321183205 4827.1259494567
587461244.4952998161 5470.3224985600
570327524.3156985044 4679.5078307671
570506331.3648025990 4689.9868227525
559559172.8536975384 3690.4150670205
589735872.4762183428 5540.6533184052
588712076.8842405081 5509.8078064919
560192589.2755466700 3766.9970375073
578227734.0938993692 5048.9443899691
559132448.0078693628 3551.8829645406
559902698.4150124788 3716.2176204656
559611575.8151650429 3712.6130510305
570251350.7557405233 4674.2352031593
560911432.2713606358 3873.1586993408
559092464.9071930647 3543.8577959211
587649614.3599711657 5475.1135354042
560818976.9462748766 3828.3600181413
579141979.1802084446 5115.2416571379
559572134.4476293325 3692.7403577004
560073028.3184938431 3729.4933468292
560809788.1601173878 3827.9941467118
586043489.8951877356 5421.3746700287
588747766.7690761089 5509.9166855812
589542951.3165532351 5540.2969865799
560489613.8532932997 3825.4205125046
570113789.2119715214 4670.7223552589
560878814.4542056322 3847.0834664178
560429829.1655325890 3770.8166329466
572866511.7717846632 4799.8975891067
559329204.0669785738 3590.1216996477
587660416.4101731777 5480.7846646309
570385862.1188795567 4686.5806261327
587793840.3059008121 5486.5584340096
569585117.4052984715 4638.4657238748
583644619.3039952517 5329.9693460464
569820866.4958239794 4648.7589720514
567704011.9612482786 4488.7905387827
568857418.8627488613 4581.0699795511
569601288.6159074306 4638.5910875126
568138713.2888649702 4539.7823614157
563314526.1102365255 4072.9412313251
584513383.1502026320 5364.5395159721
569475840.3664551973 4625.5115487602
569365568.8532785177 4624.7036397483
574459497.9272117615 4900.2208680660
567773250.6576358080 4500.1994117447
568993955.9303230047 4594.8162636292
569203980.5507800579 4605.5307907593
569144017.9515805244 4604.9289841187
575243507.9445390701 4945.4741357490
575236646.1512411833 4941.6812876016
574441254.0010398626 4892.0481600314
574222465.8060590029 4880.2158388644
597059362.1596672535 5632.4335889816
583803432.4712630510 5333.1335698366
575621209.0882054567 4959.1508821175
571227835.5610884428 4725.0165049300
591043725.8877689838 5552.7575073242
588278961.5692502260 5499.7193140984
569899856.7036695480 4651.3143021193
588689877.5020629168 5502.5308518410
591442689.4399510622 5564.8455419540
588689877.5020629168 5502.5152592659
572633285.5298908949 4793.5905348409
572988548.0102263689 4810.8992044081
590719253.4143606424 5552.3453006744
579573427.5567063093 5139.8201963305
579297665.3668831587 5121.2108610272
579304601.9131525755 5121.7984216809
592666409.4898524284 5582.6063137054
579908507.4602038860 5156.5467645526
595197917.9624819756 5608.8009634018
580456346.5501482487 5190.1063382030
584163910.8466863632 5362.3259440660
580263059.6120202541 5186.2107216716
591543429.6524703503 5572.8262386322
580070894.5511786938 5168.4324437976
594908574.2815195322 5601.2484207153
595791652.9008398056 5610.0817213058
594989760.8544496298 5605.6486864090
578314463.9318281412 5064.9130322337
578450572.8566894531 5076.9535891414
579128002.2724305391 5103.0704656243
591734675.1798899174 5574.8912324905
583368460.4238642454 5312.4892575741
583324937.4119766951 5311.7955548763
591975418.9624609947 5575.9732379913
578384321.9053484201 5065.3220588565
600870756.7898991108 5660.9011926651
587290460.4213176966 5462.9930405617
586578626.8512690067 5438.0868268013
578260175.3838416338 5063.2218219638
586668781.4314111471 5442.5075793266
586668781.4314109087 5442.4711604118
586997553.7630661726 5450.8339753151
591125066.8352628946 5559.9437294006
583671320.3342000246 5331.9372226000
573400089.8765977621 4836.8313484490
601143264.0182864666 5661.7049713135
576241944.7653445005 4983.4057746232
575965903.7747521400 4974.7314558327
576351554.6812069416 4989.1062727273
600952869.8167055845 5661.1965417862
575517995.7962419987 4948.7830328182
575500380.5182512999 4947.5456079678
586881631.3750226498 5446.8001875877
577618514.5739700794 5035.0119447559
601247571.5588337183 5662.2357149124
584978080.1046471596 5385.0694738626
584599896.4453848600 5370.6533310413
577576561.5912075043 5028.3778595775
572976508.1748478413 4805.2515147118
584600038.4346168041 5370.9521095753
572951381.8436720371 4804.7732453779
574012185.6976187229 4873.6016005711
593721373.9265586138 5583.3181533813
573677534.5493197441 4845.2389189438
574291913.9130877256 4883.9428557591
574738463.3609814644 4911.2317861752
577811551.3491346836 5040.1589879394
587200750.7749029398 5452.4056720734
573929757.9735386372 4858.9643615917
598803688.4560139179 5645.1447200775
600676577.9224061966 5659.8055105209
600642126.7541192770 5658.0677003860
599943664.2803716660 5650.3402385712
599689228.0611486435 5648.2143020630
594760005.5182868242 5597.7559299469
594760005.5182868242 5600.1455802917
