525510299.4349769950 176054.2872519958
528143371.7572891712 209221.6946861054
527591792.3402048945 207229.4985230434
527934994.8133698702 209081.6051751542
528053902.9260165095 209162.6872666347
546513432.0522509813 364004.6880467013
546648757.0995047092 364859.1238071993
554871276.4088460207 411467.3163943291
555443396.0838891268 414052.7062774950
573079816.0351258516 486950.8021850586
583141563.6457340717 503452.2021484375
583791662.9551827908 504302.4775390625
583807101.7471320629 504360.6834716797
585128011.5647976398 505346.7082519531
555304828.5378310680 413407.2426180840
555026417.1962442398 413152.6826815605
573176924.8407822847 487444.5828857422
525406018.2963442206 173718.7973706889
527699485.1822251678 209077.8167756068
546507722.2143574953 363891.5329868868
572809938.8608483076 486929.8297729492
573452982.9097278118 487630.9206542969
528088154.7487705946 209187.5113560407
527983417.0874020457 209117.9314805436
583559416.7575688362 504163.0305175781
532611354.0463075638 256960.6040060809
541913735.9514814615 333190.3042501152
542450730.0057587624 337162.9815651196
579782307.5617418289 498561.0202636719
532736080.3077057600 258820.7446740149
532625879.3205696344 257531.4485005438
542005309.6303892136 335002.3371289909
542496543.2258869410 337437.9620870292
570284345.7988203764 477381.1088867188
573103093.3161079884 487182.9606933594
572990890.0641154051 486940.5727539062
573574002.5654442310 487980.4456176758
542413167.1879819632 337151.0157064140
542216508.7005466223 336668.5989888847
541953370.5860416889 334816.5872701347
546485640.9049690962 363838.4784824923
573360564.7583317757 487505.0385437012
525634715.0473264456 179008.6360471415
525965556.4093773961 181790.9855592157
527649485.0354514122 207850.3937983139
527403014.3172623515 205919.0216623469
541922819.8163553476 334014.0146382988
541782052.8387830257 332281.6662801445
570155039.7719926834 476838.5032806396
572991948.1528940201 486948.6954345703
584626359.4288241863 505137.4666748047
596816128.3456176519 510385.3334960938
598332694.1750971079 511039.6190185547
601193616.6767802238 511051.7792968750
573124318.1527745724 487436.1530456543
527280412.7662003636 203877.7055554538
541903381.2149579525 333102.3088277519
541839165.3828110695 332337.3758262336
547156441.8558422327 367797.7016259357
572677091.1827445030 486628.2410278320
573084297.5697000027 487118.8668212891
599830158.9259171486 511041.2048339844
527321136.8306444883 204360.1655481755
527446440.4398599863 205922.3283774107
541885385.6278123856 332945.2124532402
546833147.7419239283 365620.4441807345
570126471.1939182281 476830.2366638184
579710194.7701451778 498488.5363769531
597654462.4367208481 510939.0334472656
527358600.4632210135 204572.0576462894
527230565.6955621839 203875.5435929446
597094001.8330894709 510763.0834960938
532850828.0272040367 259333.2056132732
570472241.1582747698 478306.4271850586
580269310.6338031292 498797.8352050781
584804024.6475577354 505197.1114501953
597502456.0249509811 510913.6802978516
598111546.1337417364 510951.6206054688
598104371.2254486084 510945.7164306641
525594014.8799433708 177211.1920696961
570459963.8059638739 478288.7337341309
570450656.9242243767 478201.0542602539
527099500.7900037169 201787.8533144592
525544895.9513331652 176979.4432933497
532668378.3716106415 257923.1512032477
570474680.6146948338 478868.0979614258
582778484.8594498634 502586.5454711914
527094036.0724818707 199754.7114687561
547383979.4053267241 369628.9204083607
585539409.2249693871 505579.8592529297
555738865.1197891235 414417.4903500080
554534275.1739889383 410081.6250202656
570557455.6975377798 479067.5459594727
579636500.8713383675 497953.6390991211
579035619.1201548576 497025.1088256836
583405042.4058308601 504027.9949951172
584622695.0735611916 505066.3050537109
585290933.3790862560 505524.9875488281
532789860.9347848892 258989.5602716384
527092052.8238849044 197946.1665933003
570389551.2871831656 477931.7587966919
532364635.4536433220 254619.9451195328
546871836.1431645155 366505.4406358572
547303635.2347443104 368758.7081829235
572332913.9009094238 485327.7205200195
571823323.8549277782 482924.1292114258
572018307.6284096241 484267.8948974609
572008885.1824132204 484245.6945800781
571619052.3884140253 481710.9921875000
571528697.4446901083 480838.1786499023
597346884.6844588518 510832.3522949219
527032476.6905242801 197857.8643692901
532003584.8206163645 250810.4941422855
532344465.1227006912 253991.3931357181
570169444.1704761982 477201.4320983887
570441302.5073189735 478134.0894470215
532241844.3259136677 253448.4342667973
570847427.2260079384 480093.3101196289
525986461.1317299008 183183.8413762412
525787825.4475300908 181150.6995305381
527069082.5920240879 197941.0297593047
547329884.0965234041 369005.4328628704
571706648.3473659754 482422.4114990234
585184234.6943547726 505410.6308593750
525733268.9933578372 180349.7808700221
526555449.2590582967 191565.8648841103
526814223.2782561183 195588.5737303664
526785446.1146077514 194275.7925414016
547050552.0273584127 367574.0815516636
570699553.8549528122 479696.1637573242
584937275.0334217548 505341.3999023438
596656045.9346468449 510350.9573974609
597078683.4353383780 510738.2094726562
547219120.4159119129 368292.4126759693
554184890.4907381535 407946.9109699726
555324698.4725751877 413600.0244038105
579150534.2595903873 497380.2272338867
526496852.0336388350 191377.2808836867
532189225.0633780956 252679.4783952152
579182617.5030760765 497458.9739379883
584911623.3885920048 505292.6463623047
532158455.7809150219 252673.7893083012
532134386.3160533905 252111.0346085941
532127233.8764116764 251001.9530000158
526084572.2508839369 183909.3110895326
579387244.1095073223 497882.2993774414
579350368.7211351395 497818.0209350586
584695660.9012198448 505145.5465087891
531968171.7555289268 248981.4437188192
583165382.1468009949 503550.9440917969
526692358.9987637997 193646.5327567031
585975715.7407653332 505620.0411376953
597487137.6271997690 510888.8062744141
526097505.2181510329 185417.0679265728
526623418.0870906711 192678.2322310378
526506544.5485484004 191527.8917769362
531925445.5420601368 248636.9447163625
526600108.1728632450 191925.8754458820
526403643.8506469131 189892.6803177466
526252283.9560165405 187472.2135113348
526043301.0961818695 183717.2587336173
584019426.9648756981 504513.8531494141
526073600.0841417909 183765.9533298110
531836189.4266996384 246766.4328219490
584120485.2954692841 504526.3052978516
531963960.1728768349 248799.5716379350
531720178.4155115485 245827.3087089723
554413642.1319943666 409693.0818073750
555258806.6778224707 413295.5842678547
547578638.5012959242 370648.2401063666
547818318.4878504276 371534.5717748627
555358154.0016676188 413688.8350784779
571154394.3184195757 480725.3311157227
531707596.9474089146 243272.9124744827
546990677.0917388201 366722.7770925284
584405635.8897750378 504688.2669677734
542807583.8565590382 338574.6775035706
542950018.4896255732 338669.4954805299
542970929.8793700933 339400.9226817933
542663884.6783874035 337546.7836854306
531609540.8222061992 242022.8700779196
531606362.9269729257 241847.0734470602
542713549.0468661785 337802.3974112567
542900300.7859978676 338607.4368114320
531585599.9143084884 241447.4825661186
531400410.0612512231 239513.0488849580
580810508.1524233818 499455.6772460938
580947810.9155001640 499673.8159179688
530884529.4412739873 232631.8866144327
595608587.6930239201 509312.1553955078
595783140.4458920956 509368.8126220703
595936347.0127247572 509377.3269042969
595735946.9911726713 509341.8848876953
596041040.3103798628 509529.3914794922
530788587.3322866559 231010.8423438874
530869560.4574964643 232610.7727015821
530576162.6814160943 228821.7845207063
530761519.3710737824 230962.1232810823
546482372.5835119486 362305.2797284297
530754081.5184610486 230735.4026436416
530684886.7683499455 229665.5941930619
530469378.1056820750 227012.1986197441
530427991.3889275193 226846.2581754533
580439672.6935901642 498953.2667236328
534506122.2127053738 264103.4943722270
530532239.2973521352 228692.7156110612
580635715.3087522984 499429.0964355469
546433650.7254549265 362239.5194127648
530384289.4462630153 226659.5737653581
534720321.1291034222 265713.0283123038
534292358.5418063402 263679.8864666007
534084251.2243319750 261738.0749151490
534094250.0071525574 261749.6310674928
530512534.8334918618 227539.1213409269
534265048.3506722450 262960.0705775402
530333926.0250378251 224751.0104309239
580900774.8797080517 499498.3137207031
530359224.8846246600 226002.0016898632
551183119.7588884830 390131.9533692405
530352081.7070164084 225681.4947681107
530324661.9615191221 224657.4636816770
580480125.9531872272 499240.6060791016
551196168.0907977819 390321.1919489503
595520201.2812941074 509174.2120361328
530252139.7104824185 224374.5382049956
554022120.7951027155 405442.7779276371
553821276.5247828960 404138.7847318649
551006653.3688158989 389246.5621033714
553936894.2896028757 405128.0638341904
580583151.3774209023 499264.0621337891
553774746.9891916513 404014.5347166061
580479184.1647713184 499231.4641113281
550964339.2475454807 389128.8164826438
546381619.8650925159 359978.1991265342
551143060.8955746889 389851.5161286399
553926581.4416551590 404640.3640184402
529729510.6079257727 216270.9491128897
534065749.9371825457 261441.6757452271
529817784.0013555288 216435.0011817192
529700910.4628132582 216165.0651465630
529469209.7045880556 212693.3157261586
534277454.8096798658 263193.4391424439
553364673.9072757959 401599.2669916153
553264565.5683381557 400551.9242125750
550929818.6833685637 388615.3500109718
546229448.8926033974 358016.2932965085
546246911.9202520847 359721.9544598386
529383709.1070187092 211121.8371933376
529632041.1635561585 213679.3097712671
546129544.1718256474 356982.7077251598
546343703.5579991341 359827.7164055035
529376544.7267315984 211106.7042084731
552488984.2462219000 396241.3956064582
552855359.3788570166 398145.2161967754
529588517.4564543366 213410.9971971310
529578150.3410602808 213046.4419708051
552520921.6054520607 396950.1033701301
552888167.9729652405 398290.1938579082
552904878.0793633461 398477.9963328838
552713617.4892030954 397876.1867441535
552142042.8803087473 394624.0549687743
552214440.4109710455 394826.9130777717
552401273.3668898344 396143.4655985236
582680369.1488614082 501009.8580932617
582408074.1943037510 500343.7081909180
582153262.8887081146 500148.5715942383
582028697.6500504017 499949.2797241211
595045311.2963949442 507729.3688354492
595300007.9155435562 508547.3173828125
595405047.8479903936 508734.2849121094
558915318.6756857634 420163.1465738416
550680984.8525295258 385265.5010186434
550350014.1652363539 383640.4366519451
550225808.9590474367 382368.4831499094
550628131.5564571619 384639.5184446806
550024402.0071353912 380979.1735539862
550285595.2423347235 382792.5413831705
550216872.7561545372 381914.7741049910
549945313.3196787834 380653.9194983626
549876738.8154599667 379617.6859701062
557910259.4529407024 415915.6117285430
549045081.6667150259 374919.0646826411
578253049.0378916264 488679.4780426025
578492274.6379737854 489399.2422180176
578307636.4022520781 488863.5783996582
578569804.8663473129 489517.7584533691
578426753.7115656137 489372.7956848145
578138803.4010930061 488451.9788513184
594944579.5265778303 506259.7219238281
563488534.0268220901 422653.8462038636
562926179.8176622391 421398.0039377809
562725721.5177192688 420584.0550424457
563695899.5920535326 423507.0172387958
569912217.1521192789 427781.1793681905
569892419.8288989067 427186.7078334615
569380674.7586190701 426079.5940257832
569087553.2131761312 425350.6267406270
568767612.4579941034 424550.7735606954
568302887.5960665941 423604.7068492696
568392766.8897103071 423739.4709178731
