542091093.6266647577 88558.4727708697
545040427.8096389771 90983.9101886749
544113812.5371879339 90370.4590050578
553680407.8743350506 95819.6728954315
539965193.2062916756 87075.7150596082
548572751.9726035595 93206.7188978195
534415300.3870657682 79646.3259361088
553459015.5871863365 95722.6731395721
541371455.6038219929 88220.4250410199
537668662.0989719629 85018.4319528937
538984234.9161539078 86282.1022268191
547820726.3936916590 92832.8149299622
535247537.5230783224 81933.3718356446
539156033.0442398787 86457.5172972083
538251541.7360247374 85697.0833763480
534740986.9446631670 79771.9704730809
557888635.2375615835 96916.4879055023
556254597.3255935907 96627.4912471771
556231810.1831308603 96559.9833660126
541338478.3027417660 87999.5837194324
542063362.0127633810 88554.6620408893
536099844.3314093351 83005.0523448840
538565023.8727928400 85922.3208547488
548452856.7890002728 93166.8240113258
543083983.8168303967 89504.2582785487
539929959.5828770399 86962.3648398817
541156079.2343800068 87825.2817019224
543642329.7861758471 90006.2735316157
547520139.2999709845 92453.4478299022
545398627.9071173668 91216.7021643519
539200233.4363516569 86589.3503831283
543428878.7826441526 89858.3935696483
545829902.2144659758 91473.9404067993
545802583.5508075953 91390.7922064662
538775227.8946719170 86010.4805456058
551484724.3973065615 94841.1184062958
535570339.4880807400 82357.9460133910
538134780.7035459280 85524.4303717017
546854733.1580059528 92234.2761087418
545844257.4620143175 91581.1177635193
537697944.5495297909 85329.2733568549
548058010.2088885307 92962.8639278412
548152248.5354027748 93135.0629787445
547098890.1651273966 92405.1769037247
541364911.8710056543 88018.9771425128
545796554.7339538336 91360.0038611293
545887006.9360456467 91641.5946118236
536136895.3297290802 83005.4713127271
537106093.3771098852 84091.7350124121
535197667.7468893528 80960.9493329823
551918125.9049501419 95066.7673778534
537919302.7597885132 85415.0777574435
543044424.5054731369 89458.1218573451
543796327.1242905855 90068.0927381516
544662148.7851940393 90681.9640483856
553771136.8744575977 95846.3581676483
537409111.9499694109 84870.7728962302
544340585.6476606131 90499.0926415324
544607193.3837411404 90665.0640541911
545107503.8564658165 91048.8327338099
545314741.8887342215 91065.1397523880
555564010.0891358852 96434.9450359344
539971368.7464926243 87095.6557448804
539535569.4691482782 86798.1346566081
546374366.8792698383 91907.8827934265
543313906.3327530622 89740.1817042232
541038317.4279823303 87764.7422053218
549041998.7968245745 93562.0339570045
536053681.1894171238 82706.9349779442
544506562.8951514959 90583.7410523295
546647710.6663714647 92138.1566171646
549283109.2391082048 93721.1589460373
544156835.6378561258 90390.0950676799
543965387.7073179483 90198.6364952922
546892780.6403239965 92263.4749231339
552313868.8737078905 95204.6772041321
543511292.3876487017 89950.2974316478
552988520.6405414343 95521.6615886688
546169598.0397157669 91811.7004585266
544509671.4332684278 90592.3559195399
544757836.7059684992 90838.7489020228
545718749.9219568968 91350.8830575943
541612030.6022068262 88254.2776643634
547488433.1842458248 92411.0609712601
556832730.5405982733 96675.1592159271
544018124.6164131165 90206.2891263962
551002252.9289997816 94678.1525039673
547555014.8708063364 92764.7273750305
547051235.1697132587 92399.5359535217
548673830.1359392405 93309.5568146706
561019989.6384000778 97298.7157211304
536394667.4283553362 83248.1779930249
538280832.2343872786 85828.1073661700
538180144.4370334148 85557.4598451511
538644733.0326617956 85977.5341867805
543891392.8800717592 90107.5137955546
534763878.3009754419 79947.1159045994
534941020.1935361624 80251.8992135823
535560667.9951968789 81972.2758920491
542314973.4016956091 88702.0233427882
544753997.0252388716 90832.0184332728
542603397.3445101976 89017.1278322339
552215259.3673928976 95179.5417308807
555737438.2880766392 96513.8572368622
544675949.3651241064 90727.9647223353
561238291.2931009531 97305.7616806030
544094475.2016724348 90264.9530712962
548072559.1919580698 92967.4182720184
540617048.3834315538 87549.3581578135
548460508.8169500828 93197.2092987895
536706239.2072849870 83961.8112510443
550132370.0464581251 94110.5668058395
542407851.8078708649 88968.8267610669
543795842.8170328140 90066.2925353050
543605163.6181435585 89956.3308789134
537775850.4322502613 85359.6981176734
543824094.7024255991 90094.9252192378
537568582.5722554922 84948.4522004977
536484544.7616297007 83708.0367426276
542516521.9104222059 89014.7115852237
541118343.4048519135 87769.1554889083
545848959.4537276030 91612.3957974315
541165478.6927942038 87952.2012798190
551234252.9951246977 94771.2585220337
538895833.3119659424 86223.9827417731
549063785.0806710720 93660.7773652077
548773673.5181562901 93436.7167997360
551002252.9289995432 94651.6735305786
549844726.6298604012 93992.8988294601
537383000.7077741623 84558.8213114142
536586625.0312414765 83805.4464611411
545835841.7826060057 91574.6756982803
541685229.3536435366 88296.7245141864
548036850.7445825338 92842.8665828705
548148136.2246994972 93060.5985136032
544814112.7819665670 90860.1780936122
549390377.3081146479 93936.1260433197
557970497.4089835882 96924.5459804535
544032293.2688347101 90227.1177079082
550042665.3784111738 94077.9714689255
538554599.1565167904 85865.3578086749
553016252.2544425726 95525.4723186493
544497369.5665342808 90548.1428572536
542617041.2527264357 89047.7491666079
550703355.5630806684 94530.8645458221
538118484.5959756374 85425.6470933810
536419911.2305485010 83489.6126548902
545485011.8739142418 91275.8441473842
540413795.3327480555 87353.3717364669
548624007.2689728737 93260.5925168991
540851645.8186341524 87618.2616538405
543413826.7584762573 89755.3619639277
539976370.6083915234 87100.4360672832
553094349.7096309662 95541.1136302948
549285766.7708938122 93813.6192045212
544713996.8474422693 90757.1635367274
541758581.2271866798 88390.0214323997
553027720.2675652504 95529.7426509857
544520151.2531231642 90598.8451582789
538454508.3914150000 85865.0693565265
542323132.4505418539 88736.9142212868
545379577.2032390833 91180.7290808558
545362301.8488185406 91178.2738654017
548687863.6169757843 93317.7575483322
557264476.0756067038 96863.5280208588
535931023.0975735188 82463.9070358872
548700443.3384633064 93410.7061214447
549929085.0767521858 94064.0726222992
544243061.6634695530 90477.8895127177
545040717.4175008535 91005.1563803554
541639762.2161082029 88258.0883943439
541984488.1433227062 88423.4088613391
557384678.2088463306 96881.0996150970
551724069.8083142042 94991.4080562592
547492131.3726397753 92436.9806792736
558542695.7410405874 97198.1201324463
546131550.5573978424 91782.5016441345
553208812.4024314880 95571.3339290619
539812442.0241465569 86880.6573910117
537144747.4009219408 84116.7012904882
538096361.2551063299 85422.0508684516
553283089.4109330177 95609.2218608856
553231528.2811177969 95576.2458248138
542986160.4796727896 89423.4486348033
543072060.5363038778 89484.9109837413
554753173.8869053125 96093.9405498505
550150606.6848115921 94252.2433910370
550429780.8625001907 94380.1802501678
555488355.4973862171 96299.7420253754
550134398.2949594259 94128.0335817337
544734734.4838868380 90823.5346543193
554272072.1291934252 95959.9396190643
541910468.1044284105 88416.8453917503
537184835.8454445601 84379.4124769568
542831461.4960883856 89151.1702629924
558898647.6409417391 97203.3634490967
544954085.7387026548 90899.5182568431
554277228.7866353989 96048.5883464813
542035314.5952268839 88443.7966396213
540906575.6872767210 87625.2032031417
544069046.2508013248 90229.9854676127
545702640.8167700768 91292.4614057541
543041846.3503502607 89439.6062352061
550078239.4889370203 94106.3194608688
542882431.2675074339 89263.9765278697
554830443.8175671101 96107.8897686005
556906832.1652921438 96741.7336940765
560532314.1737244129 97246.3891220093
555122552.4018328190 96296.5058650970
554943220.2867994308 96201.0185070038
558508524.9993823767 96991.5793685913
553419242.1459589005 95680.7215099335
536862864.3249425888 84040.8779993653
544662148.7851939201 90675.4292278290
550639376.4830540419 94430.7399578094
554646416.8225542307 96068.4363079071
536346002.9918000102 83054.1362872720
557311175.3472507000 96866.9162044525
558019604.8642054796 96976.5443096161
553442324.9974688292 95700.5056533813
555645872.2605578899 96443.0031108856
553762270.0457572937 95827.7309703827
555645872.2605582476 96453.6769084930
556799892.5172494650 96647.4990978241
551711135.6087946892 94922.4854412079
556822608.3959354162 96667.1674022675
553505948.6073071957 95747.9952220917
543293716.5760773420 89682.7939898372
560828023.3245556355 97254.0641708374
542244835.1305810213 88664.6644387841
556140244.1556121111 96515.6082134247
552411188.0203396082 95248.7045192719
556789811.4331241846 96635.8184185028
541027065.1395895481 87738.9031907916
540275702.2321413755 87232.5788134933
542203235.0667953491 88615.6855599284
552407135.6968939304 95217.8906002045
542211677.2803291082 88647.1194607615
550484834.9961587191 94382.2590465546
560067897.0977042913 97238.0390243530
542384543.6509305239 88809.4173733592
551883677.0356572866 95039.6295833588
551341210.2809170485 94791.2165203094
550584925.7612607479 94382.5474987030
550966484.3240520954 94582.3328838348
554088479.5331753492 95899.9574108124
552013711.4827469587 95089.8341426849
552491070.1884367466 95252.5392208099
552171338.7067650557 95133.8322963715
552962803.9715971947 95509.4497356415
552627803.4629034996 95353.7572994232
542671099.1286262274 89058.4143325547
557690977.3563283682 96890.6132125854
547535036.8978624344 92539.6742617488
542782362.0433999300 89070.9565350413
542917801.5817531347 89290.5878087739
556748018.8179235458 96634.9222087860
559580219.5478426218 97234.2899551392
552808752.5448153019 95404.0272350311
560266394.5692856312 97238.8227767944
552869863.6853311062 95415.0972805023
552675743.6738092899 95354.0217800140
554868924.0397255421 96146.8199367523
554916864.2506314516 96147.0844173431
