122924090.2520730644 3307418.9941406250
126652799.0856135786 3438675.8359375000
127329582.4415564686 3461011.8789062500
127821754.7599745840 3469816.2265625000
126913728.8483332247 3447813.0781250000
126935654.9752274007 3451144.3945312500
126749003.5713852793 3445951.2656250000
121568495.8658814877 3228543.4726562500
121626680.3007447273 3235036.3730468750
122640901.2110197842 3297961.6113281250
124935973.8508368880 3385225.9648437500
127117422.2970150858 3456254.2812500000
127004086.4512723237 3452649.7382812500
128829126.6791694462 3486575.6445312500
132767294.6592912674 3516067.4023437500
116669715.9443452954 2487000.2011718750
119103967.9509372115 3002854.4296875000
119045572.8922351003 2995078.5976562500
120764368.0168562382 3164595.6484375000
125057033.8825653791 3391391.1835937500
131031556.0739785135 3511722.9062500000
128346087.7371431142 3478593.3046875000
128363776.2926201075 3479358.1992187500
118212317.7403385341 2868382.7070312500
120645571.7064048499 3161697.6503906250
120445210.0816655904 3142280.3710937500
121200138.8588573188 3195223.3398437500
121342223.3343833387 3215561.4960937500
123081552.5149590224 3314964.4277343750
131128971.6013133824 3512655.3789062500
131314663.0581015348 3513283.0585937500
127435201.9215704650 3462179.4609375000
127440522.6241786033 3462969.6093750000
120772353.3360508382 3172458.7929687500
121274058.3590723574 3214243.6601562500
127509069.7521940321 3463303.5546875000
127206975.1375554651 3458114.9609375000
130741629.0889863968 3511607.7500000000
132573126.5727338493 3515039.3437500000
117171011.7198070437 2658847.2304687500
120683497.6225338429 3162376.0136718750
121683414.1840171516 3236113.2207031250
125190466.0463093221 3395077.1914062500
116690528.9355651438 2498996.4433593750
119186921.7571330369 3009164.2929687500
119367795.3481566310 3029457.9941406250
120652253.7252316028 3162360.9140625000
130927501.3155737221 3511617.6875000000
131219662.3834737241 3513269.1875000000
131578968.5172129720 3513522.0273437500
127514441.0478858203 3463605.7265625000
117158147.7273020893 2658206.5917968750
117155563.9264446050 2655581.9316406250
121367827.0265094638 3221356.7148437500
123274825.5089149624 3318467.4472656250
125278000.4190098643 3398380.2968750000
116916983.3979639560 2596529.8320312500
117111079.9327997118 2646606.1855468750
121409267.9793651402 3223764.0253906250
123026602.9660703391 3312231.3437500000
125024476.1752995402 3389167.8164062500
128230512.6790022105 3477304.9101562500
123121299.2885252982 3317003.4824218750
125042262.5887518972 3391213.2812500000
118939943.5339646637 2977632.0976562500
120522741.5636611879 3151205.6269531250
121848100.7634154856 3244445.9082031250
122624589.6563969851 3292928.9746093750
125038480.7183442414 3389417.0429687500
125845394.3568789959 3408079.7890625000
125602295.6890033931 3407063.5312500000
117102916.4659146518 2643561.4980468750
124754975.9812694788 3379992.1015625000
127975150.5737346560 3472752.3007812500
127891080.3109038323 3472238.9882812500
128632061.6442310959 3484171.7656250000
128186766.5303545147 3477016.1523437500
119310251.6479665935 3024854.3007812500
122812485.5176229030 3304741.6972656250
131256456.2871772945 3513272.3203125000
131035335.0729653239 3511921.5351562500
121869867.2675104737 3247006.0312500000
125400636.0687601417 3401707.5820312500
117070717.6860889643 2629598.4628906250
117197266.8590412587 2663998.1875000000
116815552.2763157338 2557517.0019531250
117313908.5302164406 2683832.0156250000
121684319.5704933852 3239413.6445312500
122628085.2096057385 3293823.7753906250
117267027.0842636377 2681693.3710937500
117136237.9488351494 2655479.4707031250
116702498.6448568255 2506689.2148437500
117094488.2875463217 2639146.3144531250
118187238.3107204884 2860862.6855468750
120090329.2275429517 3111500.3730468750
121587836.2224953026 3232707.1093750000
122530950.5020770133 3288681.1582031250
122682488.7564637512 3298778.3769531250
123790033.3262185305 3346037.5781250000
124082206.6463587582 3356726.4531250000
117234978.5550526530 2668388.0078125000
119236773.8969126791 3018677.5000000000
122490167.0019136220 3285665.8222656250
120314740.7471318245 3130773.7617187500
122560684.5176384896 3292635.6777343750
117088881.6732648909 2636731.6289062500
117242911.0414121002 2670432.7128906250
128470832.7942481041 3482187.9375000000
117714133.6621426642 2771118.7363281250
122365949.6929761320 3279460.9316406250
117089726.8658215553 2637101.0468750000
117104859.9727030843 2645828.5332031250
116989975.0300724357 2619094.7578125000
119077524.2281731963 3000012.7187500000
122428118.5052222461 3284961.9238281250
128518471.1735121608 3482914.9453125000
116959976.4835780710 2597864.3554687500
118331056.6378736645 2888848.8085937500
127777826.4742779285 3467628.3398437500
117768906.4236676991 2782288.2636718750
119918021.0019520521 3087639.1718750000
120246214.3819087744 3123276.3320312500
123229725.1042750776 3318255.0292968750
129862565.7264464200 3502599.3398437500
124131408.0417687148 3358165.9140625000
116904783.2287278622 2593876.3593750000
118032049.3572943807 2832026.2285156250
124175926.3735675961 3360472.0625000000
120121284.7853945345 3114397.3515625000
124795549.2848617285 3380636.4648437500
128692094.3216840029 3484899.5234375000
130110148.4075427651 3505166.8515625000
123987667.3567925543 3352622.1914062500
129824822.0528707355 3501228.1093750000
117594033.1863272786 2739460.6386718750
118594432.9083886445 2924352.8437500000
125564815.2560622394 3405645.9765625000
116876644.9123928398 2584527.7597656250
129943652.2296731621 3503786.7187500000
118318690.1225064397 2885680.2832031250
118547277.4376103729 2921442.1210937500
119141549.1745442450 3005283.2812500000
119091365.3086302727 3001928.7050781250
120395208.0733276308 3139540.5546875000
124834066.6348365843 3383727.7695312500
120077799.9606837928 3107692.5429687500
122086564.3901012242 3258506.2675781250
125110419.0900905877 3392766.1250000000
121092259.9782812595 3186695.5605468750
132745928.3774731457 3515337.2968750000
132693006.7324047387 3515318.7031250000
128567506.9191961884 3483035.7343750000
116711758.3432476074 2514396.1152343750
116671017.5279992670 2495934.3984375000
117678352.0382846892 2761369.6132812500
117848171.7265420407 2791885.2382812500
119958247.4523829669 3097513.8691406250
119748377.1696539372 3071880.7578125000
120172115.9531724900 3118078.3164062500
117580242.6229340136 2739111.5605468750
118072108.5952765048 2836018.7285156250
120283608.6155118346 3130058.7480468750
125542950.2542620301 3403413.9296875000
121174410.1247121990 3195060.6796875000
117526563.0105148852 2733818.5625000000
117554363.4644643068 2736310.0605468750
122100621.5701489598 3263110.1074218750
116973341.1823627800 2603856.8886718750
116888355.3187183887 2587514.3222656250
118618715.3539637327 2929989.3945312500
121137709.1119268388 3189184.8691406250
122187927.3807161748 3268244.2167968750
116656219.9987638742 2483314.8945312500
117499875.3282890022 2718583.8339843750
118378502.0695751756 2892051.5878906250
120241454.1467203200 3122820.8808593750
121032234.3014666438 3176352.7695312500
128420731.9205891639 3479711.5273437500
117858358.6326372921 2792162.0488281250
120253483.3054420948 3123438.2402343750
116860811.4654175788 2575218.6621093750
120218644.8125221133 3120715.4531250000
119935409.0042787939 3095753.3613281250
124042073.3338039815 3354150.6992187500
121229545.4228036702 3203910.6074218750
130160307.3654821515 3505818.1953125000
122528073.8060358763 3286387.1152343750
119825106.2719010860 3080703.9179687500
130070415.3574499935 3505078.6250000000
119854985.0192282051 3084875.5195312500
118530444.8550863117 2915536.0429687500
118498799.0399009734 2912692.4609375000
128787770.3826914430 3485614.8203125000
122263834.0493988097 3273824.5410156250
118430730.2377619445 2901875.0429687500
119157170.9790777713 3006059.4765625000
119704547.1917761266 3056104.8964843750
130510820.4797163159 3509115.7304687500
119742243.8849165440 3065026.9062500000
122173026.5043500513 3264721.6972656250
123859868.9437480867 3348491.3476562500
119294537.1241472811 3020196.0996093750
120059925.8409180492 3106150.7988281250
123119827.4830031395 3316095.9335937500
116819301.4677696675 2563830.3789062500
123342365.8138821274 3324739.4101562500
116845518.2255421132 2570834.4589843750
119423109.0046275705 3036918.5312500000
126311529.5194473565 3422802.8046875000
119069674.6377705783 2995647.7226562500
117396821.1222925484 2700497.2148437500
118905808.0998808891 2971351.8593750000
119009430.5489834696 2989600.1699218750
124328749.7872346640 3364634.2304687500
116750944.0319076926 2526921.5292968750
119580038.4308807403 3053487.0996093750
126215868.3966392577 3420897.6054687500
116795895.9283329397 2550855.0625000000
121924350.4761049449 3250920.9726562500
123359874.7435897738 3325746.1757812500
119075425.6781408787 2996472.5097656250
121945572.8259603083 3252401.2734375000
117374757.1797766984 2698742.5175781250
118240457.7787790447 2869864.0136718750
119637968.1429648697 3055488.1835937500
130362078.2104132175 3507867.5312500000
118662774.1993591636 2933215.7167968750
124545249.4889509976 3372859.1289062500
124970780.2181392014 3386322.2382812500
119497618.0909712315 3045489.1835937500
121765717.0462427139 3241427.2167968750
116802683.8205482215 2550858.3046875000
117813356.3090556711 2789557.2539062500
123427000.2672469765 3328686.1367187500
125907816.5604351461 3412902.2304687500
116758822.6227595657 2532245.2988281250
129429987.3947922289 3494343.9375000000
129718021.9637620151 3499095.5312500000
126007775.9201122820 3414806.5820312500
124738164.2252903581 3379504.8632812500
124427851.2848062515 3368018.1484375000
124458120.9915114194 3370555.9804687500
124108013.4595266730 3357278.5507812500
123767446.7282126248 3343504.5195312500
117897518.5907302946 2808223.0312500000
123561648.7069044560 3336354.8906250000
123345537.4132276922 3325128.0546875000
126143652.4106627405 3419145.0273437500
123373802.3852412850 3326610.9726562500
126113147.3945249319 3418560.8320312500
126351071.5768005848 3423971.7500000000
119306700.3924994320 3022435.4531250000
121980099.0664705485 3255872.8378906250
130399759.2325844765 3508029.7265625000
124271404.8978923410 3360675.4843750000
129252230.0682442486 3490772.3476562500
116750925.1404917687 2519310.5253906250
129270751.0924348235 3492879.6640625000
129111855.9209517539 3490554.1484375000
116782566.8404171616 2535179.7753906250
116786316.0318710953 2542068.8769531250
119474356.4094425142 3037524.7285156250
116734131.3310640305 2518700.7890625000
118401579.5555219799 2896186.8632812500
126277547.4885103852 3421338.7617187500
130300885.5437151790 3506425.2148437500
118273566.9394529611 2877508.4902343750
118156947.7133718729 2855194.7714843750
129492280.6200095713 3494638.5234375000
123284262.0567535460 3320683.2812500000
132494182.5691538304 3514206.0820312500
118112227.8980151713 2844775.8242187500
117468402.1681316942 2714878.3417968750
118150431.2872879356 2854832.7363281250
126057434.3933222443 3416101.3515625000
118209918.9879072309 2861146.6640625000
121070409.3332985193 3178105.2734375000
118117184.2188368589 2847821.0175781250
118819606.6603723615 2956886.9785156250
118740157.8154259175 2947857.9433593750
129392256.0049282014 3494278.5976562500
118837015.0755123943 2961636.9980468750
129053826.2614671588 3489913.0078125000
118748476.6514268219 2950335.6660156250
118708550.3922919482 2939039.7109375000
128964669.4404313862 3488071.4375000000
117436310.3844290674 2708822.3046875000
117338640.2380044162 2685436.7597656250
118721433.4595693499 2940100.6894531250
117666042.4212357551 2754269.3925781250
117622068.5171006024 2746089.6230468750
117707774.2094243169 2765265.9492187500
117950441.0606296062 2814932.1542968750
118111410.8127152175 2840050.3046875000
117986045.0035634041 2822743.3242187500
117946387.2239341885 2813308.4511718750
117877374.7250112444 2799791.6601562500
126516659.0258031934 3426152.3867187500
117758288.1810163856 2777907.0761718750
117728222.8545376062 2771794.2480468750
