419163175.1798754334 4790222.7539062500
397433934.2618888021 4235242.3789062500
402286298.8980492353 4444812.4150390625
405164495.8542193770 4540416.3593750000
405390509.9805104136 4543903.6679687500
425199244.6596371531 4847667.7265625000
425179173.5649748445 4846735.3222656250
392833361.2673271298 4034834.9628906250
415233081.3139870167 4735741.2792968750
418931984.6792802215 4789643.5351562500
381634235.2146842480 2995552.4501953125
384456872.3463649750 3364668.7553710938
392823330.7189255357 4030625.1943359375
401962125.7543666363 4434601.3476562500
412259945.0457655191 4691974.6757812500
412532938.8518845439 4697196.4882812500
412655924.9274675250 4700399.4589843750
414932505.4972504377 4732515.4570312500
415398433.9200911522 4738942.1875000000
430526214.8805738688 4863274.3750000000
446518020.7801825404 4868775.4042968750
446004418.4342185259 4868581.2929687500
381345663.7306011319 2959474.6801757812
389603331.7124493122 3826771.1503906250
418728531.0012980103 4784479.5078125000
425184093.9220144153 4847459.8300781250
419921375.4806196094 4799445.7695312500
424887470.6986153722 4846697.0820312500
413298686.4165771008 4709544.7929687500
430588134.2262861729 4863963.4628906250
402427770.0865429640 4449454.5126953125
405599062.3354087472 4550205.9433593750
393407888.1030344367 4059418.1220703125
397205816.4326490760 4234402.8837890625
381283790.0743592381 2940495.4980468750
381938142.3442970514 2997816.5996093750
393339886.6167472005 4055057.8066406250
412390813.9711876512 4694602.7148437500
384353381.7570576072 3355674.7900390625
436015097.5809051991 4867086.4628906250
420681466.4337021708 4806974.6562500000
382167253.5470955372 2998632.0493164062
420169595.2199522853 4803550.4882812500
384316279.3522112966 3348165.5205078125
429830859.9891469479 4861546.2187500000
437645310.7693512440 4867855.1816406250
378006110.7061432004 2281876.8056640625
412479900.8128980398 4696765.9335937500
424290247.1008679867 4843848.9023437500
377960858.4859121442 2263946.4702148438
381065142.8391849995 2916350.9672851562
384463875.5715881586 3370453.4135742188
384337769.4316737056 3354135.9335937500
397555492.0545094609 4237962.0117187500
423760318.0478708744 4838101.7558593750
423901881.1977393627 4839888.9687500000
381806907.9808337092 2996354.7792968750
397137195.2801578641 4228603.5703125000
404886585.9901831150 4532891.9238281250
384357051.5146166682 3357124.4985351562
405574947.3271154761 4548982.9316406250
418766982.8825064301 4785076.4277343750
405288697.0874349475 4543476.2578125000
384340251.0284211040 3354496.2373046875
396631866.0293217301 4207579.6533203125
429931128.6716326475 4862449.5468750000
430355169.8397371769 4863008.5546875000
384418884.7028342485 3363002.6035156250
430111614.8579168320 4862693.9570312500
381246021.7797417641 2938534.1362304688
405070894.3444988132 4537341.1845703125
396750387.6459574103 4210027.9121093750
401403963.5469130278 4413395.1582031250
405041489.4352952838 4535427.7832031250
404603917.9524397254 4526424.6933593750
435206482.2409633398 4866478.0253906250
401106699.9303885698 4399290.6845703125
415369911.4005281925 4738528.8125000000
387580484.9079280496 3662792.5976562500
389326334.4391425848 3808941.0507812500
401153511.4549684525 4400963.7880859375
401309148.1877131462 4406927.9599609375
402191533.3297153711 4441612.4316406250
412300575.1963915229 4693408.8906250000
387658739.1747369170 3670826.5991210938
414765250.7349037528 4730835.0996093750
393746861.8773571253 4069052.1796875000
429049245.5868793130 4860796.3710937500
389370082.7944164872 3810112.4931640625
380339034.3723187447 2773369.9409179688
396929237.1715546250 4222588.4746093750
381094086.8749149442 2921882.4799804688
428808650.3649660945 4859981.6015625000
428382989.5975217223 4858723.6660156250
423980214.6810494661 4841317.0332031250
377877671.3273140788 2199988.8403320312
428830090.7296885848 4860010.8574218750
435315615.9149191380 4866958.4414062500
389154025.9865269661 3793766.2753906250
393042811.0525739789 4042962.8261718750
396820856.2347897887 4216516.8164062500
389983729.9998449683 3844440.2050781250
402009921.5049312115 4437603.2187500000
437135922.8568729162 4867627.3164062500
418760798.7952755094 4784517.1953125000
419847774.9870383143 4799300.7539062500
423907025.5428317785 4840615.8652343750
429218540.3371379972 4861028.8554687500
381424928.2578043342 2968930.9589843750
377884993.7099453807 2204708.2871093750
429034267.7427837253 4860778.4707031250
389455736.4729031920 3816400.3476562500
403093109.1674342155 4463062.2451171875
402729971.1514737606 4456013.7050781250
402256842.0055290461 4442634.1367187500
414552342.6490097046 4729658.7636718750
412169628.9143456817 4688962.2480468750
378345916.3626567721 2332137.2817382812
414358745.0263569355 4726401.7968750000
378521836.2714275718 2333168.5410156250
423478886.3038461208 4836174.8183593750
378269265.0175583959 2330401.9018554688
384824789.2905641198 3401503.5219726562
392146560.0810775161 3989030.2119140625
396767526.9009937644 4214450.1376953125
396551593.7282171845 4205636.7910156250
392507410.3211838603 4007815.6689453125
392409183.9447349310 4003622.3095703125
387344957.5733066201 3647353.8208007812
377899868.5132004619 2215970.7324218750
377918363.9601673484 2230233.4101562500
392565186.3317596316 4009647.7646484375
419513893.2345913053 4794996.9277343750
391958330.4048474431 3977950.6552734375
409359529.0268251896 4623650.6669921875
414114889.2624254227 4721287.0996093750
392229418.1231595278 3992763.7050781250
414311534.4670399427 4724752.8164062500
403448800.6354179382 4475629.1015625000
387122231.8014947176 3627531.9116210938
408988796.0889420509 4610546.7646484375
409878755.8049426079 4639905.6708984375
445865760.2770952582 4868506.3730468750
387260394.0303714275 3638741.2250976562
381032890.0487936139 2900929.8315429688
413449427.6940474510 4712317.8222656250
413648579.2855809927 4716152.8085937500
404048570.0222046375 4493109.4384765625
403802650.8016977310 4486171.4892578125
403668179.6397058964 4479039.5664062500
403292466.8631914854 4466790.0869140625
403735473.9114996195 4483004.0585937500
403372971.1214138269 4472799.1445312500
409671981.4921482205 4633676.0068359375
412870804.6871415973 4703338.4570312500
427252412.0814841390 4853124.7558593750
429601339.2121571898 4861434.6113281250
403132557.6076184511 4464074.1455078125
425850133.3722490072 4849034.1347656250
378869975.1124009490 2416112.4692382812
378808526.9066478610 2406785.8295898438
390399738.5633626580 3869503.9433593750
403252671.1364746094 4466144.0712890625
419743785.6360496879 4797682.7324218750
409017542.7910601497 4617210.3623046875
390572257.3238497972 3886209.8925781250
378804642.0868108273 2400345.3847656250
412988840.4782312512 4704312.1328125000
378567998.6759557724 2344507.4555664062
378642712.2204835415 2365659.8896484375
380609002.7964946628 2827833.9804687500
380461995.6904867887 2801332.7915039062
380647953.2868124247 2831120.8457031250
390514802.1399215460 3882490.9648437500
391099333.6690744162 3920562.6308593750
409466071.3041645885 4629279.1142578125
378610583.6939488053 2355273.9550781250
391015929.9617685676 3913643.8847656250
409399100.4633932710 4628347.6162109375
433601435.3955577016 4865188.7167968750
418176547.7270646691 4775815.9472656250
409735215.4846033454 4634627.0263671875
380516790.9425345659 2812807.1333007812
436695419.1161354780 4867402.6093750000
391080251.3590661287 3916281.8837890625
390995449.9525390863 3910132.5488281250
408842565.8039894700 4609879.9404296875
386878612.8104332089 3601349.2368164062
408646898.7361972332 4602245.9042968750
409220130.3611760736 4622779.6298828125
380879494.3408374190 2873868.9189453125
426850273.8525552154 4852354.0000000000
395432481.9720847011 4143134.7802734375
380775855.2501143217 2852868.7983398438
395059379.1628751159 4125701.3164062500
417957428.5112687945 4772193.6894531250
380874174.2414923906 2865095.8100585938
410826413.3351339698 4649836.9511718750
397754736.2157530189 4242484.0419921875
408321203.3830906749 4597038.3300781250
436505498.2735700011 4867375.0292968750
418451633.5520433784 4778279.4414062500
417669324.8435602784 4764432.0937500000
433949722.2492215037 4865581.9648437500
390944335.6539782286 3909222.4736328125
390889732.1890146136 3905452.9111328125
426777369.8536480069 4851846.8632812500
395280866.3798884749 4135718.9384765625
417848125.3266227841 4770201.5527343750
385261583.2005325556 3420920.3139648438
395310984.9051753879 4139205.8613281250
385531147.3651616573 3427022.9287109375
385309545.3245881200 3425592.1889648438
395085053.6237054467 4126856.8378906250
385192748.3838054538 3418673.4291992188
418049045.7638006806 4772547.8964843750
401003441.4816820621 4384154.8984375000
434619029.8308652639 4866070.1914062500
389119794.2921971083 3779939.7485351562
418244657.5406590104 4777203.8398437500
395378397.0392544866 4142990.3134765625
400645646.2910739183 4368698.8046875000
400272793.1040767431 4349378.0146484375
390928002.7267745137 3906368.7568359375
411182104.8601526618 4661127.0439453125
400560373.6134890318 4363755.3398437500
445409554.9562962055 4868239.4902343750
445614283.2723870277 4868494.2167968750
411406705.2111709714 4666956.3017578125
445298921.8316251636 4868234.0136718750
387939184.7522081137 3683951.2475585938
411951064.8556798100 4676073.0986328125
395279306.3616495728 4134127.3876953125
436449286.6771140099 4867094.6230468750
399525578.4275888801 4319862.9375000000
394584169.7188643813 4099717.2060546875
399332620.8599457145 4305126.8564453125
410965115.9417338967 4658205.0126953125
411615964.7797632813 4670053.7753906250
388961933.1769393086 3763405.8032226562
399212664.1726338267 4299942.7490234375
394146892.8709490895 4072436.5976562500
388622353.8233055472 3732286.0195312500
388607056.9873918295 3724814.5493164062
388712060.7165710330 3740041.8740234375
399448152.4871752858 4310793.3808593750
398691902.7187524438 4278232.9550781250
398768034.8984913230 4283399.0791015625
388365564.6626569629 3705062.7221679688
398859404.4041116834 4286009.4794921875
388467650.3773266673 3720955.0043945312
443996260.7130610943 4868160.6542968750
434549482.4814531803 4865962.7910156250
388180570.8562181592 3698178.6528320312
379325075.4584262371 2435013.2485351562
408162479.9773760438 4593171.5048828125
394298716.4670923352 4080668.0771484375
379281808.6435051560 2421543.4838867188
379336194.4391150475 2439948.0043945312
443875236.7879666090 4868024.4882812500
421800370.1883988380 4807155.4863281250
407106431.3303685188 4561142.0419921875
433550674.1155836582 4864747.7656250000
407264824.3082636595 4565818.7333984375
407215533.5824415684 4563876.1201171875
407368783.9240200520 4567833.6298828125
407182937.4926829338 4562587.3935546875
386849129.1306180954 3578137.3183593750
407191976.1749515533 4563861.9853515625
407149584.7597746849 4562548.0615234375
386763387.3046653867 3567940.3457031250
386557619.4838394523 3546246.7490234375
386625598.3769061565 3555256.0996093750
386520368.0882838964 3541017.5449218750
386370104.6575596929 3518348.3818359375
386369006.0994535685 3512623.6904296875
384061206.7256383896 3261972.2548828125
384208458.7778528333 3285003.0737304688
386152309.2669061422 3492537.1894531250
384143897.0450503826 3268096.4604492188
386114814.6851834655 3487318.5834960938
380071889.1156025529 2554677.1606445312
384094766.1837943196 3265121.9936523438
379917283.6796474457 2534843.8037109375
379714999.0922845006 2466476.4951171875
379757662.0358001590 2489166.2309570312
379852212.4958177805 2510078.8955078125
379878987.1664292216 2522711.2246093750
379870496.4758079648 2514837.6464843750
379766107.7740183473 2492638.6103515625
422104955.8956370354 4809226.3437500000
422557874.9220470190 4814367.0507812500
384045458.8074519634 3258906.6440429688
422167553.3624448776 4811586.7421875000
385758738.4239317179 3438954.2255859375
383861627.4808882475 3042182.7241210938
383920359.4097042084 3051675.9316406250
383853179.7323884368 3016367.7495117188
383778287.7594464421 2999459.4243164062
383809118.3467685580 3009617.1655273438
