166047407.6717451811 32121.2391629219
161398697.4127417207 24041.8857409073
162797629.6324533522 27228.2945803255
166978595.0948506892 33135.4344406128
163183658.6839947104 27995.4640108204
163234290.5899716616 28092.2565934366
161117056.7921638489 22593.0196741074
162166967.8573818803 25936.1499003246
161606790.8047138453 24598.2492596222
162940785.8908534348 27481.2231615633
166212707.5065156817 32284.0007553101
163601410.7006275058 28762.3126298046
164981018.5352444351 30793.4364142418
164870230.3686736524 30695.2015552521
164824178.7353855371 30613.8342924118
161822323.7236009836 25231.7466060234
162038883.9578435719 25690.4921797588
163548328.7111689150 28665.9187837696
163631692.9295548201 28786.7606593228
160955523.6776122153 20634.2447145432
164450771.1036912799 30083.1624412537
161560292.2913423479 24419.6855517937
162174700.2758319080 25958.5711649731
163428740.7508502305 28466.5984426594
164331183.1433725953 29883.8421001434
173312768.1291580200 34959.0675582886
164340004.7814590633 29909.2961101532
163223827.3044379652 28060.9761434651
162948906.0493122041 27538.8398302644
161275233.6030648649 23306.6871989220
167687183.5776821971 33666.1304397583
174762527.5399158299 34983.7386703491
161765136.4888716340 25151.0308162285
163307934.1970230341 28320.7250276661
161335286.0146373510 23568.0149996728
164549519.8147911131 30229.4583268166
164177787.6853317022 29590.2020437717
163397393.7684933841 28426.5403200245
164308657.7991022170 29869.2379875183
161856691.5989891887 25309.8083602501
163202943.6076148152 28052.1984708017
163339281.1793798506 28360.7831503010
165140413.8918957710 31136.4932675362
164299836.1610158086 29843.7839775085
163824689.5204020441 29026.8222733593
160977880.8286707997 21269.5873849839
164449168.1606704593 30044.5282759666
161284844.4238542616 23532.9788614822
161397271.8190186620 23886.1167894913
161498080.2285127938 24254.9391490532
162699527.4379934669 27069.3138707398
163579675.6935257316 28705.9769064045
161105923.6874911785 22572.9472291917
165387158.9204295278 31512.5687370300
161873245.6555256248 25357.6836349083
161825344.6166323721 25269.7502376152
165282527.1964848936 31350.4177212715
161260135.6529296041 23196.7830759598
161607416.8611580729 24801.5151683403
161529427.2108696103 24294.9972716881
164482118.0860481262 30123.2205638885
163699691.9101842940 28893.5819321728
164669611.0077533126 30334.0093369484
166229260.5112753808 32401.2262649536
161337219.4074460566 23624.7889887405
168069269.4092025459 33864.2620925903
164749779.4502520561 30492.9924168587
164765598.6447289586 30533.0505394936
161097732.3960733712 22476.2519891709
166491579.3763246238 32618.0884666443
161747025.9693807364 24995.6915160728
161014203.7889393866 22253.0986917466
166659881.0463075638 32806.4744186401
165251180.2141280770 31310.3595986366
161834166.2547187805 25295.2042476250
166554107.4250741601 32696.1546764374
167164365.0389143825 33262.0313644409
165395980.5585159361 31538.0227470398
166915469.7942146957 33052.6565017700
166722569.5720011890 32918.7381057739
167038902.7656904161 33158.1577911377
167848269.4189074636 33724.7473373413
170073163.6631886065 34625.5176315308
161676446.6270051897 24945.6885997368
161000478.6789666116 21741.4428384751
165835273.8737257719 31966.3294982910
161126566.5662209988 22808.3855722398
161655598.6299550235 24817.9228455139
167019130.8611296713 33145.4175949097
161865513.2370755970 25335.2623702599
161707793.6093620062 24985.7467223717
165343366.0706003904 31456.6554841995
166831142.8740437925 32990.1079177856
163063757.6846783161 27631.3802763081
170632290.1913090944 34816.0585250854
161058065.0601415038 22443.4679620713
167275156.3839791715 33362.1139297485
170619441.2936662436 34740.9072799683
166832779.3828828633 33021.6659469604
171964298.5337954760 34889.0334396362
167088819.0163931847 33228.1955337524
170447784.9331864417 34734.9810104370
169585429.1523768604 34481.5479354858
167069059.0625969172 33210.5202407837
165381707.2435070872 31492.2240600586
163437562.3889366388 28492.0524526692
165453663.1896559894 31576.1854372025
167494748.4668177664 33566.8071975708
166137442.9259713292 32281.4531784058
166397366.7624574900 32561.9847946167
165506277.6775715649 31657.5527000427
167557873.7674537897 33649.5851364136
167746962.1614989638 33700.9565963745
166620610.6749298573 32734.1902770996
166523313.4770979881 32694.8829727173
161177794.5753238797 22816.2449968308
166373017.5251165330 32474.0633316040
161193405.6559271216 22872.4126375169
165858511.1228980720 32030.4059753418
162034930.4243609011 25620.6310125900
172797207.1199478209 34940.7011947632
167338281.6846151948 33444.8918685913
161361625.6509092450 23780.5098253799
167410421.5466468632 33504.2586135864
167714680.4847503603 33680.3951950073
162789805.5802380741 27208.0963453520
165943121.0200999677 32109.7758178711
164078046.8974895179 29373.5479753017
163924479.8021704257 29209.8557603359
161495848.7947727144 24163.6485399008
161454746.9143608809 24145.9823710037
167550558.8114176095 33572.2736892700
163510232.5910888016 28560.4248434162
163126633.5080125928 27808.8584650612
164156520.1797729433 29544.6220896244
165795199.1022458076 31923.5272197723
169554766.3723299503 34381.0473251343
163406215.4065798521 28451.9943300343
161667982.7190194130 24867.9426585747
161999073.0675009787 25572.6881159618
165666472.9912134707 31793.5221996307
167725712.8346661627 33680.5903854370
165721865.8733994663 31872.0013656616
161930994.7135256231 25474.7695628715
162378370.4427249134 26411.8787659481
164476430.8042540848 30091.0616464615
167218945.7828430235 33337.5689773560
164673419.1700862646 30353.3963322639
161570345.0993255973 24540.1392528130
169383525.6405857801 34367.9312057495
161384819.5743883550 23827.2284843419
165333374.8686914742 31402.8018846512
164326522.1302351058 29877.1371927261
174560008.6293498576 34973.4799423218
161806919.0218970180 25163.6047069145
167349314.0345309377 33445.0870590210
163568947.6239416003 28671.2917104817
161601692.0816824138 24580.1973754478
164446771.0572238266 30009.8898148537
163835621.4401994646 29089.3107541613
163279842.7612230778 28142.5368047810
163887638.6762285531 29170.0945070796
167190829.4638082683 33299.5653457642
167037072.6974563003 33147.3694610596
165934078.9928328395 32067.0905914307
163974277.2346274257 29284.2457970195
163651031.9196779430 28794.0711529795
168597721.7917374372 34126.4624557495
164067446.1829033494 29361.3266637325
167979534.5390590131 33806.8908767700
163798564.6793589294 28986.7990811877
165309911.3165166378 31358.4108924866
167885747.0777748525 33776.0808181763
166716437.1123210788 32872.5972290039
172509037.6650389731 34921.9115524292
170411836.8286943138 34708.2576828003
168980391.3345013559 34220.8933334351
166624417.3896064162 32769.9418640137
168797085.1575563550 34182.7707748413
164423191.7998400033 29962.0611829758
163674106.7487079501 28843.2362607531
163940253.1641441286 29251.4617699198
169254894.6042902470 34339.0069503784
165840179.8473027945 31999.1204223633
164207431.2982096672 29663.8860815763
170331978.1460134387 34707.7167282104
164430924.2182899415 29990.4607725143
170155216.9154505134 34640.4365463257
173271697.5290779769 34947.7129745483
165500623.5680510998 31611.2882041931
166349165.4920718670 32471.9056854248
168189247.8368831575 33931.1883163452
169805950.2782492638 34508.5761642456
170257916.7084698975 34654.2968978882
170271023.7026235759 34667.7008285522
169104687.6040287018 34256.0867843628
168303776.6587852836 33973.2731094360
163087695.8735064864 27801.1354305148
168980681.0202210844 34236.4951095581
167864905.5781689286 33745.2078628540
168278286.3640167117 33946.4387283325
171584571.0639026761 34883.5414047241
166270149.3520722687 32435.8894729614
166057201.2575643659 32211.7334671021
162763808.0878496170 27118.6644298434
162824560.9291407168 27258.3936262727
171563487.2218624651 34864.4828109741
162518165.1422105730 26694.9535246491
162855907.9114975631 27298.4517489076
162549512.1245673895 26735.0116472840
168041896.9768463075 33820.1095962524
167907949.9767306149 33791.5038375854
162316932.9310387075 26266.6978214439
162353662.3413063586 26369.9768523239
162849263.4458382726 27297.7871753573
168595676.4974513054 34097.8713912964
166107308.0926539004 32273.2316360474
168472921.6184902787 34081.3765945435
169122657.2702069581 34332.3973312378
163135261.3875955045 27828.3573233485
162873131.8663478792 27426.8278438449
162466301.1021686196 26566.0733707603
162987452.8253837526 27586.9225246310
162433568.4041547477 26550.7013366874
171045455.7844210267 34859.3032150269
162425835.9857047498 26522.3017471489
170049856.6047987938 34592.4321517944
162304499.9759576023 26246.3834253550
162281424.8834207952 26227.2741484735
162470137.6412310302 26636.2181944027
163105560.2046393454 27801.1425882578
162103409.1797363460 25863.1543879602
162250077.9010639787 26187.2160258386
162275006.1991160214 26198.8745589349
162679747.9209849834 26945.0368582010
168686203.7492337823 34153.1775894165
163074213.2222825587 27761.0844656229
162128579.0556302369 25895.7863311861
162610895.7628877759 26809.8235269785
163245810.2416622043 28096.8046365976
166214192.0377107561 32367.2336845398
168876294.1499589086 34213.2369766235
169982711.5088121295 34575.8563461304
170019637.6013379991 34588.5563735962
162134756.1620931625 25903.2125105951
169971567.2224209607 34570.7921524048
171327470.7060056031 34862.1244125366
164679056.9775639474 30355.5895028114
161946312.4658004045 25530.4943537805
166055393.5449300706 32204.5872001648
163157029.0982405841 27853.1471979432
162079057.7296503186 25780.8086280916
164031173.6579982638 29309.9892624430
165718864.9368016124 31827.4423027039
168957964.3181842268 34216.2262649536
166656949.6886409223 32795.9562339783
172207371.7629259825 34916.4195175171
162644310.9133276343 26909.2948821056
162612963.9309708476 26869.2367594707
168346505.3688087463 34030.6737747192
165713651.5531685352 31818.3711376190
164825725.6988915801 30679.6511406898
169764788.8707640469 34486.9608078003
162582440.8528038859 26799.2127993572
163527509.7820122540 28570.5771401934
168337142.4078157246 33996.4460220337
170533813.7247446179 34739.8011398315
165241379.3685917556 31251.2437629700
169025567.7445024848 34255.9365310669
163302325.9877712131 28171.6981595568
164797373.4773520827 30554.3326897621
165034424.4426184595 30980.3698773384
165003077.4602616429 30940.3117547035
164874697.3770159185 30740.9914135933
164269938.6848284304 29741.2044759989
164127836.3149935007 29523.1081625223
164110211.6192258894 29501.8260122538
165206389.5764437318 31191.1586503983
164943102.1466936469 30788.8666882515
164392195.1045406163 29924.6376420259
165068816.9828799963 31039.8714799881
165086441.6786475480 31061.1536302567
165121431.4707955718 31121.2387428284
164034428.7086369991 29319.0581430756
166967122.2744427919 33081.5337295532
165104223.8278046548 31109.9718594551
163537316.6419723332 28604.5921720080
169403302.5674995482 34377.1410293579
164287563.3805959821 29762.4866262674
169502214.5728195906 34380.9573287964
164528403.7731019258 30133.7291550636
171984943.5312186778 34903.5579147339
169851624.8504393101 34548.5482101440
167859340.3483583033 33737.7296676636
164793890.2865002453 30548.8433547020
171001058.8111709356 34822.4804000854
166612095.4537535310 32719.2211608887
169758467.1170130968 34483.8051071167
169786457.8491694927 34490.8165054321
169958925.5877692401 34550.8947677612
