314070888.5342836976 2604391.8891601562
321746280.2541172504 3459324.8208007812
321799205.7732625604 3464951.8627929688
314983878.2781434655 2755392.1926269531
316032012.5825794935 2905755.1557617188
313065705.9453750253 2315023.5979003906
325392883.1495927572 3650693.1054687500
341021922.4577406645 4071444.6933593750
314671361.0531215668 2710969.9975585938
315711924.3077738285 2859266.8186035156
323559522.1163655519 3572612.3730468750
316835911.7478521466 3009376.1914062500
313080818.9246970415 2330218.2321777344
315868155.8402444124 2883856.8735351562
319350148.5275245309 3277548.3300781250
321415239.1615498662 3434609.8320312500
347076502.4890185595 4130293.4101562500
323541198.1208702922 3568031.2250976562
313557759.3316127658 2492695.6008300781
315145622.4397366047 2781101.2165527344
321418624.8130099177 3434993.8740234375
326666543.1778629422 3704997.8593750000
319616867.7599003315 3301399.7426757812
322417509.4564616680 3503527.1274414062
334665595.1291334033 3955775.0195312500
328478672.3080688715 3766586.2431640625
328139139.3953602910 3749724.8535156250
379811849.8645558357 4435223.3642578125
325341205.0179243684 3649063.7060546875
336747707.5506476760 3999586.8906250000
342616696.4415817261 4085732.5195312500
336953773.1492145658 4006284.4316406250
325524417.3840563297 3661500.6162109375
321487834.1547710896 3439896.3076171875
373124508.2464169264 4368415.2763671875
325040319.8379666209 3641540.7646484375
313132777.0188567042 2351040.3864746094
325449595.2364555597 3661296.2363281250
313441899.2536972761 2465384.9069824219
321178879.3667870760 3425551.3271484375
319733369.7212790847 3316770.3632812500
321438070.8357645273 3436376.6728515625
331761734.4823042154 3892666.9550781250
316616478.4007716775 2981475.5312500000
318627929.3510178328 3206019.0000000000
325644861.6790311933 3662112.5693359375
313887779.1809879541 2564012.2292480469
314967528.9378375411 2754624.0515136719
318004351.6062956452 3140678.7539062500
316878502.2208290696 3015027.3637695312
313070830.6580128670 2317922.9560546875
315138377.0981160998 2779358.5607910156
320012599.5215587020 3340606.8818359375
313163199.0648216009 2385086.4890136719
334639282.1196762919 3953970.6484375000
320247518.5297995806 3359152.7412109375
315108136.5923693776 2772287.5761718750
313295506.8827617168 2429083.0776367188
319402637.3238938451 3285340.1352539062
313197255.8791007996 2396073.2990722656
317208785.0543363094 3050000.4975585938
322691190.8536983132 3513316.4018554688
334777248.4409974813 3970491.2880859375
318452368.1152758598 3183639.8359375000
325688291.8405466080 3665531.2460937500
313259047.4104052186 2415938.4387207031
324910715.6760944128 3639811.7695312500
319661203.7915386558 3305115.1918945312
319700823.7535316944 3311048.7182617188
319475864.6891073585 3291161.7397460938
319409311.7083489299 3286097.1586914062
316751236.3569396734 2997610.3657226562
324032580.4907243252 3594238.1606445312
314380668.7176301479 2661342.7919921875
344401853.0284025669 4118775.7812500000
313122263.2871960998 2348959.4001464844
313531795.4820405841 2487776.6845703125
344440403.9413499832 4122807.5507812500
344581601.0151985288 4127861.1103515625
313472074.2808507681 2471504.4313964844
331263223.9847551584 3886179.8154296875
369898513.1252573133 4333033.6035156250
340266475.7480497956 4055609.5283203125
340173973.7996405363 4051799.4628906250
340028036.4055334926 4051378.8095703125
343501397.0318491459 4101793.8496093750
349803397.9876941442 4156380.5390625000
349428476.7429137230 4145154.5009765625
323827537.4251128435 3580050.9853515625
328804366.0491078496 3780861.8134765625
363047514.6570273638 4276222.3388671875
317778883.1866061687 3120093.6303710938
314120785.1442921162 2613930.7216796875
344123831.7453887463 4109170.9736328125
313803273.2677832842 2549114.3415527344
344149235.6227085590 4114466.1894531250
324058597.6757667661 3596785.0161132812
322126582.1199829578 3481066.1879882812
326697073.0528920889 3708998.3339843750
313424827.4164463878 2462066.9550781250
377545871.9762555957 4419845.4873046875
313212963.4175319672 2403234.4816894531
330051520.2899304032 3833854.9345703125
320934751.0198548436 3405096.1542968750
374436566.7443900704 4390589.8457031250
351025570.5281590223 4161618.3671875000
330975591.8384127617 3873429.3369140625
338876997.1957656741 4032271.7304687500
379399052.9608697891 4430451.7548828125
379442670.3671833277 4433371.2626953125
320436613.7949237823 3370280.6093750000
318299258.9709767103 3171296.3652343750
332589924.6122444868 3909127.7714843750
329960845.2168398499 3828582.6347656250
313180456.3514873385 2392190.1267089844
335205337.8438348770 3972945.2158203125
318526301.5216919184 3196975.3666992188
335331440.2736747265 3975670.6445312500
324291322.1036000252 3608292.1118164062
331683114.1848155260 3887721.6035156250
313141659.2805126309 2365672.9863281250
336177859.3005862236 3992416.0576171875
328755232.0754914284 3778446.5390625000
366426171.9522563815 4310434.1533203125
366016649.7516944408 4303876.8867187500
333709822.8939185143 3937814.5507812500
323004594.0313181877 3529692.1435546875
372912407.9662054777 4365567.4599609375
317044362.7473644018 3031383.1928710938
315688898.0480400920 2855736.7221679688
327023392.2089971304 3721651.7597656250
315196286.3637545109 2786242.4042968750
318883687.0495123863 3232540.2333984375
372912654.0907386541 4366993.4980468750
314578868.4548781514 2693520.5615234375
359631968.6916539669 4251620.7509765625
314699339.6417534351 2714969.0036621094
315252686.7300828695 2793987.4677734375
378544760.6940641403 4424993.9951171875
316594805.0790723562 2979801.2036132812
320717713.2146524191 3388211.3491210938
314616322.0607505441 2700758.5161132812
343587047.9260517359 4102097.3339843750
375606820.5769661069 4395908.4482421875
354305471.8623878360 4191394.1542968750
328883540.3823865652 3789673.2558593750
344234886.5169112086 4114769.6738281250
330971079.1484261751 3871979.6220703125
378778841.9873489141 4428546.4833984375
330791052.8866470456 3868268.2099609375
314286468.8510838151 2644303.4062500000
317263389.7432844043 3057038.0883789062
314653805.7182936072 2710398.6401367188
317276588.6035823822 3057657.2075195312
323756417.7659226656 3577165.8989257812
335564108.7578472495 3985273.8847656250
313628956.5245155096 2510929.5937500000
318204762.7795017362 3158629.3823242188
329889584.4476301074 3820224.9091796875
316048080.2608152628 2908730.5527343750
342775875.4909241796 4092886.7792968750
342464694.9405428767 4080377.4951171875
375537084.8023161292 4393642.4541015625
334249452.2950974107 3947135.7851562500
339330343.2468861341 4037889.1191406250
313683713.5727491379 2520764.5927734375
315738036.7610462308 2863519.2990722656
348709585.7450977564 4133746.6777343750
337624100.5469842553 4007730.5878906250
313651180.3919184208 2515873.5278320312
315583362.3466420770 2842148.8398437500
332225802.5809130073 3896580.2382812500
373724654.7376837134 4382579.5312500000
373782973.4801138043 4386305.1923828125
319195899.5138685107 3260543.2934570312
317281051.3030301929 3057665.3022460938
314135872.4102758169 2616438.1086425781
315501793.6344798207 2829862.2749023438
338541753.8018191457 4022698.2724609375
315280873.8071966171 2799352.1494140625
318161868.6278827786 3156411.5024414062
318461106.7890533209 3188645.5297851562
314585237.3179880977 2694598.7431640625
316517223.8296617270 2968507.5605468750
318519077.0959851146 3196602.3872070312
315261148.6062536240 2796604.9541015625
314586393.8334604502 2694796.4042968750
314134411.0135135055 2616405.5827636719
315002219.0718460083 2761059.7912597656
326538427.7081053257 3701988.3017578125
344249393.9009439945 4118219.2988281250
316776534.1942231655 3000335.0961914062
316273753.4959146976 2936370.9199218750
315063438.2802897692 2768973.9772949219
320097124.5527296066 3341171.5512695312
315294850.5295680761 2801607.5942382812
317287303.8813801408 3058084.1298828125
328640722.7640835047 3775437.4902343750
323315997.8729845881 3546786.3012695312
313742342.1935461760 2534318.8459472656
328767889.6460135579 3778464.1250000000
313997724.6049588323 2588784.3376464844
330641937.8982071877 3851494.1064453125
322771524.1187291741 3520996.8291015625
343912465.4515607357 4108184.1240234375
317934308.8286703825 3133635.4873046875
343909736.0086781979 4105803.7480468750
333337900.5282815695 3929522.6132812500
317354459.4856701493 3068011.3188476562
325435067.7200210094 3650775.6347656250
316402920.4778147936 2952910.1181640625
329614736.7691241503 3806307.5810546875
323296478.6367319822 3545577.0361328125
338310698.0400413871 4020709.5800781250
334686738.5955806971 3961802.7548828125
352340885.3165534139 4175457.1816406250
335440268.6351453066 3980243.2880859375
375196259.6063314676 4393389.0830078125
327635311.2465795279 3744030.5410156250
327418707.9385217428 3740613.8222656250
336640772.2759514451 3999561.4003906250
323385099.7674840093 3549199.2548828125
323179649.0870746374 3541632.4492187500
321551890.5427397490 3449414.9448242188
328515402.6445183754 3767244.2470703125
359845213.1775532961 4253407.3320312500
359849796.3847212195 4254760.1269531250
371798358.1975848079 4358799.5400390625
317219195.2439761758 3050898.0668945312
321518163.4610461593 3444781.2944335938
323660854.7125973105 3575192.7006835938
332351242.2536309361 3905720.2939453125
362087680.4795631766 4270540.2490234375
357824139.9611292481 4221464.5273437500
355684772.7660474181 4204390.6074218750
354929218.1501349807 4198911.2910156250
313832396.6572530270 2553190.8322753906
341547654.7507311702 4072249.9345703125
327746002.7481899261 3746428.7890625000
377213925.5004754066 4410324.2763671875
378492466.5933979154 4422531.2431640625
348573531.4213268161 4132163.8310546875
317291498.4340318441 3062545.2172851562
313952371.9836413264 2578352.5417480469
319014244.9772765040 3245231.7534179688
361251644.3499622941 4264192.5683593750
316302747.0215615630 2941312.7192382812
335697044.8055556417 3985665.6367187500
340525093.5497639179 4061861.4541015625
313972973.9175952077 2583200.1750488281
360679375.0922456980 4256187.0625000000
359766096.2981906533 4252523.9980468750
316192513.7344147563 2925899.0668945312
352051569.6777759790 4167969.9931640625
326847473.3098956347 3720697.8017578125
316433579.0902631879 2959945.1225585938
370432326.5868101716 4337362.0605468750
326135124.3762305975 3682459.8261718750
332273730.1262415648 3897483.8857421875
335710131.0446016788 3988487.1308593750
338070539.1669288874 4014310.2988281250
337762576.5596292615 4008509.5722656250
356631587.1916657090 4206412.9140625000
349282494.7196555734 4135307.8681640625
327166474.3335728049 3728778.9667968750
364792347.1656092405 4285458.7314453125
335416330.6216905713 3979023.6220703125
327293732.9761243463 3729624.2744140625
364926964.9414334297 4288547.6035156250
376052925.5773304701 4399698.2275390625
340418997.1574929357 4055780.4726562500
377245501.5869976878 4412287.6962890625
339874427.3710681200 4038695.6093750000
342530275.4155069590 4083474.3427734375
350345296.6722125411 4159333.4130859375
363335002.1902912855 4276281.1796875000
318634429.6045743227 3206707.2836914062
329324790.2834873796 3797414.3750000000
319053093.7826105356 3250390.6157226562
321140899.9806966186 3417664.1416015625
325641048.4848826528 3661516.0478515625
319305720.5484343171 3271902.9321289062
319297009.0268976688 3271307.8393554688
319157358.4813324213 3258309.8022460938
357520435.9453132749 4221098.6347656250
357156563.0642518401 4220524.7304687500
358884868.9095327258 4232562.1113281250
359244246.1832155585 4232869.1757812500
321382038.8929287195 3434205.2246093750
321059122.4926530123 3409810.9951171875
353964299.4089586735 4175514.5117187500
377035434.6742874384 4400402.5107421875
368893348.2943626642 4323913.8769531250
371015051.7715559602 4346213.2705078125
370694688.7044224143 4340026.0556640625
357051090.7677235603 4211910.6650390625
372314762.8005557656 4362119.8525390625
366848351.8477388620 4312896.4833984375
371275806.1400211453 4352127.7001953125
372878305.8587616682 4363989.6220703125
