510879592.2046781182 512.7476625373
517432809.4369471073 567.6475510467
512661028.2574457526 530.1171897403
513537063.5739321709 538.6417492498
527785927.7796700597 615.5275881290
521814564.6433193088 592.7302259803
508975944.3134182692 487.6148266718
517247868.1616731882 566.8533592981
518257138.2489190698 572.8844115008
510241777.3016156554 505.9847265631
530263946.3843752146 621.9813580811
509451647.8240513802 498.9646051824
515247157.7562507987 552.5262851100
514978371.5366835594 551.2395260911
509110394.5384307504 487.8031547356
514077212.1945958734 544.1010248684
520183870.3990177512 583.0064061284
521101540.2677010298 589.4169132411
531813675.5979092121 626.1203061938
518023377.0586499572 571.9069791306
518042070.0146934390 572.2462696303
511723186.8166747093 523.2621704801
510542091.9375206232 510.3803684327
517155668.6369941235 566.8217669290
511069019.4779530168 516.6815317381
516583305.6729693413 563.2105905574
514701233.4237276316 550.1074761115
517413396.6647745371 567.3752536643
511418508.2047185898 520.1528076935
529992736.0791786909 621.6017196774
519046403.6316285729 575.8774801958
516520357.8370516300 562.8330393173
516714971.6406004429 563.8294456166
515040145.8950258493 551.6682801824
515714180.2282855511 556.2976190919
515264936.7892136574 553.9273676841
515701289.0253294110 555.9827318201
511341323.2702841759 519.9948314536
514937839.5357156396 550.4844911061
515159820.0802339315 552.2841550075
509902146.8306705356 502.8312336418
521378478.3290076852 590.6682604253
511308883.6250948906 519.6931206095
522048930.1208029389 592.7475599647
539022628.8653452396 637.4351366162
509806737.2667138577 500.9653834254
530628367.9818109870 624.0148118734
516794416.0546675920 564.7153445047
516267455.9976670146 560.0097949542
510620057.9430422187 510.7233687482
521414912.8642218113 590.9716179967
509778885.0182713866 500.7764361142
515762681.1652191281 556.3088316927
514301061.6558954120 545.9932521009
511669871.0820661187 522.0377934757
511541598.0532269478 520.4334969628
516843285.5091483593 565.1748891633
514600311.5272649527 548.8515239917
511936662.9002380967 523.7339846496
512531881.0499710441 529.9888759299
510279841.4677442908 507.1091221050
515661219.3654904366 555.0798309557
511029052.5995885730 514.8106636810
512291613.4469166398 528.3632275467
512149775.9037438631 526.7299044640
512053182.5878969431 526.3843893711
517752014.6004336476 570.5699772108
512485917.5275210738 528.4828583603
510304623.4160719514 507.1451253146
509656817.1741701365 499.9238072783
517754405.1592752337 570.6176144350
520377481.5298373103 584.7965930104
534478046.6980464458 632.5101193786
517532411.7208061218 569.1354579795
514594725.4616021514 548.3222950660
516881813.8670693636 565.3566100504
527137705.2996113896 613.4308236837
514350979.0255861878 546.1401691688
515777518.2503695488 557.0507643260
510569239.3128549457 510.4202520475
511936662.9002383351 523.9105331306
510350172.4265912771 509.6623602659
517699504.8648142219 569.5034739841
514022324.3497746587 542.7329910265
540666125.7092344761 637.8754329085
529366346.3289041519 619.8475844264
520413667.6330391169 584.8609483838
515385962.9679192305 554.1532173721
510866219.3036429286 512.4220527386
520185482.4298625588 583.1531272531
512725996.4068565965 530.5292662797
513169109.0719121695 534.4618566500
520418134.0468810797 585.0543158650
522428028.3918886185 593.8384217322
509947120.4106289744 503.0077384561
540908311.2759531736 638.7985002398
511125772.3439977765 517.9554218459
508877879.4134551287 478.9892230779
523505946.5541614890 598.1185918748
511936662.9002380967 523.7607452278
526028873.5173768401 608.7336062789
526543231.1085916162 612.0191656649
514538207.2082451582 546.8062188886
518894677.2151455879 575.2832940109
515395933.9408476353 554.4671709506
523295541.9120602608 597.7305139005
510883556.6644768119 513.2500571460
515896071.2887732387 558.0968976058
520111475.2910640240 582.1247023940
511253551.9993817210 518.2806222984
515397740.7137341499 554.5339730351
520081426.2047165632 581.8154005408
531287537.8983527422 625.3715178370
522653894.9900219440 594.8291398585
522649235.4322374463 593.9068304598
524234723.8497282267 600.7293754816
523822565.8700022697 600.1477160454
534615599.9111050963 632.6642908454
518754560.3680699468 573.9056773577
521551020.1135663390 591.0522146821
521694170.9223817587 592.1388437152
526104453.4570202827 609.3745945692
522138367.8458827138 593.1663617492
519778698.8021762967 581.1913867611
516500982.4703014493 562.5651393272
519145628.0868652463 576.9946624730
519580753.6183321476 579.0335334931
519583882.2957421541 579.1870573983
510650170.1654105186 511.7165882141
510271002.8693712354 507.0219431073
524099558.4009813070 600.4496145248
519183559.1017150879 577.1810924206
510967175.4041247368 514.1677456349
520923332.1789351702 588.5979487002
530831528.4232740998 625.2674320340
516500982.4703012109 562.5135295726
521248768.5875171423 589.7028569579
516008271.8588524461 558.1198300160
522658245.2345283628 595.3932082057
522315725.0981906652 593.7901924253
528936374.4415425062 618.6168637872
519237288.6437594891 577.4303448293
511032657.0239430070 515.0338271111
520861940.0390455723 588.2719732821
510256136.1800438762 506.8350563496
510038448.4883820415 503.7515387386
517723119.1180316806 570.0868160594
510138633.1625856757 505.3470038921
526346226.0087382793 610.9294713736
520316089.3899476528 584.5055509210
520081426.2047165632 581.8438681960
516469025.7205278277 562.4981767852
509209868.0394256711 491.6809794605
516107777.2728067040 558.5312942732
513580700.2698632479 539.2484864663
526229395.1610845327 610.0481054783
513697268.1155626774 540.2786747680
512272290.5727749467 527.8145861202
516367708.7471363544 562.1155836303
521263821.2297738194 589.7515950501
526884623.2694390416 612.5933686495
526748308.2626834512 612.2433372736
521301718.6113752723 590.1856070161
517958558.7321234941 570.9895183910
512044219.6791915894 525.5641317242
517485857.0498384237 568.6878313888
537267753.0203515291 634.5933278203
519139975.8525694609 576.4524945114
510101176.7953303456 504.6200525314
513778904.1766428947 540.8400883540
517512876.9794785976 568.7761959899
517958558.7321234941 570.9836654533
516211460.2943217158 559.9183007944
508949022.4384661913 482.1895292550
512767578.4227538705 532.4299804341
523622601.8616052866 598.3283570707
523669086.2858437300 599.0401477516
513489486.5379782915 538.0590326261
512999427.5977563858 533.8633462559
509176722.2458741069 489.6009649933
518294079.9390963912 573.5219644774
512674583.7091541886 530.4307999085
510903483.1176885962 513.8717483049
511909025.0092676282 523.2808405762
531287537.8983527422 625.3743123412
510609877.5825914741 510.4540173859
511969362.1717994809 524.6377176647
517091721.3702945709 565.5527877230
523723186.2743759751 599.8034088612
513348298.1917280555 535.5595731210
510933886.0420216918 514.0386563307
519250213.6603611708 577.4358520601
510636050.8953951001 511.3537222892
513453251.2926160097 536.6318242024
512416947.1611335874 528.4360392694
510086582.5479821563 504.4999931110
513806887.1509341598 541.7857819737
513672692.3354389668 539.7974095286
513778907.8539934158 541.2776738347
517440512.5007878542 568.3901505340
513339288.6288083792 535.5072256293
536820691.4691820741 634.2152882218
519484537.7447121143 578.2316293139
513382496.2000564933 536.6260487701
518723931.4920048118 573.6516818721
531494856.4472882152 625.9367267489
525602076.4600033760 607.0347230136
518767394.6399484277 574.5869047362
534283999.5811739564 631.8322656751
511944309.2846628428 524.3808397953
513878805.0543985367 542.4308541359
519640256.5363411903 580.0244646668
523209192.4995177388 596.8935437500
514041119.9967733622 543.3095331730
513608089.1109812260 539.3096401789
533460576.0793879032 630.6602175832
520310228.6455959082 583.2571566701
520216454.3002116680 583.1787109971
523149116.0140641928 596.2844975889
523034499.7167472243 595.9529283941
519716927.6110775471 581.1303203702
519387549.0755367279 577.9696787298
523500116.5656022429 597.9265163839
536691799.5864937901 633.5020303130
523199966.2223473191 596.7859918773
538668270.2470456362 635.9117482305
524650891.8660840392 601.5908631682
522247003.5694711208 593.2039451003
512969975.9591366649 532.4730608236
520549016.4780323505 585.7651813328
511573600.0019114614 521.5344122471
516194958.6273472905 558.6679999529
538466928.3904020786 634.8722876906
517356182.6468350291 567.1125621069
536749600.9749415517 633.5813731551
527398453.0222735405 614.0397762656
522914836.7811198831 595.8419937789
511566163.8769809604 521.0688780965
510664801.8168724775 512.3717133552
535684870.8643663526 633.3068420291
516138976.3702129126 558.6297549902
520697662.4231210947 586.5323904455
532701313.1786741018 628.3933678269
513131037.7410767674 534.1663265778
525115328.8274642229 604.8473170102
520646513.6582158208 586.2997454107
520664496.4338302612 586.3623104990
513308153.2912690043 535.0993450238
530401943.7773966193 623.2965844274
525502666.3910910487 607.0144362748
532927913.6654555202 628.7391430736
533995633.5418773890 631.3353181481
530608333.4141684175 623.8434974551
524736641.6612459421 601.7949771583
524827299.0776146650 602.3400397599
524924651.8317537904 603.5808861554
525347160.9723669887 605.5742137730
530547556.2840898633 623.4149486423
525450747.3494971991 606.1853962839
533220223.2582685947 630.3763712049
524828899.8062633872 602.9110505879
524813774.6719598770 602.1011692658
530678711.3063392639 624.2699657083
532023314.6338869333 626.8782903552
524547836.9240034223 601.0142783225
538205786.9619098902 634.6358230710
525001702.9530792236 604.6475621760
532493535.5573558807 628.1243229508
532500955.0616399050 628.1969090104
532033143.4996396303 627.0588273406
532534463.8401934505 628.3499806523
531838735.1781966686 626.4770284295
532267353.9955581427 628.0107476115
532500955.0616398454 628.1857092977
525273537.3678922653 605.1956615746
532861912.2157070637 628.6134904027
530352652.1171512604 623.2867769599
530320561.6293380857 622.5392602086
530313142.1250537038 622.4978595376
525335541.5112066865 605.3555271924
525383240.7590374351 606.0541638434
529833898.7322293520 620.9225264192
529437228.6960684061 620.0991012454
529081571.4063527584 619.2749568820
529102127.4243763685 619.3067502379
524907552.2036439776 603.0473473370
529735828.9907780290 620.8813903928
528689307.8079646230 617.0989103913
528188485.6447641253 616.6138203740
528856914.3033250570 618.4960826039
529414791.1143970490 619.8836314082
528156278.1089186668 615.8902249932
528359675.3839950562 617.0664227605
529192777.6615434885 619.4829699397
528209143.2137355208 616.6565801501
529186448.5988105536 619.4222406745
528060214.8871418834 615.7111046910
528351053.1867597699 616.7509548068
528351053.1867596507 616.7469355464
524611584.9533369541 601.3765065968
