190804458.8990374506 20590.3246266901
198920025.1154297888 34206.2401403189
200554929.8320094347 35294.5666961670
190953885.5197808444 20955.9882292807
189883505.6336281002 16882.8788783942
200615754.7093058527 35338.5314178467
190186782.9785554707 18418.9701832319
192571563.6792647243 24663.9364059791
191731500.8261978328 22809.7418659109
189912178.0225165784 17145.7816617881
191575663.3160535097 22348.8997797763
191345663.8738532364 21897.4069130033
191830302.8667399883 23153.4489868063
191189249.1504928470 21513.3629639225
190798458.0802412331 20485.8418743411
198964024.5204133093 34280.0536293983
198960920.5494436920 34255.2764272690
205545566.1485809684 35705.8518218994
195122853.3139673173 29371.9038573503
190151487.7442840040 18381.5865887190
195065191.1113777757 29303.3253623247
190046890.1756620705 17616.3341206762
192720990.3000081182 25029.6000085697
194361473.8434727788 27910.3730152473
189848788.0300134718 16781.9803717528
190033556.9592200220 17523.7078464423
191185708.8469936848 21421.5248846603
191979729.4874833524 23519.1125893968
190053551.5255535841 17986.5232176933
190686907.7627685964 20245.8131420413
197636111.1613070071 32848.9189521074
199193311.6003265083 34296.8519082069
190132703.7695866227 18350.3245077285
192094506.0871374011 23758.4987733740
198906287.3382665515 34066.2883629799
192215093.1181954443 24076.4873240387
190462988.0802717507 19407.4153046412
192853419.9289295971 25268.9861925468
200825096.0224096477 35411.8022308350
190300914.3650273681 18747.2501913096
193093399.3132365644 25764.5240212306
198723985.1675204635 33982.9734438658
193286519.5484284163 26135.0958388671
198715298.8963860273 33967.9061651230
192603727.3121008277 24814.2513718998
192896993.4698544741 25393.0710183010
190596028.6965821087 19847.2618280028
198759438.8811640143 34025.2181572914
189924370.1798903644 17488.7875684286
191110300.2431411743 21340.0321783615
190211956.6430958807 18514.9349638010
192305739.1041640341 24129.0705910105
191225076.8427951634 21579.4183623386
195363610.2633331418 29596.9177817542
191323547.4308574796 21859.5954924974
190836334.3835119605 20611.4767446318
194282669.3897895515 27823.1866062507
192489842.5971153975 24579.1259606278
193550221.2540015280 26668.9213524684
192176135.3308654130 23890.5655923265
193208175.9128905237 26003.9102052078
198248890.6666568220 33534.0878239607
193227680.6691648066 26009.4448676929
193876230.8706821799 27278.8793540820
193780337.9442871511 27148.0867200717
192872998.4849721491 25358.7535059845
192868320.9023424983 25352.3376582062
191230887.2741991878 21658.0207290262
196654409.4571324587 31616.2226541971
192311549.5355680883 24207.6729576981
199425070.2757389545 34594.0327134132
197201762.9968040884 32260.5491954120
190484987.4911978543 19483.4605379676
190951110.9831659794 20850.8629286089
200730923.8744032085 35357.0786895752
192431003.7178517580 24453.4749894535
190586656.3370891809 19579.1156847283
190938515.9141199887 20842.1306516794
192391335.1148096323 24263.5426781401
190270004.7023220062 18648.2936157967
193158632.5944065154 25832.1455741322
190611975.4221863449 19854.2709925746
193369865.6114331484 26202.7173917687
191308015.9842633009 21719.1367689580
190361135.8224440217 19089.4267539765
190041596.3652878106 17527.5557997253
197654831.0459411442 32849.1739069223
190507114.5515294075 19548.0035372352
190943193.4967496097 20848.5464994577
190823739.3144659400 20602.7444677023
191866919.3717821836 23175.4054685015
192068190.0108174682 23579.2238221988
191463850.7963858843 22024.0276622176
192592605.7538448274 24674.2231181487
190674068.1644536555 19865.9966667819
201020052.1959820688 35432.0637054443
190281983.5784109831 18725.6254639412
197657706.1137252152 32907.0920273098
190747420.2384593189 20312.2184538641
205048680.2473201156 35666.2730865479
191026845.5898212194 21033.2391815245
202588788.8936700523 35586.9366302490
193399884.5751454532 26321.1664346084
192803364.8535538912 25071.8804636821
194292647.4918338656 27890.1115406379
195766358.4313535690 30336.2016783953
194028648.7783461213 27538.9200123176
191261091.9204482734 21706.7151764440
194284841.7865695059 27839.9618824348
195525532.9625839889 29977.3294199705
195766358.4313536882 30356.4631530046
193391533.2322829962 26263.7626129016
193067217.6739278436 25672.2753918990
192650079.1541893482 24886.2284913439
193434521.1157364547 26409.2300141677
190330450.9440307319 18770.1830955770
191486829.0588459671 22039.6401642370
191580115.5737622678 22422.9171601090
191211114.9889830351 21545.8175041265
200263756.5869264901 35211.5868225098
191676920.8470626473 22786.7184501442
190883407.2140054107 20623.9989311267
201789173.3184945881 35479.9066162109
190427282.9288587570 19153.9819018255
192116836.6990344524 23764.9146211523
197844214.4700963199 33033.1283403635
191076399.2054839134 21305.7887718267
197158490.2573525012 32251.5126382113
192307291.2522079647 24147.0776491558
192117969.5478087962 23837.1011400616
191791697.4467166960 23026.1046341214
190890618.9636155069 20658.3215850198
190443899.2693451643 19218.7703866645
202171422.2515618205 35522.2385864258
190251706.4340934753 18548.3138159199
201651062.8511807024 35459.6451416016
191886935.0637115836 23190.8163016657
195859021.4770335853 30456.7844587564
190401972.7724763155 19098.1057437685
197311469.7541239262 32403.1270409822
190955812.1744258404 20987.8002211620
191352900.8878603876 22011.2217987585
191621368.3378323019 22486.2420507226
198194397.4977169931 33367.5745008164
190968407.2434719205 20999.7819049061
194911742.0856791437 28967.3441542387
191492804.3444674909 22262.0885803661
191447750.3666722775 22022.0598480663
190427256.2173311412 19133.9843856123
198623176.2640652955 33875.4047221243
194864147.8927755654 28902.8448179960
197171178.1996933520 32260.2822252512
205286350.9382736385 35696.5655364990
202946606.9205476344 35612.1623077393
198682747.2450804710 33940.4402860403
198666593.5897498429 33888.7978605032
193179489.6601960957 25936.9852708206
191549451.0201016366 22331.6049437114
196633891.5088276565 31591.0193333365
198597263.4046836197 33863.2640470266
192982467.5113354623 25482.5457177982
193005978.3907822967 25490.2264479026
197142767.9445782900 32248.6887593009
197093136.5725887418 32220.2867814302
195846005.6625688970 30398.6197043657
191949207.0629035830 23388.9290472645
197393487.8815311491 32546.4986482859
197393487.8815311790 32598.1410738230
205545566.1485809982 35707.9984283447
196782564.4783403873 31722.4436039664
195247501.0877803862 29587.5919562578
194964024.3589196801 29043.2847040892
196856201.1906654239 31877.2357563712
195382216.8712795079 29827.6206885576
192405312.8376593292 24284.9256806672
193278572.7554992437 26085.4029115066
200091660.0239001513 35129.2149658203
192764830.2477625906 25049.3638974056
192198653.1557860076 23922.9309430942
199772166.1497999728 34791.1007485390
196223577.2671778500 30977.2146826982
199784954.6193909347 34837.4597587585
195628084.9355620146 30199.9437516332
191878191.4860979319 23190.5368038416
196842444.0997104347 31838.5692826509
195618376.0074972808 30160.1484635472
197009390.2561327219 32022.2785271406
198009521.6033953726 33261.0192924475
197908013.9207299650 33169.0618873271
196119320.4896677434 30910.2897483110
196018300.9809688032 30716.2866173722
195800054.7061536908 30382.2272797563
198222063.5037919879 33447.3054178655
198037013.2100456655 33264.6355926692
198561263.4911228120 33835.5446370244
191656640.4216603041 22511.2564117499
191582003.2670982480 22469.2820449624
199306385.4503050447 34541.9329923391
197331575.1085886657 32467.0195527673
195607165.6396968961 30032.3161581755
205275993.1871048510 35693.1557159424
199253208.9205693305 34476.5185025930
197224707.2686199248 32318.1215196252
192346391.4796518087 24210.3489263877
191932699.1850897968 23268.9636389017
199306385.4503050745 34593.5754178762
192030344.2409625649 23567.1443887133
195718764.2384499907 30271.7023421526
195732521.3294050097 30310.3688158729
199280700.5272196233 34512.5254120827
196107651.2284615636 30757.6789437532
196605210.6963180006 31473.9287329912
195411881.7049604952 29917.9295878150
196803024.6609297097 31794.2761616447
196256124.1029156744 31036.3741497733
196389024.6762414873 31274.2215747833
195914831.3058077395 30614.8968844153
191791580.3303584456 22845.9268323593
199280700.5272196829 34530.0705170631
196286686.0923724473 31051.9172672965
198241170.9472915828 33457.1763185596
196148985.3233486712 30948.9562220313
196606833.6837927103 31508.0597386100
195966675.3469459414 30644.4281534888
197593217.5338754654 32696.6428161596
202748230.0556584597 35602.0236206055
196431552.9767385125 31308.6024212577
198092557.7048436999 33316.3960951716
197762356.0750264227 32975.6502315402
197749567.6054354608 32963.9733406042
197762356.0750263929 32968.3647701144
196467489.2751508951 31338.1336903312
196372514.8766649067 31219.3891773224
196928490.0821192563 31972.7367124557
200227969.6436365843 35189.8515930176
193442849.8762501180 26471.9976755381
196707528.6280436814 31668.2086439133
190682981.1089644134 19914.3880921186
194487641.1674849987 28305.1530339458
195199426.8408515155 29525.2383417823
194866909.2901859879 28919.7161632925
195025727.7707716525 29203.4823938161
194128744.4882391393 27766.0509679057
197042818.1012178957 32124.3511152267
193470770.3192355931 26557.1491767168
194140776.5941106081 27771.1907689311
194075627.0934843123 27667.7450825908
193992303.7196564972 27523.8765138388
205435354.5215245783 35701.1929473877
193688084.9085584581 26928.6021796465
193947151.4280677140 27428.0326062441
193903643.3395833075 27381.3691464663
193526501.3600009084 26559.9673111439
193586582.8108342588 26827.1454068422
199534138.3250347674 34691.1348366737
193738962.5742521584 27083.6917401552
193965880.5081839561 27428.7374251967
191925317.9421884716 23227.4289574150
191924277.8309578300 23225.8047580767
196957611.5342445672 31973.4959897995
193300355.5121493042 26139.2877667770
193751478.2508867085 27113.3618298769
194731213.5276886225 28671.4865461769
194755190.2494159341 28706.6691681296
194632222.2215069830 28570.3440643698
195185010.2627145350 29486.0004927101
193721333.3631806076 27076.8410779238
193315913.5938082635 26194.6181234121
195048274.0564376414 29225.7102858009
194731739.0382295549 28689.4371391684
199543320.2833692133 34759.0440235138
202022757.8207294643 35504.5200805664
194626423.2016579807 28450.0509551913
199534138.3250347674 34686.9409584999
199195444.6867698431 34416.9435405731
199195444.6867698729 34432.9689617157
199774973.4780822694 34812.6214561462
204396351.8710446954 35655.4038543701
205064715.9016836584 35681.4660797119
202269318.1157965958 35572.5022277832
194784458.9876607060 28805.4372879416
194817805.4947896302 28874.8721329123
199945122.7431456149 34973.1056518555
199945122.7431456745 34980.8993835449
194988563.9130042195 29123.8106200844
199945122.7431457043 34998.6394653320
195142525.2561263740 29389.7951294333
200014895.7687305212 35036.2024841309
204076511.7127899230 35624.7527008057
204322776.9410477579 35632.8949737549
197368036.3328034282 32495.8041181564
202081612.5516639650 35511.8788757324
194491054.9283429980 28337.5824633837
194523330.3461842537 28356.5922321081
202144821.6163745224 35514.1269531250
194070821.4813445508 27621.3978787661
201850814.5231428444 35500.5578918457
194377090.3173066080 28097.2003556522
194381735.7973919511 28097.5537310839
194440093.8293186128 28155.6561032534
