445574919.1406692863 77544.1194152832
447145615.6486904621 77716.4682617188
401065230.2758789659 25059.3354755104
402578433.0039522648 32126.5135920637
402726166.0935999751 32480.1387243731
403484328.1583757997 33544.3129655860
411271599.2849025130 49983.9876325547
411322177.2582964897 50021.6666755199
417344355.8074569106 58000.3150659159
420356963.5993744731 61035.1003363995
436134961.0906379819 73658.9320106506
436660519.3168338537 74220.9353828430
402907149.4313760400 32752.3256886019
411402477.7376300693 50150.6120007976
411506926.2999113798 50241.8956118047
411616457.4985730052 50315.6424837529
401047318.7029438615 24785.8941727610
401519292.4962376356 27530.8975998301
402760817.5019788742 32643.3864993522
402938976.2045821548 33129.2272322191
403157228.3856441975 33501.6029882891
411169844.7019643784 49947.1187563359
411244493.9804543853 49949.0386224334
417284226.3237228990 57994.4042316035
417211866.7813141942 57359.1550069407
436516727.1241312027 74204.5219306946
436465169.3574706316 73914.3007469177
437447768.7575345039 74785.9535484314
440888872.4457979798 76617.4414978027
458841382.0080738068 78169.8487701416
403120306.5862513781 33495.8962385668
401514061.2990331054 27457.7052430127
411526199.5464301109 50280.5972240512
436272191.4340722561 73912.8405570984
437096302.5690859556 74548.9721260071
440027367.4556005001 76332.1048278809
457995453.9436402917 78045.7734375000
401388520.2228922844 27158.7894004796
403108635.4326383471 33159.7505057397
411151901.7212141156 49912.0597150866
458535732.5595918298 78115.6729125977
401423458.9334427118 27456.1450981114
402910182.1818243265 32878.9842872881
411075055.0903210044 49582.4630971598
417280446.4460957646 57712.5610843256
446229063.3908063173 77616.5002136230
458552932.5493202806 78157.3519897461
401145421.7209264636 25408.5071488280
402666618.1536880732 32440.5206149085
402755219.3573567271 32504.6558974249
401102916.6015409827 25378.6147095045
417308789.3363659978 57998.8303790644
438053292.5843237638 75110.6152582169
402703947.7702614665 32459.3625865578
401584909.8944773674 27916.2481878780
402523977.7906762362 32072.3712367713
419728236.7977789044 60595.3868299244
458199951.4499166012 78078.8312225342
417616460.3023346066 58294.3823352411
419493844.4184740782 60437.8069349049
420058205.0070894361 60884.5823519445
438064657.3971974254 75282.4473953247
437743210.1861062050 74980.0371856689
444475332.4766798615 77216.9122505188
410307519.5241728425 48509.4224223439
437713145.9146063328 74965.8640136719
440747294.0804997683 76600.6595001221
444898362.6493989229 77398.2136688232
444982445.8889067173 77450.8383026123
445144624.2754971385 77473.0742950439
447796988.4480776787 77740.5618133545
402417626.8302968144 31689.1749837344
402459020.9632188082 31735.3454224428
410369045.1467974186 48639.5125681404
411083977.9774787426 49585.8354000394
419084794.2652956247 59864.1975716768
440705244.4070340991 76582.1152954102
447575738.1965645552 77721.0694580078
402427799.9358527660 31696.9125115236
445060178.0093311667 77459.8212127686
419203129.5526945591 60135.8284005343
420472233.7297953963 61200.6856426216
441064914.4672721028 76647.3540344238
445006240.5243393779 77457.8938751221
420456621.1642099023 61185.6319409111
440972365.7253986597 76636.8938446045
401214059.9394047856 25457.6764332369
401692017.4391165972 28263.7232501515
440188285.0888603330 76384.7617797852
446821898.2686737180 77691.0634155273
417369514.3394287229 58077.2671898620
440090241.8552300334 76350.2908782959
444582768.7716584802 77243.3685760498
401854559.5199481249 28899.0868929483
410657091.9468040466 48928.9208900873
419489070.1103645563 60323.1254065453
441300083.5890505314 76670.9713745117
440705033.7808853388 76576.5175476074
446936692.5454282165 77696.0903625488
410925126.6393724084 49564.0506100003
417756383.9963970184 58433.0342848615
419423870.1609138250 60288.1618080308
419316881.2106958628 60233.7424019991
410763305.8596184254 49269.0388858859
419108025.6479721069 60020.7159814058
401704030.5054647923 28567.6267030975
410723357.8149545193 49230.5945433919
417513245.5206004381 58135.1039488630
436732605.1684933305 74360.7538185120
440239583.7155075669 76400.9782867432
410312508.8500009179 48554.7023019139
410208921.0443974733 48252.7259826853
401255951.7377515435 25773.8697530201
401237313.6314654946 25761.3716175678
440617927.3555121422 76518.5194854736
410183867.6728415489 48239.9675973847
440572893.5086750984 76495.6481018066
410321838.6663935184 48570.3096313670
436977762.8025915027 74449.7348365784
417753105.1271011233 58425.6098142133
418136450.2835130692 58767.1020644025
417626279.3685966730 58391.7296202497
437768661.1199598908 75068.6301727295
401272743.5935332775 25803.5878971191
440388642.1034734249 76449.0944976807
444639775.4883113503 77243.4608917236
440317897.9913935065 76407.7285919189
401613263.9842482209 28196.9621113609
440687230.4615626335 76575.2094573975
401789054.8223804832 28597.3108024309
408816401.9241138697 45022.3317176405
440384430.7191731930 76418.3728485107
440658465.5384700894 76534.9277801514
437214330.4845784307 74651.8589210510
408757010.4967376590 44737.7703391615
408796747.7904917002 45004.8073646131
436894294.0335956216 74429.0032081604
401314909.5983965993 26186.8067675264
401229305.9451497197 25755.2104745371
402185933.3823404908 30204.0789799766
416230152.4532986879 56344.6201440408
440412292.4822095633 76482.1972503662
408733614.2537747622 44658.3181111893
436962004.3725174665 74446.9560050964
437124294.1517294645 74639.7250556946
401383342.7921171188 26448.6967022912
401579400.1857386827 27873.2798945155
401542205.8464002013 27829.0749349665
437245223.1794897914 74715.1545600891
446519294.8797817826 77654.4969177246
418558069.4051862359 59093.6745012744
418285971.7303882837 58812.9584928049
437634677.1158553958 74961.8383331299
446571508.1381100416 77660.6435241699
416365770.2610776424 56552.1894824073
418435290.8131898642 58904.5041536583
446160308.4063486457 77607.6630249023
446162480.6400836706 77615.5377807617
446046790.0608655214 77597.8549346924
402052890.1426215172 29419.9462944269
410149636.5515328050 47618.5860870977
418482368.2402716875 58976.8448338999
438993288.7034594417 75720.5735321045
402370951.6229548454 30841.1742390782
402359638.7555312514 30794.6416086224
445839034.2967960238 77552.5593109131
402263234.6115387082 30506.7146049367
418471152.6472873688 58911.0084792522
418333237.1878019571 58837.2819893701
438585486.3878187537 75490.1102218628
438668591.4151084423 75580.3919219971
416256745.5858305693 56389.5562717483
416750501.8669403791 56795.1446578071
402116199.2066372037 29887.4210335223
402185896.1234229207 30102.6215759551
438525804.3118541837 75441.6314220428
417046550.7427110672 57339.9836842908
402067266.3946916461 29788.9509432749
416828456.7965700030 56807.5919220342
402036486.2738543749 29248.8293854646
438773227.1187951565 75648.6140594482
416295148.6998699903 56407.4051215217
408754222.1503603458 44700.1079869925
416385582.4390151501 56564.1222006843
410129969.9841844440 47591.3323318263
439043593.6806664467 75739.8421630859
438912981.8996411562 75698.4519500732
402031543.1522988677 29062.2948380411
416009763.3551846147 56031.8436767287
457248851.0752392411 77878.2432403564
457339029.8126071095 77935.2039794922
415863897.5722756982 55745.9524582313
416058214.2084775567 56036.0478389091
424481129.3401469588 63044.4701376259
424665892.7026224732 63275.5557510667
457945492.0468305945 77985.0222320557
408971529.2915202379 45034.6437601679
424874497.0113182664 63315.4219652228
457542255.3625537753 77949.0767211914
457636674.4686307311 77981.8860626221
425071868.6987202168 63505.5275026374
457109783.2118085027 77857.0678710938
414867834.4699594975 54192.6996916356
414891242.8594024777 54236.8498983651
414698716.2067307830 53898.5999453894
414746466.2134847045 53989.5923757821
425491442.1354159117 63685.1138330512
424963855.5293448567 63471.1441942267
424383266.6714521646 62930.3727954216
414342856.4731820226 53146.4374418087
424226352.0620090365 62674.9172140174
414817873.9778367877 54058.3293378869
414397990.8659814000 53343.2626191876
414519861.4048174024 53440.7881493991
414533837.4779255986 53692.3283502362
424235804.4738643765 62864.9003301673
424018483.9203041792 62584.2473598532
409319550.3373383880 45717.4426227112
424653726.7928674817 63130.0046884567
409453492.5679077506 46003.9543796082
409633854.6688522100 46203.1165082682
409707732.0514186025 46397.6481576049
413734889.0835388303 52105.5557323772
409825370.6773921847 46438.5238185012
413576108.4429497719 51984.7814082596
413152354.7639565468 51362.0997043624
409827162.7468625903 46674.1312775882
409772146.4162492156 46406.1756730163
409664367.9263862371 46383.4230485046
413782420.6916727424 52141.6507250800
413320634.0110473037 51591.4362479052
409947589.2378868461 46699.8487034188
409919425.7185444832 46693.2735058413
426394984.4199588299 64454.9530704990
412909114.4767646790 51033.1100733783
412852933.8332933187 50903.0898309256
425923292.0931383371 64119.5873222426
412661729.9200565815 50612.1174600441
426266687.6646013856 64406.3254718855
412687833.5315067172 50639.5433867645
412574092.1011096239 50376.3834419753
412510696.6804192066 50350.7827173353
412729775.1218681931 50691.1604812573
412622643.5240249634 50611.3876061942
426153344.5323947668 64174.5447921827
425763247.6034381390 63999.0425186232
425523214.7369207740 63772.6562957838
425624705.4826261401 63839.4187714159
408086020.5779675841 41030.9411263062
408121077.9190328717 41061.1034454895
407870788.6320719719 40356.1300941078
407943396.2679725289 40684.8515314652
408081556.7829503417 40840.2885260575
408717097.5708017349 42340.3620860975
408607403.8233256340 42048.2997669198
408556628.6439524293 41998.2618217983
408511820.4302713871 41694.5043759302
408417283.8336710930 41417.6474089578
408363282.8635255098 41348.4147810892
406169551.5073956251 34544.1579103189
406020687.3797588944 33780.4191489662
407663820.3942061067 37784.3841968729
407620291.1540125012 37519.1425425431
407440922.6190692782 37099.3859604819
407221636.4992271066 36965.1153698410
407588963.2320960760 37427.4170063837
407606008.9400408268 37436.2799189611
407260280.4306954741 37041.4781910135
407391935.8520580530 37050.7375001787
406948868.6154123545 36028.7605988934
406782949.9161309600 35655.3403748163
406728181.5961714387 35356.8210114130
406489131.7688029408 35019.0262894989
406664854.9705330133 35311.6275785393
406563966.3682371378 35195.9962063790
406592695.3229949474 35283.8873718866
406614282.8045822978 35295.5316310375
406645531.7960965037 35307.0203454853
406426066.7123512030 34935.5673425556
406045568.1088746786 33988.4523532047
405969340.5562430024 33692.0142322308
405955835.7238980532 33686.4680643524
436030396.5772112608 68229.5526662469
436073445.9980045557 68303.7313778996
436011290.5943212509 68166.1228612065
435940993.2732961774 67777.8301509023
433371107.9843519926 65233.9229941964
433569015.1716731787 65347.0283380151
433574950.8950493336 65511.3806443810
435893505.7104909420 67661.8940661550
435211009.4383963943 66811.2867148519
433970636.0210848451 65841.9571250081
434423186.3318855762 66211.4831936955
435218849.9479478598 66819.0129569173
434892725.0204437971 66483.8776267171
434931997.9494735003 66561.4253380895
435015463.5016916394 66607.1191018224
434902000.5636019111 66522.7341836095
434794463.8069572449 66440.2999871373
433190216.0558104515 64618.0001319051
