237107272.0869656503 551442.8508300781
216972891.5844977200 352016.9359520301
221549778.6305853128 410140.5830680155
239851449.2725462914 554794.6044921875
246783951.2462888360 556177.7724609375
220661989.3108686805 397924.5136910081
216979163.1903279424 352139.6795817837
216943548.4317403734 350634.7705317959
220351154.2025979161 396804.2859078050
212996615.3913014829 280872.4365333319
217139862.9738290310 352850.0560482368
226730240.3300315738 469764.4162597060
228956501.6765609980 492011.5194984823
235257071.8027285337 540664.7155761719
235587888.8698959053 544105.0734252930
235939070.4691652656 545526.2751464844
236299692.1953944564 548331.9934082031
236440278.0409272313 548632.8649902344
237576377.6712056994 552280.2592773438
241443023.3931368291 555767.1701660156
215622929.0531132817 329449.2197668180
230954917.5048614144 507467.6522455215
231017975.6071128845 508367.7095270157
235662359.5240081549 544638.6994018555
235818062.4132776856 544654.8233642578
241462497.6559863389 555803.2385253906
241325181.3136174977 555758.5605468750
216980193.0865159929 352518.7490474209
231597621.0852944255 512125.8272829056
241485704.2628137767 555877.7990722656
246846109.8545270562 556187.3830566406
216063553.1764801741 340287.4986357912
221388215.3089815378 409068.7173254490
211753804.7720372081 252930.6889630849
220514349.9272283316 397671.6524239182
234900985.6631405950 538753.8782348633
235866758.5296742916 544971.4274902344
238655473.8601427078 553707.1359863281
213868309.0547888577 296156.9490075111
215977674.5362662673 337733.6186391935
234985804.6523816586 540385.0772094727
235956179.0339354873 545588.8098144531
246877525.8180989623 556215.6589355469
216087668.8677066267 340638.2921233401
216984030.4724422097 352527.5849865302
235531011.8220809698 544097.8363647461
221338070.6104948521 406691.1172888279
215752785.2608122826 333396.5023771152
240875266.1056526005 555557.9345703125
217060480.0808160007 352746.4477992877
216629791.3176197410 348375.9326427802
211585505.2066018581 248274.7361607770
221479305.3179382086 409981.9807531834
231178629.5711354017 509708.4773073196
236421954.5659160018 548623.2427978516
240521164.3575583100 555219.2570800781
211545900.5390984118 245591.7593476990
213576505.3244428039 292579.8810344338
228580474.0115268230 489064.4225390404
211507711.4333945811 245114.2386771658
227381286.0405166149 477455.8216475248
236740765.7392122447 550268.4301757812
241193409.9426790178 555614.4460449219
210485059.0347203314 191175.6175682821
237755024.8593387008 552436.1042480469
238509133.2376066148 553703.9582519531
241283014.6827042103 555616.3491210938
210490068.7217003107 191279.1443097469
211661503.0315012336 249157.2530980328
235440580.4891890287 542006.6763305664
235302708.5614092350 540822.8763427734
235335447.7112486362 541325.0274047852
236979608.9421527386 551417.7697753906
216176164.4462855756 340798.5508291349
220964946.2004070282 403014.5769445896
220975928.4039013386 403170.0402929783
211383189.1960377097 241018.7107227663
211587254.8256326914 248533.2121434430
236913825.0059489608 551075.7629394531
216236726.0882617235 341129.2891714200
235644786.5768685341 544560.5736694336
213597072.2549705505 292631.1624018550
216345267.9435080290 343682.2472748533
221144596.4972831607 405984.0088264942
228794780.9246336818 490616.4178926498
238237139.3409726620 553246.7165527344
216372989.6993846595 344321.3844687566
211472525.4376799464 244816.1984868268
216164770.6688659787 340641.9435213432
215663887.1673834920 333058.9029714689
216252746.8760292828 341359.4842580557
210460956.9894670844 190349.5910028700
215957203.8012422323 337318.4409868609
210542460.5187591612 194614.7369089607
211455420.1395134926 244659.4677586773
213199578.1425392628 284941.5824735761
228508692.7724463940 488737.4140907675
238971765.7343652248 553938.5131835938
238700759.4463140070 553752.4814453125
211297357.3432559371 237274.8281388501
240261151.9232092500 555145.2385253906
210523447.4014947116 194600.4073875677
211350179.8843119144 240591.4591603497
228464284.9296787977 486970.3061445951
212005886.8071433008 258298.6068355178
215873889.8706009984 336762.9936697111
240089268.5058142543 555079.1633300781
240629292.3562341332 555369.8208007812
240698674.3866989613 555460.1616210938
212209946.0026381314 259596.3308760261
210832566.4357118309 198196.1931563406
229443731.3806585073 494420.1188075319
240613589.0244246125 555262.4382324219
210647954.0569565892 198118.1871447949
210847192.3027049005 198767.8644569902
228916371.5460376143 491321.8078889772
239813961.8972071707 554734.1611328125
244919146.5301906466 555930.6657714844
238493150.5613210797 553672.4758300781
236355568.8502700329 548552.4609375000
229167228.7267515659 493382.8553873747
244769027.7734152675 555888.7131347656
221387216.1730526090 407482.4712269306
227820361.0917830467 481564.3778588195
230347299.7266806960 504168.5601434708
231030191.7370694280 509089.5815734863
231484789.8727841973 511596.9716730118
221219167.5379024744 406270.4775680043
211940552.5461408198 255647.8501382505
213716004.0452553630 295178.3119447455
231269325.5553434491 510419.2144899368
231314409.7881831527 511419.4624910355
212050978.1043914855 258951.0511046981
230629406.7080600858 505731.9098138809
236515802.7757211924 549095.3963623047
239587993.9470731616 554462.3620605469
220250689.0048548579 393977.6308937669
239472355.6850429773 554428.5014648438
238994710.7816044986 554047.5031738281
239335325.3658209145 554336.4348144531
212057729.8102727234 259358.5319393387
230068842.0004796386 499982.4586950541
227617796.3403627872 479803.6079024076
226983471.3333001137 473964.4468306303
228768668.8414225578 490195.3534212038
234515895.6274583340 533841.3655395508
236657455.7813122272 549584.5866699219
226730402.3416991234 469825.8039473295
211994910.0911982358 256977.0531347910
230015501.0562597513 499945.0135126114
236803012.4616799951 550709.3984375000
213737437.1192798018 295816.3290915713
230032686.5138140917 499966.1667566299
230107488.4179124236 500107.8837438822
226875887.6314758062 472629.2962969542
229851563.7364088893 499734.1584020853
234457137.8077923656 533829.7762298584
229964300.6246979833 499747.4244511425
238005801.6660538316 552992.4035644531
213817469.4884161353 295953.7449031100
220702816.3463496566 400666.9316292405
229759761.0793178082 497732.5841496289
211328168.4439273477 238301.7459251726
213753825.2603739500 295847.4980826601
211867912.7520767748 254714.0227137128
229547949.8735169768 496789.3677526712
211234676.4471309185 232858.8929326380
226595907.2826050520 469177.1376265287
215490400.9019753039 328897.8780452535
211210746.0203649402 228801.8359191263
227089282.8287552595 474896.7506685853
228002062.5129320621 482703.8111494780
228076537.3059499860 482750.3272365332
238195993.7043851614 553136.5131835938
226904456.5404137969 473243.1561812162
228472580.0703965425 487934.2039778158
245468822.1864666343 555941.8269042969
211246024.8564637005 234234.7111110533
211732036.5716995895 250591.7116785565
228380227.0605299473 486445.0131750070
221029735.4283062816 404809.1423425102
220753565.4892309308 401708.8217659593
226820041.5755330920 472215.1845992804
228109098.6593038440 484611.0445299074
220422068.2588814497 397313.4372487664
219466742.7547060251 382912.9388330802
213721710.6206345558 295284.1240592226
215324529.7865386009 324901.1866225228
227515351.1456497908 479031.0638350248
229810247.8790751100 497927.7727507353
227500717.5813274980 478927.5194014311
215458723.6820512712 328780.5639835820
220701311.5855551958 400407.3579881378
227627136.8299123049 479933.6452559233
227309397.4046262503 476911.7413862944
227197855.2812015414 476366.1657027006
213381857.2949616909 288773.3945114240
218495603.6404069960 370632.8984718391
218221851.2066829503 366953.3663869792
219981848.5388314724 390554.9520473108
217896164.4239624441 362797.8722463542
217918148.7511210740 362890.6556732351
213386409.2814983130 289010.9978080019
219784334.8603532910 387916.4650033340
220025537.7476585507 391889.5911920890
213239419.7190544009 285260.3446860537
220290782.9502888322 394685.0111622401
213152412.7522256970 284515.4960532412
213095415.8349652290 281660.8528129607
215384746.1014196277 326143.9031091854
213041156.8822286129 281427.9069103748
218249543.9006279409 367159.8519673416
220339850.3235773444 395987.1207813807
214862497.5353767276 314391.2574786469
218007244.8218793571 363781.6841334328
214851035.9806828797 314083.9294754192
212961623.6191483140 278427.9866058975
212906873.3259238005 277388.1669647843
215194688.5947197676 321853.7299550697
211187711.1989849806 221520.9345201477
214896577.6317171156 314905.1406802461
212832894.7892251015 273936.3618781716
215009252.5870240927 318288.5507646725
214849906.0434215665 314052.7258629724
212789310.8531905413 273577.1932175308
215231113.8105197549 322735.6229443550
215198362.5265820622 322232.2867342159
219506972.5736230612 385174.8118036613
219857289.9596732855 389022.3435419425
212663142.5510293543 266699.8014553189
225923820.8844534755 458459.5978878736
226263296.6160948873 462444.3547176123
226194238.5263604522 460288.2201961279
212595401.6763684750 266243.4681601748
226030812.9118651748 459843.7429118156
226004881.2542399168 458917.1790889502
212476543.0499706864 262577.5362439491
226371647.7561072409 463299.2027174830
211157494.6291711032 217205.4096725807
218579039.8015081286 372173.7666090354
214740068.3558334708 309113.6264449283
223843752.4895626605 435412.6897957623
225885221.9840742052 455480.9736570865
225680407.0918256044 454439.1365904361
225552215.9251306355 452116.9428648502
219325238.8171011209 380537.1256159171
225420518.1219888330 451194.2125181705
225278909.0300045311 450280.5975279361
225216600.4661835134 447963.3303160220
225005522.7981932461 446773.4002668709
217497101.3430845439 355611.4690520987
214713357.9038976133 309056.8257999942
224197224.1165942848 437592.1676466316
224802608.8207007349 444719.3555738777
219501396.8068408966 384506.2236402854
233807222.0792146623 522550.0799560547
214188435.1307522953 297148.8618147210
214275252.0499538779 297801.0806523398
224206726.2893304527 438166.5193922371
224563477.6724009216 441411.8968336433
224626392.9528613985 442288.8304273933
217593378.0471839011 356850.4174995833
224618545.5678055286 441717.8104078621
224521065.5433039963 441375.2154371589
224092123.4803015888 437252.9044020027
217448427.1246788204 355371.6989937239
234165428.0999092162 525730.6270141602
223695964.4699824750 432966.3713815319
223579981.6784077585 430766.7945382702
214534063.0483592153 304537.1106798486
214342481.7847969234 300254.6873075799
223292108.0292359293 428018.0804894525
223122045.6796993017 425233.5370303947
222995011.3200869262 424734.5570499259
219063626.5587510467 377211.1388524398
222650263.9217565358 420741.1164016452
214468630.3880487084 301074.8135247962
222630978.2780477107 420170.4664412466
222764840.6976061165 421201.3207757771
222425605.4042997062 418010.3308085203
222826891.7494560778 421280.9287201831
222338893.1544419229 417317.2128911683
221848783.4885311425 411193.4717366168
221948149.1147102118 412269.9594079548
222028766.5884253383 413793.8315998981
234321785.6489797533 526504.9400024414
218917656.5240979195 376381.3051832542
218582571.2947411537 372224.7658766136
218355447.4623666406 368256.6293082461
217309079.1311273873 352988.1737245545
218116220.1975171864 364575.7345767245
219137438.7587320805 377869.2380106286
217592431.1705929339 356544.7836951800
232755341.7378798425 512244.7180633545
232921094.8193831146 512487.9054205418
233598219.8394293189 516230.6713905334
233694857.6690701246 517426.0748825073
233183090.9462134838 513610.2746367455
233410062.2040001154 515755.7360625267
233368136.0899642110 515020.7561569214
