205927858.2502930164 1783016.3515625000
214289951.6207408309 1793384.3593750000
214188801.3210610747 1792978.0693359375
197042618.5970517695 1582564.1757812500
196891389.8018484712 1580335.7680664062
202585962.1234710515 1750176.8955078125
214492055.6764880419 1794914.0976562500
196702672.5215778649 1572738.3046875000
196771245.0119149983 1576681.0561523438
196694583.7298735678 1572735.6635742188
196784654.9697190225 1577718.4467773438
192247697.2450348735 1252726.9683837891
196548962.0996567309 1570553.3618164062
198460824.7482169867 1633474.9858398438
201229053.6620137691 1720818.6904296875
202237481.4610998929 1745276.4277343750
202573912.6747175157 1750014.3437500000
206029012.7352062762 1783394.4902343750
202651081.5394342244 1750873.8632812500
205947648.6251507401 1783147.5996093750
191881089.5330339670 1162737.8603515625
193236435.3893635869 1335404.9206542969
198753272.4906696081 1646508.6748046875
199049818.2259367108 1655113.5253906250
198620102.0095123649 1642331.7031250000
202365712.4369768798 1749818.3310546875
205973670.4852001071 1783370.2285156250
215705333.2540751696 1796980.2822265625
216048757.4667465687 1797119.5185546875
196423608.1355349422 1560892.0288085938
198909630.6767512262 1649177.5771484375
202145840.9884136915 1744811.6142578125
202788684.4915510714 1753743.3476562500
216804642.2733180523 1797323.3193359375
216993482.7174098194 1797378.0419921875
196036610.8784632087 1540213.2663574219
196456009.4565172791 1562675.2260742188
196481613.6682126820 1563178.7827148438
201231056.1489774287 1723425.0893554688
203394852.2810336351 1762112.8906250000
204550194.6379906535 1774095.1035156250
192044151.4922994673 1216330.9748535156
192357079.8154298067 1266908.7899169922
193055359.9103782773 1334608.8291015625
201994232.1080906093 1744021.0742187500
205661308.5298202932 1782995.8085937500
206184293.5251074135 1783581.4599609375
206439951.8694798052 1783821.5761718750
191764520.4027183056 1149385.6169433594
199234187.1333731413 1656423.1010742188
201002927.0435648561 1710855.7563476562
202162980.2317830920 1745136.7734375000
203563355.1456340849 1763311.1826171875
206110800.6145367920 1783580.4853515625
202257986.0784028172 1748303.1240234375
202071972.8085858822 1744271.2285156250
202141272.6669153571 1744662.6269531250
204942641.3566878736 1779769.8808593750
205025983.6849884987 1780804.5517578125
216205243.2520252168 1797126.7744140625
191666460.2199581861 1126580.1875000000
192052019.6452651024 1223667.1979980469
192282296.1344057918 1256658.9842529297
192667858.3701762855 1306509.2548828125
192805267.8919478059 1317935.4748535156
192968330.4269168973 1328557.3864746094
196533551.6736029983 1566186.3930664062
198900612.6730608344 1649160.2148437500
201048635.5378393531 1714982.4082031250
202323149.1045081615 1748913.8544921875
193003019.5336403847 1332605.1107177734
196372702.7895255685 1559915.3618164062
198232319.0593199432 1626675.6699218750
201873253.3798247874 1740246.6494140625
214760442.2845748067 1796041.3662109375
215569580.2378412783 1796956.9931640625
217564043.1229144633 1797445.9843750000
191790789.2868166566 1154017.9304199219
192880651.1831496954 1321655.6359863281
195975484.6163448989 1537676.4387207031
196352266.6932622790 1559390.9096679688
196484375.0480343401 1564487.4194335938
198911134.1167359948 1650000.2607421875
201359772.9847007990 1726793.0698242188
202246291.8740313649 1747199.5244140625
205468840.6651937366 1781590.7509765625
205545542.8758193552 1782621.2021484375
192092422.7094613910 1233133.8742675781
192130422.4061643481 1238389.6691894531
196197900.9392991960 1549987.9848632812
196264845.0614232421 1554058.2192382812
199028850.6017014682 1654471.5634765625
201484660.5804900229 1726830.8354492188
203233194.6158933640 1758137.7363281250
205092320.5170733333 1780813.0898437500
205526157.9188257456 1782444.7519531250
205290002.1658691764 1781415.6630859375
201034899.0339527428 1714535.3447265625
201606612.5733445287 1733548.2568359375
201110854.3574453890 1720216.9282226562
205513845.5230004787 1781950.7099609375
192999380.0102117062 1329194.3483886719
198878039.5974692702 1648514.1875000000
201235316.2581091821 1724265.3325195312
201517889.1758257151 1730142.3691406250
204853336.4022356570 1777946.7578125000
204810098.6083243191 1777790.3779296875
204796989.6643298268 1776631.9267578125
205253642.0573617220 1781289.2773437500
192318268.5948159099 1259730.0443115234
192909386.5059345365 1325707.4504394531
196270305.5985322893 1554306.4028320312
201763891.7175506949 1735285.1455078125
201800389.9835775495 1738233.9960937500
202826270.8305900991 1755620.6777343750
203864449.5646254122 1765987.3154296875
215341937.3332485557 1796486.5078125000
191653393.9159388542 1123600.1953125000
195258133.0634649992 1492160.5112304688
196416502.4578118920 1560007.0590820312
196524982.6202068329 1565769.0102539062
198799809.5918969214 1648058.5732421875
203702747.2496157885 1765367.8496093750
204861650.6810934544 1778972.6201171875
215470578.5057449043 1796741.4003906250
217230590.6048876643 1797426.0195312500
191641397.9159037471 1114419.8146972656
191716653.7022965550 1136532.0373535156
192810484.6613060832 1319872.8146972656
195905740.8959720135 1533250.7609863281
201736829.9788524508 1734418.0000000000
199180591.0273423195 1655943.7294921875
203355653.5865626335 1762082.6425781250
217042427.9026176929 1797424.2861328125
192158693.3329035640 1240326.5245361328
196012987.9573503733 1539137.1450195312
196132349.3429540396 1545032.9235839844
196353088.0623523593 1559655.3139648438
198845584.2686972022 1648177.4599609375
202683693.3550200760 1752028.2128906250
202884301.3306826353 1756022.4169921875
192162159.9180378020 1242501.2105712891
196071700.4723825753 1544830.4313964844
192761131.0345133543 1314493.3212890625
199136696.1395491660 1655330.5620117188
199312438.5377216339 1656782.2041015625
203040522.5966800153 1756754.7226562500
191703126.2300015688 1131661.9484863281
216764051.4644171596 1797169.9443359375
191710161.7106903791 1131914.4365234375
192131144.3196645379 1238424.5462646484
195443481.0584879220 1504072.2275390625
195399528.7956660688 1502218.0185546875
203040794.4557077587 1757421.4765625000
203267062.2160736024 1758512.1259765625
203285079.2859537005 1761193.2880859375
191726488.8738446236 1140571.3051757812
192741340.4706956446 1312068.3852539062
195334117.3763073981 1495659.2119140625
202907501.6254927814 1756191.8583984375
191702829.8909156919 1128015.7238769531
195296980.3292639554 1493318.7187500000
203011256.0704930723 1756479.6689453125
191670391.0980452895 1127254.7551269531
202926767.0118579268 1756399.5810546875
192953274.1309641004 1326708.9415283203
191818800.5714493394 1159025.5275878906
192891854.9227026701 1322512.9826660156
192261148.6816799641 1256658.8524169922
192629691.5112639964 1298053.0936279297
192212252.5720548034 1250008.7945556641
192627416.8703069389 1296244.7077636719
192705075.4496988356 1309320.9794921875
192607327.5011625588 1293801.8056640625
192594510.3945140839 1289736.0722656250
191820581.9333922863 1159637.9472656250
192635289.5943722427 1300618.6582031250
198603195.9236467481 1641182.5800781250
192090037.9171874821 1228662.9837646484
195221975.5933229327 1489828.8974609375
195338292.1829799414 1496888.8032226562
191826095.4097299576 1159996.0462646484
192059314.2746275961 1225219.6275634766
198018842.9839760661 1618708.4685058594
197949052.2805969715 1616519.4948730469
191878145.2263764143 1160795.8343505859
198516465.3390714824 1638400.7558593750
198293907.6529159248 1628431.9980468750
214984018.6293471456 1796308.1005859375
191726647.4490904808 1145494.0764160156
195861751.3282784224 1527713.1662597656
195826035.9037378728 1525445.7844238281
198431307.1482928693 1632814.0957031250
215392746.4753393829 1796631.1250000000
195193421.8370158970 1485142.3789062500
197916439.7511208951 1616518.8288574219
195360917.4301145375 1499960.4824218750
198343263.7194375098 1629035.1787109375
192186971.3494424522 1245171.9205322266
198354478.4961038530 1632797.3994140625
198077744.2793714404 1622028.4255371094
198266661.4382827878 1627510.6638183594
198131146.5795945823 1624699.3312988281
192151295.4681172669 1239676.5675048828
192521073.8724592030 1284939.7092285156
204386947.7788893282 1772290.0800781250
198062992.1198064089 1620311.7844238281
192432107.7322948575 1276072.0344238281
197807413.6155524552 1610279.2536621094
215032963.8145549893 1796354.3447265625
195680562.6506780386 1518102.2370605469
214024583.8513076305 1792703.7255859375
215441691.6605472565 1796677.3691406250
214392280.1689314246 1793522.9755859375
192495022.5580878258 1276882.8090820312
192416756.0308541059 1271190.6010742188
192410196.9532896280 1268913.8527832031
195757044.8700994253 1521960.9973144531
214836548.2224508822 1796091.3750000000
192215673.9508755803 1250181.3052978516
204757765.1881878078 1776297.5078125000
192335941.0690799356 1264861.0998535156
195532781.6442474127 1507977.7111816406
197716902.8406492174 1603027.0046386719
204414796.9868114591 1773236.7753906250
195887506.3196394444 1528719.6535644531
195829348.0737734735 1527352.4328613281
195726510.5740397573 1519788.8576660156
191870567.8781752586 1160295.0859375000
191758593.0987040401 1147472.3310546875
197850091.6070049703 1610654.5461425781
191893375.5476710796 1171929.9201660156
191804855.7029553056 1156749.6132812500
195811296.7680720687 1525307.9655761719
197615743.7690698206 1602284.8542480469
197485902.0444103777 1596140.2600097656
197768179.7218475044 1603763.2932128906
197590842.6215268970 1597636.0217285156
197647534.5560532212 1602839.8674316406
197474431.2944703698 1596135.6926269531
197551922.3706338704 1596199.5739746094
197383528.1088230312 1589060.9680175781
197335734.5646757782 1588684.9523925781
215271380.2519151568 1796470.5732421875
191955084.2425103188 1172656.6354980469
195630923.7874903977 1513567.9714355469
197305010.9221158624 1588474.8059082031
195656557.8595238626 1514920.1154785156
192183673.7912249267 1242801.6599121094
214981412.1665512025 1796215.6806640625
195672875.8243137896 1517754.0036621094
195708854.5292153955 1518662.4128417969
195568100.0642923415 1509466.6872558594
192031181.0370264649 1186412.3566894531
204538641.7819638848 1773858.4804687500
215106044.2271347940 1796371.9423828125
195563175.7150031924 1508105.2517089844
204328556.7686685920 1771135.3027343750
204617784.6296057999 1774976.6142578125
215163542.9690864682 1796443.7363281250
204656694.0606040657 1775079.5576171875
204638077.2124364972 1774990.6191406250
204112828.9335010350 1768290.0371093750
192041861.1169969440 1187030.1369628906
204332816.8778003454 1771975.0732421875
191991875.0243104100 1183284.9514160156
192028563.8357198238 1184671.2814941406
195116997.4714882374 1469660.7062988281
200388813.0375732481 1657802.0458984375
195116782.6251297891 1430139.6036376953
213649192.1704619527 1787518.1425781250
213831203.0485814214 1788045.8691406250
195009097.6380991936 1408517.7711181641
195051933.1017186642 1415140.8809814453
194997214.2887647450 1396187.0284423828
194967924.8458566666 1394917.1070556641
194722855.6887669861 1374599.4257812500
194946777.3931308389 1394916.9752197266
194923511.2510483563 1388184.8156738281
194940301.1292929351 1388774.9624023438
195002650.3908973932 1397325.2614746094
194842000.8910318911 1385667.8476562500
194487908.2221716046 1339418.0783691406
194816044.3527351022 1381005.3398437500
194773378.7958324254 1377890.1733398438
194687038.6525026560 1361310.4545898438
194835947.2415602803 1381147.7851562500
194703644.5162017643 1366681.5722656250
194704404.8147309124 1373365.9462890625
194641163.2252007425 1358911.2758789062
194542858.3598167300 1345493.9562988281
194501925.2121816278 1345398.6569824219
194448139.5513065755 1339218.0944824219
194580223.6576211154 1346876.5219726562
200714626.5111730099 1658535.1469726562
200774782.0952455401 1658989.1352539062
200981220.5608668625 1672510.5424804688
200776935.9539266229 1664512.1752929688
200599553.8455846012 1658502.5249023438
200892029.1307439506 1664959.9316406250
