193062998.8012177348 178232.3861482143
196389436.9824370146 189938.7308349609
196371803.9199474752 189542.3613739014
200379204.9770564735 196622.1326293945
201924167.9601713121 198245.7761230469
208405603.7117747664 202648.7486572266
187746645.0877934098 146161.5606086776
189047284.3033659160 157954.4687377103
189064964.6570417285 158203.8039879575
192529945.0751092136 177543.6241760254
197406370.0535118580 191808.3540496826
198457268.9938833714 193573.9266357422
201400495.8571158350 198050.6474609375
207989910.9056959152 201527.5486450195
207833177.8706761599 201429.6799163818
189449040.7817413807 160007.0990471616
189576315.7523458600 160551.5225701109
191711967.4224014878 173426.1166741848
208384037.0791975260 202348.0439453125
189407814.7231112719 159091.5849938169
189165216.3388484120 158978.8300041929
184950171.9683324695 94302.0334938182
187661398.2498118281 146055.7117120996
188774795.2073409557 155869.3069754019
189051414.5424386263 158006.4335928336
188870049.9981237054 156570.8296761289
192738293.5997544229 177805.9936578274
196255099.8877303600 189143.2925262451
208029382.6653557420 202142.8939208984
208003481.1362210810 202080.8448486328
208098053.3725833297 202174.9113769531
184572109.9567311704 82579.7101987172
208605422.6066427827 202674.6529541016
184600853.7462964058 83911.7609771062
185919436.6972039640 123917.5167515762
192818900.4391171932 178176.0194146633
197382272.6420370936 191686.9558715820
187655485.0193158090 145985.5083887354
188922581.1405291557 156827.8221121207
188804190.4500999153 156502.6497488394
188630744.0720208883 154884.1475916225
192382189.1255326867 176825.1201431751
184842163.4896072149 93228.8623131518
186262211.5517913103 129867.6949995607
186533428.6236614287 132562.0724677965
188609598.4434686303 154664.2267999966
191304868.0783033371 170677.5183110237
192809559.3938316405 178169.6019570827
194750484.8777000010 184574.6945190430
197038724.3769649267 191357.5855560303
184616160.0950264335 84706.4780006991
184773873.4024961889 91436.7645384301
188124449.0460681319 149512.3442544714
191494288.1831186712 171956.2775933743
192525588.1095317304 177336.8248651028
194443781.1018857658 183745.2526168823
197011242.8941812515 191268.8113861084
186212687.7617349625 129104.3533389010
186739933.2139071524 135648.5681590959
191357812.1341536939 171777.3546299934
192404498.5292225182 177107.0488641262
197676498.0814454854 192378.5011596680
197444992.6215871871 192194.6248779297
196922074.0390578806 191042.2969818115
196690036.2843870223 190583.7474212646
214323635.4005874097 203025.6351318359
184819956.6787047684 92969.5194184040
197874692.7084257901 192849.4287719727
191758799.7457681298 173463.5276353359
192259082.1115354300 176178.5978181362
191789382.7614332736 173945.7668206692
191976032.8248870671 174893.1734013557
192167560.5325703025 175925.8049829006
195260540.3458539248 186310.9463882446
197792401.5646400750 192674.4769287109
184578904.3619254529 83908.1732228566
186097933.1660667062 127290.3577445038
185101321.7542100847 94608.4888404505
184737449.8217140138 90976.6822632556
184807228.5040222704 92501.9223916535
187760885.5032923818 147335.7104913965
187886116.5674857497 147973.0732340589
192014079.2364883423 175312.8174340725
200799055.1876703799 197407.0977783203
187626416.1074824929 144879.3122627512
191499083.9110121727 172068.9822137356
192706092.6386225820 177581.0295464993
201573323.2560504377 198190.7380371094
186057000.3364360631 127071.5437593982
192269906.4712052345 176494.0613152981
194423250.5248318017 183009.7860641479
201454297.2532910407 198121.1608886719
209059514.4675354064 202790.8356933594
186698570.7452008128 134513.7523746416
191837729.9899128675 174110.0187737942
185975791.2925061882 125795.9498570450
194085175.2542537451 182254.3537902832
197711669.8169394732 192492.1800537109
184684381.3921929598 88026.8579834704
186068457.5914044380 127144.4516329467
188593962.0865788758 154411.6099176724
188589974.1150676906 154121.8457908947
191561633.8927594125 172735.1054437160
191624419.1199487150 173332.7792718410
199250685.7090405822 195211.8245849609
193561637.4142956138 180746.1007080078
208754172.1124145985 202694.9365234375
186463639.6854736209 132034.3848400041
197429001.0022946596 192165.2259521484
193992254.9761927724 182238.1279296875
197316600.4871634543 191601.4572753906
197161635.4907900393 191386.5276489258
184696787.0499379635 88943.5404175525
185979341.6432812214 125813.2152855881
197162912.5624652505 191577.3824462891
200765966.6556102931 197304.4252929688
185956488.6736278832 125048.1903326996
187605548.9812313616 144297.2495920435
186037198.7500846684 126937.5881140716
186608852.1404442489 134187.3878002092
184657442.5285666585 85516.8281139717
186133645.3591524959 127951.3289053924
192044410.0999982357 175359.3185327053
191923258.2592825294 174740.1150999069
195119821.6736681163 185762.3150482178
186719656.5048334599 135145.0501365587
187610474.9315418899 144344.5177615164
191891600.0666334331 174527.5137078762
194511645.1428552270 184023.0475158691
194792123.3277680278 185062.1389770508
200826635.3478867710 197432.6240234375
198947117.9837224185 194677.6243896484
184604685.0974955559 84093.6970104561
184551125.3204460442 81878.6191314030
186558677.8966174126 133864.8727397844
192149211.8519980609 175392.5255944729
198989992.8316189051 194911.7916259766
199131446.7363431752 195115.4798583984
199399106.5743426383 195363.7340087891
208795100.3562990725 202700.2077636719
198882281.5825861394 194419.7753295898
198807895.2027608156 194395.3870239258
196649562.3076533973 190186.2023468018
186653493.4650488198 134259.9091031384
196590028.7890508473 190103.7404174805
201291829.9490198791 197883.7604980469
210135655.6087868214 202989.4359130859
184683768.8043114543 87335.4580395408
194789579.9972479045 184770.6969757080
196232774.7784822285 188999.5679016113
196177636.2940940261 188893.2742233276
186351212.7759068012 130424.2564964220
193133631.5172203779 179061.0289154053
186315983.4762732387 130076.5027424134
186312762.9964191616 129928.3746471331
195248236.1378756464 186296.1987457275
199366434.6536627114 195250.2460937500
186380905.5810146630 131058.6634004514
186397489.3939596415 131121.5585613176
188453116.1234719157 153015.0247764904
200255654.3574554920 196323.3278808594
209210850.5359283686 202795.4941406250
187961359.9732775986 148773.0528223990
209906865.1334959865 202920.6378173828
198457266.6691218913 193184.4093627930
213287535.4814794362 202989.6854248047
198422163.2839790881 192857.4556274414
196000288.1649488211 188074.3866119385
200399924.1559095979 196809.2468261719
186417797.9795315564 131748.3916912004
193157250.2278407514 179116.7697601318
193211374.3519218266 179541.1924285889
186352519.7376314700 130967.1565685198
193847968.4651549160 181654.2668457031
210065753.4728879631 202952.2069091797
193427267.6716446280 180374.6807250977
198484711.8526317477 193729.5077514648
187570138.0196938813 142653.5734713553
200665518.2841573954 197140.3225097656
188148827.6478099227 149694.7668116568
195848856.5308877826 187740.2494659424
185879386.4564206898 116355.3841864518
188377395.4433666766 151435.7184542185
190479624.3704218268 165605.4862213135
193664120.1606184840 181335.1883544922
188036098.3768856525 149268.5910933493
191028825.1026952565 167487.5275001526
193752776.8681171834 181377.0288696289
190721494.6698747277 166639.0107269287
193333377.4844503999 180206.2524871826
209710138.8239840865 202869.3708496094
188435379.1015427113 152638.8881760603
194128975.2010626793 182361.7740173340
195350243.2801143229 186504.6980590820
185819389.0862778425 115445.9424265954
195872488.0553304255 187781.4199371338
195546073.3132581115 186964.0001678467
188318719.6455470622 151414.5738003170
188521403.6952627599 153374.2319652950
193216776.4436314106 179612.9653167725
188379912.5229101479 152369.6342142588
195329062.9989205599 186408.1086502075
200558357.7805889845 196976.2805175781
194087510.1665645242 182343.8050842285
194196313.2083408237 182618.6869354248
193084121.0974915624 178829.9065399170
188213161.1172390878 150623.0123389242
188260058.7064915597 150842.9763091085
191030601.8482104838 167533.7722396851
188072242.4806514680 149499.5431941031
187048725.8699535728 136888.0827216785
188094870.5046629012 149500.8156874655
190375001.3455045223 164841.8675689697
190205398.8240404427 163525.8873233795
185888701.2390456200 117162.7760049920
188185003.6245336831 150505.2009032248
200011938.2056553960 196146.3338623047
196049924.9799246192 188190.2900848389
195843923.0272785723 187571.2018127441
193456188.7590399086 180567.2705688477
190457750.2167314887 165323.6083908081
193455187.5917272270 180511.7429504395
199880277.4670558870 196096.0426025391
199688282.3949243724 195732.9733886719
190696013.6310001910 166313.3847198486
199591021.3245348036 195575.8900146484
200134766.7494599223 196265.1790771484
199768576.4840873480 195810.0877685547
199712376.4599148035 195767.8693847656
190192069.8176784813 163316.5583946705
186901507.1389904022 136155.1158044692
190273169.6300198734 163862.2120463848
186953181.1353024244 136347.5230653086
190107445.6484873593 162133.3117914125
185857790.4711924791 116016.9883722025
185775281.9304695129 115141.8815392586
185321697.7493764162 95828.9837850714
185757094.0536151826 114764.6627338300
185294568.7060999870 95438.8783909460
204407146.6832035184 198855.0933837891
205215135.2922703624 199522.0494384766
185711544.4276921451 113629.8461826215
204625413.0537095368 199134.6800537109
185835642.5722377598 115685.5143408435
204895890.8027945161 199440.5994873047
204650613.1944675744 199188.3605957031
190135415.3208864331 162523.0862879679
190169555.3216830194 162616.9197610319
185687001.7526185513 112056.4971607099
205250774.9852915704 199632.9739990234
187484813.5416565537 141822.6542336491
185279801.0684601367 95368.6844443381
185661597.4321844280 110687.7320042509
185569127.1683237851 107295.0146478894
205098717.5332300365 199520.4477539062
205072744.0517798662 199508.8558349609
187421323.5581452250 140361.1874215153
190082146.3408195078 161089.3556948528
187462327.6834601760 140878.2842061070
204077221.2446786463 198476.0366210938
191129439.7761030495 167571.4578777775
187346803.8756483197 139895.1044632939
204137156.8707492054 198566.2189941406
185548470.2308217883 107198.1611222508
204244988.5908225179 198642.9685058594
187433039.1957172155 140832.1753518131
187288457.5165803432 139035.1918255833
185687082.9394516051 112439.4790135282
187231055.6381054223 138904.6255814579
205411974.5897784829 199655.9361572266
191005937.4963037074 167027.6802364811
187169693.6651535332 137963.3117001075
185453892.6106617153 97500.9046494914
187145768.1579639316 137816.9148657508
185404844.6431949735 96791.9481847906
204512724.2585140169 198874.4293212891
185604287.9583219588 108634.3338444899
187129002.0466657579 137526.9366553016
185531216.6296483278 97607.6879492691
185526033.2691305876 97591.2110191351
185532102.1768397987 98731.1137991836
185666545.2933405340 111032.5180531400
205723522.1692412496 199700.1115722656
185611720.9717420340 109161.5543766874
205957250.1584985852 199729.2005004883
185641307.0338715017 110254.2248097318
185622217.8466453850 109588.0021534818
206368988.0489534140 200030.3032226562
206493966.1598922610 200073.4161376953
206008192.2562183738 199910.2679443359
206528436.5525004566 200103.1618652344
207775415.0667878985 200816.0319824219
206191290.3627282381 200022.3828125000
207422470.2658236027 200520.3262939453
185646968.2021305561 110568.5153370756
191197574.7216494083 167701.6785274968
206854792.0462469757 200369.5306396484
206914526.4938862920 200401.5711669922
207448875.0248401463 200706.6181640625
206828005.2038407028 200149.3861083984
