134871130.0089989007 3136893.1445312500
130666755.0215375572 3020871.2207031250
132442404.3150829673 3079955.5273437500
123316542.0052350909 2397993.2568359375
137089266.7299385071 3167339.9453125000
126781985.5145758837 2795800.0605468750
126640785.4148880690 2795398.4101562500
123909589.1272502542 2506054.4121093750
129575544.6775278300 2974437.1718750000
122837171.9796119928 2268118.0478515625
131082313.6368332803 3034003.4941406250
130545159.2494928688 3007053.8359375000
135706560.1411718130 3157253.9179687500
132519571.8260235935 3080490.8515625000
125686874.5686429888 2715746.9863281250
127896557.3483619392 2874315.3085937500
126613076.0243477970 2792007.6718750000
123981733.4589464962 2517785.0488281250
122968246.5369213372 2309065.2392578125
124019767.3380221128 2523019.7695312500
132274231.0985322595 3075388.9492187500
146200185.7024057209 3229279.9199218750
153666793.6493112743 3280059.3242187500
128506001.5128603131 2908960.6113281250
132194934.4864160866 3073715.8554687500
132429917.6218186021 3075701.7656250000
122927833.3372339308 2296274.8808593750
122880689.8999197036 2280570.5273437500
122806355.6169795692 2250149.2509765625
129605396.2682537436 2976893.5761718750
124957352.4755396247 2635356.4882812500
129754373.0123702139 2985683.8300781250
122774192.2582062334 2240570.5175781250
131987005.6112963110 3057994.3613281250
125858609.6891851425 2729017.7968750000
122816310.6283162981 2255164.1669921875
130546391.0820625722 3011539.3750000000
129034378.8026030660 2944296.7812500000
126464358.1819757968 2778681.0820312500
131995423.8081282824 3066807.9726562500
124589675.3979807347 2591362.7109375000
125511303.5080927312 2696119.6230468750
128183876.4779012352 2891461.6015625000
122949371.8950644583 2304093.8564453125
124860990.6217829436 2620435.5195312500
125210839.0255127996 2662375.3261718750
130601443.6008137017 3017725.9609375000
125741787.5659457445 2718117.7324218750
123403759.2145279497 2415553.3554687500
124739591.6642147601 2608552.0175781250
126549401.9248513281 2781132.3964843750
128309331.3698044270 2899057.6953125000
128929185.1518307328 2937257.1269531250
126938968.0148120373 2811274.9082031250
143638745.7961162627 3224828.2675781250
135659719.3035270870 3155255.4589843750
132440275.2139074355 3078817.7578125000
128211412.3766605556 2898880.4531250000
126787503.8778324276 2802490.6679687500
127583415.0375088304 2857124.4550781250
131052319.2891831398 3027788.1425781250
127840426.4211563170 2872483.3769531250
124631208.8627737612 2596052.9082031250
132797769.1701280624 3090601.1562500000
130709771.0330150425 3022355.2910156250
129714944.1131074727 2978769.7070312500
135905798.6992847323 3159655.6699218750
133999556.1407154948 3110973.4296875000
122799275.1982829869 2249911.6718750000
124337152.7127386034 2563374.9257812500
130907861.9223445654 3025767.5507812500
129960151.1864126027 2996275.9023437500
129855303.4947710335 2990857.9179687500
123692567.0415410101 2470916.5234375000
123829818.2416650802 2493846.5859375000
123510840.6848795861 2437225.8144531250
124646034.1367192566 2600027.6093750000
129073463.1848096848 2947383.6406250000
124497916.6467038095 2583893.4433593750
147929682.0147198141 3235058.5566406250
123063977.9899670333 2337243.6787109375
133844598.2538422942 3105016.8886718750
124381381.6696611345 2570045.1738281250
130015962.9537052810 3001562.8632812500
124714223.9508085698 2605948.3906250000
124718970.9509830475 2607451.6425781250
132722250.9541337937 3088391.9082031250
126612169.1945830584 2791899.1855468750
125129105.4201753139 2653153.1601562500
125675214.7884799838 2712791.5136718750
123836873.1803777665 2494309.5625000000
128022631.0618580431 2883351.6132812500
127581805.0521098077 2856247.2851562500
124273664.8862163574 2556084.4863281250
135447778.5339515507 3150702.3652343750
125507330.4044315666 2694885.1250000000
141970916.1161510944 3201337.7558593750
132876173.3631687909 3091863.8984375000
125757804.6788979471 2720174.5742187500
124836000.2923827767 2619314.3203125000
126964279.2831631750 2815655.9179687500
137800289.4930016398 3175921.9453125000
128196842.4717050642 2897229.6796875000
129738220.0133150220 2984856.3476562500
123749389.4230917692 2480799.5429687500
126579598.8044390678 2787210.6425781250
151248062.7577680945 3265945.5468750000
127999679.8691352308 2882229.6855468750
132982732.6391378641 3092059.7910156250
153600573.7168181539 3279971.6757812500
124449718.7626362294 2576849.3496093750
136106888.4640507698 3162691.2871093750
132613397.7610043287 3084133.7910156250
133217582.1579040438 3092519.5625000000
123466782.9344857931 2427643.6191406250
152756472.5849912167 3279326.5937500000
132549698.4095668048 3081361.6484375000
125672112.2510011643 2712541.9023437500
133089514.6550056487 3092478.6171875000
131430894.5389810055 3041187.4589843750
132582535.8056593537 3081897.1953125000
123717048.5481702089 2475734.5156250000
122794961.8888646662 2245053.4111328125
125205206.5547662377 2661642.8378906250
135168257.5914849043 3142226.4082031250
126630956.9802424461 2792430.0292968750
123787869.7388980687 2488089.9824218750
134528867.2799902856 3130350.3613281250
123570383.6151723862 2448533.6113281250
125192720.6439711154 2661028.9804687500
152318745.9235209227 3278142.6562500000
123770515.4584448338 2484748.3691406250
123680623.5235559940 2470092.9970703125
123959374.4109747857 2514437.4277343750
126028711.5562849939 2743190.4179687500
123247136.6383939534 2384413.4687500000
128478004.5340429097 2906702.8906250000
123947623.0063258708 2511908.6289062500
125638189.5058611333 2706905.0468750000
123049691.6906682104 2333400.1250000000
125294359.1351350993 2672988.4199218750
150946617.6395892203 3259684.8164062500
131221451.5368828326 3039165.0546875000
129642996.6675790995 2977231.8261718750
124081540.8143448979 2530084.0410156250
124655033.3140290231 2600178.8574218750
126156457.5983087867 2756275.4921875000
125972423.8215922117 2737575.2363281250
122925625.3801848739 2295635.9013671875
123653556.5338542163 2464464.2460937500
123554780.1572838575 2445476.9980468750
123670910.8143074811 2467580.0224609375
125462361.3633475304 2691987.3828125000
124244248.1647670716 2550963.5048828125
126219021.0504831374 2760746.2519531250
126222963.7959139496 2764282.4941406250
123702665.3021072447 2471445.7539062500
123362324.0810634792 2407982.1992187500
123756344.8135469556 2481980.4003906250
123296425.7102894783 2392541.9101562500
126401792.1307563186 2775531.5078125000
123811648.0116415024 2491162.1757812500
135162553.4569254518 3141518.8671875000
123668385.8304564357 2466870.7138671875
125036700.8033612818 2645032.8222656250
134103000.6840462387 3116278.5136718750
134866620.8149735332 3134124.5019531250
134420979.8688243926 3126800.6640625000
134334077.5979802310 3123113.9648437500
136331066.3107942343 3162930.5605468750
124910029.9520186782 2628051.1367187500
124432165.2887592465 2575162.4335937500
123906578.2142573446 2505317.9160156250
123199842.9956264645 2375693.3349609375
127305561.2846282721 2838776.6621093750
124266079.3931753486 2554898.7275390625
135326100.7600870430 3148717.9824218750
126330883.8727934062 2769146.7421875000
123193476.3718970269 2373040.5292968750
123935892.3838447183 2510712.8359375000
129747308.8534362167 2985414.0878906250
129773523.3969074935 2987428.6992187500
151241478.1335058510 3264814.2675781250
124566253.7396788746 2590289.8808593750
130080807.0102125704 3003095.8261718750
122901123.3843981773 2288314.8818359375
125813381.1321532428 2724015.8496093750
125836058.5564954877 2726404.5820312500
153094435.8909548521 3279593.1132812500
123087724.5048466027 2345701.6337890625
141552016.1552439332 3197420.0781250000
123283193.9217143506 2392138.6181640625
133499710.1121583283 3097072.0136718750
129900092.1845765710 2991887.7519531250
124082133.0163874775 2530538.2656250000
145443553.5578222275 3227885.5468750000
125282087.4105137885 2672770.7558593750
152196194.7857258618 3276543.6640625000
125825973.2403865010 2726237.6171875000
122868490.4408435822 2277721.7089843750
123261757.2699109167 2387792.2128906250
129175818.2865683287 2954811.3476562500
123065344.6802350879 2338706.3701171875
122977000.9190933108 2313254.8447265625
124137521.1759163588 2539283.0878906250
129260578.8358775526 2958930.2636718750
123430765.7050081640 2421157.7343750000
122916873.9507460594 2294206.6484375000
146526390.0473465025 3229649.1542968750
123529283.6477280855 2439955.0781250000
123517431.3280796558 2438590.5390625000
122937307.4352246076 2301951.0029296875
127509856.6627035439 2852356.7363281250
152339476.2167880833 3278449.4648437500
131985216.0426947922 3056816.4296875000
125526601.2247592807 2697159.8222656250
129243408.5465843529 2956242.9550781250
152746814.4757035077 3279203.9140625000
151227802.3493850231 3262432.5136718750
123581786.6477640718 2451104.1738281250
125430685.4789244682 2687319.5273437500
125544719.6063009799 2698501.6523437500
124168469.2652949542 2542069.9609375000
125583515.6692686826 2703369.7226562500
125448333.3018077314 2689066.1738281250
122979307.9063587189 2316497.8378906250
122832775.1447857767 2262681.6259765625
123106599.1467034966 2351722.8398437500
129175231.9900503457 2952950.1289062500
122768652.1569826007 2233022.6142578125
125406829.5229563862 2684813.5332031250
123199762.0060621649 2374449.1962890625
135595708.0153960884 3151007.3320312500
129592330.4374127537 2974881.9609375000
127434591.2350775450 2848245.5761718750
123134922.4967128932 2357704.8837890625
131609610.5001372993 3051089.7753906250
129427334.0897156000 2970708.6484375000
127571658.2559193075 2855415.4335937500
125022775.2385004461 2643167.4609375000
124773044.4486216903 2613845.8945312500
135300992.7736170590 3144237.3691406250
123015148.1961004585 2324393.7500000000
129346985.3138973117 2964686.3261718750
123052930.2705675066 2334741.7734375000
129362041.8322810531 2966203.4042968750
135308141.3292326629 3146186.8750000000
124903009.4094199389 2627272.1484375000
128538584.8426460773 2908974.0039062500
124954926.7430247962 2634328.8554687500
123579348.8789159060 2450560.5820312500
123024525.9309937954 2327161.2167968750
151861928.2395230830 3275987.2304687500
149686667.5971018970 3254596.6406250000
136032226.7561502755 3161777.7167968750
152278765.6133887172 3277007.6132812500
150191977.5106896758 3258045.2617187500
128684912.2951737642 2923986.7910156250
128597321.4199083894 2918904.5312500000
123143973.4624590725 2361141.0478515625
148489571.2634037435 3238281.2480468750
128580753.5097890049 2910630.3750000000
127325277.7743684649 2839525.2656250000
142748080.4143983126 3214677.3632812500
151629407.2115486562 3270393.9472656250
151564989.7052979171 3267444.1582031250
151645909.7299384177 3271187.2402343750
135120107.7121079564 3138549.6699218750
124620014.3920494467 2595805.0937500000
124687709.9150276184 2603765.0175781250
124675545.1124809086 2603508.0253906250
124603324.8727669716 2595159.7265625000
124873592.7359658182 2623958.9375000000
124700095.8752163053 2604523.6035156250
123342734.3341752589 2403919.9716796875
123362054.9686559141 2407938.2412109375
149337182.3720602691 3252230.9902343750
131862676.4966738522 3054955.8671875000
142393681.1634521186 3213502.2109375000
129153466.4778842330 2951680.8535156250
127547067.6531002969 2855374.6738281250
138854074.7398765087 3184823.6367187500
129403675.9983588159 2968551.3574218750
129119129.2733788937 2948593.9941406250
128582801.7948601395 2911709.3378906250
143365297.2734700441 3217998.7011718750
127139722.8209172934 2828576.2089843750
127208219.4252165258 2831687.3789062500
127936384.1087875664 2879447.4531250000
127225880.1232853681 2833011.1347656250
127773884.6401998103 2867730.2656250000
141229931.8359000981 3196861.3925781250
127921874.3186749518 2877565.4824218750
127589079.4205570221 2858394.0996093750
128792046.2444885522 2927154.1621093750
142163809.7828239799 3205080.8886718750
142090282.0530497432 3203504.8515625000
127050619.3514686972 2820782.3085937500
141131027.0473925769 3190653.8769531250
137741695.6510072351 3167813.2031250000
