358292875.8343430758 1257316.2556183338
367172595.0465512872 1732341.4173431396
367067946.9153131247 1727371.8709564209
366912045.1665508151 1720675.0887298584
371069315.2933397889 1845871.5053710938
371659480.6726593375 1853873.6462402344
374695954.3829174042 1910577.0339355469
359648674.6543588638 1386146.3607819080
359096745.4061547518 1346641.7633090019
369239147.3392066360 1797504.7467041016
368746230.7987191677 1785361.1889648438
369327189.8906844854 1803978.7736816406
371954783.3873330355 1864789.5937500000
367882261.7537586689 1753982.3150482178
370834255.6180312037 1842685.2150878906
365668250.5819745660 1672764.9381918907
382206599.4422550797 1980396.3652343750
367559448.6054176688 1747827.0374603271
367529496.6138169169 1745375.5999603271
375879043.2182744145 1928972.9968261719
372529138.7127904892 1876004.6179199219
392410087.8277037144 2001046.1972656250
358099677.6509546041 1241681.4429962635
360408232.3899776936 1438650.8967585564
360342262.3911713362 1436051.6500544548
368928929.6772881746 1791094.4333496094
368663379.3135650754 1784070.1157226562
358292875.8343430758 1257021.2277863026
365033081.2543992400 1646283.5374789238
359972747.2996744514 1408078.6987109184
380516469.3461802602 1968082.7568359375
379584902.4689590931 1960541.6059570312
358937932.8805273771 1336408.2917816639
380182929.6160074472 1967964.1953125000
382748498.1371989846 1982948.2128906250
359987473.6483500004 1417965.9883112907
358509472.3151842952 1289585.5648875237
376299935.9000682235 1937946.0727539062
360879675.5942280889 1466632.4684443474
360457656.1644954681 1441591.0366473198
360196220.0063794851 1429746.4132380486
360874158.9603729844 1466132.2072138786
376299935.9000682235 1937897.3168945312
390454567.9847171307 1998641.1679687500
378839219.1259831190 1955061.2753906250
383782300.6847826838 1989658.1054687500
393719084.4811432362 2003699.3837890625
390721861.3662690520 2000058.1181640625
374832210.9845957756 1911268.0349121094
376138621.9328105450 1936855.0053710938
378857664.1817810535 1957957.7207031250
376138621.9328104854 1936547.2700195312
384140971.9316837192 1991601.5615234375
376647270.0911967158 1941434.3916015625
377726464.0503493547 1948690.0278320312
394160317.0631777048 2006276.3090820312
367401055.1265885830 1735548.9217376709
382465587.5071863532 1982902.0644531250
374894189.5696411729 1914317.2080078125
379138102.3498046994 1960384.0732421875
378870519.1656048894 1960277.5410156250
364085209.9355701804 1612291.2631545067
392556033.1118314266 2002279.1923828125
386333694.8550387621 1994326.8022460938
378134818.5996454358 1953391.8242187500
392713804.3220177889 2002495.7319335938
382206599.4422551990 1981952.9072265625
394040563.4580851793 2005939.9614257812
377981036.0880558491 1949783.1733398438
378534893.1236428022 1954766.2270507812
361211422.1864868402 1480152.5093073845
393235500.0804626942 2003365.4008789062
378870519.1656048298 1958541.9306640625
377971993.5664777756 1949330.6860351562
359229283.6793885231 1352660.7104525566
363562932.8028030396 1594050.8032259941
394389034.0426241755 2006281.0219726562
382206599.4422550797 1980660.5976562500
374877406.7925340533 1913246.4550781250
374865289.8837843537 1911808.3312988281
368363176.1083945036 1767900.2805175781
359273579.2880027294 1352926.0682406425
376384608.3608617783 1939501.8862304688
366374328.9627484083 1700854.5380706787
377242674.9006491899 1945454.8247070312
378096823.7596093416 1952336.7192382812
363192568.0860479474 1579892.8605990410
360746758.4298652411 1460292.3402705193
361496322.8898770809 1495046.2506060600
358818950.5664154887 1316465.7643313408
366166816.0187985301 1692425.8382415771
377242674.9006491303 1945000.1440429688
360601339.5286232233 1450640.9499812126
366344145.4861202836 1700634.5856781006
390487491.0965896845 1998960.9404296875
367137710.9083513618 1729874.0894622803
363672473.6949058771 1600327.8371615410
361528421.8665129542 1499840.0949702263
363065962.9246777296 1575942.1595110893
358869487.6027702093 1318623.5694155693
367890711.8746711016 1754333.0043945312
363890756.0290809870 1611145.7399611473
362318132.1693754792 1538866.7601695061
361666956.9192758203 1500979.5012202263
362915910.5463811755 1564206.8431124687
359374323.3005315065 1368564.6831088066
362773359.1047397852 1558442.6978812218
358818950.5664156079 1316470.1954836845
365054727.8034008145 1652646.5030364990
374163396.7922989130 1905332.8615722656
360742384.0371117592 1457175.9482722282
361604042.1182046533 1500604.8596186638
367032436.0894279480 1725098.2585296631
358529933.5444693565 1303768.3622317314
359496242.2352775335 1375562.3886752129
359496242.2352775335 1375462.0703158379
359496242.2352774739 1375437.3886752129
365773611.4118012786 1678718.9802093506
358930884.2299530506 1319440.3824954033
365054727.8034008145 1652055.7911224365
358400149.4602707624 1264925.9470932484
392799002.5251840949 2003353.9916992188
362851575.6743752956 1563794.8542666435
383810371.1972648501 1990428.8457031250
366493586.7386375070 1705529.4787445068
373749273.1550547481 1897251.6086425781
365773611.4118012786 1679047.6110687256
359280125.5248574018 1357922.5831332207
393943190.2537789345 2004911.1811523438
387001922.9831699133 1996068.8803710938
377632472.3520708680 1948433.4951171875
359709600.1528723240 1389414.0067439079
363373393.1967638135 1588824.3098177910
359295331.1777921915 1368355.1328158379
359481068.4927192926 1373761.4072299004
360996074.5126512647 1469049.8528132439
360988134.4966661930 1468698.9149451256
386734340.7964890003 1996035.3374023438
370774897.5362412930 1836840.4681396484
364486030.4250360727 1628042.1376986504
359614796.5124008656 1382907.6022982597
358337314.4429825544 1264642.9221222401
360143972.9478687048 1418401.6195101738
360181624.0428852439 1419862.0814242363
386542857.6484355927 1995908.8071289062
360494486.2742822766 1444745.0146784782
361331048.2411887050 1489361.4619441032
358420504.6430888176 1266144.2459747791
359842274.6129081249 1399129.6993708611
358476127.2405532598 1271882.1345245838
371955680.4269928932 1868400.4616699219
363564904.5123218894 1596854.6875033379
361673449.7435733676 1502359.1417613029
373110727.5597807765 1887655.6064453125
360465594.0746585727 1443434.7214655876
370449382.4499039650 1833193.9309082031
367955358.8705809712 1756488.6079101562
369805423.1139938831 1814815.4815673828
370076901.2779307961 1822786.0997314453
361000827.5040590167 1475294.2960810661
369545406.2172254920 1805333.6184082031
358932450.2266123295 1333170.3623805046
370614851.3921197057 1834495.3991699219
359558304.5811347961 1375984.6916537285
383151153.7771145105 1984450.5024414062
370614851.3921197057 1834468.1843261719
388091268.0094912052 1996804.2670898438
358937510.7112713456 1333174.6280055046
386464050.4641457796 1994516.2075195312
358977578.4849237800 1341245.9580836296
367743781.3702779412 1749217.3033294678
370614851.3921197057 1834173.4343261719
368332272.1270922422 1766872.7541351318
358497069.0101070404 1276024.2805206776
367512148.2495554090 1740268.1800384521
388546634.3282222748 1998533.2368164062
360662873.1756162643 1452044.4003291130
360714337.7577948570 1455985.5936579704
359721415.9331186414 1390152.1235651970
374889985.3255792856 1913359.5800781250
361229781.0523144603 1486123.7293238640
388445778.9900692701 1998422.2954101562
359904241.3155258894 1404110.9006648064
361711231.7830535173 1506534.4184751511
376036288.2326982617 1934907.7587890625
376036288.2326982617 1935399.3007812500
374944368.0867592692 1918499.9177246094
361412439.4224379063 1493883.7294459343
361288884.1983593106 1486202.4453425407
367254661.5082513690 1734447.2375335693
373143619.8420050740 1889904.4423828125
376006104.7560700774 1932908.0166015625
369706131.3637531996 1811324.8385009766
370650563.6333014965 1834535.0030517578
367403210.2886208892 1739416.2687835693
361732153.7381387353 1509304.7330927849
361479597.0215582252 1494454.4126276970
375283464.0085990429 1923651.0258789062
371157388.0270973444 1852244.3594970703
365106341.6265127063 1653564.5785589218
370155290.2055922151 1825155.6300048828
369908044.5263324380 1815701.9539794922
376006104.7560701966 1933651.7739257812
366270364.7584535480 1696672.1251897812
365349238.8457393646 1665735.0949163437
371678019.7159049511 1864762.1519775391
375634338.7359536290 1928567.0424804688
388315850.7144264579 1997626.1000976562
375253280.5319709182 1923599.8051757812
373856706.4248688817 1899352.4274902344
369683765.6956949830 1807451.6986083984
370910142.3478375673 1843243.4901123047
368463407.0548391342 1772265.5178070068
374657123.8608832359 1910525.0762939453
362179494.8791236877 1527835.1472196579
364338147.1635470390 1624571.5942449570
371127204.5504692197 1849585.2589111328
364181835.3728517294 1619578.3956975937
371678019.7159048915 1863232.3385009766
370781556.7559767962 1837425.2176513672
364181835.3728517294 1619430.9494085312
358787635.6958068609 1306952.1851837635
368175787.4209654927 1765428.1662445068
377007837.6543199420 1944486.7602539062
377007837.6543200612 1944492.5317382812
387866160.4808934331 1996583.8872070312
372903753.1649344563 1882626.1582031250
371157388.0270972252 1851364.8438720703
385893574.3941257000 1994028.9487304688
373742877.6437480450 1895378.8469238281
365349238.8457393646 1665887.7433538437
383172324.5855711699 1987993.1313476562
383678716.5096771717 1988501.2055664062
381925611.3294621110 1980025.7919921875
372168821.1728340983 1871217.3959960938
385699427.6593016982 1992631.6567382812
382878162.5686596036 1982977.0844726562
362625768.1875467300 1552922.6849660873
362769479.7971221805 1557170.9774465561
362204686.8207755685 1531048.4804644585
369770992.6163311005 1812494.7706298828
367466993.0834602714 1739784.0184173584
366656313.2626963854 1711615.5366058350
385699427.6593017578 1992665.5678710938
374256726.0815818310 1910477.1811523438
373460542.9512197971 1894587.5869140625
363929436.3199670911 1611969.8761358261
365427889.9600554705 1669543.0809020996
366588111.6953703761 1707626.7325048447
373433085.2729732990 1894138.3505859375
361808130.6198455095 1512723.4557795525
364626207.8856737018 1635892.4879302979
364182682.6811713576 1620288.1847295761
363804904.3588242531 1605689.0948214531
373879984.5023328662 1900634.4924316406
362244462.9247109890 1532365.1595225334
363478224.3814330697 1591844.0076208115
368009296.2137376666 1757463.8950195312
368567791.6069329977 1775723.1662597656
362411332.5399442911 1540640.0861506462
363316174.3383276463 1586640.6006808281
362976547.8444563746 1568440.3962926865
381814059.6464068294 1975485.6298828125
362047846.8496379852 1523238.6915049553
361909656.0029675364 1517304.5890803337
362047846.8496381044 1523355.2552256584
362686565.1690566540 1554450.4832258224
364659520.9416686893 1636542.4310455322
365686781.2818948030 1675782.2963323593
364550743.9375644922 1633931.1451864243
364841935.1931976676 1644769.1230459213
383148979.7065002918 1984061.9497070312
361879472.5263394117 1517281.5575861931
366530685.0613851547 1705697.3160619736
365198051.2613981962 1657040.7958440781
365895610.0211105347 1684509.6571722031
363241545.9676804543 1581181.3255987167
363241545.9676804543 1581282.9173955917
372339152.2536900043 1873748.0253906250
362684097.5668771267 1554343.3766551018
365198051.2613982558 1657274.5956487656
372339152.2536900043 1873329.0883789062
365948656.3597785234 1684911.2392034531
372111020.1176974773 1868646.4941406250
372543749.5268353820 1876696.9736328125
381658362.6877992749 1975096.0874023438
381044742.3683620691 1974327.3120117188
366209484.0989884138 1694669.1079397202
373069294.0122636557 1885825.0761718750
380985034.0303238630 1971392.0952148438
365720031.0101628900 1676382.2635412216
366238944.5072874427 1695806.2564611435
366105524.3917216659 1691419.7120275497
366105524.3917216659 1691123.6280431747
379799736.8216500878 1964670.4887695312
380783375.7770839930 1970431.7133789062
364746981.8531506658 1641334.4152669907
379650652.4446909428 1961699.3608398438
379708296.2012545466 1963281.1040039062
380049519.6072636843 1966681.7231445312
