1420319994.3998651505 48790.9773002407
1379031045.5735445023 42016.6096826691
1381537706.8744728565 42794.5369545177
1388770595.1990640163 44743.1237832502
1393733339.4411106110 45706.9844641807
1380017648.7218818665 42393.7945961377
1386588410.1457839012 44290.3174263880
1379296284.2841038704 42183.4458237551
1378722149.9287967682 42003.3651051765
1409234728.3141031265 47925.5447339313
1409758503.0930929184 47999.0138425129
1378217950.1341714859 41524.5629920264
1383631844.5869135857 43469.2331835822
1383350266.5915718079 43459.8221413688
1385361519.7646467686 43965.6484380410
1376528369.8516342640 40918.1054364867
1409575874.5818779469 47949.0351266162
1386049075.6448349953 44072.6156677202
1382660344.9717135429 43181.1996875451
1381964751.8820524216 42858.7876757727
1396366528.4266426563 46184.1774015250
1376546867.4795053005 40957.1566522545
1379518141.3354480267 42243.1729497334
1379643484.0948197842 42361.4749025723
1379198699.0719075203 42068.2466778855
1389341674.0761499405 44898.1606908039
1381964751.8820524216 42862.0024355993
1384526987.6372654438 43651.6405659512
1396865445.7113909721 46387.2309885146
1395034352.8692266941 45955.5960397319
1386255885.9311928749 44159.4430469469
1386470009.1289699078 44222.5188946024
1425659499.2450342178 49231.0997764319
1410826888.0652766228 48063.0783312591
1395853353.6348910332 46150.0493195178
1375564454.1936607361 40518.0791912650
1376611070.7196853161 40987.1971618361
1425435782.2572929859 49210.5854837149
1382213863.2054624557 43021.1964365199
1403951394.3502812386 47320.3192280057
1378646365.6813740730 42003.1928722060
1382795316.7045869827 43262.2848911927
1382972426.4660029411 43336.2658100770
1382972426.4660027027 43332.3367280707
1388439768.0028934479 44687.1059973434
1426206934.9795429707 49317.4980642051
1387659174.0273680687 44529.3289323048
1387659174.0273680687 44534.9252349333
1381387415.4598941803 42734.2451332555
1381906272.7527458668 42845.6708522991
1382972426.4660024643 43327.5885779605
1381136631.9480469227 42570.7257968138
1380847029.5167553425 42558.8377071575
1382315208.7473053932 43095.5161157802
1376622475.9335258007 41011.1962765878
1393423399.7891466618 45660.5564868645
1393696160.0512294769 45679.4610140220
1395127112.8731594086 45986.8295719745
1381314986.8616287708 42673.0884075120
1414803935.1358001232 48374.4812255047
1381266694.2891299725 42637.9739150956
1384013806.9456386566 43564.1017226830
1382702715.0331020355 43226.9715968714
1375606172.7071070671 40598.7332916831
1378530773.0917820930 41566.6283763176
1381335082.1440896988 42673.5728914693
1388717393.8858525753 44701.8853136869
1396398582.1097164154 46300.6020071628
1387833324.7796611786 44557.7776917489
1393592025.2755384445 45675.5379408792
1380740864.9096291065 42495.0594499520
1380680977.1820344925 42476.4992132596
1388940347.5650851727 44877.2998070911
1391114053.0677216053 45208.3290323720
1382157319.5710101128 42916.8669600144
1387659174.0273680687 44532.1814027027
1383297429.1786239147 43374.1360212669
1393908299.5615167618 45743.4445876078
1390938265.6664526463 45104.4555332855
1385756009.1415674686 43972.7692170711
1383100423.0740222931 43369.7597188101
1382031935.3559534550 42888.0475568727
1376318244.1779479980 40766.2969465827
1393361264.9203026295 45644.5509952501
1394123627.8352186680 45792.7390785338
1376095948.4345984459 40720.4659796333
1387886598.5579509735 44627.6260684999
1390523515.6094141006 45080.6614767716
1381234290.7891383171 42629.9569814847
1392768466.7553269863 45507.6830413387
1391023323.8745386600 45206.7132560136
1395279672.1357285976 46046.7924224259
1391706740.6898043156 45319.0913809659
1382188546.9361319542 42935.5236780599
1386470009.1289694309 44222.2845764355
1378617711.0024919510 41660.0493451845
1389410381.0523269176 44926.8134519987
1382623573.7081325054 43170.2570654109
1393785929.2819321156 45715.8179814937
1390258614.7396945953 45055.0293782458
1399150578.5842552185 46680.4623851225
1376066525.4894032478 40720.1467238044
1398735207.5472118855 46650.1838006423
1378217950.1341714859 41535.5416448539
1383652675.1375679970 43528.0403580770
1397607326.4868450165 46405.5729411439
1424671677.2058990002 49053.0852834433
1402211941.9112622738 47160.0713849636
1421553655.8704504967 48910.8668227931
1396721210.3138811588 46344.2911813380
1387054661.9865481853 44402.1297564403
1389673627.1001474857 44941.8091894583
1386222143.0374186039 44123.9434256748
1397123308.7548708916 46387.5886417822
1382031935.3559527397 42887.6598322347
1388271194.8902144432 44675.5505516723
1385205284.6334779263 43769.6351659194
1376225403.0723946095 40724.5146599313
1400490758.3179497719 46888.4850497814
1380633910.5454769135 42469.7865633012
1385904365.5095169544 43977.9813161180
1431137456.0226166248 49685.7559536844
1421479554.4611673355 48887.8953033229
1391706740.6898043156 45325.9619380357
1376901140.0911459923 41026.4958412772
1377046850.5089874268 41061.0644014006
1389902308.9225130081 45001.3312630311
1435303997.5125391483 49885.2712886333
1420742499.2296369076 48830.9521575710
1420593110.8907015324 48818.4601188442
1388271194.8902144432 44676.0188070730
1388057042.6102628708 44662.4032675222
1394666109.6854019165 45953.1183359744
1392031824.6578433514 45419.7705379919
1391875222.5936784744 45389.9673762516
1391381047.5505931377 45259.8646963956
1390013070.8913097382 45037.9583609805
1397639227.1516890526 46466.0843475655
1394364114.0897941589 45905.1444246890
1404111920.3555872440 47334.6852924227
1437120659.5994577408 49945.2600009441
1382443159.5793871880 43114.8439546779
1395511234.5185210705 46069.2916600899
1424723762.8176181316 49121.7520685168
1396721210.3138813972 46347.4665506007
1396777751.7832579613 46352.6866548182
1425896029.5354034901 49281.8334399909
1389383341.2767379284 44898.8099361853
1398735207.5472116470 46640.3860701964
1393088405.4855563641 45642.1900737480
1390974302.7201287746 45110.6640646503
1387174372.6182324886 44414.1130578414
1386742321.1990759373 44316.1290495888
1414550065.1768467426 48357.1724333904
1424692855.9092714787 49103.8536920520
1385123069.5245447159 43757.4681914941
1390481659.7677218914 45071.6055089055
1391411496.2222087383 45306.0611903713
1384667051.1114699841 43688.3779501006
1384166692.2085158825 43637.4095462844
1391975941.7580285072 45400.3621347741
1425403142.0993885994 49202.9149994403
1435470942.9152910709 49921.6089217663
1386038550.8450372219 43986.4266521976
1394106928.8918917179 45774.5282170371
1387206690.1126935482 44482.4406829224
1386513817.3317303658 44236.5619778828
1391975941.7580287457 45401.4547555343
1397233902.7561905384 46394.5781165258
1424925154.4522945881 49122.8521623584
1435443326.4130647182 49893.7246558666
1392597940.9274227619 45494.2603023098
1421925640.1530709267 48935.4757896205
1386808045.7855653763 44356.7477936939
1386964691.3789677620 44376.9650483326
1377488559.6535947323 41067.3768830796
1385205284.6334772110 43768.9959591524
1377272251.5584797859 41065.2900556152
1395265456.8909578323 45993.1271227644
1403046797.2603344917 47189.4197178389
1399836189.7236237526 46794.6051530287
1425887035.7580666542 49261.1557704657
1405277511.0207872391 47480.4282101348
1377527171.6578323841 41173.2421737214
1401662282.6379301548 47011.1268119261
1401173230.1682739258 46982.3777818129
1403172755.8153545856 47209.6686857298
1393944237.4957573414 45750.2111352728
1421344335.2507493496 48878.4392219326
1403738653.1697082520 47237.9415815428
1386321554.5388238430 44211.6135745243
1421610536.3512749672 48929.2271629116
1426476441.1606197357 49361.0781780928
1405096340.9401223660 47424.8782414153
1410158547.2556500435 48026.0356823837
1403810766.6102819443 47238.7454217032
1401662282.6379299164 47005.1953505919
1425039531.2562682629 49157.5193033190
1405880284.8650953770 47549.3707951263
1436763427.2517721653 49925.4626204967
1376389472.5573334694 40796.7824049568
1430029103.7853071690 49605.4643429667
1396328938.7035179138 46174.3791089162
1377576645.8074159622 41345.6996256536
1403844558.7142961025 47259.4197254136
1430695887.8179781437 49662.2055386454
1420877712.4822843075 48856.6848808071
1427106696.7449440956 49401.0075577646
1398700339.5493948460 46569.8752693042
1392589982.5071318150 45453.2953113512
1378004265.5817735195 41478.8832184036
1433817774.7629966736 49788.0995471478
1433398305.9397330284 49778.9213054180
1409591052.7800655365 47962.4962400122
1398458380.5175216198 46534.4284287796
1398276783.3466420174 46521.5940341607
1434955253.8646152020 49854.6561973095
1427783296.4779264927 49470.2578915507
1407489462.7762777805 47757.6504762930
1427432441.0123188496 49435.7205456644
1428072924.6750295162 49501.7331175804
1398426804.2094972134 46528.3401986465
1403545549.1632878780 47219.2250624851
1411880211.8925297260 48227.2227157017
1392866844.5174474716 45539.6853046612
1429596469.5730772018 49589.5920285136
1430143977.7858426571 49624.5289791971
1408389547.7788681984 47859.5848015502
1402707860.7407059669 47181.2675245360
1395789928.2138350010 46088.8634865831
1401800721.6533007622 47056.1575077728
1409080440.2039232254 47913.6424939072
1411242196.1370840073 48141.8429282566
1419970868.7510998249 48790.8492484828
1404952125.8005151749 47392.5774182037
1406443557.6817417145 47635.5784453109
1405205436.1239733696 47431.1595219329
1427509831.0445830822 49443.1313904673
1411776362.0140640736 48172.7602008244
1422080520.4655678272 48960.1362548610
1404809924.9683208466 47381.4016407684
1430146883.8014876842 49646.7064770609
1405911559.3379690647 47579.6898163513
1411776362.0140640736 48167.2356837651
1406155325.8217165470 47601.8563431457
1412342653.5374369621 48258.3148707124
1404706156.2077014446 47375.8820179656
1405187687.3630657196 47428.7706984237
1401545315.7526745796 46998.8469408706
1411175954.2259790897 48131.7054141423
1416201610.3580005169 48492.3977286270
1399375974.4326713085 46691.6033319190
1398128223.6701161861 46490.4949685440
1398730249.3158144951 46629.8003597364
1395951281.4843828678 46153.8800977573
1400478080.7007946968 46874.4779452727
1400371360.1764783859 46841.8511609331
1406085726.0363523960 47589.3142641738
1429596469.5730764866 49589.4557484537
1399551701.4108695984 46769.2939361438
1428273957.2767691612 49519.4050148875
1403569113.3872125149 47233.8388971204
1410332725.9555599689 48050.2902581806
1406822950.3302710056 47663.8863142684
1424182026.6645331383 49046.9279745352
1407329039.4697716236 47743.1806696609
1409186379.4224479198 47916.3587613457
1400948486.4252531528 46911.1878136352
1401052357.8067047596 46914.6671723083
1423381720.5562384129 48979.7049967824
1401052357.8067047596 46915.5213173583
1401098113.4443624020 46934.6021221832
1418389864.8306953907 48681.4513871645
1408698862.2682254314 47883.7527280205
1415688919.6124429703 48458.4117874595
1423344026.5821788311 48973.2468156787
1408030666.1871616840 47832.3509850853
1407916616.5429868698 47813.8229435638
1419913700.5665950775 48756.7704577548
1418612798.0498619080 48726.6206700777
1412972412.8252899647 48287.6893728944
1410575719.3130228519 48060.6160149511
1407916616.5429868698 47812.8257130340
1413587520.1841390133 48313.2627102835
1413223060.3478071690 48289.1272131717
1415194783.3168535233 48404.3971085044
1408726302.7072851658 47899.7098000318
1406496159.2474403381 47646.8239859298
1414208099.9469654560 48345.6017527661
1409744497.4153895378 47985.1445307160
1409864928.1731445789 48006.8447976049
1410112180.4237768650 48013.2987255986
1408704861.9364955425 47885.0020082976
1432894347.0241854191 49700.7768553644
1415783907.2695357800 48459.2917689656
1416649100.4899258614 48541.9078306592
1417341354.9994540215 48588.2918223775
1417101630.4323747158 48564.0545650121
1417911260.6340346336 48590.5454326269
1416548956.0069823265 48493.7195734676
