542113300.4584943056 21130.1717370152
548511710.8611742258 22094.3616027832
550899583.3444091082 22403.6567077637
551877610.0048587322 22456.7957229614
563130614.7933982611 23621.2970657349
566210708.2111002207 23855.1353721619
565933624.6812927723 23823.9020080566
573766065.3511415720 24138.7143211365
575050938.1801456213 24189.6849822998
501478226.9010725617 8443.2371234697
501523428.6865558028 8478.0023008677
501702409.9018357396 8557.3942312264
501045649.0335599780 7961.9087466689
500916040.2019508481 7847.3875130362
501470574.5120993257 8385.3374254973
501221387.1125342250 8215.4278499162
501159464.1711645722 8181.7577907121
502134686.8467686772 8678.7923239862
501722949.1815875173 8569.5884000232
505861279.3489058614 10749.3383657842
513565920.1626241803 13971.9039745592
542063402.4135820866 21110.3669341207
566069944.4621964693 23843.8339958191
513072420.5714862943 13846.7707599782
513632615.5247288346 14040.6143375968
513297125.8783492446 13925.3265742013
526542702.9069688320 17495.8710524927
548692440.1873981953 22133.6680889130
563613390.4100172520 23671.4705390930
563500804.2954581976 23665.2337493896
563469335.5068831444 23655.5564804077
505696878.2394132018 10693.5926399134
513186068.8530389667 13860.4195814480
514866791.3295497298 14352.0660264363
515004810.3222536445 14359.8168724050
549057985.9363847971 22154.8371219635
505665860.3093567491 10685.4012597906
505710859.0271113515 10716.8302637450
505941076.8758433461 10771.4664431817
505539027.0287646651 10656.4042497985
506230991.7817657590 10851.3389415555
505971855.0630151629 10837.1685751146
506382268.4959755540 10886.9052333645
513320122.1484676003 13944.5496658768
514469076.0229830742 14245.9439836611
514879161.2989506125 14353.4877107014
541683941.7258961201 21045.9603093266
541802016.0613765717 21072.7598479390
542491262.5830180645 21216.8718876243
542224426.0374217033 21183.0630753636
542749968.1409121752 21270.0430801511
549195439.9026194811 22171.7639884949
548785064.8363115788 22150.2476863861
549089013.3911316395 22158.2578685284
566135795.8960496187 23844.9884185791
566319093.9214901924 23860.4185180664
500819576.8558793068 7722.2049908902
500861086.9025985599 7833.9682129569
505271432.7644938827 10489.7138765268
505432616.8814873099 10590.0147722661
514060543.5880445838 14162.9446447362
526989854.7024228573 17628.1031834361
526579534.3332320452 17533.8380655667
542150466.8841422796 21161.3912048340
526886627.2726229429 17606.7051744985
551225198.3799701929 22443.3391609192
550707018.6745100021 22366.3551346660
551895302.0230871439 22476.1911888123
574507756.9364494085 24172.3600463867
574760307.6091793776 24182.2526054382
501007675.2791259885 7944.0919671412
526788308.3405687809 17593.4484893961
526713782.6199493408 17593.2384272872
541178921.0418642759 20941.1806372255
541583045.3957036734 20999.5306301117
563616360.2289009094 23673.7558708191
563087216.1425265074 23616.0417976379
563658722.2296028137 23685.7513999939
572930421.5275332928 24088.9590187073
501882375.2062928081 8645.0762175714
563319465.1578795910 23633.5538711548
563423545.3779665232 23650.2758598328
563415208.3100719452 23644.6155395508
501079517.9634456038 8028.6877777313
501995943.7327440381 8675.8816756402
512865720.9091692567 13750.5072920279
526603514.2842133045 17546.0686608611
543528281.3638408184 21385.7887782643
543508523.9474031925 21371.3404178212
543204011.5870621204 21349.0702437947
543153959.1336408854 21342.3966445515
543097602.7089095116 21322.3051450849
512743008.4309940934 13713.9360528545
514801337.9585980177 14348.3600873728
512999098.2454234362 13826.4980458993
515060306.2511307001 14408.5385266390
515124351.4897459745 14425.3345004718
574746970.1718834639 24181.2859687805
515122381.8878420591 14415.8616967147
514684226.5262080431 14315.8743564288
574173239.2908031940 24159.3567123413
573395528.5207034349 24137.4266586304
514681973.7138630152 14287.3661419486
514784764.2769299746 14332.0287784018
542903795.8936239481 21290.1048782393
549530802.6971253157 22226.0198123455
549285293.8438491821 22183.8666026592
526630419.3129827976 17557.3801522090
505524285.2419053912 10614.1165795268
526311444.4395385981 17487.7533901169
542164513.6431759596 21167.3826656342
542421382.4737995863 21206.0341504216
542712690.8740826845 21250.3493741155
549950593.2929767370 22271.1989734173
566158877.2953984737 23846.2794494629
505658146.9065778852 10683.9469077997
542336496.1400274038 21191.5043414235
550627567.9712587595 22354.1362254620
566280304.1852630377 23857.0545959473
550461768.8776180744 22322.5263049603
526307797.1648788452 17463.0656151714
550500391.0638334751 22333.2030971050
550451027.5466675758 22319.1733653545
504479206.8395684958 10028.1162362310
504225687.4628354311 9848.9646876154
526024165.9774318933 17410.1311023126
565767596.7416021824 23809.8667755127
504302627.5010865927 9923.7747328279
524833358.2841340303 17056.0957603024
524878723.8216320276 17072.3715361736
565482478.7128635645 23791.9777832031
565387034.8835988045 23788.0881080627
565371234.4845348597 23784.0248260498
505230626.4799968600 10413.4940645532
548076365.1475882530 21968.2212169170
565241780.8944883347 23776.7696228027
505041725.2925984263 10298.8280699090
505037419.6280490756 10220.4665720460
504633374.2409821749 10097.3406736848
504926262.0256351829 10204.5024312554
504814970.1296320558 10187.5787966249
504645963.9480843544 10097.7307074067
564980752.3369910717 23749.2079849243
572625481.7360945940 24025.2157077789
547733126.3479281664 21916.8113631904
512484756.8167182207 13276.5329304919
524784903.4162003994 17028.8024783944
547701499.7637795210 21882.2719933987
512108094.4294189215 13167.0012178034
512189514.8898183107 13194.0816275175
512471083.9787203074 13266.6833119955
547726256.8775722980 21885.0604407787
564845121.6760741472 23736.8009605408
524672274.6908290386 17016.0646448054
525058277.1738452911 17099.7277916812
524539655.4337033033 16952.2597277395
524408036.3485324383 16941.7250248186
512082761.7683064938 13132.9496206606
547936651.2545130253 21956.8623197079
547774510.3486723900 21942.2730195522
523354684.8189325929 16643.7899476042
548093355.8053007126 22000.2583444118
523201516.1328935027 16576.7244312007
522765788.2606616616 16364.9866191286
504063442.1717563868 9615.7929220650
504108328.4802849889 9648.4898367379
503861263.8334118724 9458.7269446968
546139289.8595995903 21625.2415453196
546028993.3822989464 21589.6656798124
503750740.3604992032 9314.7621173596
503960763.6934292912 9475.0437158920
545820252.5639358759 21563.9889351130
546243725.4256533384 21629.5352846384
545858013.8321053982 21586.3382204771
545905386.9746114016 21589.4169577360
512712100.8427448273 13287.8084846394
503765047.7701079249 9368.5128244736
503798432.3751032948 9376.6163214625
503664841.6573085189 9285.0471190394
510015354.6399555206 12113.9472341639
522754162.9763407111 16359.5056637691
545684281.2498533726 21539.7645483017
545328134.8052214384 21500.8966903687
503447739.6860898733 8947.9959331837
522632592.4435667396 16294.2650120475
503290343.4923941493 8788.9119494154
511716875.1514537930 12863.9839089479
510400288.5904866457 12292.7661920538
503514399.6206532717 8986.7285462183
503400264.3268874884 8887.2122801042
503345871.1481509209 8810.3786800637
510159909.2094507217 12207.6186002105
509961251.7526026964 12055.9860196085
509856246.8833894730 12046.2043070765
509810548.5600318909 12014.5375026436
511483630.0948536396 12752.1634630069
511233934.7277890444 12625.4235578814
511350760.0410588980 12686.6821805325
511313458.6571081877 12682.5582077589
522460375.1142151356 16207.2058872983
522438511.9975030422 16173.5727238494
522259695.2941533327 16092.9491901518
510959881.0407757759 12496.0447648645
511083189.1415899992 12578.2582123366
510909984.2264925241 12482.6261739742
522415740.1333470345 16128.4490909647
522340011.3665611744 16111.3623823458
540700164.7415113449 20555.3454904086
540960190.2311440706 20599.6488990313
540808738.6761409044 20573.8982820041
541015617.9591497183 20602.9154069233
541104113.5972750187 20604.7713975436
521353924.4078522325 15824.0973627935
521111429.3380072713 15733.3308573040
521260968.4047828317 15750.9885766878
521291184.2877832055 15784.5714223808
520943426.6042594314 15713.5338069922
520571403.9981495738 15590.3329077153
520567875.3326547742 15575.0523748784
540087460.5237454176 20350.3703776732
557604938.0246509314 22545.9322829247
518877460.4556666017 15032.8605929589
518702320.4524694085 14925.4987384057
518728510.6993635297 14961.4419055494
518843812.1467478871 14991.9961310601
518714567.2545741200 14928.7262098316
518811987.5240955949 14989.1086204028
518530481.8265953660 14924.7321597314
540057098.1138858795 20337.1729436046
539688685.9176347256 20239.5160088665
539825239.9545186758 20260.4947095043
509567408.6225339174 11666.8527046853
539593147.8825541735 20183.6942870244
509494090.1291614771 11612.8913451207
558008795.9406163692 22599.5597281456
558104016.6663948298 22605.5761923790
517604671.0498789549 14580.4099108823
558675695.6764744520 22658.0064487457
509617982.9497071505 11690.5568015461
509758500.1604996920 11731.4762781525
517163138.2400777340 14430.5474219527
517384717.4990822077 14493.5665855858
517553412.4983544350 14539.3653263547
571423107.3821718693 23872.6065483093
572316919.7398221493 23910.2122726440
517348202.2702922821 14481.5321400281
571716447.1237741709 23874.6738929749
572235222.8077224493 23896.1405258179
558596279.6468862295 22652.6259136200
572480392.9446886778 23912.5047378540
517123132.4663397074 14427.8833867145
558432144.0160099268 22618.6635854244
508250754.5292472839 10896.5440562547
534189730.6096957922 18750.1358826176
508386521.6943385601 10906.1443429039
534055661.9949747324 18729.5400513436
533103583.5788117647 18532.1596267034
539222427.3433620930 19970.8450286855
533508473.5440448523 18639.7586668150
539105612.0595818758 19940.1122923843
533054211.6532969475 18514.2659218923
538533003.1828911304 19819.2301838003
509384000.1905180216 11436.8280568817
509238431.4564350843 11378.6013136045
533014085.9221174717 18491.4243610517
537980588.2710438967 19667.3083339874
537828616.6689174175 19608.9181632344
508818598.7423318624 11192.4704983900
508638198.9586911201 11103.5815065549
508721977.4207518101 11110.0194406531
509228571.6367962360 11307.8276529334
536915316.6070908308 19433.2230544183
537214003.1116563082 19479.3031039331
537188991.9859430790 19475.2533672694
537040954.6189638376 19434.2281895224
536571667.2606502175 19326.7808028040
536550108.6618050337 19323.0032730876
535917525.6062936187 19142.8516545184
534951803.2421630025 18901.7543838338
534785519.6845874190 18895.6395678834
534761871.6230614781 18879.4954567269
508689731.4485034943 11105.4996812986
508809596.5577186346 11164.1522322654
560776544.1905986071 22742.5929565430
561024176.3251237869 22783.4600563049
561650007.1693361998 22832.2728805542
561188647.0268653631 22793.8033733368
560295525.4178099632 22709.9081258774
560475348.7496795654 22718.0105276108
560943070.7282673120 22783.2946929932
560489955.1664639711 22740.0870008469
532010408.5106368661 17996.0461089833
532435907.9762313962 18114.0770541409
532312627.1846477389 18097.1607352754
531468760.9577395320 17898.2973295038
531794038.1809988618 17956.6968509739
531321263.2195252776 17843.7070433682
532124393.6825293899 18060.9010591766
531908681.7491938472 17991.5864323387
532073513.5186181664 18043.3054629593
