650871458.2649775743 54.7585561196
708017623.1720981598 410.6975325425
650889302.0568317175 55.2858955273
650849460.2501242161 54.5388737463
650855392.0540832281 54.6963296411
782113347.5063989162 697.9812481403
782412292.4000113010 699.4643658400
650924097.6425361633 57.6996241307
650859221.2091345787 54.7096876236
650970114.9432846308 60.2828664906
650892266.0877926350 57.1111604713
650935398.8030390739 60.2740692602
650922110.4300403595 57.6619674540
650898430.8716558218 57.6188853525
782134506.1649385691 699.1322215796
650882153.0843858719 55.1609034606
660203058.8820745945 134.1296298223
688499229.4432562590 335.5331388836
695247296.5804563761 348.6520817184
694972666.6996482611 345.5967080230
651130213.7588638067 60.8508900382
660038618.3297275305 125.8100205991
782101756.0675191879 697.4539611340
651045422.5234209299 60.5612986625
651043624.2695755959 60.5182165610
767261299.1252132654 620.3061727400
771998711.1801826954 645.1764095676
772341619.3327934742 646.0076123130
687360163.2690355778 316.5180097827
670057137.1315858364 209.8151574700
669619666.2789083719 206.6422112299
721564917.7906699181 466.8398396556
696365818.7330069542 355.5164464689
781568022.4562593699 695.9482170641
782004965.4015153646 696.7868320048
680486205.3806160688 282.1230437493
674634856.2406497002 240.0011760398
674173454.0088875294 235.0243688265
740447701.0786820650 535.7251495014
740417708.7503935099 534.0431068387
705380866.6018749475 396.5221140457
781588062.6493849754 696.2097722590
781774387.3270360231 696.2747626603
687246693.9744650126 307.4634038571
743096453.0557433367 540.7656486946
686236185.9653234482 305.5784423483
731204838.1707334518 496.1987370923
731286353.8130912781 498.0905881905
681324303.4194396734 284.0973268345
770021933.7587515116 637.6185648505
781264621.8859466314 695.0677171350
732021684.2443914413 515.1132799292
731498131.8926498890 513.7988862897
685201906.0340616703 299.7970913310
733993210.4900178909 530.7666287202
733850192.5909440517 529.8503731269
667948374.0208376646 197.9518881310
667498850.9771251678 194.8747842778
774869591.8511183262 655.2193135118
701177329.3404161930 374.6412785672
701312540.1658244133 377.0887746089
724778192.7672104836 476.7600943725
767194636.0637120008 619.0604481844
672983339.6988258362 220.3985296913
672452404.0910577774 220.2063906590
758449867.8449180126 610.8405709322
651349250.9921510220 69.9416054955
651214532.8550301790 63.5928932989
651225501.9574865103 66.3853289193
728045863.4100897312 485.7358388618
693802896.9056502581 345.1721878469
685825427.2533429861 304.9830607210
685337002.6384869814 301.9059568678
695534802.6237080097 351.8479572679
651198145.3988283873 63.1821172798
651289200.8869309425 69.0425825278
662850265.2056329250 159.5336867742
651214217.9831078053 63.5902547911
669705731.0347142220 207.4907767875
651208692.3919794559 63.3453603650
651203597.1336025000 63.3082250661
651208384.5412908792 63.3166025502
651225420.0827479362 65.9694282059
651252828.7881922722 66.8104985651
651210686.1181727648 63.4457104443
651266782.7994781733 68.9062557363
651210691.2890470028 63.5830120371
651215875.0545934439 65.6783112490
689493019.5506170988 336.6065452470
651288636.5898691416 68.9144050407
651247640.7048429251 66.5551418276
651343583.5235972404 69.0596996639
753086876.7798974514 581.8748439704
661566162.7204117775 139.1627376371
751906194.0661365986 568.9188577086
673802557.3764790297 224.9509755653
692268620.4214448929 342.9252781127
747835287.5010540485 543.9561251022
667495493.8062497377 190.0999672469
667172948.7727406025 187.2106680926
692110011.9572130442 337.3039764398
781218728.1798074245 681.5661470890
742239950.5864474773 539.5401221391
673834916.0367423296 231.7657263339
674062945.5967947245 232.1394594968
672450249.7826454639 216.2188777707
671940751.6085138321 213.1045545730
666227329.4386680126 175.8165571018
666046028.2612888813 175.3349003696
662356822.7554298639 142.5744719586
672261642.5855138302 216.0606411623
745262296.2820503712 540.8539644873
669110684.5426170826 205.4903836103
665598762.3229199648 162.4031403178
781137459.3677139282 680.5482721031
780894381.0393319130 680.5411934555
656485277.6275823116 113.4277785783
676508598.5436666012 246.1807194896
666372109.7075177431 181.5433031572
678920405.5679502487 272.0497348816
678357250.1403348446 268.9726310284
651614976.3730249405 71.8356177416
651625977.8598381281 71.9928096054
780627043.8224956989 679.7358600199
780273322.8007833958 678.6079002917
779425011.7798604965 678.4949110448
779827425.8178100586 678.5600748956
651644217.2726593018 74.1714718968
651584118.6989753246 71.5162879891
651600207.6538839340 71.5706086262
688289526.8019829988 317.0891302799
651589294.6365542412 71.5593700906
651609692.8858441114 71.6861008974
779366845.0079281330 675.9079927504
778549300.1588351727 674.4819712639
748615991.7188686132 561.7582145114
779229792.6308984756 675.7540542483
684228501.3821297884 294.1530949073
684196153.5267933607 292.6946555571
652030018.6932398081 75.8728975893
652196872.9369720221 78.4794294833
651905012.9632742405 75.0144363480
651924647.6831799746 75.1811743987
778927302.7932722569 674.6684222221
762862079.5460826159 612.9395927245
778237123.8321021795 671.8266090900
778059067.3490210772 669.1715671569
777873145.4767259359 668.9324818403
777245237.5730377436 667.4444011599
777460104.5378168821 667.5586155206
661038741.0431189537 137.8804861113
777191226.8495932817 666.4619385749
662773597.5076721907 150.4184443721
777140732.1633708477 665.8365359753
670006800.7889500856 208.4992331362
705394153.7954448462 402.4703699881
777052502.0928807259 665.1179569215
662292534.2322878838 142.4242724084
765022959.3191596270 614.6096957018
776667113.2091073990 662.9810051769
776635620.5209817886 661.2643377632
767397071.0605258942 633.1895880168
776496468.0360538960 660.8783252686
671918617.4127293825 211.0273425087
776794857.8848087788 663.3433793038
653864973.0906847715 78.9474589804
769007357.4863648415 634.5458376566
768845343.6983532906 634.0736048343
653664607.6103119850 78.4916864301
653679047.2431253195 78.8912499331
653898813.8848916292 81.5965784485
697479887.4900624752 362.7037702763
654051402.7268451452 81.5968771126
654066122.5920468569 82.1147789116
654055259.4098650217 81.8617135231
654066994.6578097343 82.3610428868
654091863.0861753225 82.6436460954
654165768.8091748953 85.2585550713
654187419.2709643841 86.5612331194
654131088.8169251680 84.2110999563
654289504.7353303432 87.2683882051
654682328.9997708797 87.8688093931
654658597.7908309698 87.8577694575
654812619.4559928179 88.7262882049
654864710.1319482327 88.9966275884
654846967.2757922411 88.9860933788
654878989.0751017332 91.6101846098
654958247.0936349630 92.0953717082
655625629.9324128628 93.6496629016
655431856.8361638784 93.3149198901
699069098.1561549902 364.8882754797
655803794.6273767948 95.5098350081
655902304.0991072655 95.5641556452
656348499.8703749180 95.8896045591
656429011.6459996700 96.5627356074
656376005.2506166697 96.3277058917
684531858.1158939600 298.6985404232
658430645.7178088427 115.4833794469
658269568.7295635939 115.2044420157
658345050.6479582787 115.3858148936
658874253.2871316671 117.5850903222
658554502.6601079702 115.6510313940
658748387.0971772671 117.3325369592
659087632.9564723969 117.7715225194
658674549.1425435543 115.6736748848
699618428.0177071095 365.7116160452
699693064.3189188242 365.7116760963
700304773.1003999710 367.9875991393
700911737.0844625235 373.0071734748
701096015.1101120710 373.7295620030
700840403.3624333143 370.4006948525
702103950.4713176489 378.0291738526
702167324.8367257118 378.8659831520
704143229.9252076149 380.1831894825
704514171.7644983530 382.6654755272
704613078.9708069563 382.8454897124
704674314.0040599108 383.1650711966
704816101.8790308237 385.7288089591
704849073.3986297846 386.2753998535
705210547.7988543510 387.5813111070
707448267.0318527222 406.4688875027
707469976.5987232924 407.5827401819
708566271.7969845533 412.7880501034
708101520.0922824144 410.7945769072
709364271.2038441896 424.7704287750
708593147.4070171118 416.9443280745
708506313.8292171955 412.3896391079
709041463.0346347094 417.1821591995
709095601.8977873325 419.8978454314
709242708.2447921038 423.3447060097
710045950.8909486532 428.1482525164
710760180.3203505278 433.0156839554
710138817.6091407537 428.9634129399
710720007.2754067183 432.8382171665
710916334.6274353266 434.8900909078
710970385.8339502811 435.3294743672
711244668.4351453781 440.8694590728
711036633.8317120075 438.1118281584
711551773.4366456270 442.2024008555
711225945.9354565144 440.4286972086
712072091.3785575628 447.1589404501
711559844.4780851603 444.1481520168
711359116.9738036394 440.9734257448
714184814.5953891277 448.2227342504
714376615.9473304749 449.3395248579
714376292.4927530289 448.5589536002
717091311.3768869638 453.9662578669
716903208.7873533964 451.2542222566
717014710.6253243685 451.9884124226
717958001.1193943024 456.4190060867
717888297.6403819323 455.0130466891
718197028.2105965614 457.7461317971
718131812.0315229893 457.0235690919
718796798.4680922031 458.1213737844
722329310.9866994619 468.1989574426
720450560.6099674702 459.5574818857
720562951.5405299664 459.7875519998
721183946.0142362118 461.8442991439
720938906.5730943680 461.4167406501
723059986.3758850098 468.4601616093
726731095.1846603155 478.2099048679
725999017.7005699873 477.0098515076
726322381.5578827858 478.0313847100
