87838160.5536887050 49260.8319554329
91395750.5176676661 54851.1234130859
82128615.2554458678 36635.3029674031
88274205.2560320944 50155.4252209663
85643152.7786041945 44758.5552087852
81781301.9389869124 35594.7628890239
80314953.9944391251 30953.6652209461
88090373.3838106841 49710.4015271664
87876163.0208913833 49412.6927604675
81252316.0908833891 34246.8019289114
78563986.6681817770 21134.6646574842
80103019.1444985718 30586.8252631985
81902890.3360717893 36070.3132823445
87808945.8667372763 49245.0759656429
83407782.8510115296 39981.3715129010
79995087.9086843580 30041.7356555164
88327241.6564716399 50304.6601943970
84304700.9103181660 41861.5797159672
84261521.1769597083 41856.3014425272
80215417.8038739413 30950.8575263582
94036249.4685152769 55942.8275146484
86648595.5126889348 46735.0874931514
81088572.5711063147 33794.9356264211
80428411.1968252659 31592.6169276796
89700018.0976674259 52641.2174377441
90246052.7618074119 53578.4691162109
83327375.3974896371 39636.6205761544
90782032.5514665097 54310.5876464844
90825602.8577854037 54447.5336303711
91327593.8519925475 54779.0238342285
83477232.9928636998 39987.8726468459
80725000.0325227082 32665.3652144634
84526483.4061606079 42370.1728184596
85451578.9216953069 44495.6762388945
90352309.9904981107 53745.5979614258
90717887.2528613657 54049.3825073242
87787793.8702066392 49145.4118421078
87564425.7857592851 48747.5567241013
88053593.3392117620 49659.1386085749
90287713.2941355258 53583.3996582031
81486544.9995595217 34693.1167064272
87604426.3124011755 48847.2208476365
85559344.8200468421 44676.2301557064
89995953.0411931574 53180.6082763672
82884913.3852744102 38681.1925444715
89889695.8125024587 53013.4794311523
85562175.2129738629 44733.2086687514
80761006.6603830904 32757.3921654150
80675576.8888946325 32595.4234572686
85524867.2036107033 44657.4194409549
84654945.6550711989 42766.6377321035
84101800.9783407748 41397.9391989782
84921679.7555940151 43333.0308464319
84703812.6999584585 42815.5327114910
82862382.9118975550 38560.7024027556
85022675.3424004614 43492.0462535024
82556631.5563439280 37812.7614452951
85153979.0706520379 43766.5149759650
83836313.5554203093 40898.0684180334
88136738.8376885802 49839.3024921417
84244584.4167514294 41841.7508435100
88244083.2937342376 50109.3599467278
84497122.2815908939 42127.1279701367
84501137.0720069855 42319.1763547286
82496092.0267550051 37555.3424216621
88720680.0179383904 50891.1942977905
81947518.8339844942 36075.6061827423
85277548.0557214171 43858.8524639308
85793623.6286470592 44929.2046412230
85061417.0060467869 43685.6552317739
89094928.7280706167 51655.0058517456
84383308.1174496561 41953.2033947501
82156623.4483383745 36834.2048460723
82181855.4234180003 36844.8477255862
85333173.5011787415 44047.5186841190
84634975.2515912652 42745.0420891941
86202058.5236836523 45775.9749273570
86234957.0531497300 45969.5829820037
84409763.5554629117 41986.2089086259
83846522.5251859725 40898.2122121826
83982073.1656332016 41043.0122915283
88460309.8573189974 50404.2921772003
86808615.7830685377 47332.8366997838
94109700.4787492454 55982.3337402344
83702642.1783152819 40546.3611979596
80405299.8052256703 31567.1167067252
82501026.1331962794 37706.4120391713
83683227.0024076253 40481.9227448814
85705817.2329382002 44791.4331837212
89541660.0992621630 52420.7052230835
81787146.9347450137 35739.3088218085
83576332.0508714765 40254.6836438738
82701522.2070159912 38197.2352360450
86222774.5178755224 45866.5248717666
82645922.7191279978 38181.7564851157
86229096.9852870554 45868.4610263705
83164095.9434944838 39325.7048814036
89124557.5903197825 51771.9724044800
81969360.1732847244 36357.8977171661
82317640.8901975304 37280.4698020332
86308620.8187781870 46124.6051056385
83621972.1349957883 40378.6767401770
83354818.8202350587 39808.9197154157
82961256.2366933525 38985.6727061383
83704872.4883290678 40720.8492808454
82154723.8573407084 36745.9765828103
82949119.2375215292 38777.0307984911
82724434.2581832409 38300.7236695848
81963079.1473128647 36279.8576804511
89516064.0751196593 52330.5163574219
87300436.9267884344 48300.0653539896
83389047.5839909613 39897.6022715680
83185941.2160316408 39461.9798350446
83490348.2597729415 40083.6152557880
82248818.6682096571 36855.3874688707
83272425.9807266444 39634.4316325299
89064307.1692561209 51650.2877731323
85700047.8131072819 44788.3563099419
83042669.9593387395 39163.6804200858
82890022.8743739277 38722.5020671003
83335714.4928608537 39637.4733361416
89096367.6448518187 51662.1065597534
90060423.5865911245 53275.1959838867
86239523.5955818743 46072.2896620035
79443251.7417392433 28252.2222948335
93530312.2463372499 55880.3890380859
83008234.3717632741 39069.4419474714
80471812.1630205810 31826.6801832877
82251438.8208637983 36997.1816111170
79968836.9960450977 29954.6246404909
82617952.4581564069 37887.2801388949
79490469.4774883837 28393.5052995607
85738652.9735949486 44908.4917870164
79163769.8177668154 27327.4560228847
85811352.6533658952 45202.6440911293
82393267.4788181335 37410.9730099887
83449781.9339388758 39982.1603220478
85881330.5727414638 45471.0623327494
86316467.9997384548 46266.7521128654
85852086.7729128599 45278.1597252488
80987339.9662324041 33461.2013077568
79003502.7376848608 26467.7610985003
84167314.1195862740 41708.5588755395
86799622.1501938403 47179.6852717102
82345842.8027099073 37334.2653727643
79630387.2301843166 29042.6950750612
84906091.8911404014 43208.7672298849
79073013.3323106468 26468.2103250884
82279257.0449970514 37245.5828166120
79588592.4795518070 28636.6600894891
91462687.0624237210 55054.2712097168
86390708.8531915694 46471.0267553329
79873506.5552606136 29820.2763972245
86829300.7396648079 47404.4213180542
91647014.6039348692 55164.1370544434
78628008.8876664639 22072.5382257881
83990758.1078127176 41066.6946975403
78636612.8008323759 23670.0911385417
78832473.4993868917 25425.0756120980
78803770.4067728668 25413.7543812096
86878633.9095867425 47419.8670541942
79824641.1851306260 29405.2104000151
86460936.3173309118 46566.7389890850
86893639.1248119473 47529.7328989208
84008092.5818698853 41116.5815302543
86373097.1411025077 46312.5900626183
85905074.7769991159 45507.2999769449
79136697.7407179028 27235.4896328561
78732691.1748469323 24754.8977155648
80158974.7768647075 30683.5076869838
79750282.4404090494 29270.1468448602
78896995.9752709866 25659.6345115863
85434577.1131227911 44430.3015547991
89788769.0401246846 52738.5593872070
86806685.9325342327 47182.7930185497
79098698.2359216213 26574.3638059646
79073420.0790741444 26482.4301818362
84468714.2156857252 42084.7470037639
78631556.1599590033 23594.3117073338
80064717.2871364504 30529.0672155768
89446175.7195685208 52193.2868537903
78964025.6304726452 26323.5600674264
78866877.7651002705 25555.8315330707
78959725.0080661178 26221.8809681237
89935374.7930318266 53056.3511962891
80085558.1957508624 30579.2660690658
80813563.7258109450 33025.5788712334
89547446.2804320604 52516.5973205566
81034787.2787428945 33590.5685562920
92090727.4934043139 55594.0250854492
89325638.7165906429 52061.4734802246
79707122.8391860873 29201.6497745477
79299314.9523538500 27724.7305240594
79826127.8278536946 29672.2965950072
84122620.7575580478 41502.6518756971
78877336.3906419873 25657.7976357676
88764959.1616017222 51041.7541790009
92972039.8026210964 55792.5734863281
81614422.4187337011 35365.6919472478
80005405.0301377624 30263.2165855132
81816454.4026318341 35831.8108496070
79381924.9947110564 28002.3185062371
78625939.4380661100 21947.9880320015
81492700.9839537144 35018.7520668767
80929609.0634775758 33372.5187516045
81702970.1671574563 35583.7417519353
81416329.7447097450 34671.8121865056
81150832.6164095104 33937.5084366631
79268358.7221491337 27582.4678188488
79377785.5632264912 27878.0614261590
80577371.5409740359 32460.5891861748
80899022.3282753080 33100.1013379656
81591278.8271806091 35275.2335642837
81340489.3279815763 34512.5992653631
81267038.3177475929 34473.0930397771
82638688.9879399687 37951.9550597183
88578257.5322372913 50588.7566205263
93141034.9602842331 55854.1449584961
81164133.7085530460 33950.7936462592
78720120.1805831045 24747.7049461566
80523097.8849703074 32113.6493058037
82628148.6121037751 37929.9073015102
80342723.0902926475 31544.8504063524
82843513.8382774889 38392.9207813442
79553882.0610519499 28470.5554612508
92299618.1520561129 55682.7076416016
80322045.2894940376 31197.9105259813
90037024.5552176237 53191.4528503418
80338701.8594707400 31542.4165164195
90118145.0062427372 53291.0225219727
80336658.1306417733 31443.3003431559
84369695.7900591344 41952.2822856903
79199388.0338985324 27377.7906436883
84815301.8517716527 42864.5109841563
88040319.5216450989 49569.4221343994
88792324.5623598397 51059.3915710449
88906136.8298549950 51264.2049407959
88639188.0162310302 50827.0108091235
89606329.6415033937 52626.4631652832
78692461.1179793179 24501.8631214015
88587454.5490133762 50705.3261777759
88195723.8014171124 49892.3531858325
78972276.4510507286 26465.8610782586
89046565.9009830505 51628.2971687317
87246597.4129408747 48076.6614233255
86574109.6334070265 46622.3800546825
88832325.2852342874 51138.2841720581
87543292.8649958074 48586.8196258545
84862332.3141569346 43015.1285033263
87260838.8495325148 48136.3911211193
87920178.6666947454 49504.2559333984
78647177.2702638060 23769.2036565859
80201003.8341090828 30717.1680932660
89245317.3384894133 51908.9587097168
85302044.8540900946 43928.4394900799
87725219.4774024338 49048.3206865489
88879390.9760552347 51259.9688034058
84020521.0748296231 41128.7094776332
91070932.3006650507 54506.4378662109
87469390.0968462080 48537.2519209008
87060507.3599314541 47620.6447335482
81527774.1087954938 35054.8520247383
86591636.1482975483 46696.7749448568
81210949.8139343411 34026.1898008548
87281781.1181651205 48210.7755586803
80431114.8750466704 31791.1944845287
83154821.3426600993 39167.6350383498
84979872.5954702049 43403.2499197691
83993021.6023804545 41084.9820726204
83894376.2441709936 40956.2576801479
79626860.4338380545 28944.1878364272
84433032.2935845852 42057.2321922481
92364756.6852931976 55703.8909301758
89490168.7912113816 52285.4232482910
86217763.0110840797 45796.9943086375
88182239.2243014127 49873.8080978394
90668666.4627862126 53999.7024841309
80042187.5160262138 30339.4904107277
90462643.4867615104 53832.3606262207
87692026.6855442524 48922.3611910045
91249398.8706849366 54698.5884704590
91421876.4203996956 54975.6119079590
92794142.3817839772 55753.4204101562
91618798.0348140001 55085.4777526855
91695934.0879657716 55170.3249511719
91842161.3647447675 55337.4537963867
92027522.6218540221 55447.3196411133
84594639.6085745990 42489.4223796129
90571829.9406128824 53934.1443405151
91972817.1060259640 55376.9440917969
85201570.9674132913 43783.9148159027
85328623.0992245376 43984.6771144422
88732983.5511024892 50947.5935859680
91367784.6363266557 54797.6999206543
92075899.8928835839 55471.9317016602
87110333.7603601962 47777.6173626184
86693565.9780088067 46853.3280712366
91861275.5664650649 55362.0658569336
86186320.4191197008 45750.5265369974
79769752.6732400805 29273.9460075777
