285205265.0047441721 2629158.1145019531
289835429.1596986055 3036610.8085937500
284190707.0331482291 2473658.5012207031
288346028.5495099425 2948924.9370117188
289370086.8635432720 3021337.4204101562
283961337.5483986735 2430591.1257324219
284345643.7450121641 2502273.5217285156
285572512.1150394082 2671243.1992187500
286682383.6531615257 2794704.0922851562
289826033.6908646226 3029827.7631835938
297103001.6308488846 3299588.9794921875
284611758.6552053690 2544509.0026855469
285923063.8145286441 2716706.6948242188
288017952.7817149758 2921282.0839843750
284010998.6350741386 2439824.9025878906
284028222.1398194432 2440939.5139160156
284775617.3385624290 2567862.3369140625
284795071.6707541943 2571706.9189453125
288336410.5510292649 2942703.1948242188
313678445.8568019271 3435565.4804687500
313200429.7625569701 3434727.3095703125
283887743.9591835141 2415110.7741699219
284658658.7547523975 2551112.3435058594
284841971.7703012824 2578316.4882812500
285564719.1977645159 2670791.3173828125
286632803.1808385849 2788768.4550781250
296481632.3014473319 3277044.0234375000
284039662.9130182862 2445363.4191894531
284017337.5148242712 2440342.3327636719
284413508.7477559447 2512774.8347167969
285554561.3517056108 2669225.8457031250
297002913.9021201134 3295271.8994140625
294297568.6829707026 3227545.2148437500
285995873.8506629467 2725330.5957031250
285617981.8261678219 2677092.9443359375
287703751.7553606033 2886485.3310546875
288579229.4748073220 2958445.4223632812
296707211.7978196740 3287467.2167968750
296608300.3404597640 3284614.1728515625
291679731.5632272363 3148341.5146484375
296814933.4264357686 3292616.2724609375
283979757.6521754265 2434804.8225097656
285050290.4387261868 2606649.7155761719
288583454.0170488954 2959157.8442382812
296933394.4730375409 3294262.1943359375
284597398.0257911682 2543489.9589843750
284747310.0506959558 2566255.7175292969
337455319.1240218878 3559310.3525390625
284720573.0696710348 2561890.7758789062
290992699.5709580183 3108287.8110351562
284700409.9511489272 2559652.3767089844
284728365.9869459271 2562342.6577148438
286214847.8233016133 2751539.7363281250
287881596.5697064400 2907362.8037109375
288568649.2154342532 2956884.8720703125
297735311.9443518519 3300401.2783203125
284460408.8473028541 2519378.1755371094
284546390.3239150643 2533164.7587890625
287756531.1010518074 2896419.6250000000
288656533.3566299081 2966353.9780273438
337742878.9492163658 3560124.3759765625
284371612.3837351799 2507032.1794433594
287829352.5307347775 2901228.8925781250
287923503.7356224656 2915555.0546875000
288991596.4279685616 2990319.1577148438
285613185.2299953699 2676520.1806640625
320200866.6828876734 3467694.3066406250
319739165.9789557457 3466859.2089843750
289245962.4674754739 3015222.1879882812
338096475.9260897040 3560536.2548828125
284392174.4407441616 2508882.6665039062
284474561.9394122958 2521622.4194335938
288260426.3823619485 2942352.1245117188
284491991.4762913585 2525474.3837890625
288461190.6677221656 2953150.5971679688
284593290.4234620333 2539768.0996093750
285031883.1712220311 2600908.1887207031
292574021.3154032826 3178767.2636718750
292707279.7439988256 3181410.2744140625
292933085.5339019895 3188334.7871093750
285194780.1516677737 2628157.2746582031
288090271.6998480558 2926978.5566406250
337458734.9471039772 3559992.3505859375
300553577.0280333757 3337675.1035156250
284777326.3713791966 2570242.4130859375
285283638.2281580567 2640609.2355957031
284524877.8637890816 2529493.5810546875
284997240.0102421641 2596395.0900878906
289875359.2908061147 3044871.1093750000
289169322.5781829357 3010393.4487304688
289421302.4917738438 3027062.4545898438
289257538.5627910495 3016165.0590820312
285283638.2281580567 2640609.7062988281
321503650.7989688516 3470325.5302734375
285219788.9794030786 2631280.3884277344
294426700.2415111661 3234091.5087890625
285331810.1295346618 2647052.3835449219
285268389.6550724506 2639251.6384277344
289257538.5627910495 3016189.6235351562
284989447.0929671526 2595943.2082519531
318506368.2844128609 3463478.7207031250
284288083.9432192445 2493427.9663085938
285384456.4724986553 2650200.8261718750
285245187.9953015447 2635084.9362792969
284752037.8565411568 2566956.8215332031
289018548.3272094727 2997095.4775390625
289083088.3744814992 2998644.2895507812
284691077.7145317197 2558259.1682128906
285998971.2155005336 2725497.5356445312
289875359.2908061147 3044874.3017578125
337846815.0188744664 3560375.3271484375
285480848.5555431843 2661683.9936523438
285179531.5785822272 2626814.5075683594
284268290.2295277715 2487800.9030761719
285156329.9188112020 2622647.8054199219
323073881.6333730221 3484708.0654296875
288104586.8023345470 2928149.4296875000
294308239.1949095130 3232512.5839843750
328587551.3160969019 3525328.5966796875
286773224.7885371447 2807838.6791992188
336514007.4181888103 3557117.7089843750
287212091.8010713458 2847771.6777343750
289343395.1914240718 3017940.6391601562
295931027.5347845554 3272601.3730468750
284173207.7122621536 2471090.2900390625
284210500.7468397021 2479285.5644531250
288078695.6045323014 2926034.4121093750
325513161.8506238461 3500244.2490234375
325665207.6722112298 3501825.1611328125
333339989.5469968319 3543992.6044921875
284137720.3131410480 2464953.8779296875
285069034.6726930737 2607624.4875488281
285779189.1227658987 2699135.7094726562
287331176.0535703897 2856908.2036132812
284053726.5307677984 2448582.0627441406
284070651.8054243326 2451548.0551757812
285684092.5431519747 2686955.2587890625
287232221.7219268084 2849725.5151367188
292403533.8090804219 3173767.7207031250
284089213.9298889041 2454718.4748535156
287590511.7753599882 2877549.7539062500
318634696.0867509246 3464987.1982421875
286825491.3133923411 2814154.7983398438
331232057.3178995848 3537159.2392578125
287802740.4306885600 2901140.7050781250
285029357.7514312863 2600680.5344238281
284083763.9502491951 2452695.3500976562
285834521.5427153707 2705880.3349609375
284515578.3558085561 2528050.6733398438
330160580.5000882149 3535551.9248046875
329618382.9755768776 3535473.8486328125
285734089.2585736513 2693319.0693359375
285655160.9945430160 2681972.9433593750
285655160.9945429564 2681957.6425781250
288479615.7901490927 2955152.0190429688
291069479.9939992428 3114425.8818359375
288967994.0722208023 2989642.8276367188
284001192.1694071293 2436806.7246093750
291076402.6885591745 3115268.1914062500
287378797.5382563472 2858005.6933593750
300885201.2564185858 3343294.2138671875
302709219.3279210925 3378481.6113281250
331992003.7348273396 3540349.3349609375
331388884.5388328433 3539018.9208984375
290503248.6045585275 3090390.4008789062
294104867.5300060511 3227291.4033203125
284128970.5335527062 2462080.9001464844
290361571.1832434535 3080597.5952148438
285640605.9952955842 2679091.9516601562
286700711.1966995597 2801155.4116210938
285580984.6109212041 2676320.1437988281
290308399.3791466355 3076595.5610351562
333814940.8781690001 3548017.0712890625
285864406.5865020752 2708831.6040039062
285864406.5865020156 2708831.0278320312
286815492.1691457033 2811875.4179687500
290636273.2338076830 3098198.6748046875
293122078.3920437694 3196748.1103515625
302257850.2342309952 3370904.1845703125
301870134.0195609331 3355081.2812500000
300136315.4591373205 3335734.7607421875
288841561.8329958916 2980098.5141601562
301464998.6058102250 3354457.2851562500
325430931.1855447292 3496012.9091796875
331788849.0789911747 3540344.9482421875
291679731.5632272363 3148033.2187500000
286995645.3876414895 2830617.5532226562
286940210.0357615352 2825548.4975585938
289941087.0773130655 3052203.2587890625
288636831.7380685210 2963637.7348632812
293807136.4671421051 3218279.5888671875
286463637.6237533092 2777522.2583007812
302407503.7564110756 3377298.2031250000
286379753.1283537149 2769927.0737304688
286017028.9275208116 2730842.5849609375
286254973.0116609335 2756934.0522460938
286319144.2000522017 2763795.0566406250
286085353.1192819476 2737943.8056640625
298834882.2670367956 3315460.1406250000
298148295.6787797213 3309077.7021484375
302257850.2342309952 3371017.9814453125
286194364.0833594203 2750798.3320312500
286730648.4224932194 2805973.1572265625
302025194.5517794490 3366339.2285156250
293502418.8125602603 3210490.1835937500
291679731.5632272363 3148032.1855468750
291756141.8368143439 3152757.0332031250
291653832.2504566312 3146656.3095703125
286304175.0047283769 2761318.0537109375
286328504.9306849241 2764929.2109375000
286845651.0948647261 2815335.2216796875
285986342.6099193692 2724673.7675781250
292455560.2688015699 3177190.6201171875
286105506.0068691373 2738361.2011718750
286867004.6345018744 2819639.6777343750
301972366.9429637790 3360294.8515625000
289900127.1964514256 3049674.4975585938
290845604.9925744534 3100045.9174804688
290609912.8325350881 3094127.6411132812
302282946.2335246205 3371341.4345703125
286594671.0581656694 2787126.7988281250
291171881.0072590709 3120834.9306640625
329522722.5980551243 3533655.1044921875
289911703.2917671800 3050324.8129882812
293610140.4411765337 3215677.3984375000
287659225.1503166556 2886417.5576171875
287494053.9040832520 2870670.0058593750
287630410.1160918474 2884351.7958984375
287523680.7742097974 2872092.8876953125
289941559.6412535310 3053748.7094726562
306958282.6021239161 3386199.8115234375
327318521.4017807841 3517106.1425781250
292062756.2870236039 3164064.8837890625
287514058.6242064238 2870942.2382812500
313957000.5282538533 3435790.0644531250
326942917.9569562674 3514933.5429687500
299549646.5209536552 3321901.4873046875
299155248.5671406984 3321810.1484375000
328706904.5800786018 3530077.3466796875
293644919.2059223652 3216913.7832031250
287403389.3557968736 2863827.3159179688
322508729.3648573756 3480013.4863281250
291969402.2011263371 3162539.5429687500
328319182.5748591423 3521315.7421875000
327464398.6548515558 3519242.1494140625
286640246.3863944411 2792576.8701171875
287282034.7182506323 2853257.8842773438
295832524.0518855453 3267865.6503906250
326565904.9067412615 3504823.4306640625
293686055.3911787868 3217175.3935546875
299113120.1827923656 3315512.0810546875
287153657.2926934958 2843035.3920898438
293761196.6825075150 3218268.3964843750
326305603.2870406508 3504612.5546875000
292803702.8739820123 3186196.5976562500
287592580.1857708693 2878423.0839843750
323377242.8996751308 3491502.8847656250
294974207.3256053329 3250059.9550781250
314991365.7749484777 3447478.2509765625
294048254.8779008389 3220006.1298828125
287175432.2145296335 2844715.8862304688
333579930.2062041759 3544021.4042968750
287740385.5719778538 2893108.7773437500
318146969.0929557085 3457605.4794921875
306972411.7955216169 3389630.6259765625
294557979.8642388582 3238986.5996093750
300061465.8384823203 3326400.6689453125
312260688.2584509850 3420377.1445312500
325081435.3820694089 3493769.5771484375
290238429.7193537951 3070890.5971679688
332567629.0817645192 3543823.0908203125
293429281.2465752959 3202209.0253906250
315994894.4838758707 3456055.3759765625
316168878.6779913902 3456547.1201171875
290105748.7339378595 3061907.2407226562
295363991.4113679528 3258826.5791015625
290907452.7138367295 3103564.4248046875
335411813.7989254594 3549205.1708984375
290116234.5853034258 3062634.9028320312
290852873.3320897818 3102196.8603515625
295629827.6831234097 3260799.2744140625
295666323.1139409542 3266786.8447265625
291344685.0363340974 3130296.4736328125
308494040.4817042351 3419117.1533203125
321841709.8925987482 3477812.3310546875
321837180.7796393037 3474926.0107421875
293453476.4193773866 3204222.8125000000
294523071.1503586173 3235538.4003906250
294833650.4409195781 3246919.1630859375
290284886.7084385157 3073875.6215820312
290737700.1331855059 3098472.5454101562
294385922.3457972407 3233449.5009765625
295317887.5687671900 3258313.9882812500
295123026.3662392497 3257591.2890625000
294523071.1503586173 3235476.9218750000
294730394.6307585835 3243030.6210937500
290347788.3269935846 3077830.9086914062
292299669.4903120995 3167366.3183593750
291493652.0986427665 3137454.6679687500
313194935.0623563528 3421784.2578125000
