519905168.1438819766 2874854.3496093750
523231037.5298850536 3043611.4052734375
536133599.6982105374 3491588.8354492188
545938619.8449907303 3729599.2070312500
546906030.7518966198 3755116.4062500000
546769833.7265765667 3750185.9785156250
548522315.5207775831 3781367.9404296875
559953125.9690960646 3915208.4775390625
561410962.2415211201 3921542.3515625000
563883809.3589594364 3925767.1621093750
507041200.8083229065 1821775.8466186523
511769927.6161403656 2289913.1219482422
519939735.4148842692 2875848.9199218750
520041209.3298651576 2883890.8916015625
523263089.3192514181 3045353.2136230469
524968021.0097398758 3095910.8627929688
548730541.4539442062 3786738.2128906250
506846998.4613934755 1814150.3145751953
511729726.4084929228 2286017.9656982422
519638874.0090641379 2859920.3295898438
519948328.2869481444 2878644.7270507812
523982443.4015947580 3071920.8666992188
559852001.7384552956 3913773.9853515625
559589314.7036037445 3911964.8173828125
561245052.4980446100 3920247.1875000000
561561063.1084715128 3921940.2724609375
504599453.7461476326 1370225.2817993164
513443211.2772068977 2402822.6690673828
519891088.6813328862 2874009.9584960938
520309425.4706934094 2897791.6059570312
554796044.4306718111 3864988.2558593750
561288326.1883661747 3921105.8320312500
511892864.8990157843 2298252.9559326172
536402575.3725331426 3505620.3256835938
536436039.2145112157 3506167.6704101562
561411374.5477210283 3921685.2470703125
506957448.9065427780 1819269.9488525391
511119327.7199513912 2235006.7950439453
558210459.8459619284 3900529.1416015625
506379539.1366802454 1751263.4429321289
511698739.3263803720 2284972.5487060547
513411106.2385015488 2402771.5828857422
520365624.1888772249 2900385.3305664062
520103517.9065327048 2887628.2407226562
506857064.9112164974 1815102.4320068359
506739080.1815094948 1799245.3135986328
513372406.6280965805 2401366.0731201172
505091650.8184244633 1477840.7442016602
504489789.4871102571 1356515.4818725586
504829290.5353713036 1454486.8827514648
511216449.1873699427 2240421.1917724609
558346473.8476452827 3901055.3750000000
549288568.3074893951 3794866.5380859375
561207555.1067174673 3920125.3066406250
506749046.8149381876 1802780.0720214844
520140643.9422580600 2889009.4223632812
558004801.8111681938 3895349.8759765625
511143823.8735921383 2237842.8218994141
563682486.6466988325 3924932.0029296875
536812555.0099321008 3511818.5708007812
551586923.3030797243 3829568.7089843750
555130440.8244243860 3869822.9765625000
563960789.8321115971 3926248.2949218750
563574615.4647980928 3924449.2343750000
520006994.6893765926 2879893.9082031250
511567395.3607509136 2272028.3363037109
519686350.2557441592 2864842.4401855469
519786692.3085104823 2871699.6503906250
524062050.7928440571 3078738.2065429688
563801545.4878178835 3925413.0000000000
511029623.8980770111 2226950.9669189453
510981771.1181166172 2224924.7574462891
558405744.6142216921 3902489.8759765625
513054233.1919187307 2385772.5357666016
546970035.8948087692 3755514.4765625000
506514080.0422257185 1776510.6474609375
506942025.5294877291 1817189.2630615234
558983757.6733386517 3905762.2216796875
506902380.2598605156 1817177.0454711914
547450933.8091254234 3762355.3164062500
511355145.0403028727 2256706.1834716797
511379124.8170750141 2260532.4166259766
536880950.8794683218 3514185.4877929688
563786546.7340170145 3925309.5341796875
511602530.0129390955 2275065.7860107422
546022075.3189760447 3735457.5273437500
506851509.6531423330 1814913.8442382812
547160192.3336964846 3758238.2490234375
524293152.4301298857 3087553.8090820312
523290951.2471809387 3047458.3808593750
551059405.5868672132 3823301.2607421875
506817772.2361007929 1807996.3964843750
504651923.9575178623 1406206.8616333008
506640847.9851362705 1792963.5534667969
547085218.8056366444 3757458.8505859375
504772037.1293371916 1438214.8082885742
504732257.7204341888 1428437.4358520508
546403482.8218250275 3741750.8183593750
506402156.8517493010 1760499.3042602539
558532224.6424980164 3903516.0322265625
521140061.7366290689 2928164.3149414062
558171396.2028050423 3898694.0996093750
558683295.3466655016 3903913.0322265625
504686363.2941662073 1414369.4141845703
523509268.2925257683 3054522.7324218750
523320844.7756724358 3049191.8857421875
549415227.6237881184 3797221.0478515625
550481098.9613091946 3813675.3681640625
547167853.0746210814 3758364.8515625000
511253505.9833196402 2248198.2010498047
523374328.8560674191 3050267.0561523438
504678117.1748533249 1413774.0183715820
535129193.8402289152 3460653.1357421875
535094522.0889645815 3460402.8974609375
552826965.9066495895 3842841.3037109375
580003146.3210399151 3926553.3369140625
511523355.7526595592 2268600.5532226562
511264932.8020834923 2248850.4827880859
564755091.8459111452 3926433.2822265625
579017800.3045806885 3926504.1425781250
504588613.8533829451 1368815.6079711914
561116262.1143686771 3919001.0820312500
511267616.4535846710 2249068.4188232422
547160157.4480749369 3757815.8310546875
511130272.4671051502 2236667.3698730469
510855630.0034750700 2202884.1716308594
561177321.2237962484 3919328.7998046875
552672913.1083488464 3841256.3476562500
552533711.8189384937 3839579.8994140625
504805341.5965923667 1438571.9276733398
535140779.3605362177 3463095.1826171875
552072067.8348593712 3834189.9091796875
549998813.5286710262 3806511.2216796875
552402160.8836864233 3839515.4882812500
535197029.5918277502 3464264.7412109375
510922471.3005930185 2212115.3222656250
535224701.2268548012 3466134.9033203125
550587869.4703887701 3814162.0527343750
552305521.7307846546 3837264.7724609375
550440436.9456226826 3813591.8183593750
506279184.5395175219 1729167.4066772461
522591547.4176397920 3012529.0227050781
535137568.0284918547 3462749.9423828125
512473627.2902396321 2339099.6143798828
542237462.3222181797 3638956.2734375000
542597304.7165056467 3645047.5712890625
542894226.5252658129 3656242.6484375000
542655877.2975616455 3650503.9638671875
512454801.5373790264 2336498.6214599609
547471542.3335736990 3764379.8144531250
512429748.0559084415 2334118.8087158203
522168238.2350373864 2990196.9152832031
510769604.1864302158 2197885.2479248047
512403750.3614593744 2333356.9263916016
512322383.7223702669 2329550.7381591797
520393564.5166859031 2901517.5703125000
522186455.3186445832 2991458.1608886719
552188366.1950483322 3835724.8183593750
512485137.9653208256 2342587.8565673828
506225405.4421587586 1714001.8193969727
559056951.0690712929 3906631.0869140625
534689620.6062408090 3447538.9204101562
512297569.4398356676 2325285.8358154297
520534780.8694912791 2909409.0253906250
547211024.0860246420 3759628.5400390625
506207357.3856837153 1707565.5562133789
506190900.4983986020 1706317.2619018555
506164478.8192065358 1701865.5293579102
534130974.7928705812 3425866.4633789062
534849835.8549796939 3450935.7373046875
506107572.9892180562 1692578.3316650391
522110850.7779578567 2985520.9514160156
525691494.7040641904 3107346.9772949219
522090811.2165365815 2984441.3752441406
521996316.8734142184 2981843.0046386719
521984326.2350555062 2977629.0515136719
521875570.2473829389 2975814.9206542969
534528023.7143425345 3440310.6298828125
506136281.1627218127 1699321.8435668945
559115379.6826409101 3906640.3847656250
567686815.1477687359 3926497.3925781250
567527944.0326205492 3926472.2412109375
534432637.7842782140 3437449.6650390625
525267855.9265874624 3105647.1491699219
521403039.4492029548 2942034.2917480469
521217884.7719098926 2936938.4025878906
565679004.6459752321 3926468.8896484375
512168762.3615021706 2313532.8952636719
512030986.1959798336 2301270.7431640625
508186860.2752684951 1915249.6254882812
508085532.0276394486 1904167.6446533203
549631314.5630320311 3800914.6328125000
552151097.2498716116 3834471.4804687500
508307584.5454537272 1924195.5206909180
529480011.1782637239 3262317.3139648438
529302181.0452248454 3254738.2768554688
529574644.6837942004 3266986.7382812500
529527289.0986028910 3262650.8837890625
547877634.5612406731 3769003.8828125000
542447868.7008599043 3644463.0576171875
554238168.9102513790 3852606.3623046875
508462783.2935968041 1938569.6397705078
554329428.4631984234 3857463.5937500000
554311990.4319617748 3854436.7050781250
547970131.3825207949 3770660.7871093750
529434213.9476733208 3260071.2314453125
529563846.6329982281 3265055.1884765625
542307909.2740958929 3641022.5703125000
533502235.8963109851 3397214.1455078125
533311736.0594030023 3383681.5156250000
533332296.3622911572 3390075.2763671875
547889983.6803985834 3770353.7949218750
533091176.3349763751 3377671.3720703125
555703804.8269205093 3874049.9794921875
508404315.4652972817 1932838.5886230469
508266503.4455240369 1923822.7727050781
547666149.3843117952 3766630.9453125000
532850143.3513032198 3368115.7895507812
532463756.7354744673 3355442.1313476562
543925724.8516503572 3678537.3569335938
531310706.3641839027 3320416.8974609375
531027060.6393841505 3312233.1645507812
531235656.9031883478 3317507.1386718750
548141185.0119965076 3774638.4365234375
526525548.8816460371 3142977.8854980469
526462092.8049437404 3141746.4938964844
526121743.3941423297 3131039.6364746094
538918525.6129888296 3540796.8837890625
544129147.4866504669 3682908.1191406250
532102095.5652430058 3342098.8173828125
532331854.2398490310 3349077.3701171875
538795363.4524981976 3536787.1269531250
505283244.1907275319 1491738.0775146484
514436849.1843093038 2459432.1865234375
514505439.6443904042 2470247.5971679688
514395096.7214581370 2456112.9101562500
514313668.9818165898 2449399.3002929688
538976917.4130752087 3543927.1269531250
544367992.6566123962 3687221.6191406250
544197333.7381366491 3684601.7646484375
544419791.0912804604 3691253.2109375000
505310860.9527201056 1501177.5621337891
544707228.1942225695 3697905.5566406250
505422038.0128796697 1513556.1014404297
539629185.7818381786 3559057.0893554688
539492603.4733108282 3555790.6997070312
563188504.7162660360 3922355.5351562500
539759735.7854512930 3560152.3969726562
532053380.7500637174 3339036.4799804688
505855654.6459329724 1618844.3200683594
539784476.0131562948 3561422.5415039062
531674477.0789329410 3328594.2592773438
505929049.9573263526 1622335.0180664062
505790046.3048266768 1604697.8778076172
505870068.9319738746 1619362.6569824219
539917539.2562861443 3562260.3789062500
506031542.0934111476 1648564.8483886719
505481751.6246770024 1522228.6082763672
545626404.3420675993 3717627.3750000000
505942518.7481946349 1630483.7167968750
505921473.6280320287 1620022.9190673828
505515681.3201612234 1523376.7382812500
528673102.1368203163 3213056.3417968750
528260736.6680671573 3202508.3139648438
528124376.6821374297 3198191.2729492188
505594771.9675251245 1531279.9649658203
505631472.9869321585 1545706.5648193359
554079384.5576504469 3847334.3027343750
527863439.4589417577 3182960.0053710938
527728878.5293084383 3180114.0288085938
527885308.2668800354 3184437.1518554688
515365035.9712556005 2502224.3408203125
527830319.4358930588 3181201.3637695312
515141238.7274574637 2499815.9907226562
514188358.9454678893 2433783.0184326172
538309160.6912519932 3519727.6884765625
514171452.6523664594 2431201.0682373047
515352789.1841992140 2500551.9873046875
508640977.7424664497 1940786.6331176758
518785803.9668841958 2696866.4045410156
518797945.2494992614 2704210.8413085938
518388082.8448863626 2666332.4351806641
518315787.7015787959 2659232.7608642578
517701838.4127059579 2612696.2744140625
517803672.8088238835 2617557.1558837891
517669974.7966880202 2608231.6866455078
517692399.6610053182 2612395.6490478516
517540441.4914740920 2604226.6114501953
517642144.6648922563 2607995.9666748047
517368429.0427845120 2595019.6466064453
516372060.6921501756 2524494.9249267578
516306343.1855314374 2519377.9940185547
516463656.1551321149 2525168.9187011719
510532518.5674068332 2034850.2059326172
510435161.5299482942 2022847.6833496094
510271365.0573372245 2004698.1862792969
510276297.8755671382 2009412.9694824219
510139616.5234699845 1996894.4011230469
509941070.5461362004 1982070.7603759766
509989833.0041211247 1986461.0949707031
