151167177.7982908487 587924.6127929688
133224734.6260850132 171430.7135994621
133251968.6790923178 187248.0706932731
134148497.7581017315 283211.7169591561
140007807.6730021238 433197.2713275254
145721803.9279944897 537443.0903245483
148173135.2632768452 570182.7158203125
133572510.6508693695 240526.8450310417
133476034.3441262841 221722.3606560417
139458460.4748292267 421124.1171969771
148569962.9038902223 575904.4202270508
148503843.0710908771 572713.0183715820
133312759.0088629127 194654.1220429130
134830260.7601793110 310906.6036405290
139682860.9370203316 427667.5500583053
139825408.6626127064 429909.5473595262
139309904.7366827428 419798.1238803267
148304969.5030675232 570291.5374145508
151125513.2941295505 587912.8437500000
134739331.7026131749 310812.0133084977
135562696.5529638827 333530.3755212822
135611430.1462708712 335380.5764490166
149102150.6343223155 581835.5209960938
148760078.2725774646 576591.4709472656
151064361.2322640419 587765.7998046875
133303220.4765635431 194006.6657517143
133244427.3532613516 186400.1746115871
133483882.5134601593 224606.2721550651
133485625.6374077797 229933.5704949088
151445138.0553227663 588024.9072265625
133234126.0802250803 179563.1414787956
133540321.7648406327 238339.2478630729
135070715.0738883913 318537.0254447977
139586429.0273258686 427075.8889254928
139640980.2731491625 427557.0080661178
148666120.4000936151 576315.0491333008
146425771.5011836290 550335.3677062988
133228880.4028426707 179299.9386840053
133521963.1250923574 236795.7991326042
134846696.9574920237 312978.2716092790
147542701.7992254198 561300.7073669434
148626264.3501616716 576179.8967895508
137130556.3555712104 373190.4314250969
133216451.7950700223 171096.3620751090
137415651.2168851495 377958.8990617418
139970227.5718812943 433031.2631485648
137446576.6253915131 379342.0612258138
145616506.2361003160 535785.2486267090
149819354.5742703974 585757.6967773438
133207671.6828442216 164167.5309504457
133208713.9672234952 170797.0521729179
133642682.8015367985 243899.7984435745
134373712.1912410557 294676.1825043336
147471352.6221671402 560954.5500488281
133350824.2403355539 201122.7642187811
147476865.4324217737 561066.5617675781
139539119.6077722311 424649.1535739303
150031398.4461208284 586119.7075195312
137147008.1314920485 374357.5851172032
148548803.6014975309 575894.5901489258
133731025.9050512016 251375.0772378631
149839409.8916472197 585845.8740234375
133504280.5989243984 233578.7039787956
149171342.4708565474 582091.5971679688
149180498.7738587558 582101.6328125000
134277341.1013683677 292126.9393402711
149052906.4740970433 580623.5419921875
149210056.5816856623 582206.5703125000
149676429.7635441422 584897.4365234375
133501055.8793667257 232807.6172478385
145842258.6238366961 540288.7858811889
149749150.7237696946 585277.2290039062
137031616.7607936561 372244.5030859532
149157663.5407591462 582076.9291992188
149969604.9849966764 586010.2075195312
134332218.5930361152 292299.0394379273
136706174.7942506075 365130.7814174737
139502993.2245721221 424546.2507418990
136802859.5734361112 366253.8534726347
139492475.5152972341 422740.6634616256
147118709.7480790913 557959.0493164062
133918002.4286299646 264072.2206543274
140025632.8144819736 435526.5791439116
133996996.5823557973 269856.2099403515
133633964.3777173460 241336.5642381907
139635900.6047999859 427078.9106540084
134345969.5394366384 294662.5477387086
147156490.4002203643 559233.8405456543
147202969.3747079670 559831.4504394531
148813518.9313298762 578365.5227050781
149084663.9979486465 581599.9482421875
139562750.5131634176 426938.5066012740
140358103.6259676814 440788.9673106968
133609387.3292097151 240892.1552378722
146655606.0807703137 552658.8691711426
133761016.7750771344 253398.3684831858
146959016.9478588104 555676.1524047852
150265934.6820287406 586286.0576171875
150978436.2075480819 587314.1118164062
150983585.2655585408 587377.4384765625
133350337.4105918407 198948.4680723883
133831598.8443332314 257915.2513656616
136673411.3623159826 362509.9784946288
147483668.0917036831 561080.9153747559
136442728.0324471295 357852.6699008788
140603967.9444757104 441354.3382067084
145652639.0831445158 537178.0523376465
146605433.9904823303 552563.9106750488
147009326.0083040893 557784.0917968750
134273527.2740035951 291862.8289887086
134394622.2444002032 294687.3280121461
136619442.5792924166 360893.7231235350
136691673.9094776809 364269.6249790038
146295526.7342898846 547315.5857238770
137115953.0772881806 372309.0413629259
136882187.7743308246 367860.5898395623
146541931.4687452316 550677.9907531738
145972179.9399423301 544305.0844651733
140477403.1576701403 441349.7941989303
145801274.8543559611 540236.3037034546
140393192.7908098400 441253.9609630406
148325804.8735196590 572428.2720947266
133657380.0760943592 245931.7552019358
133344778.1238806248 198600.3146185614
146248874.5940008461 545317.5141526733
150225252.1702123284 586148.5683593750
133712012.9445475936 251184.7014909983
146326668.2469348609 548492.5627970695
149982932.2801203132 586053.4667968750
146495462.5333795249 550583.4912414551
135591407.2601548433 334987.2014490166
133749403.9836131632 253047.1575456858
144733678.4580391347 520082.8792037964
133401400.4328853786 212590.5369121619
146237322.1436404288 545240.6311340332
134834207.4991371334 312965.9727811540
144642748.7303866446 518667.0196895599
133397572.3696134984 210250.1171581335
133360763.7264541686 204891.5420593210
133678685.6238661706 249858.9221941233
144792490.1262509823 520686.6206588745
144824350.7941239476 523414.8528366089
139776041.3696131110 429171.8216613829
145512326.6173735261 532498.6038208008
133416695.3751309216 214981.4493282028
144894020.4812469184 523552.9104537964
146295306.1976413727 547114.0039367676
136673385.8549313843 361429.6264438475
150860062.3878027201 586612.3901367188
150954038.0533173084 586808.4824218750
136496630.9233728647 359365.4418735350
134399168.4244767129 294749.0379730836
134450984.5736975074 297432.0474016629
148521514.7193354964 574335.8492431641
136335313.2263553441 354526.1061996507
134919764.9440500438 314032.5456355127
137793875.7856290638 386824.8088899255
150873623.1487062275 586717.9672851562
133333171.0421087742 198409.8201471902
135962306.4440958798 344941.7168425941
136044932.4935470521 346666.3569793128
133457466.0581668913 215397.5920975395
135782058.9003289044 339879.1570154228
136191037.2263572216 349984.2986233444
150879881.5460847318 586766.8149414062
144938177.0495913625 525245.2119739652
145267805.6036104262 529625.6757104397
140347095.8157161474 440365.0925540328
133410399.6297072768 212827.9899704643
135595959.9447957873 335260.9153162041
136271616.2493151724 352374.0154423141
135838429.8233695328 341944.8755340003
137754072.7783289254 386541.5443502069
133377979.0344020724 207470.9995105453
135535212.4974275231 332297.8046790757
146262420.0189160109 546090.9297180176
146833353.6458834708 553664.0227355957
137272171.5683810413 374363.8466719985
136053948.9215176404 346920.4619597816
140318307.4177980125 438611.9690458179
137522999.8288773894 380319.9098516107
146416860.4000186920 548961.4970397949
136312116.5915130079 352419.3979194486
135916121.5971579254 344395.5034636878
134671989.8105000556 308143.5455350602
136050238.5954521596 346717.5190886878
136241496.5741766989 352328.6932534599
134665355.0076176226 307640.5181913102
135635269.8022656441 337538.2893396416
137880589.2086503208 387694.4941926599
137821085.7157544792 386863.1505742669
134965324.8455967903 316983.1870658915
145329583.1814262867 532082.4229125977
139085439.6783177853 412178.7694796920
137294821.9420039952 375276.6666875482
145200755.3553102016 528255.6423950195
145073826.3900569379 526658.1199340820
135083915.6080757678 320568.7960823131
148030372.6234105527 568293.4224853516
135352387.9862392247 326718.2524019280
145200361.8847419024 527997.1863403320
137280910.1684164107 374870.8556523919
145324661.7176117301 532076.6524047852
137585277.4158983529 381233.7247517407
135388048.1055112481 329326.6156831780
135004120.3058542907 318203.1079720055
139865016.1078985929 430287.9313121140
147352545.2174992263 559888.6586914062
134921224.7982594371 315972.2988899742
134850161.6538785994 313555.2463483568
134577237.7922982574 303349.3506161347
139880994.5616142154 431030.3237399459
149563439.9668745995 583318.2529296875
149632832.0450796187 583915.3188476562
139896263.4674096704 431834.2626819015
134654702.4024386704 307478.3302030290
134405301.2382940948 294966.5494686738
135437459.2439424694 330107.1394469165
134081683.0467811525 277749.9505402222
134556617.0389287472 303278.6211239472
134477236.3027380109 300729.9634091035
134344920.1808859706 293710.7635703058
137355764.6661054492 377759.6515508294
137643254.1387906075 383712.5301049352
135338567.2376008332 325312.3815207481
135238014.8150425255 323771.5136983418
134059648.9743965268 276879.9708814584
147575099.9775992632 562109.7060546875
134055562.6569634378 275951.6115064584
134191455.2074868083 286667.4655548707
135301044.7328497767 324515.9707208485
146909767.4792544544 555187.6853027344
133468406.6142099351 219257.9060729779
134076325.2215619385 277679.1785675660
133817555.5889994502 254703.9022257073
134088795.0809487998 281269.6764923707
139117966.1479782760 414414.2790011764
138918787.5913606882 411071.0055244565
147823147.6547974348 563982.1838378906
139165804.6100753844 417438.9464816451
139220104.7315305471 418049.8834388852
147912518.5831789672 566459.6040039062
139201833.5377071500 417659.9146888852
139211228.9818878472 418044.5059974790
134153254.5938321948 284636.1970001832
134197826.8487605751 286868.0881134644
134040582.7084705085 271524.9156433716
139241369.8963002264 418454.4444740415
133775523.5559386015 253986.0765421136
138649221.6785134375 405106.4512188137
138945136.2988217473 411788.7394531369
138734761.5448497534 406606.0935714841
147875190.3889349699 565225.3884277344
147852159.9716675580 565005.5261230469
147735921.1386508942 563282.7333984375
133867656.0483139604 259273.4466011269
133851311.4001651555 259240.1926948769
133850569.0593336970 258010.5796571305
138858200.2547100782 409541.4133981629
138828418.5619243085 409107.7166208192
138362196.5432808697 396789.6098755002
138476558.8865649104 399765.6967895627
138556451.1515085697 401416.7963989377
138421068.8472751081 399682.0185669065
138181627.4572348297 392564.8743585944
138393979.9820278287 398965.4184092879
138199135.6252568960 393023.2129744887
138049588.1855002642 391155.5078963637
138047720.0590476692 388375.2901162505
142440499.0021860003 462407.4083557377
142715468.8154513240 475394.0334046483
143769375.8155132830 490168.4104131708
143085275.1838277280 481256.2658608804
143147229.5685367882 482790.7076685081
142647260.0562207699 474011.9562562108
142692563.7820547521 474871.5421871245
143101283.1007817984 482596.0973169456
142574666.1931129694 471597.4560120702
142455943.0366967320 468580.0127747655
142714509.5340239108 475367.3795960546
143037133.0581157804 480395.6105005393
143409300.4389631152 485353.6132509360
144341941.1352020204 503077.0888651432
144548737.9888363779 507383.1809476912
144466928.5246191621 506278.0430082381
144465553.8306982517 504340.0039457381
144159253.5439942181 499945.7860897481
144230355.7469211221 499979.6380857527
143338380.4770872295 485155.6800386558
144277686.0910874009 501778.9623045027
144064442.7746775448 495018.6778221676
143943713.1091140509 494801.1050682614
143937895.9329422712 494193.9200792859
142969481.6467141509 478764.2565729270
143029316.6290028691 479893.8215143332
143878282.5690908730 491389.4272631663
142299495.0851445198 445441.3458764851
142260964.3725335598 443316.2685630620
142247726.8926708102 443294.8432700932
142240535.9517398775 441681.0571760237
