551476032.4000738859 8071783.5693359375
562448501.3299672604 8517065.8632812500
552540738.8789013624 8117352.2089843750
551491148.8003708124 8073480.5283203125
549558447.0322316885 7940932.2089843750
552351099.0870550871 8112268.9765625000
550884262.2572875023 8044603.1064453125
551261411.9883327484 8067794.4931640625
548593782.4068214893 7850793.0371093750
548771634.7708135843 7861542.2128906250
550788902.8157923222 8000729.2773437500
549463035.8371053934 7891204.5273437500
549403214.5397195816 7888795.1230468750
549897385.4588999748 7954140.4199218750
549528890.3746652603 7903787.4541015625
550764035.2835850716 7998066.9531250000
549054898.9623569250 7868484.2128906250
552716194.7700202465 8124133.6640625000
549513117.3230123520 7903268.3125000000
551827167.3305890560 8096484.2050781250
549861942.6576533318 7952326.8730468750
551230775.4846735001 8049560.9013671875
550263631.6942130327 7967557.5625000000
551731679.7838532925 8091685.8066406250
552410655.5998965502 8116861.6777343750
557209655.4256734848 8368156.8281250000
582339316.3316023350 8894336.2285156250
613145674.7969738245 9054084.3164062500
550977243.0574226379 8047270.4521484375
550054831.6909627914 7963611.0156250000
548746724.6957505941 7857545.9833984375
552305600.8117008209 8111342.3085937500
552072080.6628398895 8106009.2285156250
549956719.1394484043 7955648.5566406250
556574019.2578140497 8348528.4824218750
554657125.2274773121 8228326.5351562500
549087125.5747377872 7871869.4052734375
563138194.6946607828 8545204.0195312500
549101497.7393844128 7872823.1972656250
548573099.7300404310 7850738.0761718750
550338106.8877185583 7974630.4765625000
549253415.4928815365 7882098.5468750000
610076428.0332602262 9041379.2832031250
610529988.6843947172 9045137.5644531250
550486721.6778839827 7982636.9580078125
550660491.4523656368 7991567.9072265625
550544616.5061730146 7986388.2431640625
578325867.2902617455 8836708.2695312500
552823195.0394067764 8124621.2832031250
557115644.9501829147 8365540.7734375000
550418943.8946355581 7977032.8261718750
550746166.4421359301 7994847.3554687500
550733451.8233140707 7993604.2382812500
550829065.9521366358 8001257.5156250000
562654359.5327860117 8532557.9335937500
552882391.1725322008 8135351.4228515625
552893710.4189431667 8139527.0908203125
557095022.7121914625 8363140.9082031250
552830191.5253506899 8135270.0693359375
557805099.5448423624 8391468.7304687500
556815459.1395478249 8360614.0253906250
557812099.0181051493 8392858.0957031250
557530796.5951751471 8384136.5605468750
559954899.2299647331 8457847.2031250000
559534402.8039791584 8450889.5351562500
612772458.9573005438 9050517.5000000000
563086912.9946521521 8543923.8300781250
554727678.9736073017 8248898.5937500000
554658498.7702289820 8237187.3808593750
562530790.0782974958 8531370.4746093750
552068817.2105909586 8099642.7187500000
554875251.6174837351 8257064.1523437500
554940632.7947171926 8271691.9980468750
551911652.0403801203 8099347.1992187500
551971246.4534032345 8099608.1914062500
559683383.8765604496 8457030.8242187500
553169931.5852034092 8177220.5302734375
552975388.0244740248 8169641.6044921875
551590767.1556832790 8077447.4667968750
559966425.3041661978 8465749.2285156250
560196062.1525009871 8471948.1718750000
612604573.1558609009 9049238.1191406250
553923450.5316106081 8201694.4423828125
589061587.4134166241 8951503.8359375000
555155969.6398223639 8279117.4179687500
555241701.8939987421 8282703.9296875000
553644808.8482054472 8193566.2099609375
555187612.3270401955 8280735.9296875000
554817870.4113923311 8252796.8769531250
553398767.7097148895 8183155.6904296875
554858736.2094428539 8255599.5078125000
560929486.7805876732 8491714.9707031250
560074769.3014296293 8469554.5820312500
557872215.7604756355 8394029.4277343750
554484188.1217093468 8224256.5458984375
554495082.2743915319 8227484.3037109375
553940953.3972620964 8201762.9794921875
557219851.7485090494 8377834.8925781250
555703221.4488092661 8306252.6210937500
557945983.2166469097 8405380.6015625000
561421286.7183561325 8506464.4746093750
555352735.4585205317 8298441.4042968750
561648585.3524125814 8509426.0859375000
561467944.7180043459 8506635.1699218750
558127179.1375888586 8406999.9277343750
560929717.9053225517 8493999.6347656250
553645689.6996988058 8199903.8300781250
580996012.6225560904 8877992.5917968750
560796855.8882280588 8490039.4062500000
581379323.7200263739 8884333.7832031250
560587809.9697363377 8487221.3945312500
559118490.2137871981 8444569.9472656250
558807442.9739280939 8432969.6933593750
559405258.1780585051 8448068.7500000000
555499685.5436880589 8300230.5136718750
556521625.8022528887 8347631.9707031250
555913033.0118294954 8315715.1855468750
556367968.2307062149 8334159.0898437500
556767486.3933221102 8350852.7675781250
556579706.8537331820 8350653.1191406250
555583395.8828401566 8300691.5195312500
559017003.7020477057 8441132.6464843750
558809084.0981959105 8436350.5976562500
560882415.4353717566 8491547.2226562500
555086040.0604913235 8275980.8808593750
574711032.8444508314 8789709.7441406250
558625994.4034068584 8424138.3613281250
555287946.9206609726 8283736.4843750000
563305663.1989841461 8546696.5742187500
573674703.7086417675 8771783.6074218750
558647016.5863616467 8426421.0781250000
559200523.5767151117 8446386.8320312500
574337214.5846725702 8785118.7812500000
574739657.0110989809 8794070.9316406250
558361865.1507809162 8419986.6289062500
563475502.1670701504 8554219.1875000000
574125839.0924937725 8784265.9433593750
576668883.1809707880 8811495.8359375000
612340662.3861211538 9048630.4238281250
580910798.0093617439 8875878.8750000000
558323711.7360208035 8411859.9980468750
562693303.9980436563 8543281.7773437500
563404406.6363047361 8554063.6835937500
580317608.6051418781 8865764.0019531250
580043945.5001994371 8860670.9179687500
580667566.7822791338 8872260.2050781250
580590824.6626657248 8870380.9140625000
581827509.3200628757 8890687.1074218750
590797935.5211315155 8964719.9433593750
586948057.9010033607 8939342.8808593750
587740138.7293722630 8942101.8203125000
580426024.4302910566 8866223.4160156250
592723375.9880661964 8976684.8359375000
556191786.4910185337 8321341.0664062500
609227581.8945249319 9039803.6210937500
556062470.0779585838 8316640.3046875000
592743494.8683834076 8978535.3769531250
583319708.0056269169 8910374.3339843750
553965860.7518427372 8210597.0751953125
588415215.3649621010 8949642.6367187500
554114711.7247445583 8217434.9814453125
588178807.9007370472 8948975.3203125000
563477191.2464908361 8559846.7890625000
598248892.8101003170 9006207.3378906250
598803883.9871857166 9007534.9785156250
582672436.2467030287 8904514.6406250000
585166751.4514734745 8922812.9863281250
583678478.9807604551 8916252.3105468750
585385574.8122582436 8927618.7246093750
582412549.7136188745 8900444.8867187500
584178853.1553086042 8921180.5429687500
580099696.0614893436 8861278.4765625000
582803094.1057094336 8905709.4082031250
584965754.7596690655 8922740.4589843750
587580396.9563567638 8941988.1074218750
587200438.3008906841 8941923.3007812500
586172242.6261521578 8933563.3300781250
583500431.2218275070 8911848.1035156250
583578366.9689418077 8914073.9765625000
579719425.0438983440 8854786.6308593750
579790662.5707519054 8857948.1230468750
611893802.9007859230 9046219.1699218750
592444695.7648609877 8975502.2304687500
592489228.1506835222 8976249.1542968750
577955375.4938375950 8835920.5605468750
606102732.7564240694 9027852.1953125000
595757404.9761513472 8996605.7363281250
561856292.1783334017 8513745.4277343750
566267336.8555253744 8620729.5781250000
566463126.2071038485 8627969.4667968750
587883825.4608229399 8942962.0058593750
603140292.2113616467 9024051.8085937500
602829299.4734854698 9021152.3554687500
603279277.7142591476 9024215.3671875000
573242485.3235499859 8766033.7324218750
602700913.6781589985 9018449.7500000000
602262087.1128301620 9016594.1875000000
564234279.5406342745 8572097.6777343750
565047140.3148746490 8600780.3984375000
573443706.0755803585 8771088.3671875000
608087172.3246080875 9037806.1855468750
601238670.8390513659 9016315.5781250000
565503764.3206326962 8613049.7773437500
602733812.6016155481 9018911.2500000000
597412248.8032274246 9002084.9199218750
600693053.9854820967 9014158.9296875000
600263460.4793293476 9012687.0195312500
566034118.2574685812 8619381.5332031250
565815497.2398896217 8619344.3867187500
564537282.8851170540 8581654.7695312500
564662187.9527626038 8587394.5566406250
565426988.2351399660 8606251.8554687500
576744894.1648525000 8822465.1816406250
609109161.9714217186 9037910.9042968750
607356136.9639775753 9029927.4667968750
594751864.3527860641 8990798.8183593750
594398124.6652913094 8989670.4609375000
564957282.0018433332 8592887.7558593750
566655018.2940318584 8633460.5546875000
594846741.4638476372 8991342.2851562500
594663028.5261880159 8990616.4687500000
595586114.2988582850 8992832.9355468750
595600140.9259659052 8994967.7324218750
594983362.7512625456 8992556.7773437500
564801408.1542440653 8591124.2304687500
585787358.4322874546 8929161.5292968750
585357952.1328817606 8924235.4023437500
585771772.5527768135 8928865.6132812500
593619643.4158594608 8981200.3437500000
594114399.1289920807 8982554.7167968750
608816282.8231830597 9037820.9218750000
564969468.2625808716 8593703.1933593750
592342149.3088978529 8974005.5097656250
602778898.8947293758 9018984.2851562500
567413347.8590153456 8647493.9296875000
599497536.5560482740 9010991.2792968750
599121941.2070765495 9010564.4277343750
591590426.5506045818 8971866.5917968750
591545431.7210503817 8971552.7402343750
590416819.6685249805 8963678.3750000000
607924805.1203017235 9037307.7089843750
598549315.3477303982 9006314.2285156250
564117666.4833519459 8569122.2031250000
592370576.0083683729 8974094.2597656250
599575072.9447969198 9011176.7421875000
598229440.3770999908 9006147.5546875000
593445694.2383249998 8979627.1484375000
597154942.5592097044 9001928.8183593750
590153488.5885971785 8961357.8515625000
590383144.9796074629 8961938.1621093750
597784943.7155150175 9002824.1640625000
596649935.5212473869 9000180.9101562500
607760477.7330679893 9037204.7343750000
577238746.5335515738 8829747.1328125000
577177677.8183327913 8825887.2324218750
592779043.4148695469 8979502.6484375000
606558098.4459974766 9029387.7871093750
581556748.5229907036 8887064.4941406250
607381032.5488303900 9035838.9277343750
577099419.4734370708 8822504.4003906250
576133050.4261420965 8811004.0527343750
596274792.0258133411 8998411.9941406250
589555203.3793751001 8958294.2968750000
573678803.2926265001 8775416.0585937500
571308226.5356649160 8729850.0644531250
572037620.8387670517 8744702.2285156250
572228685.5011626482 8749009.8671875000
572756161.2336912155 8757526.5273437500
572488358.2473894358 8755052.4179687500
572710862.8277747631 8756062.2070312500
605970034.4954557419 9025737.2460937500
571586183.0746332407 8736578.2382812500
568392646.1960684061 8669470.0117187500
589730521.6992795467 8958621.0078125000
588571727.6945618391 8950789.9003906250
568069616.2871830463 8661579.1679687500
570890000.6732053757 8724303.5390625000
571050345.0973633528 8727862.2597656250
570470674.4761438370 8718021.0078125000
569471129.6360862255 8692002.1210937500
569840500.8722331524 8704511.4218750000
569048801.3046406507 8681710.7851562500
569991404.4738277197 8704673.3339843750
569666716.3697055578 8698945.8359375000
570995058.5725090504 8724315.8574218750
569441642.1438924074 8691584.4550781250
568793336.8659296036 8677441.9609375000
568904561.4208949804 8677445.9707031250
575508497.5594415665 8804924.2812500000
575284833.1294282675 8800223.3867187500
575052310.2655709982 8797937.9589843750
572818421.5909917355 8759327.5175781250
575140382.8316460848 8798025.9062500000
574607885.1198494434 8787260.9101562500
574975881.2198090553 8797827.4355468750
578604163.5602326393 8843839.8847656250
578845545.1540021896 8845396.4414062500
578986917.5281733274 8845631.8593750000
577694701.6995716095 8830347.5976562500
578954763.1021577120 8845512.5488281250
