507021051.0875910521 177536.6403807327
535603655.8418335319 205600.2276611328
494852639.2977682352 156687.6858916888
502119969.3469356894 171207.3621138390
487720286.3463734984 136119.7058746917
494707600.4039450288 155707.5293115973
535306086.9056653976 204968.2267150879
510096760.3296257257 183476.1401489899
503880968.0428701043 174007.8329307493
499957095.4980469942 167140.4117531227
509876021.8894305825 182814.9405945465
494992069.3408159614 157377.4602128426
507037788.3139764667 177918.1465612128
487840945.4358955622 136483.2874786956
507782079.5785892606 179890.1796158478
521692053.1947981119 196770.3870925903
495086631.7028679848 157837.7134782234
494723977.0025371909 155710.6992334723
494564905.9992301464 155527.4147281349
495102158.9938367605 157874.1961442390
487612338.9998344779 135954.7074005706
495861285.5819823742 159215.8280391255
495708988.3797701597 159038.2621842781
536225863.9065746069 205690.4813842773
496631542.6018069983 160323.7452470977
486423005.3299401402 128281.8888911642
533986262.1493136883 204279.8685607910
495229232.5552918911 158125.1173478523
535112007.9244370461 204780.4532775879
534367396.6070322990 204773.1641540527
523377121.3655824661 198865.2739105225
503660306.0809266567 173350.4724685606
507369767.8405565619 178632.6997269318
524012000.6041644812 199539.9898529053
506593394.3825532198 177479.8462256119
523992041.9989914894 199424.5299530029
511660457.8426659703 185295.5340506956
496267272.4738658071 159828.2610406140
499875714.0169547796 166900.1673490461
534140926.3951177597 204316.8305969238
536097556.6243598461 205633.5092773438
490641475.8395116329 145845.0335918823
490785901.2709809542 146796.1615697304
500100709.5820987821 167366.3284780439
510408515.7073407173 183609.1816528961
498746257.7752761245 164611.3916131910
495548012.6863893867 158401.4856781224
493930419.7116398811 153594.7799281972
487922606.1568940282 136625.4369852701
500714603.7459615469 168301.8175804939
506787932.9921453595 177531.9198797867
499825752.0103212595 166867.8774090167
507660343.4877353311 178971.9999130890
507718641.9852818251 179401.5309494659
538944729.8194584846 205792.6872558594
495555967.2233576775 158764.4586090306
510963566.8927959204 184645.2354248688
534260618.8413465619 204317.5336303711
490437206.3810698986 145417.2214580933
495967815.6067529917 159363.7065796116
490737074.5731467009 146301.6433144966
500998300.3237860799 168778.9248020109
508169851.4499468803 180530.7845657989
498334318.9454881549 163920.4326879438
534365343.2390346527 204367.6274414062
508854936.0688913465 181340.0112045929
514720626.6796101928 189466.2791478783
516184345.5441141725 190777.1916816905
510814841.9384559393 184330.4578369781
497736214.2313724756 162682.0499033192
538868176.8269783258 205789.1996459961
508277798.7964857817 180607.6715897247
510427285.0719951987 183761.9214600250
535255079.7438226342 204867.7487182617
510840138.1429218054 184333.1287354156
509724807.0682740808 182380.5604560301
509094885.1342520714 181823.5643967316
486568989.4595293999 130304.4183999933
492735738.0369229913 150800.0310718650
508991003.0801483393 181745.7573136017
499605288.9480075240 166402.0139944013
523600294.3297511339 199297.0077667236
486773003.3629156947 132163.5782625116
502894002.4801251292 171849.8069380866
486679831.3774795532 130579.1431178488
510561664.6053226590 183973.1588562652
537712580.0435481071 205750.7593994141
498784835.5975989103 164693.1597711500
499638624.9543762803 166431.6347829755
509381301.7957338691 182254.5657660887
493709431.7867953777 153560.5378566699
523304996.1581757069 198846.6479034424
486446703.5667083859 128742.0454768576
517702589.6883747578 192366.2230021134
517133457.6514428258 192090.6609903947
517226921.1595576406 192160.0453287736
509793079.8065798283 182791.6938407347
526853857.3545892239 202587.6439208984
539046875.7498664856 205810.4573974609
502930492.2953264713 171941.0461348640
499472830.9972701669 166276.2123891767
486546728.7117373943 129878.1368388571
509294532.2067540884 182146.6961066648
517334868.5060965419 192206.8898722306
501410202.8997799754 169718.8153411802
535815975.3845690489 205602.5039062500
501553146.0511881709 170133.1378700193
499768622.9205614328 166777.6876584943
498102733.1538382769 163332.5168741206
508702579.2835170627 180999.8483283445
505419074.0850460529 175545.6065400706
491049630.0985118747 147354.2708552415
491180562.0949638486 147360.4855540330
489028781.3103082776 139760.3435110385
491192863.6156747937 147989.0205576951
490874000.8888997436 147164.5084363380
511388360.2063168883 185083.3835685179
524686465.6859197617 200376.7791748047
511211942.1023881435 184693.1611869261
531694387.2426687479 202893.8124389648
505956460.2770747542 176368.9542508805
501982632.2088446617 171010.7619544920
490722456.2026396990 146114.7961160103
501716869.6353542209 170411.8477394041
493972686.0050357580 154091.2934627431
524675754.7345890403 200333.3680725098
525060607.3305360079 200982.6794128418
511826125.5452997088 185898.6546590477
488969588.0889201760 138419.3657933334
504844017.8131243587 174778.9329951869
512129096.7919925451 186418.9611470848
508487950.6811196208 180649.6536872312
493939349.9986669421 153987.4863338368
493374719.8596624732 153324.7951670587
501532573.0487462878 170008.5100318845
493133277.3342834115 152077.5740672052
493408055.8660312295 153428.6022959650
518587040.8960022330 193031.3750923350
492581069.2350559831 150705.5256365240
488386065.9531239271 138174.6764171282
490232055.8855497241 144836.8408574024
526506102.6800296307 202181.8600769043
518505861.1136173606 192927.6338051036
490085949.8866627216 144763.8258809010
503073456.0211522579 172359.8632091151
501852244.6310473680 170761.6728736814
492169075.8931491375 150118.6736997440
492716762.4411225915 150745.1836763695
514510760.0860088468 189410.3891332299
496488833.1960274577 160286.4081306020
489902456.2577506900 144051.4214524189
493138611.4578812718 152462.5696951225
493135877.5455626249 152299.1600843742
511645979.6293832660 185175.8989188597
526471875.1409156919 201800.0717773438
531403299.3407392502 202881.7811279297
508699185.3038985729 180936.9005569117
527327512.4054528475 202825.5885620117
514404784.1628802419 189289.1634643227
511776367.2071805596 185424.9879996702
530925259.5710431337 202845.1395263672
489690614.3994801641 142912.2831343571
492082566.0946939588 149531.6373288648
526791903.3003866673 202355.0796203613
489221214.9172281027 141072.5148085514
526304044.4743003845 201691.4590759277
489406465.2457311749 142561.3318921486
489744739.4280368090 143565.4500562111
491631763.7325170040 148740.6441746371
493031411.6749951839 151861.8458252566
499552384.3407729864 166300.5445730146
488816715.3781808019 138297.5119161466
499694377.2842068672 166461.5650350507
496947362.9997562170 160998.1550886184
492839664.8521126509 151775.7055664675
487468569.2385593057 133888.6292925039
487422201.2609199882 133874.9716198603
490222956.9033589363 144819.4245671192
491750129.1646095514 148927.6647129672
488124274.6202232242 137382.8520057360
494169185.6709324121 154714.2486596564
496994510.3768251538 161038.7866861979
492568947.1258413792 150338.5092641190
498121605.7289927602 163676.6918134550
501125434.2039133310 169095.2698890623
489873000.9779368639 143637.6809576908
492572033.9387388229 150615.5174220875
505590107.8579070568 176237.9046901332
526437322.5448281765 201790.9143066406
494520284.1827529073 155323.0973425070
490084024.9658121467 144403.1507338444
487247943.0137140751 132607.4211883703
489868223.9349879026 143603.2408942143
503814535.3585508466 173648.1520122157
512805943.1393721104 186839.6032827049
510598487.5364077687 183993.8754203245
494779989.0813499093 155937.5398779074
504317782.9280811548 174581.8246463405
498310355.9997119904 163822.2852697233
523446876.0185220242 198906.1995391846
505655703.8647343516 176290.1503384830
512516950.6528775096 186599.1367299706
494166901.0867035389 154423.4046797911
516243331.1486622691 191084.9577067920
504858332.0827407241 175071.6802520591
491947844.1400546432 149413.3707893508
498387368.3024833202 164284.2115583280
505964985.6927047968 176901.0091251002
500261571.8035846949 167684.0512351850
504299135.7065906525 174216.2396319972
514021716.0623841286 188645.0945699364
503366498.1644068956 172909.7540668116
506262679.0391246080 177073.9295241162
500294907.8099533319 167705.0664939741
504234800.2217149138 174115.1819078382
494122914.4434116483 154334.3764929930
522494291.7050145268 197941.2984771729
494337698.2441166043 155297.4355979422
513618052.5382198691 187914.3860242516
520214228.6539587975 195340.3492994308
494841688.6917640567 156494.0899536768
522259394.7232372165 197925.5224761963
521791226.7116513848 197236.6797599792
513898886.0085575581 188308.8432347924
520643645.2750659585 195839.5665388107
522726900.6576383710 198382.1706695557
498473809.0774074793 164304.2202863554
522745523.8929710984 198584.8182830811
504698891.1176051497 174719.6663028242
497480910.1319919229 162552.1536852056
521354298.8396899104 196311.7405195236
522922195.0883702040 198746.0716400146
513182337.2820657492 187128.0898523703
522848860.9362702966 198708.7319793701
497007268.0808125138 161614.0478467504
497183649.9274598956 161642.4392041722
497771751.2919361591 163148.9227892095
507468838.6162174344 178782.5144092236
500569733.7512605190 168112.1534468997
497413012.3808773756 162208.0829707040
497207618.9991960526 162047.8003186742
497074059.9774516225 161615.3718213597
496999686.8200008273 161250.6206311742
498565310.8122929335 164493.5441547565
499148195.6133810282 165396.9120379640
511278596.8535953760 184877.4016753808
499325940.0914058685 165903.6992999269
525776836.8448438048 201194.6721801758
525927516.5499770045 201598.6685791016
507585837.3395808935 178932.7471973095
509773996.6107261181 182587.9841439649
524334750.0025068521 200242.2413940430
507703802.5574397445 179234.8878528271
499016233.3685401082 165183.9889296051
499172023.9053357244 165606.0965345856
533309024.3850077987 203689.2781677246
501036695.3495241404 168837.0707246419
502629868.8755578995 171628.0486658327
504041702.0080894232 174021.4015274048
533402245.0958474874 203717.8662109375
533490604.8479422331 203920.7434082031
533047305.8549392223 203286.8527221680
498802934.3925173283 165134.7493818756
505018082.6710748076 175279.6898610734
533186312.2230089903 203369.2516784668
532481667.0369145274 203138.4008789062
513380996.4638642073 187454.4983769655
521008150.0613501668 196213.2319908142
519144057.6084036827 194085.6056623459
513272856.0489611626 187136.7211781740
518774294.4942609072 193686.1607923508
513105325.0720942616 187121.6237050295
518717853.8486842513 193565.4615430832
516743938.8519169092 191459.9632520676
532392059.1548333168 203111.9240112305
531954261.6215317249 203045.1679077148
532010421.9001660347 203053.8668823242
531828162.9957761765 203030.5230712891
515156752.3354908228 189694.7490110397
516875817.2969014645 191705.5020351410
514501665.5960565805 189317.7955369949
515700462.2569884658 190395.8990383148
515313809.0576035976 190044.5357265472
515885259.7448230386 190554.5224666595
517880903.5920044184 192590.4928798676
514165712.9741432667 188687.9935952127
520020856.8234916925 194942.9942159653
517979149.2329602838 192652.7104978561
517979776.1352144480 192764.1708250046
519515345.9798024297 194192.9551076889
520805787.7656583190 195874.3836202621
518835385.5520555973 193773.7978696823
520258509.7522430420 195379.3205404282
520595213.5929487944 195641.8768453598
507451718.7047948241 178656.1640609056
521450991.5808279514 196679.1271810532
521507272.4643419981 196712.3614339828
519620489.6188901067 194437.3733205795
521543870.0628632903 196753.7206563950
517813803.1072914600 192414.5392065048
