78113483.9670665562 522.1141545892
78113427.8376642764 521.9589466866
78090163.9735940248 503.6141205648
78128310.4778534919 524.8167000208
78115622.9425259829 522.1787438995
78339006.7710135132 567.1649123610
78115853.4937376380 522.4062930857
78338220.3933116347 566.5929556882
78099591.3659285158 503.6477195209
78133141.6906721145 525.2678372590
78249388.0731431842 566.5917241827
78087221.4501599371 502.2593855512
78226979.4182269424 548.4045691389
78124065.4740715027 524.6284271940
78102199.1724007428 519.7180984588
78081915.3065565825 483.9985238244
78178009.4432657063 545.9697018014
78116952.3043423891 522.5020273000
78117545.9115529209 522.8032473606
78142569.0830066055 526.8790513654
78157760.3571513742 543.6460165967
89773609.5169638693 1040.3813226903
89748237.4069593549 1039.2370297558
78118883.0855190456 523.1516606343
78075178.2751286179 483.8826231337
94258733.9409557432 1223.6583230525
78397741.2319302708 569.3714768843
78195322.2894370854 546.4867455494
78085892.0883435607 501.9327523439
78247080.7192440778 549.7075334732
99470785.6457516700 1417.4240226746
94361454.8688888848 1250.2890453622
96427415.8614255190 1316.4262937963
95869350.0336715430 1293.6323703326
92077354.0306978375 1158.5672676667
98352996.1502968520 1374.2034778595
96782210.1428444386 1329.7277827859
99446068.6952442527 1412.8427219391
97011628.7352972627 1340.9773936868
99267241.2232478708 1406.7934274673
99850283.0444582105 1427.3333225250
97930486.7797187567 1365.7136373520
90298027.9207653403 1087.2487943210
88526604.3540302664 1016.6506407483
91141437.7523516417 1132.6668150089
85588712.8800042421 876.4136911443
92892051.8832526654 1187.6454469964
90173796.0082084388 1085.1232066192
93072094.2909524441 1191.4447335668
93106027.9440022856 1202.4869260259
93597429.0874864310 1223.4341257840
98437841.9777043760 1386.2535324097
94343323.8655220419 1249.3116241977
90622174.6321427226 1108.3763261698
90626930.7930995822 1111.0922685526
92531344.8208267838 1179.1518411107
91959078.8794287443 1143.6317445158
91538800.9211642295 1138.7232905745
78107524.0961440355 520.4152877599
91367461.6208743751 1134.4273534677
88888529.8707300574 1018.2598399631
83682424.2336056828 830.9487618655
83634584.5508923680 827.2061320441
78170967.3615555763 543.7946212664
78134471.0524885356 525.5911206595
83257281.8804501742 792.2554450291
83294097.1690631211 802.2048033709
85525623.6765301973 874.5087757006
92885480.6315953135 1181.4691583916
95761267.0742548108 1290.3623527087
95361169.9858741015 1268.6901410616
78085561.6246473938 484.1519506504
98521394.2104119509 1386.6844859123
98047356.7944995612 1372.4031071663
99551258.0173827857 1424.0633049011
95476275.1713687927 1275.4282749988
94817059.4345694929 1253.8046575583
97694884.2117322385 1364.4436677098
96705895.2891798019 1318.6355250925
89858014.2940838039 1041.7287634260
96187799.3915498406 1301.4732871540
92226814.3739853054 1160.2029863745
92483522.3763748109 1173.3334455303
95759448.0419065505 1277.8960484639
95052332.9820686430 1266.6819297709
85724006.2271887213 882.9868767794
99127478.2115650624 1394.5711374283
78802974.8108208627 591.6842337672
78369771.5682004094 568.3474077252
85904261.3028140962 903.9130092030
78579190.0048054904 573.1099498025
78430278.4198550880 569.8755561253
78533030.4823828042 570.8317244286
78613485.4016144872 573.3953950289
83852120.7320867032 840.5661231317
78474219.4371150285 570.5105132731
78798214.6123079807 573.7166061844
78931713.8164998591 592.3742526939
78963277.0936334878 595.3595867557
79149833.2692507654 602.9272689321
79125852.1667460203 599.9323552945
79110987.2960107923 597.7774353181
79306789.6935671270 609.9818592933
79215116.0599210411 604.4902497032
79150029.3627445400 602.9784276468
79831069.4251678735 652.9538991614
79407179.7785645276 610.2048120627
79617725.5592645407 633.3346700421
79594075.2463149428 614.6864391271
79561854.3295007348 613.8120157442
79442011.6639471501 612.5250778922
79627268.4993573427 652.1375286742
79485057.4978362918 613.0558682212
80169456.2348554581 657.3143501512
80327694.3264398873 660.6881772841
80138155.1532847881 656.3036097346
80184022.9680913240 657.7842793976
80295717.4956699908 657.9330136032
80144145.2656765282 656.4488097877
80444507.4115890265 669.6577660293
80402804.8876189291 660.9573216560
80366600.1146934777 660.8434581301
80725061.9554335177 679.6719498701
80786883.9475427568 682.8813910540
80505508.1008869410 676.5287044717
80572790.0646868050 679.4002964263
80919170.9045744836 684.1448528277
80731432.4489777684 680.6637582000
80955580.3207534701 685.0060597683
81010017.1817978323 686.8712746639
81014854.5033916533 703.4552515049
81427973.1258800775 709.0167033880
81547753.8617560565 726.9958686365
81491654.5053077340 709.6370527727
81247065.7091064006 704.8001492300
81834628.7463234663 729.1454600899
81920625.7315134257 746.4383523093
82016232.3913089484 747.6378068046
81891335.2682932019 742.3528758386
82175893.4544325620 764.7602084303
82030855.7809013873 747.8542658035
81921271.1351770014 746.6278363413
82589951.1990644932 775.1898708697
82157152.3346121162 757.3888657362
82316866.1869400591 765.8334310520
82358867.4015350938 770.8475340874
81971324.3899747878 747.5115749310
83036089.9167153984 781.9216369222
82862684.5174792707 778.2497260292
83493488.6316606253 802.2447678680
83623094.4241607189 806.8977345253
83730542.5418548733 833.3304426698
83936519.1738826632 861.2019140339
83931154.9722907990 841.5865660589
84782936.5351537466 864.9024275331
87149287.3962026983 956.8601142280
85386135.5403053313 869.5242893524
85296490.3850751221 869.1038766331
85546072.1544319689 876.2979342344
85737049.6284180433 883.2178777272
85832961.2850485891 884.3429674322
85864730.1480441540 890.9938584827
85691216.5467792600 881.3930518443
86009668.5130611360 912.2794634365
86236051.1817535758 934.1308350824
86411030.0075869560 940.6205883622
86300462.5654245913 936.9052193575
86133500.2930973917 912.6068887971
87620853.4101344645 981.0628510229
87001739.0693328232 949.6044102125
87485459.9107895494 963.2052120734
88057242.0221261233 985.8770646565
87726631.0704536438 984.6937685758
87247089.8255828172 959.3008894436
87105948.9222866744 955.0385849793
89631436.0443338901 1036.2892218381
86993290.7248001844 943.7452488951
87333714.8239653111 959.4239340238
87237843.8116653711 958.4977661185
87454412.0346664488 960.9135539047
89196113.0008149892 1019.9578999430
88414011.3614667058 996.4349827915
88472301.9963391572 1002.8408093601
89465682.5014317483 1023.6856794506
90038102.5867121816 1054.5290830284
89467900.2062526494 1025.0368724018
89870081.7741102129 1046.7988339812
