58064593.7956485599 928377.9892578125
58227564.5493131056 939136.5341796875
58408296.4145257324 946341.4355468750
56239371.3544514254 765188.3339843750
56633363.5829925314 828573.6533203125
57272690.3838881254 885536.7851562500
57481165.5621379390 899614.9785156250
57951288.4166631550 924507.3750000000
58515988.9009590074 948711.0664062500
60376823.5620015189 1014246.5205078125
61108638.4873155057 1032997.2656250000
59244260.0812099501 976411.7763671875
56225833.5277426168 761258.4619140625
61610868.3212246001 1045254.8720703125
55966557.7148731425 691633.4746093750
56312382.9470945969 775754.4023437500
61400951.2483905703 1041026.2968750000
61327153.1459149048 1036482.3291015625
63080152.1402092651 1074166.9931640625
55916184.5533724576 668731.3891601562
55978830.7533756122 699800.6767578125
57775774.8409891725 914821.9169921875
55888778.3071526587 658807.1293945312
56721822.7557163835 837502.0761718750
57070265.6475733519 867120.7656250000
62622403.8969537318 1066873.6103515625
63104908.8616919667 1075306.7050781250
56286738.5576419383 772756.1279296875
57422366.2484917790 891129.7441406250
62797029.6789089963 1069879.9775390625
57941932.9193435013 923547.0292968750
57667189.5394229218 905918.4843750000
60063981.7877698466 1008413.2138671875
62658772.4113091305 1068335.2919921875
63763064.1231935099 1083524.5859375000
56113626.3280503601 740432.5000000000
56543538.0881269723 813595.6367187500
58991838.4145099372 969252.4833984375
63580999.6325483695 1080242.8886718750
56602485.4164471999 826269.3271484375
63222505.4299847111 1076176.1191406250
60666449.7835504934 1021698.1123046875
63859774.0174121484 1083537.9228515625
55881485.7903150991 648114.9726562500
58760013.4082096890 958043.3281250000
61060175.4948165864 1031231.5400390625
61423642.7017747909 1042996.1767578125
58375643.8050478995 945504.2587890625
57397167.0285420120 890046.8154296875
58381626.2304318547 945809.1367187500
58358000.8249034137 944480.4990234375
62875844.9052206352 1072356.3486328125
63285957.6298708990 1079070.6914062500
55933391.3342435285 676566.4477539062
56012094.9835260436 708587.4511718750
58471533.6373170167 947920.7275390625
63148238.8519410864 1076103.7187500000
57721116.3749831617 912377.7646484375
63366198.4014053866 1079383.7724609375
55997511.5086113960 703442.4819335938
56679140.1594021693 834427.0361328125
62443060.0994763151 1061971.3115234375
55967687.7337367833 696367.6601562500
56266652.0330619439 771587.4443359375
56575612.7980265245 819228.9042968750
58417763.9564262480 946767.1025390625
58081814.1827436239 931683.1201171875
61366982.8092243448 1038607.4091796875
62010800.7324355692 1054542.5156250000
63694733.3738090321 1083041.7460937500
56901169.1961660758 857851.4492187500
56647041.2545673400 831701.1113281250
63017906.8491273001 1073845.0234375000
63375587.0485831425 1079971.0253906250
57390114.8669181913 889559.9462890625
63695618.3945910558 1083466.9316406250
57850839.1531894207 918106.6162109375
59154119.5018579736 974868.1191406250
58102783.2263667807 932065.5556640625
60397677.7414787784 1014480.6708984375
61703563.7059756517 1048507.0878906250
56606722.4369617254 826860.2402343750
58179792.3445817828 936266.6025390625
60182047.6944496557 1009097.3066406250
56072828.6047710404 729123.6440429688
63744259.2497675791 1083522.9423828125
62035271.2165046185 1054710.3574218750
55962588.7774950862 688833.3876953125
56477112.9187636077 798718.5859375000
57018644.1595572010 863363.1660156250
59386006.3502887934 982492.7509765625
61759542.7890338451 1049194.8359375000
61783048.2971009761 1051299.2871093750
63292639.1820256338 1079327.7617187500
55935483.7280766815 681674.8525390625
59418080.7649581507 984651.7246093750
60153849.5219820589 1008885.6708984375
57117337.8000462353 873296.0224609375
63256127.4417754039 1077798.5488281250
57070529.4158501625 868887.1669921875
56765533.7214279622 842100.1601562500
57545199.9558559209 899742.0107421875
55922833.0883140415 669239.5019531250
56224746.3788300902 758812.8564453125
56933921.3175907433 858700.3496093750
59413752.9859166741 984342.3740234375
58448227.1342318878 947722.1328125000
57980487.1259146929 925350.9599609375
60567587.8970974088 1020650.2783203125
56576165.3552324250 820341.4609375000
63656314.1222971752 1080486.2871093750
56590447.0697731376 824320.7871093750
57964850.1177177206 925175.2031250000
58335962.4457049891 941812.5156250000
58446269.8072402626 947659.9843750000
59185396.4759172723 976391.5771484375
59443630.9168821573 986261.8935546875
60825148.2704545856 1026481.9160156250
62132986.7205470577 1058397.9238281250
56945343.6540366784 859059.1875000000
59271941.5699304342 980168.1259765625
60283954.0146780089 1011587.6806640625
61498250.8138128966 1043926.5761718750
57546344.9095420539 901829.2187500000
58142498.5393802077 933155.6298828125
55929397.8853902966 676405.6660156250
60870364.6910580471 1027779.0869140625
62315897.1374607012 1060384.7558593750
57872204.7624424025 921468.5380859375
58143073.9493267834 935425.7929687500
58224375.5152792111 937984.1123046875
56725478.5687372610 839079.3945312500
62502896.2082335576 1063898.0361328125
58575466.5276394039 950280.4521484375
57920241.3526616246 921587.1855468750
58262439.4975879490 939899.0214843750
56043990.0166961253 719818.1723632812
56804061.6917072460 845070.4960937500
60216690.1661786437 1011121.6689453125
60033850.3505783081 1005107.4345703125
56768098.9508557543 845000.1044921875
58064966.0540809855 929349.2763671875
56688764.6382402033 837143.5595703125
60426939.1140049100 1017634.9462890625
56188691.5101663843 755178.7128906250
62453571.8989520893 1063880.6621093750
56194262.6603441536 755552.9277343750
57988161.6425633058 927602.6816406250
62432531.1141441613 1061376.1494140625
57814842.2358992770 915662.0410156250
62375108.1605338752 1061259.8730468750
62041424.7483998537 1055160.5527343750
57672594.4366087094 908841.4160156250
56661705.4042980596 831879.8310546875
57837185.5419187248 917711.3701171875
57732097.5677037686 913645.4267578125
61886987.1444137320 1052334.3232421875
61740658.9670846760 1049092.9062500000
57819979.3361108974 915822.0878906250
56669899.7432814240 833137.7890625000
56841829.7915360928 852739.6083984375
58575999.6239858344 950795.4443359375
58826778.7738027051 960662.7275390625
57573678.0363638327 903748.9521484375
58853854.4341764525 964425.6689453125
61677006.8780176863 1046235.9746093750
56641065.0502645969 831395.6523437500
56534529.7192301229 811674.1591796875
56160140.5475902781 751500.6601562500
60844045.9611205310 1027755.0068359375
56232661.1613408253 763493.5620117188
58725455.8217983916 957952.4072265625
59627073.2834263444 990021.8095703125
56827594.9738801792 851297.8310546875
57024735.0646259189 866972.2373046875
56562047.9288741350 817953.6435546875
56515729.5100624561 809178.5761718750
60104425.0581528619 1008502.6689453125
61820897.4700081274 1052316.9492187500
62103721.5990195721 1056589.8496093750
58570348.6069975719 950001.5302734375
60719294.4249168038 1023715.9208984375
58846633.3848620430 961356.2763671875
56887041.3751378953 856048.5849609375
59711590.4501343668 995928.4267578125
60553396.6141846776 1018620.3701171875
56516478.4430364445 810101.7656250000
57471398.0149863735 895455.0732421875
58643205.2236419693 952375.7832031250
60694682.4680466279 1022296.3486328125
58933155.9394114763 964693.5644531250
56581983.9569632560 822617.2636718750
56978499.9895242304 861091.6308593750
56035396.7500149608 710257.8549804688
56093905.2927057669 736680.9409179688
60881264.6834609434 1028146.7138671875
55924524.7951863557 675802.9497070312
60048913.8380842432 1005517.2080078125
59429744.4390606880 984875.4960937500
60459744.5700942725 1018575.9990234375
56815074.2595336363 849599.3857421875
56806988.2410809174 845952.1699218750
56061009.3053101972 726454.7290039062
57374205.9205648750 887659.8388671875
58587985.2087827995 951205.3359375000
57024138.7809200063 866676.8691406250
59992587.3270988092 1002726.8154296875
55949160.3901267871 683864.6860351562
56130429.4780817851 743860.7783203125
56215266.4262439385 757475.0239257812
59069904.7495777607 972345.0146484375
59909215.2599448562 1001601.4707031250
59716701.1740951166 996023.0244140625
56744367.1077070609 839700.6738281250
56676993.6251262426 834035.4414062500
57263326.3924881816 882351.0283203125
60421798.6288972050 1015822.6689453125
57175896.4321933314 875965.3320312500
56112063.4552580714 739340.1137695312
58926383.2196825147 964565.6679687500
56039654.0587508604 713682.1352539062
58956282.4231165349 967275.8867187500
60306533.0237054378 1013627.4072265625
56154324.0993543491 749568.7924804688
57192487.8672688901 877699.2265625000
62328668.6821746305 1060656.6191406250
56019021.5328978375 709331.3935546875
57344052.7121142298 886288.3085937500
56140035.6310345829 744997.0019531250
56142661.4396634325 747457.1655273438
60303857.0389800966 1011829.2294921875
56208446.0316163078 756256.4038085938
59876718.5597070381 1000377.2861328125
55997278.5268653631 700357.4658203125
56057395.2241967767 722370.7988281250
59687391.3701962084 992471.0585937500
60405660.2720528170 1015778.2978515625
62579109.3280745149 1064173.1826171875
62305664.5051544905 1059211.3427734375
57250814.9718071222 881441.1191406250
60023418.9835161865 1004466.4287109375
60100474.6859742999 1008487.4853515625
62557649.7249824479 1064106.7519531250
56573436.8984898105 818603.2500000000
57156566.5426261351 874404.5312500000
57384182.4924755767 888954.5937500000
59838329.6432362124 999768.4443359375
58626616.4861375988 952090.7148437500
58694189.1486402303 956742.5566406250
60424270.6575967371 1015892.8095703125
62592242.9067621231 1064676.7070312500
56056582.4571333602 721631.3037109375
57412099.8291285187 890579.1142578125
59727581.9032783806 996461.5488281250
56035782.8076968044 713444.9824218750
57205810.6259751394 878494.8232421875
59337938.2858159319 981179.3544921875
56041994.2528063431 714354.8090820312
56470150.6429012567 792699.3476562500
56501912.4097416997 805961.9707031250
58772529.5161381960 960096.6142578125
56105322.0973575413 739060.6401367188
56493303.5101187453 805396.7412109375
56048891.4188956544 720272.5371093750
56087095.3050826490 732180.3417968750
58842762.0992306843 961193.6171875000
58669827.4569670111 954445.7480468750
60567267.9179717898 1019745.0458984375
56151878.1912551895 749103.0136718750
56468975.3353714049 790200.2294921875
57442435.3419811577 894653.9707031250
59041896.2243504599 970613.0644531250
57003498.4268865436 862087.7138671875
62249969.6978227049 1059193.9687500000
59658296.8696213886 991406.3583984375
56085338.4948706329 729356.4042968750
58944302.2148702964 965839.4238281250
59553049.4995395094 989490.4794921875
57169612.8268273920 874726.7089843750
62246404.8868813962 1058595.7324218750
56088418.9470851198 733639.5000000000
57208472.4808750376 879663.4716796875
59672348.9796257019 992057.4541015625
57102512.2830980346 870633.6005859375
61987367.1279442534 1052532.1318359375
56489876.0498421416 802619.8056640625
59511606.5607040301 986553.9365234375
58972168.0674493685 967919.7255859375
59521444.4407408237 988287.8330078125
59184224.7575359121 976039.4326171875
56405993.3801074550 782402.7392578125
56414836.8333428726 785646.4423828125
56375115.2135621235 780701.3173828125
56418132.5692261979 788725.2744140625
61196140.3667170107 1034694.4541015625
61585893.7178580016 1044018.9492187500
61209547.2463141903 1035943.0869140625
60987964.6724046543 1029065.8837890625
61019656.9067095369 1030205.9267578125
61061184.9514844865 1031816.7177734375
