399269254.4718639851 513917.5622622967
400330205.0491634011 617765.4558044206
400500427.2435271144 625611.8627647292
400584077.7742591500 625674.9574530255
412370999.0903973579 1015541.6480621910
412468771.7008018494 1016853.1021637535
412413397.7430859804 1016611.5296539878
418560734.3480946422 1165223.2931745416
418683756.8219119906 1169341.1722044116
421555094.8824678063 1224498.3374715149
421874376.7598105073 1227957.0483595049
426609897.8798002005 1322678.1201722315
428011922.8148947954 1343883.6796433618
442679429.5756380558 1549461.7019958496
442982665.8403550386 1554776.8107910156
449028612.2778155208 1627713.5399169922
448807748.8104763627 1625532.7806396484
456176074.5802449584 1685515.3459472656
403730511.4671117663 755209.1392594618
448865466.9633377194 1626648.6375732422
456409349.3073022962 1688018.4560546875
456270795.5222305059 1687615.4262695312
399894376.7397447228 588163.0593449902
403935242.9001877904 755401.6579124220
403537579.7524389625 755205.8743029125
411894585.0835101604 1010723.4239410972
448351468.5330228209 1620730.8968505859
403389851.3172933459 754890.7975463159
403450149.7753722072 754964.8699340113
403174734.6239469647 747280.5037230738
403178574.5376636386 747334.5247191675
442852129.1869688630 1549542.6438903809
449235563.7534013391 1628895.9832763672
448922303.0497274995 1627480.1506347656
465631162.0014787912 1738941.2390136719
442857289.6512017250 1549625.9242858887
400332433.2239318490 617790.7855552565
400468539.9976671338 625392.4516367745
443031813.9901024103 1555905.9283142090
443220566.6192637086 1557782.5093383789
456204380.2546671033 1685799.2246093750
467161707.5818966031 1742027.6540527344
400466230.3615762591 625289.3746603131
407835359.6542644501 906120.2499368885
465209352.9629100561 1737847.0700683594
408007641.5538644791 909720.9791026809
426687560.1641126871 1325029.3479859522
448630924.5692572594 1624570.5733642578
449050729.4325007200 1628144.7475585938
458136119.0032422543 1699514.9851074219
449105229.1654303074 1628229.9234619141
449398920.1925467253 1630674.9489746094
402810203.9198603034 726618.0689641722
465781490.7867863774 1738980.9204101562
419281016.8515968919 1184818.9477199977
419456651.9876827598 1188064.1073181992
420474902.9418986440 1208511.2379509425
408175401.5912511349 914961.9034389853
420977859.5146171451 1221770.5885206377
426971490.5005494356 1330245.4956910303
427243321.8169938326 1333509.8167359522
407244945.6787391901 881821.1009892919
411959890.8462638855 1012624.4983751988
420294881.0464542508 1208353.1992051816
427032673.9081155062 1330767.4527222803
426676177.5066035986 1324412.2304322412
428174011.0335583687 1347678.5291440785
448360826.6943202019 1621308.3192749023
448562843.0104813576 1623771.0748901367
448399059.8655584455 1622001.0414428711
466299283.7893813848 1740021.5925292969
421147969.7363178134 1222694.9453900522
463580209.3568637967 1730296.9226074219
427314452.6402210593 1334387.4752168623
428149355.9622473717 1346822.9911337197
456336521.8818085194 1687618.6145019531
420688380.4537340999 1215817.0720990365
400073934.7478666902 603839.0676076245
447963922.9944508672 1618133.0349731445
448060808.5302070379 1619272.1823120117
466800634.7713099122 1741084.8972167969
420486930.4296602607 1211846.9038861459
443491115.3230876923 1561321.3500366211
466988525.0192468166 1741522.8649902344
455899810.1394183040 1685394.9284667969
448036235.2627988458 1618959.1622924805
466609463.9109839797 1740912.3752441406
400003679.5365661979 598814.1700090598
399970654.1417571902 597193.5642961692
407416222.1482893229 891817.2772933492
420322505.5668264031 1208479.9348920053
457323728.2351403832 1694819.0029296875
443240444.3749862313 1558553.8694458008
443449095.6900022030 1560209.6985473633
426922131.9249004126 1328475.0853502443
457379194.0275206566 1694832.4843750000
443383864.2289683223 1559608.2445373535
420090361.7934611440 1202806.5551063484
419621667.8688264489 1192473.2852928108
444027872.8203382492 1566661.7255249023
407278179.7679520845 886531.9005498388
419339022.1626122594 1187219.3112616902
399924512.5377039313 589563.2748095822
418954111.2030423284 1177654.3526299363
399929754.0358683467 589571.2016307246
407566404.4477800131 898312.5748662450
463664574.1876479387 1731113.8288574219
407908397.4880344868 906458.4502142468
419009752.2399317622 1180481.5406182176
399892687.6081659198 584032.7216067743
447073274.3096317649 1608156.5601806641
443593284.8820859194 1562884.3587036133
462999119.6375722289 1727238.1103515625
399323517.8031766415 521719.6404531728
399863094.4851304889 583888.5194583368
418585558.6588266492 1168984.8176567918
457396213.5169689655 1696165.8166503906
457181383.8038082719 1694637.5656738281
463199435.2730435729 1728610.4794921875
464014316.2365981936 1732414.5112304688
444396039.1036266088 1568463.6118774414
418505034.0564307570 1161239.9548034882
426535395.4689780474 1320233.4556619814
403012116.6602321267 739726.1162719019
403108970.7418841720 740728.7530282326
457506960.4541619420 1696438.8322753906
464275493.7860077620 1733455.0861816406
446021079.0017299056 1591630.8049468994
445919888.1920089722 1590730.1439056396
450008358.2516644001 1632222.2485961914
450367472.2980836034 1632347.4057006836
402927232.3338916898 733973.3748505898
463277019.1660814881 1729111.0595703125
449974829.5642552376 1630829.2999267578
402326786.6392367482 708000.4872428924
446011467.1155859828 1590998.4533386230
457029567.7922523022 1693851.4064941406
407621711.9619522095 898724.0904149511
446271353.9125188589 1595740.4685668945
446132780.5316383839 1594461.3398933411
399631132.6827850938 545096.4123101514
419877606.5957028270 1196435.5210372573
425855991.5401238799 1305893.6814288786
399495338.7720881104 531174.3889649343
425781216.0962951779 1305490.7485534837
399577449.7253064513 544846.9406078458
402602931.9424688220 720490.2130765468
425423343.8347513676 1297826.2871277025
425345094.1432240009 1295846.3761861017
399717457.2981080413 553359.8903075587
425325012.8814746141 1295680.2045552423
425213070.6934521198 1293335.8026997736
425028252.1924335957 1290994.3053853204
457017249.4105834365 1692880.5056152344
412837062.1533566117 1028524.9082201449
464385088.4097164273 1733532.9604492188
402257160.9684014916 706230.3097257167
402439881.6933079362 713396.5972562116
412760521.9752194285 1027544.1384014357
423367822.0672922730 1257038.6096846145
423219829.3115676641 1256541.8276364568
422908831.4952462316 1249620.4261344951
411248299.0847136378 987028.6678299299
423369367.1493088603 1258343.0838057082
423506759.2407383323 1260078.3486982863
399651817.9929147363 551931.8787108790
399564344.9569913745 544227.4087401759
399525887.3205650449 538145.5641655289
423409548.1798983216 1259637.6861006301
411177170.5765842795 986710.3809036603
422975278.6113043427 1252942.2675315421
433608470.5688952804 1413223.9988012994
422683790.6560016274 1247213.0243674796
422276555.3222842813 1239516.4931174796
411392531.6517409682 992938.6964363437
422466316.5015411973 1242784.4789573234
422329469.5864043832 1241810.1742698234
411501001.6021926999 994698.4551834455
411312288.0928977132 992096.3299393049
401533619.0799037814 665578.6812639367
433567567.9774870872 1411890.3251281539
433048714.4724951386 1405786.1705517629
402028977.8630946279 689039.6601149123
401988130.4170315862 683070.3794752639
401835065.7894234061 675046.1610248368
401883132.8193584085 680998.3648822587
406797503.1786582470 862712.1211153809
406855160.0653074980 868832.2752291504
445846043.6558370590 1588195.9377136230
406832621.9793983698 867524.6422945801
455832939.6693885922 1680859.7644042969
406972713.7541718483 871755.7219731510
432846406.3366359472 1401605.1914257864
432835679.3153948784 1400076.6087841848
432627583.1063588262 1396661.7939648489
445636902.5663223267 1587006.5563659668
432470991.8197872639 1395781.6864209035
401883019.9444004893 675435.3650449794
406111628.3665299416 835771.6796519756
445482615.0236459970 1584833.7221374512
444568255.8149850368 1572933.1428756714
401960901.1963911653 681313.5503477138
406100549.1012221575 831845.3754990101
406328212.2692600489 841562.8473542929
444581722.8352849483 1574012.2867126465
445263658.3076884747 1582603.4606628418
411176665.9224649072 985879.8198751835
455696553.6951922178 1677523.5119628906
406209420.0130375028 839757.8344548941
431647194.9993514419 1379814.4884670405
432430920.7633333206 1393993.4052777598
413166007.2700310349 1034924.2826622343
413094746.6689226031 1031723.2218616819
405761585.1290489435 823186.4924423695
413051881.9481937289 1029963.3398445463
462502624.4497374892 1722100.1027832031
462023710.4086117744 1718810.5351562500
445480140.5626788735 1583663.4884338379
413127330.7757818103 1032353.7290890375
431768025.0798420310 1384492.0560508082
406562948.1463739872 851150.5185785294
418436565.8387208581 1147682.1395893795
406162107.5963388681 837106.9557064371
405910599.4213886261 827487.6078112721
405657320.1495332718 813779.4011132121
405480101.7977612019 805997.8858544230
461179400.4392412305 1711951.6843261719
461660016.1657763124 1716185.7565917969
461308303.2842046618 1713741.8820800781
410777088.5328434110 972430.3663848785
431149499.5434315205 1372360.3110310584
404899273.9043347836 780805.9472789895
405157437.6842780113 789677.3395181727
418301957.6037043333 1145230.8316744482
404972891.1780160666 781681.7194781527
404766583.0600264072 773562.1650149655
405089391.5365027189 787840.9839000832
414074478.7156835794 1049974.6959862281
413941849.6460976601 1047502.5870797038
417724236.9380142093 1131784.9789418494
417119084.3860756755 1117205.4037122047
417218090.4687471986 1119055.1031626975
417329010.2529619336 1123739.1509656226
430615555.9968978167 1361455.0008676909
430554067.8847699761 1360648.4043317309
460564993.0540060401 1706627.6687011719
430548244.6227251887 1359210.0809219836
416566539.7888533473 1104748.6641304791
430421548.3870264888 1358375.5257156848
416949127.4728584886 1111191.8503178656
416539401.6265311837 1103810.6707146466
409938385.8171283007 944826.7417135087
410031130.2077537179 948394.6308101562
410239447.3203961849 955528.7394317535
414974321.1942427754 1068754.6954839230
415201938.4323625565 1072346.9364788532
409747270.0061965585 939179.3310865310
415119175.1292424202 1071019.2670528293
414806291.8997341990 1065226.9882509112
414927962.3201134801 1065719.1463770270
414756277.1317258477 1064333.5747987628
414704601.3800643086 1062837.9138233066
409895998.9859536886 944277.7440704254
404581979.3295776248 757543.6504503023
404550675.7085685730 757270.0016523134
409845060.4436881542 940771.9900339840
441731068.2682052255 1518784.5136377811
441902571.3838723302 1520162.0274925232
409628326.6490423679 933992.4561323074
410097629.2685592175 950170.6165155999
442008674.9227511883 1521625.0837669373
441810315.2645944357 1519401.4128475189
441634533.7766552567 1515394.0834255219
409460763.3063859940 923444.7709947005
460287436.3688479662 1703960.0156250000
459805010.3065972924 1699997.2229003906
459945495.4121235609 1701471.8325195312
440174234.2063381076 1484819.1952896267
440425630.8558516502 1486941.0860366970
440075954.4465564489 1481139.4120654464
439740597.7965371609 1477638.4917086959
439959558.6784337163 1478695.9664401412
440011141.6876275539 1480553.4353193641
439980316.0800162554 1480439.2713543773
439966235.0507963896 1478799.6556270123
438816212.2842355371 1460194.8342127106
438368707.0419970155 1457536.0390895009
437872135.7702218294 1447860.7833766839
437265662.8301819563 1435523.7924003503
437392546.3186529279 1439597.0858712709
437733714.7340181470 1444432.0663871667
437583157.0718086362 1442768.4454166889
437449411.0822649002 1441647.9865531824
437700740.8719636202 1443827.7908134363
436220794.7705072761 1423543.8711487898
435720309.9481310844 1416487.0888295118
435817054.8846060038 1416838.8833119515
436109917.9547214508 1420629.0572714806
436118883.8010995984 1421465.0793470982
435999446.5382475257 1418122.6345992927
