1230818461.4471566677 7227.4706980461
1230219463.0702171326 7197.8373828359
1230388807.4733266830 7205.8904282326
1230678152.6658434868 7213.1684729332
1230672973.4467835426 7210.9440308158
1230963301.8325297832 7232.4684874290
1360182803.3708517551 10969.4760437012
1192054955.6652772427 5007.6309946954
1242941418.9987506866 7842.1155103314
1244171123.9839806557 7887.7424484015
1192596770.0352644920 5040.0032162397
1192375009.1358366013 5026.5526079863
1192438194.7030997276 5039.1870865553
1171010978.0385282040 2959.1760681924
1171999605.4670650959 3003.0902094857
1321515320.9110405445 10411.0447511750
1171627329.9033212662 3002.8385534282
1243041989.7981123924 7845.2315339650
1321265756.9795532227 10407.4505038338
1171202903.4518449306 2979.5566502519
1171148681.1642386913 2978.8922239607
1170927502.0764322281 2955.8042578111
1191996729.9023270607 5007.3571525492
1199940334.6610994339 5482.0637651859
1360023462.0130138397 10968.5323934555
1167695807.7427387238 2547.0915313821
1167654265.9590525627 2540.2663393134
1167828416.7949690819 2553.8059706955
1166620638.8855109215 2366.3982609955
1358428780.6320099831 10952.9084849358
1388819042.3417441845 11187.7081203461
1170432596.7965476513 2874.1905010673
1167336565.2775719166 2506.9575780492
1244115729.8341047764 7885.5111441732
1318666339.1250452995 10358.0656402772
1170798382.8837351799 2913.9720846192
1170858476.0672070980 2932.4691728960
1387948447.2004299164 11173.5893001556
1397967762.6311166286 11244.5751833916
1192692008.5808014870 5049.2820321644
1170761207.9629163742 2912.6652585874
1191624006.2223927975 4984.5526070577
1311896931.4676837921 10127.7930639074
1310815265.5618546009 10104.5390672968
1357010042.4917421341 10928.8892874718
1192199268.2481961250 5020.4259603028
1192098100.0636270046 5014.1497895545
1243299239.4335985184 7858.6886847363
1194634750.3503758907 5169.7785711791
1311707503.3559751511 10122.9078917787
1312373388.6403639317 10130.5279150293
1170543428.1073169708 2893.7392136659
1242098545.6986877918 7787.2156217237
1311448601.3739857674 10121.2305598543
1311248884.7007298470 10113.4123897836
1167180338.3409128189 2468.4293084168
1311361506.9726605415 10117.1440048502
1241825474.9354059696 7778.2921023591
1169932101.8114769459 2816.6385811827
1169791879.6871435642 2795.7248243353
1169594591.2191121578 2772.3897394202
1167151630.7536697388 2426.7887172419
1193726004.6880304813 5103.8318464146
1167011927.5163693428 2403.7515931576
1199829878.1772627831 5470.4148207703
1199022562.1929466724 5420.8339827084
1199595416.2764079571 5455.4175663987
1199555144.9584624767 5445.3671980897
1199750353.3313231468 5455.5479432145
1199220894.9667153358 5426.4647961655
1199484310.1425521374 5439.4047280350
1199509328.6487164497 5442.3354424430
1199303972.5158896446 5432.9010773697
1396449373.9238240719 11229.8461890221
1198076964.9656133652 5353.7976426948
1395769349.4745752811 11221.3962225914
1241433031.4011466503 7748.3850422365
1312589196.6209797859 10142.7215261743
1395781936.0191586018 11224.1461663246
1241081646.6253690720 7717.5830040466
1241011104.3721015453 7704.4068979187
1241106505.7256412506 7726.4186311256
1188747892.8477449417 4673.4630986448
1396267262.0032494068 11228.2724347115
1169470987.5598251820 2729.2278589070
1169253142.1745033264 2687.6743036105
1227688066.6508460045 7052.1375578147
1197663670.3184394836 5314.3746727817
1313781874.7023737431 10176.0691919862
1227918973.3193216324 7057.5658760659
1197381950.8123283386 5299.3094606095
1313007843.5243933201 10156.6778049753
1227487305.7918612957 7039.7275292956
1228170799.3070926666 7070.1590621127
1314121649.8315246105 10189.3820041953
1286168109.8448274136 9251.9582848499
1313843749.5972394943 10181.3092836677
1197008406.4860985279 5267.4879110679
1197177459.9916198254 5279.6772940034
1313400554.3510317802 10167.7678270624
1169427148.7467079163 2709.7669758056
1313218095.1149952412 10164.0268321321
1228199006.0440578461 7073.9342670144
1228478129.8572587967 7090.4728672694
1168912682.1846907139 2637.4346723847
1228247273.7455244064 7080.9576651488
1168981072.2519168854 2640.5422220651
1227785424.0252389908 7056.9704561703
1189159950.2143366337 4706.9141062904
1197308201.5375030041 5291.0076578483
1197112931.3308749199 5279.5019510612
1197441413.6145999432 5299.4373997077
1188830842.5383517742 4676.6587968874
1189589168.9847412109 4739.2757081199
1228759706.7357397079 7107.4395734065
1188972759.4415092468 4693.9523978043
1189306194.2047014236 4718.9857498888
1189209579.9517636299 4716.7261618782
1190416468.3816795349 4819.9204955495
1168803903.9480016232 2572.9175221608
1190082992.5895869732 4787.6904784321
1189483768.3046638966 4738.3708405375
1239999987.9337208271 7614.8943466552
1239460877.8520123959 7579.5926234134
1196365537.1208546162 5203.4982611128
1238339363.3399224281 7498.1405508491
1238422490.3283567429 7517.5794267627
1237966318.7311074734 7487.9973606303
1395011778.5954415798 11214.5616631508
1238405523.9796872139 7512.6793642476
1394150076.4712295532 11211.7708592415
1394490383.5903968811 11212.0520787239
1238003075.5610241890 7494.2116418531
1284312592.2681412697 9168.0300879423
1284100722.2462742329 9160.2666216437
1236323539.8635771275 7414.9867410657
1236006047.0542845726 7402.8597826955
1188312860.8786096573 4527.4746565504
1283888636.9039294720 9150.5144925658
1188538810.3448677063 4533.5525791391
1284314133.8156757355 9170.9497136874
1284409406.2263586521 9176.0367584769
1235417353.7101600170 7361.8895781097
1235311039.9807281494 7358.4253370819
1285176577.8863244057 9198.7068087551
1284702444.2076933384 9184.9042209778
1284737633.8489587307 9186.7633529994
1233972079.0647609234 7280.2296391427
1233238041.7265803814 7245.7998149236
1309900874.8740756512 9943.5029917970
1309655773.5742764473 9938.6188765779
1188285478.4340326786 4485.7314761427
1187997260.9236228466 4471.3633793738
1309372032.6318221092 9927.3196200530
1188077222.2527205944 4479.1666227819
1308550158.7931549549 9892.5649849001
1351080506.6336655617 10765.7157928944
1308775954.4005694389 9895.9227820460
1308384939.8178081512 9888.7868386332
1308280430.2291197777 9885.3809958521
1307665902.9488492012 9852.8628843292
1351680533.1061594486 10777.5446135998
1351643527.3751392365 10777.2883727551
1283662011.0341019630 9120.3113140352
1351226292.4958817959 10769.4123938084
1307853855.3831691742 9858.3082920775
1306936151.9737777710 9835.0379517540
1307196800.8640830517 9843.9418271050
1350386099.8912596703 10745.1497387886
1306335328.2880256176 9819.5405436620
1350791268.5846583843 10754.5930488110
1226997194.2217576504 6852.4277157494
1350288511.1683723927 10732.7702288628
1184195062.5532157421 3979.8073937073
1283850316.7909827232 9123.6403061149
1184162891.3669576645 3975.4401647224
1350249989.3841443062 10729.3291749954
1304047855.2193853855 9725.9930155532
1303246022.9262285233 9706.6216653737
1187478169.1520528793 4340.2276558667
1187452550.2932655811 4340.1238960415
1299605948.6738398075 9600.0661856108
1299735022.3386054039 9605.4820648604
1299149013.6952760220 9574.9898382597
1225753880.4556100368 6721.2914069112
1225262234.1720521450 6693.9457532448
1298788102.0648708344 9562.5013172798
1298490558.2497162819 9556.7087075882
1298592714.5513932705 9560.4104426079
1297811602.3589243889 9516.7982374062
1224706785.1235566139 6631.6801630367
1224710409.5064213276 6637.5864631046
1224851559.2440075874 6645.7746363987
1224315100.9206156731 6612.1110879292
1186266576.8065226078 4169.9129368847
1297241242.8809051514 9499.7407023539
1185835775.9588255882 4122.0824883216
1185740183.0474183559 4113.3543515813
1185392894.1896579266 4087.8607884914
1185516898.5098547935 4100.4237052471
1185803333.3369352818 4120.4757298918
1185379696.9327852726 4067.1677254807
1185283166.8868026733 4064.5081454021
1185314829.3703148365 4065.1260145779
1224222567.1977081299 6590.7304913634
1182537703.5992136002 3700.6102321290
1291891748.0955798626 9319.1233915971
1291691162.8337397575 9315.1235003160
1291373777.5121123791 9304.7703952478
1223847892.0056641102 6546.1886033822
1291181113.6758244038 9295.1643380807
1291122992.3425641060 9292.4651033567
1183462319.8155481815 3810.3523307689
1183173539.6648967266 3772.1669627161
1183571706.4961636066 3811.2725124092
1183224530.0213346481 3788.6436048479
1183061567.2708401680 3769.6185400080
1182972047.4713284969 3767.4882875414
1223666829.5949289799 6531.7980833162
1291001742.9942009449 9290.0776165710
1181173788.3748435974 3541.9610451106
1181141832.3760840893 3541.6817277558
1181025909.6134667397 3453.2676172616
1290928038.3186886311 9285.8890431263
1290860509.9089505672 9284.6265580990
1180472549.5580024719 3420.1702328291
1180457744.5146572590 3417.6862814011
1180280405.5391750336 3397.7706439462
1180517617.0626623631 3422.2794048157
1180415319.1122081280 3412.7671210732
1180180563.5366590023 3344.5019823594
1180237451.0460999012 3366.2613501830
1223319116.0919082165 6458.6873588291
1179056277.4980618954 3167.4509449057
1178876527.1432867050 3149.9066305383
1178727855.3242480755 3129.1327442675
1178662150.0735800266 3095.5249719700
1178510419.5910069942 3081.0916661780
1178611227.4252042770 3095.3084087452
1178467393.7009305954 3065.4516610881
1178154279.1249403954 3013.3334254053
1222100886.5415215492 6363.0446337551
1221758563.3983128071 6341.3824266067
1221296168.3395826817 6307.8770648821
1221778520.0071921349 6346.7606093973
1221461579.9908633232 6321.6853362599
1221033338.0070369244 6284.7556738237
1221227412.1645753384 6297.0018936971
1220368896.3224480152 6223.3708616675
1382243675.2919394970 11000.3437433243
1280073261.0512363911 8847.3007304440
1280059189.1827092171 8842.5726725726
1219512857.4406292439 6149.3966978293
1279850713.4046640396 8818.6410512696
1219494469.7295575142 6131.5711246233
1219509792.7105591297 6137.3301735621
1279344690.0166807175 8791.1901112567
1279103634.3173739910 8788.5059717144
1277928711.9079155922 8731.2749489094
1278282965.9454600811 8747.2649781252
1278397986.5935637951 8755.7647248949
1278202822.9167730808 8745.8624591674
1217341265.2788767815 5955.4828839006
1217184630.2844543457 5954.8581878843
1216923212.0051698685 5941.0031957331
1216915433.2739388943 5940.2094175520
1216827194.0952694416 5930.9132158696
1217484974.5828623772 5957.9010003860
1215521819.6929380894 5809.1948070758
1214242765.4625015259 5737.7122645206
1214352244.7407524586 5737.9840166993
1214528520.0619156361 5751.3481702004
1212159266.7663156986 5551.7048415347
1212488824.1661484241 5572.1007338269
1212397601.8162987232 5566.6522280379
1277180228.2846891880 8590.4790830134
1277431005.6703207493 8597.2649951893
1277374554.0875339508 8594.1354445933
1277471916.0374526978 8599.9199945151
1274203841.3110239506 8446.9765388350
1273889153.6285877228 8442.9491545390
1273500288.3887860775 8427.5688749980
1273003453.9220621586 8406.5478736590
1273222699.4340331554 8414.3415323924
1381213633.8742315769 10980.8296899796
1270514241.7844295502 8262.3467293142
1270097163.1175706387 8249.6053615611
1265407606.7812256813 8052.0062595180
1269690724.2961840630 8227.0817446809
1269866443.0435340405 8239.6426478725
1266593798.7769982815 8084.8260980767
1266939380.8724031448 8095.0910813522
1270993991.7831027508 8268.5582723718
1270936430.0425887108 8266.8409670692
1269636288.0348672867 8216.3030868380
1264410725.0427474976 7972.9121100043
1264399893.6432933807 7958.8558270072
1264293829.0279631615 7958.2361573296
1263975098.6633231640 7948.5738523769
1264158137.9395492077 7955.2151952552
