864999456.0669534206 6043000.2031250000
886808256.5782421827 6180946.1455078125
886164627.8244444132 6180382.9189453125
781033878.1783648729 3215453.5758514404
781499155.4697650671 3265482.8536529541
799787949.2591563463 4280216.9949035645
818736295.2491353750 5064486.1199951172
818298187.0136823654 5047479.5037841797
849553204.0128558874 5839089.4003906250
772711859.6373611689 2478891.5896606445
781277838.0673424006 3250931.4775543213
818128512.9003885984 5044073.8734130859
818504389.2422574759 5051208.2508544922
864584945.4822049141 6042328.2001953125
885773565.2629048824 6178031.3310546875
768947905.9596104622 1960666.9960784912
769444156.1268360615 2035315.4053802490
772695058.6478654146 2474662.8740234375
797639148.9509772062 4183898.7094726562
818930754.2626807690 5071250.5684814453
888960559.0348331928 6184084.7773437500
772800495.4276829958 2484362.3049316406
781667431.4242242575 3269771.8488006592
822403097.6607362032 5179878.9294433594
822315126.1156061888 5177918.2233886719
835239697.9876241684 5557639.1948242188
772641590.8113504648 2471444.3708496094
772612979.3206757307 2471134.8477783203
848699600.6285890341 5824732.5917968750
797624385.2929345369 4183783.3608398438
866232388.8150230646 6053484.7324218750
797590880.2468024492 4181717.1142578125
797799571.1781512499 4192475.1159057617
797743759.2044607401 4187887.9699707031
797676940.7238818407 4185711.8906250000
797768496.8422306776 4189947.9938964844
797531091.0596853495 4180904.6689453125
819401274.0992429256 5085417.6212158203
769520714.9111859798 2046748.0692596436
772576126.1528486013 2467978.0891113281
772512167.0433144569 2458433.5444946289
848852910.4705752134 5828401.0537109375
768613210.6439297199 1909586.1569671631
834329590.9343295097 5532128.9477539062
888490312.7635711432 6184036.9687500000
821702876.5958029032 5168938.6232910156
834494672.9358239174 5537991.9692382812
834559653.3445670605 5540475.7739257812
772529180.4169112444 2461182.4654541016
781117539.0020344257 3236965.6997528076
781047952.3122800589 3236515.6616668701
782249332.0259001255 3271231.8952941895
821339381.3584543467 5157226.7043457031
836685487.8341852427 5586152.3627929688
861010746.1160664558 6000016.9062500000
781749058.3639689684 3270385.9562683105
781790024.3579937220 3271140.0364685059
837143723.5973581076 5589080.2451171875
837253347.4339081049 5591222.3208007812
781685224.2523096800 3269907.5193786621
799199105.7202837467 4256865.2384948730
772782770.5274050236 2481236.9185791016
836650423.4815906286 5585375.8364257812
865932471.4280046225 6052053.0302734375
865721150.0340797901 6048236.3603515625
888419362.9742013216 6183851.9013671875
780772765.0591083765 3215182.8201141357
821850094.8320719004 5171948.3173828125
768699457.0780494213 1932496.7676849365
768624137.6739660501 1917000.3642425537
834915821.0829713345 5548504.5673828125
781131206.4000045061 3239703.3171844482
781251225.6258113384 3247171.0406799316
834537714.9820113182 5538597.8886718750
821052561.6134873629 5147923.8981933594
834463415.8099834919 5535943.3090820312
849721991.1169346571 5840621.0371093750
834057370.5132679939 5520508.3769531250
884563858.7421964407 6172158.5263671875
821514167.7755306959 5161546.3820800781
865857044.2946739197 6049778.8437500000
834631269.6515190601 5540485.6704101562
836511957.3335043192 5581137.8598632812
834691695.4580898285 5540789.9809570312
833936513.8420047760 5517430.7353515625
865364718.2429461479 6047037.2177734375
887898092.8157176971 6182430.1650390625
798871060.9912588596 4241301.7270812988
819457853.4436343908 5092214.7205810547
850237980.9952772856 5848328.6689453125
861586248.0290255547 6005585.0126953125
888177887.6876088381 6183736.9453125000
834293710.6572365761 5531757.4868164062
900682435.4092557430 6200789.2167968750
885148477.1536618471 6175031.0625000000
833734692.7167451382 5510692.5063476562
820912167.0028188229 5141122.0051269531
780279921.6891181469 3173524.0218048096
780019176.3518277407 3149141.7107696533
780141414.2628597021 3162120.2063751221
817709331.3119986057 5017250.2745361328
820722726.6860404015 5129638.4221191406
820894010.7084615231 5139764.5998535156
848203591.2928477526 5816340.2104492188
791405961.2051837444 3830435.9264831543
797878389.4637374878 4195127.8249206543
863795664.4447257519 6032648.4082031250
864417141.1528888941 6039267.6259765625
817843985.9980080128 5021157.7061767578
779623579.0538344383 3108766.4754791260
797707959.3289271593 4185714.9245300293
769199799.4675453901 2009637.1645355225
817892260.6980805397 5022187.2437744141
900615306.8183879852 6200637.8613281250
820030975.3577421904 5107398.3559570312
769064766.0091189146 1982953.1950531006
768994418.5156023502 1967347.7559356689
798423451.6835741997 4220684.7522277832
798280243.0546154976 4214093.8561096191
779406685.3726937771 3092538.6368560791
849151158.7785295248 5830789.2407226562
861997330.9940416813 6010917.4697265625
779528149.2986012697 3101355.8536529541
899656598.5153850317 6199235.4052734375
863499076.9157414436 6027328.9482421875
863340159.9761433601 6026492.7373046875
779883383.5325605869 3129391.9890899658
874041417.2121489048 6098531.4687500000
833502080.6345876455 5502799.0297851562
833061789.6735318899 5491588.6081542969
862089224.2512977123 6012375.0273437500
862823699.0068125725 6019337.9062500000
873238952.9313246012 6094323.4443359375
832703790.0291546583 5479785.1794433594
832749185.7623583078 5482264.3728027344
818107390.6744823456 5032973.6778564453
862694650.9954369068 6018104.2080078125
779762192.8112752438 3117296.3272857666
779832344.2793600559 3125335.7313385010
779876664.0757417679 3129058.5890045166
779700597.9594027996 3115932.3619537354
900152602.4553691149 6199988.9892578125
899345189.4741939306 6197794.7949218750
899851206.5116027594 6199595.3007812500
832565989.7048579454 5475594.9040527344
813950573.7744073868 4846560.4368896484
814196985.6189372540 4864184.9471435547
814003295.9196975231 4849524.7615966797
814052473.4670631886 4852532.0413818359
873713911.0784864426 6097186.7656250000
797085444.1296986341 4137741.3106689453
796801157.4921315908 4110741.8922119141
796880324.4735180140 4128229.2647705078
796817229.0009564161 4116563.1993408203
873405419.0538741350 6095911.1542968750
796671184.2620896101 4109365.0784301758
796555993.4643745422 4101398.3116455078
871952058.5883783102 6085183.9414062500
898626885.4130517244 6195852.6171875000
872208508.1856673956 6086833.7373046875
770198868.3003212214 2053837.4934234619
796263585.6929943562 4087673.5040283203
796384306.1752600670 4093702.9102783203
872780786.9349800348 6090598.5332031250
872924486.3221305609 6091292.8378906250
794893584.7606855631 4008641.9268188477
794779276.9298268557 4003938.0869750977
794638261.0023866892 3994398.7243041992
795037161.3209887743 4011989.4028930664
871105205.5787178278 6073446.8486328125
871419252.2418838739 6079641.2802734375
897230859.0027545691 6192083.1328125000
871228807.6035476923 6075844.7636718750
871150823.4559048414 6073522.7294921875
871196117.2923644781 6074204.3828125000
871489884.3277806044 6080670.4726562500
770524513.7041494846 2075858.5756683350
896505075.7685295343 6189316.7783203125
770606532.9556562901 2076475.9789276123
795485848.9630520344 4034223.5895996094
772314236.9191957712 2338410.5261993408
772147399.3479527235 2325527.8206939697
772101408.9400902987 2312852.2716827393
772080054.5949441195 2309425.1500396729
883270716.4917447567 6152161.7929687500
771576965.9460994005 2249644.0690460205
882670675.6778182983 6146030.3232421875
771212166.3571928740 2184034.7776641846
771241182.8259541988 2190462.0720977783
794358825.4362547398 3969247.4412841797
771539365.8768347502 2236720.2072296143
771518017.0433720350 2228721.2597198486
771477507.9090582132 2214129.2016143799
882237053.6483684778 6144361.3183593750
770905737.2570852041 2096051.1107635498
770847800.7796003819 2092623.6915435791
817600768.4119942188 4977909.5477294922
816225233.7183740139 4924826.0633544922
817306128.9736988544 4967805.1749267578
770737621.3464241028 2082816.0761566162
858055847.7096612453 5935139.2099609375
881775179.2323760986 6140079.5712890625
816038003.0121864080 4919901.2648925781
857502027.7045588493 5927525.3085937500
881680755.2417511940 6138986.8212890625
857273272.5668294430 5921912.5688476562
793588996.3571194410 3917610.8422851562
816288320.0375804901 4927389.2634277344
858421354.2684104443 5936679.1435546875
896142181.5449508429 6185711.0966796875
816119860.8948633671 4921951.2590332031
857385408.3165383339 5923800.8496093750
816991437.7807394266 4952671.8443603516
792907930.2251087427 3888365.4238281250
793035460.6710115671 3890322.2246704102
858573058.4454671144 5939203.4716796875
857918133.8549880981 5933495.0371093750
792581606.0508421659 3869395.0112915039
895616131.0791832209 6184636.8750000000
792636591.3933058977 3874479.5786743164
792599098.1423460245 3870813.7225952148
771165900.1156648397 2138931.5706481934
857183692.6749658585 5919570.2939453125
792563495.9306904078 3867617.5043334961
895420809.1886531115 6184104.7343750000
792419102.2063276768 3862744.7023315430
774560710.0356177092 2534705.1740722656
774431701.2218872309 2522975.9591064453
790643177.5329972506 3746283.6191406250
790482600.3137040138 3737263.9975585938
790177667.5978472233 3714609.3696289062
790254047.7521243095 3718219.2141723633
856666051.3396756649 5907286.4150390625
857047145.7013452053 5912214.5654296875
777246824.1447656155 2785986.2777404785
804168210.4492182732 4373762.3545532227
803948339.2829282284 4362188.7439575195
777127398.8695204258 2776401.5380554199
779124251.9982132912 2946115.2845611572
803301062.9067587852 4328959.9756469727
776957568.9544657469 2750921.1424865723
778781804.5171951056 2897399.8770904541
778682835.6912802458 2891831.1553497314
778616289.4640440941 2877590.4987945557
778537534.0112714767 2869725.7924957275
778480122.5350172520 2868952.2082672119
778437604.3151144981 2863340.7302398682
880493961.3348110914 6120174.4794921875
789467655.3583285809 3615749.0796203613
789539471.8917732239 3620693.8074035645
776806237.3662165403 2703542.1052703857
803141882.7859002352 4299593.1557006836
776861570.4080303907 2705876.6058502197
776720115.3282521963 2695132.3149871826
880085517.2756665945 6118325.9746093750
880559135.2738863230 6120851.9179687500
789668989.0914298296 3629774.6867980957
803061454.9443011284 4296212.8988647461
776507042.8849993944 2670906.4507904053
789540332.7940428257 3622144.2195739746
775755556.3348950148 2580068.2306213379
775699523.5194667578 2572132.7671203613
775592805.4641288519 2565996.6645812988
775802371.2826846838 2582289.9399414062
802986951.4946987629 4290088.0599975586
789059850.8777034283 3574596.2835998535
789133879.3241446018 3584812.0251770020
788843623.8548350334 3557653.4948730469
775987255.1684055328 2587671.9998931885
788375090.8191611767 3510515.4710693359
788350991.6976197958 3509536.0684814453
846036525.1603291035 5697777.1923828125
788088104.6678982973 3491510.5872802734
787838676.1156066656 3474549.6917724609
787557712.6435183287 3453176.8328857422
787416142.5642091036 3428236.2938537598
846244191.4707109928 5703851.9101562500
846340469.9503258467 5705665.1967773438
846616875.7538478374 5711859.4194335938
846404843.6849513054 5706067.6582031250
878176603.7792248726 6099737.0458984375
787452606.3446663618 3432699.0653381348
846413013.9951822758 5706267.0576171875
846440248.4554107189 5707683.7412109375
842229723.6282334328 5604348.9765625000
813618549.5673108101 4705616.2600097656
813558020.9046685696 4704327.6013183594
787414825.0847817659 3349926.3493652344
787399510.3701132536 3344669.7985839844
811735112.4652783871 4594613.1113281250
811820368.2011249065 4601390.3898925781
787192722.5751531124 3334195.0786743164
786913452.0777614117 3314425.8120727539
809256289.6896991730 4476828.3901367188
809036827.9546742439 4469101.0887451172
808793291.6937054396 4453859.9790039062
808333034.4342651367 4424261.3161621094
808258844.0972623825 4416274.0477294922
808145834.3189558983 4410136.3209228516
807935707.9165393114 4395106.5810546875
