678877529.9147217274 354195.5064075016
679441576.7882918119 381694.1111509198
682282127.5622987747 468687.8774297973
683318092.0012655258 485761.0598248985
691805126.9325180054 583348.3396711822
697166422.2234125137 622040.1820485061
678787957.9141707420 350424.0235124867
679655473.4670677185 390056.8167678111
680551080.4491651058 420109.8051090450
686026159.5574004650 527851.0322584137
678735995.4969959259 346714.4290587925
679205433.7263339758 368003.2282404046
679529091.3764564991 386524.7727224224
679248004.9643349648 371952.4544936459
679350651.2803249359 378316.0377436916
680358905.6849712133 414502.5331558273
680411674.0246676207 416224.5701644421
680623711.0145558119 423032.4674075982
680786713.0729628801 426452.9621585747
683491445.6380677223 489238.9233506467
695830778.4889810085 615603.1972799974
678597102.5076458454 339068.9826109456
678697888.3916016817 344185.1957946460
679402276.8694678545 379516.5450621884
702200345.6278640032 665303.7189105810
678542745.0853790045 330933.4572648574
678507372.9045984745 330899.5459052371
680040334.4702266455 404177.2970564961
680695820.2715443373 423857.9909671685
684196340.7507244349 504168.4629926231
689547120.9914264679 562283.5253358763
685226573.0455594063 520491.6765731797
689477495.3827306032 561789.4987940053
678551408.1803344488 331143.4546881805
678670933.1085742712 343218.0998473804
679513319.2390608788 383969.6148864071
679987419.7952539921 400799.2236492680
681761912.9147509336 457592.6540294367
684362779.3721612692 507444.6320380714
685131409.4036939144 518223.5176145835
678545833.1517580748 330984.1961182551
678642086.1703562737 340177.8180404346
678596963.4436634779 335918.2722263376
679493202.3774346113 382894.6184694165
681930386.0348268747 461597.0965610224
691241970.2356154919 580326.1914402230
683606900.5279442072 492455.3301829841
720747593.3984642029 726467.0807648208
720699970.9519875050 725938.0582190966
806544564.7159713507 1039266.4344023815
678718338.1647161245 346497.7951598804
678960413.7394943237 358815.0118497948
679208950.5098955631 370657.4596380334
680038889.7643337250 402455.2600478814
680702028.2263536453 425461.7824199796
685503148.7200943232 523728.7212232575
678520893.1419765949 330933.4309671270
678913764.1511429548 357804.7885004322
680245640.0658091307 410991.1861234897
684834535.8016909361 517505.1303085312
683924858.1423852444 501311.3398708841
833582062.1376035213 1105654.3432612419
678929492.3318963051 357905.1008611958
679830885.1346526146 395195.0995113896
825033108.6893780231 1092496.1077464754
754794444.5291969776 829677.6873375182
678570008.1606367826 334951.1762790720
679122217.5946539640 367140.1424819271
679670009.2371808290 390393.8947660321
689928890.9937667847 566136.3062588852
681785646.2124474049 457848.9107028989
685475636.8468294144 523206.8191204236
684812307.5032535791 513208.6408438617
678475770.4152845144 326673.8851530300
679293063.0914461613 374664.8373922448
684663610.3709714413 512065.8822090430
683679364.2605129480 493340.5965680626
679227298.6012932062 371618.6309198479
685387038.2473375797 522541.7337932752
686159303.9615405798 529159.1487713025
703039547.1814360619 668636.2546969582
702584996.0589859486 666702.2158633401
702117010.1042724848 660839.5701907934
679974922.6729183197 400169.9193022847
681257441.9843451977 444262.3845832632
684184704.9781861305 503987.4063300636
685428014.4003529549 522677.7965746995
683131220.9911170006 485410.3318585899
686174712.3936425447 530786.3558635877
685653711.2408043146 526664.0448284314
849942684.7788527012 1156208.0886535645
678591860.1040387154 334951.2025768024
678799681.5678091049 353682.4774652760
678957809.4232585430 358642.8148053031
679143186.0197424889 367611.2531656365
680260215.2050735950 411785.0131146358
683001905.6028771400 482337.4172585827
682551238.5144195557 473462.6087889359
683762486.7399698496 494131.1312466473
682680553.9026595354 476535.5233889432
678976141.9202476740 358915.3242105584
720519290.2533485889 723677.3200599169
680985209.8584969044 435366.7395132394
679305543.6405068636 375378.4453430812
679883799.8096253872 398573.1729186177
683328670.5371605158 489218.2855329063
702740333.8705238104 666905.0370261316
680319695.0195683241 411876.8706347942
681550872.3470325470 451434.2130077025
688447156.0860587358 555753.4829190555
681298958.7340306044 444265.5323986025
686802170.9557158947 538129.8821546207
684639112.6089546680 507677.8518520556
689241051.4408823252 559651.6568056028
813235768.9363961220 1042847.3135389090
679604244.7470278740 387347.6882936352
680872159.4217816591 431946.2447622628
681129949.6808763742 439114.9253713628
680148203.9141168594 406997.9005431817
680845803.4339993000 431481.5045686364
679742374.6619590521 394360.1212264293
679002003.7779698372 360073.6602560322
681923659.8092445135 458741.0123305838
702106014.0669531822 659661.1150287450
680468219.8347544670 419045.1736511276
679293149.6225779057 375269.8312712948
681406132.5246535540 447686.0271495790
678551979.7809536457 334809.4367968487
688203721.6632492542 554799.8449984649
690083221.6397314072 568392.3800794808
829995396.5559304953 1101021.1914604059
695773174.5862146616 614893.1180717137
679940199.2844357491 399737.7400066899
687986533.2040901184 552867.3240973661
689044102.0267413855 559064.1412668386
692129325.0535293818 587114.4068669842
818656466.4257477522 1069498.1256683995
687891222.9149143696 551773.2440989297
681539294.4949712753 449556.1274593016
695820797.0326913595 615422.1406174379
721112649.4426957369 726741.5335682258
702768767.5605164766 667134.5590176345
691027264.3780037165 574239.0926945375
700035160.8873786926 633673.4496378925
691852749.3789945841 583877.3622169064
701678742.5672689676 656770.6771014989
823898695.3607734442 1086458.6611214033
689777930.6514436007 562352.8602968138
804549197.8615258932 1029797.6150797009
804194670.2628139257 1026355.1946825096
718641304.4661295414 705772.2246989012
682104053.1683236361 465230.6517217895
703209301.5875971317 668704.7919657580
702874587.6780699492 667292.3366434923
681086545.9940667152 438678.2794290325
682939375.2878324986 481677.0758473204
689873257.7830953598 564129.9569956642
700705472.0885193348 646809.3854056912
802594869.3357217312 1025406.4703730098
683024397.5873315334 484091.6629213830
696234721.1813570261 621622.3844336525
687543367.3154348135 548042.1729069808
814876917.6195414066 1051416.9626388899
721205351.0999134779 730006.9463730361
719539895.0594658852 720375.0892637358
688585398.7539147139 556130.2300295100
719187521.5423988104 706682.2217567610
683061365.0296417475 484760.0502716695
683149765.4922771454 485696.2634766913
691606047.3192701340 581996.7155564233
784077598.7581126690 973358.3733795634
776430808.6134189367 956386.3766207159
776090151.6730636358 953224.8758539618
683893607.0597091913 495213.7617137106
720572980.2057211399 723744.8594265487
682411634.7506510019 470357.2743333128
685814364.6979957819 527187.1603787779
680829161.2408075333 430884.7611196847
688270545.2396414280 555401.5285922149
721528950.3566224575 730193.1953085326
701906158.0660594702 658237.3284076513
700866126.1638687849 648061.3743291548
681175921.2957334518 440420.4450261802
848747965.3740701675 1155039.6003723145
682371181.8095821142 468740.3444799990
703844263.8510609865 670256.3673735610
688497773.4775238037 555937.3678605240
688291199.3738753796 555597.0720186169
849291597.2337636948 1155070.5923156738
680216471.9782354832 408778.8991663138
681673827.4261317253 452882.3445783178
681689348.6839184761 453069.3818981261
691126750.5242835283 576091.6621545666
779970655.7955138683 963607.8703232757
681111148.2646161318 439080.5850783871
699336922.4650927782 628077.7661600395
695628534.1534533501 614757.0552902895
795634935.7993217707 989099.4420589735
680021252.0813472271 401921.7928966561
682496257.9905619621 471875.2504159729
838458907.3375105858 1129288.5750427246
838783832.2830567360 1133302.7558288574
680702786.9395908117 425527.1288096512
695100643.6523404121 606427.6483058399
693392381.3067920208 594662.6588684716
690360070.0980345011 570548.8540897912
695580911.7069768906 614228.0327445653
700582742.2478630543 645085.4255138994
712785025.4859251976 690144.5072507025
713041553.8540967703 696487.8108395697
720321890.6898639202 721280.1685006069
795359086.9327633381 980845.0958023001
821219447.1343632936 1085314.5311473543
820550200.6402785778 1075688.2806060319
845644404.7573152781 1154131.2191467285
773537076.6537746191 922661.8414225221
682546794.5498484373 472900.0031015198
843620876.5718843937 1139779.7156066895
681913804.5478023291 458417.2870013923
801630073.0137310028 1025229.7633708119
680439111.0240985155 418713.3088583032
686721767.7688366175 536305.3291248074
688169428.2765878439 552926.2220175099
680966027.2840654850 433929.8163326592
681025200.8083822727 436078.8361535282
680389137.4100307226 415344.6794938133
687614647.2403793335 548536.1994488519
680125897.0655558109 406941.9919708053
688611512.7071428299 556482.3384036954
700374113.8487877846 641628.1998058916
695626049.1862963438 614692.2589420823
687926595.4365806580 552668.7721667737
701562084.2515621185 651832.5268710912
700599810.6892396212 645614.4480596236
820119473.5665092468 1069613.8705635420
695906972.4850356579 616385.7835617738
702524105.0507260561 665350.7669690005
720337304.8149918318 721809.1910463311
817868091.8148338795 1066197.8174296552
701025014.2909249067 649447.5473027877
837449162.6565289497 1112353.8691406250
774860938.4501714706 949493.1033319891
775630888.2871679068 951563.5095209540
695022440.0777202845 602987.4643557492
683819646.1971911192 494380.0830281315
695422899.0217021704 611144.8348660923
686794136.4468419552 537232.0599406194
714887136.0981016159 701430.7779073524
717169664.4581463337 704767.8781265891
690809835.9504978657 572735.1350559776
779237671.8349918127 958047.6646662314
749079831.2710936069 812895.1392183785
692660786.9740000963 588514.6522556379
691145389.5562406778 578309.2137443607
683567189.6800403595 489888.4247950850
692114097.0134133101 584302.6944347456
739807296.2649970055 783859.0144345583
694620316.9655462503 602319.3669630330
719319312.9406299591 713508.5259609935
817790465.3623169661 1057582.4304378936
684504750.4305064678 507447.3016957579
745878940.1003199816 809186.6871102095
745146947.8377324343 804725.8546603742
735789115.8266856670 774612.5625592167
774667946.0174920559 947457.4061132977
710992704.4250311852 684575.8175826380
700523736.5616333485 643966.8346505098
699322335.3408341408 626532.4568794772
766799753.2384972572 873754.7067929655
720365872.1682065725 723392.6674172576
762726848.3176286221 832355.5963338574
694172550.8673820496 598867.7002135373
693518751.2904345989 596415.7317669846
719273176.6798840761 710956.4263808170
699851197.1341049671 630792.9970156824
710000816.2624356747 680112.1543596114
768791950.9396418333 885651.5568556115
701151303.2078584433 651808.0670825278
699612088.4193512201 629098.2616641199
693937957.4387965202 596672.4354554010
692834096.3816403151 589673.7176421143
692868112.9082450867 590307.7712262131
712670057.8925087452 685850.8397269601
742872016.2825932503 801290.3211530233
742931338.2817016840 802791.6841901327
762791682.2133615017 844316.7345236437
797659125.3391250372 1015465.6308551142
798129217.6560972929 1019322.9931598017
750300884.9555819035 819853.7221179235
797422398.9266933203 1003942.4299846003
733783985.4620177746 755616.0605340030
763672877.6776515245 858063.3316035578
771877363.6739382744 903908.6917475117
698283406.8350106478 624058.0652641223
708072745.4812837839 674205.9296394371
698190115.5506803989 623912.8323844837
698314975.3745189905 624317.6411880420
698118919.4235801697 623121.4622215198
771147678.4738782644 892304.2949757803
765214650.4782518148 871057.0922783874
