176806472.7450183928 3985678.7988281250
178488621.8254249394 4060204.5332031250
179254763.9553583264 4082527.2832031250
178144495.0766521096 4045006.1757812500
180352935.2011358142 4110719.6484375000
172924705.8466633558 3697924.6113281250
177200271.8734884262 4006853.5664062500
174503950.4364657104 3838372.6953125000
173451802.7816402912 3742552.5878906250
174705031.6704684496 3850887.2753906250
182119390.2783807516 4129550.5292968750
177333088.2680361271 4014076.8203125000
176797956.1675395370 3983157.3105468750
174821924.1814554632 3861716.2539062500
173413027.9473948181 3737199.5410156250
174274888.7859523594 3819343.7500000000
179901823.3781346381 4098401.4414062500
180320266.5447961986 4106208.6816406250
177810703.5390866399 4034265.9980468750
176441864.7875819504 3964104.6289062500
174351899.0027315617 3828416.3437500000
174583222.2067973912 3845325.8574218750
174535142.2751408815 3840499.6894531250
179877284.8124089539 4098288.2695312500
174384443.1672439873 3829204.4472656250
174754941.9054748714 3858262.4179687500
177675852.6846424341 4027589.1835937500
180128581.1940847635 4105024.0214843750
176813100.7956563234 3985689.1347656250
178153975.2565636635 4048678.3808593750
175874508.4074864984 3933519.1542968750
173121072.5388112664 3709561.8886718750
173194934.5023163557 3717606.8476562500
178988988.0993848741 4075446.0527343750
179700673.7142871320 4093970.7226562500
176945917.1902040243 3992912.3886718750
177585565.7577665746 4025325.4707031250
174308170.6199479401 3822380.2753906250
174821123.2518366277 3859764.2128906250
181915806.1945070624 4128022.0410156250
175726510.9849193394 3923988.6464843750
176225963.2740134895 3954800.9472656250
173263086.7421704829 3727272.5703125000
173390358.9709804058 3737168.7246093750
175632709.9997987449 3915585.9667968750
177927208.4048051536 4037556.2871093750
174053372.4002456665 3799164.1210937500
180507626.0898723304 4112747.5117187500
188031739.2204957604 4144113.6328125000
175699071.7001546025 3922725.1972656250
175774787.0014542043 3929263.9785156250
174430739.6085590422 3830368.1972656250
174089998.0452506244 3802236.3769531250
183595801.1657811105 4137160.3046875000
181565742.5387637615 4124640.1601562500
175725025.6013625264 3923633.8964843750
179425096.1240173876 4089581.3554687500
182348321.5026773810 4130755.3339843750
176961646.2571624219 3994958.7871093750
178793876.0395302176 4072022.9394531250
177856640.8640648425 4036057.2421875000
185372391.8883900940 4141426.8691406250
176124205.7216343284 3946435.9042968750
172791734.4420611560 3668555.2597656250
180451403.4768373370 4111455.8750000000
188181125.3271756470 4144162.8964843750
178875435.0329389870 4073187.0136718750
173787151.2332154214 3775365.2285156250
172827453.3673705161 3669838.1855468750
172835078.0435417593 3680777.4648437500
177124325.5252871811 4000314.6464843750
181508637.5186734498 4122718.4375000000
177189616.9535099566 4006605.0566406250
174879095.0531625748 3865654.8730468750
177064227.5175783634 3998617.1347656250
174931833.9106008112 3868007.4941406250
174474467.9913425744 3836404.2656250000
174638378.9606661797 3849036.4316406250
180930281.8282863796 4116543.8671875000
174962876.0465007424 3873339.0078125000
174764591.7565901577 3858812.3046875000
173502344.7545890808 3748514.8183593750
174840307.0578896999 3865351.0859375000
184400031.1475135386 4140044.0468750000
177561276.2047624588 4021434.7968750000
173287960.8850792646 3728075.6093750000
177291803.5707919002 4009318.9570312500
173189532.3919949234 3714737.5546875000
174596953.8007474840 3848524.9238281250
173250312.9881852865 3726575.9296875000
177326278.3451129496 4011798.9003906250
178884162.9664059877 4074286.6523437500
173961211.8868678808 3791180.0117187500
177358907.2709230781 4014717.2929687500
183283467.3101741672 4136396.4843750000
172836266.0601849854 3681267.1035156250
172906357.8846698403 3690601.3671875000
177311522.9569274187 4010083.6250000000
173214098.9215741754 3720030.6503906250
173605015.9590590298 3758319.9023437500
173858813.8009667993 3782329.0898437500
177483888.3695955873 4017010.4628906250
174564516.9971610904 3840991.4726562500
183375109.6643275023 4136912.3242187500
179279731.5025424957 4084091.3476562500
173335746.9722168744 3729894.8164062500
173351500.0427710414 3732796.9628906250
175897355.9900652468 3937251.9003906250
173030063.5990004838 3706074.4296875000
174679663.8254854083 3850597.1542968750
173531153.9955539703 3750274.9433593750
177416231.8168345988 4015696.7226562500
179715870.2847599685 4094569.8906250000
177165285.7397400737 4004113.2871093750
180657742.5395476818 4113021.1445312500
178744951.3354163766 4067032.3593750000
174728443.6021584272 3856042.2148437500
176247789.8193763793 3956307.3359375000
183135798.8815202415 4135631.8164062500
173811680.1496956348 3776861.2011718750
173664224.0486289263 3768402.3320312500
175242147.8276069164 3891852.6992187500
175241125.3233039975 3890663.1074218750
173067662.2735064030 3707710.6933593750
176191368.7610453963 3953450.8457031250
179325922.9919079542 4086354.1953125000
183063238.9748465717 4135059.7226562500
172905214.4068231881 3687751.5800781250
173876802.8176264465 3785324.7519531250
173086846.0795595050 3707734.4257812500
173708711.5505705774 3770319.8242187500
173634131.6044285893 3758784.5605468750
173774872.7942299545 3771141.2304687500
175132421.7172348201 3885729.5957031250
175398596.1474005580 3900348.6796875000
173708279.9143453538 3769897.6699218750
175338267.0927900076 3898651.0292968750
175073456.0653328896 3880967.3828125000
176354685.8706502914 3962635.8046875000
173149257.2869010568 3710007.6816406250
176293132.9376437664 3961535.4492187500
173502163.2255330086 3746401.3320312500
176871629.5928699374 3989455.5917968750
176916297.8825022876 3990542.4160156250
173560269.6409235001 3751151.1601562500
173950947.7597731054 3787878.8046875000
177444031.5217050910 4016516.1660156250
173159189.1262175441 3710448.6074218750
172861533.5367842019 3687556.2421875000
172993800.3100012839 3699665.7343750000
176048344.5578424037 3945547.5195312500
175807477.7263303995 3932429.7636718750
176144097.8015705347 3952921.0117187500
175270551.7595876455 3892800.1367187500
183205988.0250406861 4135708.2109375000
186818466.9512121081 4143195.8203125000
183858750.1612059176 4138266.2031250000
175040673.6739499271 3879919.7792968750
173858543.4931857586 3779928.9863281250
176445611.1416445971 3966261.9648437500
176532505.3479319215 3970451.5546875000
184877038.8298173845 4140464.6210937500
183923145.2446083128 4138596.4296875000
176004476.9536342025 3944875.9960937500
176854878.1168077290 3987856.5703125000
183445298.8078478873 4136988.7187500000
176326849.7225099802 3962281.0117187500
186019799.0099544525 4142275.6132812500
179256672.2739548087 4083984.2089843750
179350461.5576337278 4086467.3671875000
188202044.2627821565 4144653.2812500000
175390251.9222485721 3900242.7714843750
179010285.8873832226 4079863.8281250000
178545294.7386635840 4062437.7519531250
179740733.2285422683 4096071.7226562500
178261162.2358941436 4052260.4687500000
175448714.9797348082 3906695.5156250000
175736075.8307667375 3926218.5742187500
178396013.0903383791 4058937.2832031250
176138875.6927193105 3951790.7050781250
187573408.4866550267 4144075.5546875000
182858194.8037503362 4133375.1464843750
176289611.1528731585 3958315.1777343750
175571262.4626914561 3912141.2617187500
175399986.3077626824 3901855.7285156250
178303547.1759161353 4052920.0585937500
174472600.6121100783 3832139.6464843750
178081778.6453848481 4044997.7695312500
178462815.5139472187 4059815.1230468750
175578219.0922509432 3912743.4121093750
186062018.9591946006 4142328.0039062500
175168753.0570642948 3888550.8593750000
175506267.7962531149 3908735.3984375000
178438276.9482214451 4059701.9511718750
188918164.8217774928 4145049.7167968750
177713888.9067451656 4028629.4335937500
177977710.3676975071 4042284.9589843750
175638927.9991414249 3918901.7109375000
176486239.1426798403 3969070.9980468750
176049517.1220358610 3945782.5468750000
173846341.7998864055 3777915.9140625000
175864142.3987276256 3933254.8398437500
175408070.9784518480 3905489.1191406250
175914666.2675916255 3939105.7324218750
175288919.0570837855 3895101.0937500000
178997716.0328518748 4076545.6914062500
179593137.8711571097 4091707.0136718750
179557929.4441432059 4091614.1425781250
175385257.5010134280 3900192.4023437500
173779060.2397305369 3772526.4960937500
174747863.4191539288 3856512.8457031250
175667627.4407857955 3920611.8750000000
174074033.3523295224 3800887.0996093750
176081412.5006826520 3946122.7226562500
173867091.8230020404 3782601.8242187500
177605285.1439020932 4026090.1386718750
174319614.4197226465 3822404.2734375000
174127395.2474411726 3807662.6894531250
176833340.6057330370 3986527.1679687500
173591439.7960455716 3756956.9042968750
175880021.7357500792 3935617.2304687500
178699564.9830229580 4065813.3730468750
182706029.4291349649 4133127.2636718750
182990853.4323746264 4134728.7675781250
188918765.2747993171 4145473.5605468750
173577502.8122538328 3752686.4160156250
177728116.3078092933 4030263.1328125000
177785036.5728287399 4033811.6796875000
173992747.6033225954 3797347.2656250000
174925538.2820951939 3866897.5253906250
177761634.2970887125 4032552.9804687500
177921989.7838459015 4037025.5000000000
188689118.6255750656 4144899.5839843750
176386920.7232201695 3963757.6875000000
188344013.8360379040 4144791.4667968750
177955507.7731252611 4039315.3476562500
175022203.3662335873 3874404.5351562500
177716968.7827813029 4029366.1367187500
180057362.2819685340 4101264.9101562500
175022027.7548989058 3874092.1406250000
184252148.8474761546 4139659.6093750000
176693255.1353869736 3980162.9375000000
174256961.1419843733 3813709.8007812500
185399582.6066579521 4141451.2343750000
176542547.2590050101 3974145.7128906250
174112857.4893268049 3804189.5527343750
173968859.9195701778 3792432.6601562500
176515947.1719506681 3969146.0410156250
176760428.6919170320 3982510.3007812500
174176916.5454445779 3809422.1640625000
174202905.8169505298 3809998.8203125000
174192852.8954952657 3809662.9726562500
177022427.4883534908 3995838.8046875000
186233185.2965561450 4142346.0312500000
184074484.4998294115 4138630.6230468750
185733333.5925330222 4142191.5625000000
176450030.1947816610 3966708.2246093750
176460798.8752009869 3967532.9316406250
178568413.0572361350 4063355.8925781250
178203278.3868100345 4048749.1679687500
178332029.6245028377 4055550.1777343750
173950347.8646289706 3786873.1171875000
184278435.5252771378 4139890.0839843750
181886657.6936892867 4126733.0996093750
185310368.1084821224 4141350.2597656250
185630926.1783761084 4141503.2734375000
181213886.0505345464 4119656.6367187500
181421093.8715543747 4122374.9160156250
181692353.7148585320 4125701.1621093750
181331280.6368425190 4120744.0488281250
180850250.8213644624 4115844.0859375000
180654920.8999697566 4112804.9648437500
181533027.0566838384 4124083.3457031250
180828063.7748334408 4114699.6367187500
181106296.6619225144 4118581.2382812500
181626405.5877379477 4125115.2832031250
181019863.6034640074 4117928.6914062500
181178510.6616190076 4119091.1210937500
180038003.3326905966 4099569.8242187500
181337309.4680802822 4121251.6855468750
179958011.1388461590 4098860.4316406250
182429939.8169698417 4131334.1347656250
182584401.4009879231 4132127.6816406250
182319738.3946905732 4129962.4941406250
183634635.0698657632 4137325.8183593750
182690894.4449539185 4132521.8300781250
186318549.2780089080 4142542.7480468750
186254975.5173816085 4142430.7382812500
186502432.1430168152 4142855.0859375000
187488135.5184887350 4143453.1308593750
182461980.4980606437 4131361.0878906250
182546326.5493923724 4131564.7480468750
184627188.3104909658 4140356.6601562500
185948634.3204474151 4142201.5664062500
184538111.9086693823 4140147.7890625000
184657813.4299120307 4140357.7343750000
184947450.6312521100 4140905.1250000000
186037401.3408204913 4142314.0820312500
185722723.3726677299 4141810.1601562500
185718946.1096430421 4141693.1406250000
