210968414.7951012254 12201.6369757371
211799051.4152294695 16754.1031959951
220172733.4125619531 25995.1586762667
210976368.0855430961 12512.7164263444
211725167.5847682357 16737.8377541006
232769830.5859213769 37655.6375732422
210966072.6396435797 12195.1758494095
210917085.6609257758 11774.7375727431
232944901.2824198306 37960.3349533081
210940919.2292613089 12088.6869833188
211195624.4038565159 14238.9266772866
210946412.2365916669 12146.1905756728
211912616.0188097954 17085.5083378851
232537299.9313022196 36921.6109868586
232227453.7050063312 36777.8553163111
221683054.5943648517 27428.0426781178
231443591.6158184707 36312.9409003258
210910963.3803099096 11722.1611326472
231164953.0695914626 36132.4082183838
211103978.3785186708 13565.4216869473
210956565.1682274342 12188.9929934279
210920324.8115765154 11775.0873668508
210913934.8090530932 11723.6951067166
220049990.6467630565 25429.9430246837
219790214.7038710415 25025.2273996229
226092599.5354438126 31333.8194458485
210908621.2248522937 11715.7000063197
211148592.9797704220 13674.9099812210
211232197.0539718270 14366.7831090093
212371738.5418550670 18261.3768127016
211189461.3475181162 14038.1325238347
211207937.1739400029 14361.0317458212
210832598.8671497107 10356.4592517631
211552108.4338839948 16055.2186079621
211994932.3992421627 17179.6388351968
210820282.8631633222 9991.0698106007
210834941.0226073563 10362.9203780906
212165902.3808994293 17855.7892181925
226094441.2490259111 31354.9667415619
210879294.6491863728 11344.2470033900
230316987.5094148815 34445.5180624778
210986521.0171788037 12555.5188440995
212484684.9282539487 18318.7916305116
211407385.2215498686 15394.8993638754
210900544.6133713424 11446.4367816763
211512884.7619088888 15766.3523668051
211093924.8823987842 13305.3428015411
211014372.5974161923 12890.6279883087
210958930.0427955091 12190.5269674973
211358421.1321873367 15058.2972784638
211259965.2402979732 14367.1339306533
210926632.0383865237 11817.5399904982
211062924.0544415712 13258.0129108131
211056396.0638454258 13255.9813736991
212140357.3585827649 17796.3011505655
210890998.2359105945 11403.6343639211
210978710.2410006821 12519.1775526719
212297886.4918253720 17940.6058661989
211028264.0016089976 12926.0101599395
211172093.4897253811 13995.6809277236
211039352.4035291672 12931.5471501069
224110503.5660744607 30082.6085152030
210996871.0238904655 12565.3321361260
212803310.4340120256 18992.0105720758
211271251.9015387893 14668.8350964189
212773213.5295001566 18953.6007621340
210939088.2194353044 11830.1839728074
211036271.8528630733 12929.3623256385
211321818.0778959095 15007.9660436809
210868631.2850994766 11031.0297389762
210949383.6653347909 12147.7245497422
211125433.2436078191 13629.4659137428
211177528.9566002488 13997.2159293294
210988863.1726364195 12561.9799704270
210858584.6593238115 10701.8356728272
211070183.4715865850 13260.1977352814
211132692.6607527733 13631.6507382111
210888656.0804529786 11397.1732375936
211697356.8696016371 16423.0940262675
210906790.2150262594 11457.1969958083
213091127.1475236714 19330.5043368391
210914743.5054681599 11768.2764464156
211342520.8131697774 15015.0380354540
211156480.2399206758 13928.1657354534
211071070.4054827690 13297.4631628692
211460318.8671985567 15750.5212278962
211163225.7051543891 13936.8746898770
211023523.2254689932 12893.9827213006
211117425.3923537433 13626.1137480438
210943867.9388939440 12095.1481096463
210925441.4388102293 11811.0788641707
212455741.3234965801 18301.7501635603
210944676.6353090405 12139.7294493453
211013173.2187573910 12884.1694292740
212335155.2381458282 17956.6794326357
211133672.8334789276 13634.3383734822
213064177.9421290755 19260.4204745344
211310927.7373856008 14766.8505753875
211005219.9283154309 12573.0899786667
223909233.2618438900 29118.2560281157
210895508.3089693785 11439.6258612410
210897850.4644269645 11446.0869875685
210887866.4815982878 11359.6803241507
210869420.8839541674 11068.5226524191
210885524.3261406720 11353.2191978232
210866289.1296418607 11024.5686126486
210881636.8046440184 11350.7081297175
210822625.0186209679 9997.5309369282
210930148.4688359797 11819.0739645676
224405538.8380078673 30370.1824669242
210846593.1480123997 10653.4654038267
228743458.8852257729 34306.0672909021
225748968.3511043489 31302.7647457123
211341899.4683478475 15012.8532109857
210860059.4526875913 11015.5964182154
210852864.8149424791 10701.4848511831
210862401.6081452072 11022.0575445429
212133134.0204120874 17556.5424099020
212092959.3601284921 17551.0918381265
231994602.8557359576 36426.8784452677
230471882.8934450746 35815.3561019897
228501611.9312868714 33299.6203210233
210817872.1110105515 9958.5788453238
211115019.7674340010 13625.7629263997
210850522.6594848633 10695.0237248556
210871763.0394118130 11074.9837787466
219311654.8861926496 24160.3847872913
212733869.6985343993 18911.4487117878
211353710.9916546643 15040.9260177612
211054916.2031875551 13254.6607451141
212731358.6330206990 18870.2338016084
210813168.3816741407 9625.6803694384
211881294.1926029325 16855.3989826143
210815529.9555529654 9952.1177189962
226209527.8725103736 31372.7040915368
211044620.7572880387 12937.1201681793
223985376.1441063285 29643.4852859974
220798640.0855363905 26083.0778842024
218495690.8767652214 23809.7988946613
218178033.7282148302 23597.5785882648
232112685.1292646527 36527.2149124146
211109584.3005591929 13624.2279247940
211099288.8546597064 13306.6873478591
212787567.7007110119 18959.0513339094
211327253.5447707176 15009.5010452867
212719516.7680304050 18657.9042564631
227150354.7727426589 32292.0847284077
225436114.9763765931 31117.9328594208
225177532.1634975374 30746.4798564911
232564996.1436420083 37120.3731727600
211267149.9805242717 14638.3988640010
212198955.7552569211 17861.2397899679
213052717.6790493727 19196.3728060774
211015515.3742149770 12890.6305556016
224884196.9524330497 30652.4578697681
212872737.9737001657 19128.1189696840
225385939.6336569488 31051.1772365570
211640640.8193995655 16356.3384034038
211583661.6433682740 16055.2327061724
226221638.4789988399 31528.9229125977
225636093.1780111790 31163.9310359955
211402362.5095002949 15381.7136176229
227399450.6903850436 33151.4511451721
211543959.5537138879 15767.5983298123
211446608.8935250342 15683.7656050324
212059970.9441713393 17484.3362152628
211002877.7728578746 12566.6288523392
223441757.4874114990 28911.4858157039
210813609.8747395575 9650.7285211401
222139503.9172589481 28604.3248550892
225620454.1921370924 31158.4804642200
210848935.3034700155 10659.9265301542
211611324.7310652733 16332.7068726420
211263743.4628028870 14383.8602109253
211871782.5951012075 16826.3093906343
211585593.7046105564 16060.6691797376
225174677.5750184357 30709.8956661224
211169687.8648056090 13995.3301060796
215990884.7293540239 20824.7191129327
215719104.6305934191 20621.5002713799
210830188.1149968803 10323.9682864861
211547496.1593370438 15836.3909254670
210812157.9321705401 9608.4216537855
210837231.7167457938 10638.4141464964
210936723.3448671103 11828.6499987380
210826291.8124275804 10273.7720640020
210839573.8722034097 10644.8752728240
210814412.8637672365 9651.3650709109
210934381.1894095540 11822.1888724105
210810594.5627596974 9593.5402258055
211381921.6421423256 15379.0682249665
211130287.0358330607 13631.2999165670
222558189.6749889851 28611.7757139206
210827845.9595392644 10317.5071601586
210823949.6569699347 10267.3109376745
210842705.6265157163 10650.9543357210
211265050.1099655032 14391.0362759233
211295238.9458977580 14718.0554385781
211282032.3855297863 14675.6038424671
210805691.5008177459 9252.6584141247
210814563.8997634351 9946.4049788730
210809791.5737318695 9587.4766640381
220979764.8560451269 26744.5989663601
212022689.3041922748 17196.7159371129
210808252.4073020518 9587.0790994780
210807449.4182742536 9581.0155377106
210807151.0214149952 9285.9756297485
210816906.0552210510 9952.8661052005
210812790.0377416611 9614.5715628879
219631242.1723048687 24328.7118859342
219641839.3867385089 24351.2671074918
211143035.6632271111 13666.6795209050
211159020.0762229860 13930.4603064656
211371253.8535597026 15314.1984253526
211102173.8820028901 13551.0122031390
210934157.2404233813 11820.9597878174
216694479.9057981968 22051.4639025331
216386375.9402012825 21936.7959515452
211939467.7022049129 17156.5187780559
210805538.8578530550 9209.8559963696
211316749.8147971630 14941.2114483535
210908017.3590813577 11459.5323805794
210954713.7477823794 12182.5318671004
217968444.9458718002 22653.4411203861
215119688.1501056552 20176.6477801800
210953392.4369221926 12149.6103729920
210962938.8143829405 12192.4127907471
211444225.4495312870 15411.4468287230
210940569.4838789701 11860.3424082533
223537597.3246391714 28919.9137027264
210807296.7753095627 9538.2131199555
211368019.6642987430 15087.8655111492
211859302.4230559468 16788.6433597505
212673728.2614907622 18628.3653574884
216368524.0416001976 21392.9951794147
211546083.3282539845 15776.8330175579
212587066.1100749969 18611.2882555723
218018309.3833685815 23156.7854030149
217364134.1730221808 22343.2726385610
226871315.6491575241 32057.6451957105
214658471.9258888960 19578.8696443737
