830477298.5159437656 30459.9589948654
829087593.3905813694 30173.8521214724
826349272.8347128630 29658.5626532332
814540834.1069720984 26449.4907518525
807816345.3264107704 23575.2409932293
807144900.6328693628 22746.3110553898
806746578.6995286942 22464.3174582735
813232243.6921309233 26057.7254129282
828601587.3728408813 30061.0025765196
806557563.4187936783 22164.4742586144
812085516.2713195086 25773.5032092534
806386559.5464129448 22109.9965021942
827223103.5650972128 29824.1776768462
821083328.0122333765 28441.2885086741
821314279.3247752190 28525.6102144923
805880768.4284238815 21123.6894484423
814867225.2993543148 26743.4748607028
805764709.9645739794 21046.0885845087
805498250.8448426723 20694.8532090271
843358373.4996919632 31613.1589202881
827223103.5650969744 29824.1218754546
813504481.9153163433 26224.4527297846
815048773.4238373041 26756.5302634585
807263952.3777225018 22962.8000682608
805867023.7593851089 21121.2325640581
807074208.5161515474 22724.9391072519
814792674.1695525646 26715.7216430057
827918785.1668497324 29936.4355580107
819823510.1311457157 28075.5403280490
825895236.7275583744 29538.3947798506
815655490.4862101078 26929.2605050939
827361423.8435844183 29866.3162895933
806542085.5565123558 22161.9355775841
806599247.3470939398 22273.3017484673
814619648.8319498301 26555.5279096147
807854303.9774847031 23611.4955924765
807643268.4348607063 23360.3020189531
813418878.0320690870 26128.6098018784
814572417.5514675379 26503.3611994144
818235242.2340093851 27595.3486734536
805617495.4013031721 20795.5186906317
827918785.1668497324 29936.4196964995
825821170.9344925880 29532.7007681624
814096898.6026446819 26363.7862192292
807929581.9566079378 23732.4581515469
813898471.8037492037 26324.1555944580
818724445.7479991913 27747.6799533106
820035202.0072880983 28208.9033094551
806706502.9575595856 22368.3605014809
806879631.6719911098 22472.5520221718
818928604.9741379023 27824.8693682887
816737353.3709716797 27220.4848389830
819898941.4244387150 28168.2889476921
806021904.4530442953 21220.2073164843
818759232.0439275503 27774.8152720667
836584911.8645874262 31182.9297189713
811082630.3394432068 25385.2342033290
834066901.0529205799 30893.1797208786
809657687.1125994921 24761.5636126694
805973033.4797160625 21205.8199644945
813801738.0300412178 26245.7534624237
807810931.3950048685 23548.2793973699
809536209.4375439882 24737.3777169548
806919707.4139600992 22567.0014487520
810869617.0806881189 25319.1313580476
810494163.8059616089 25182.6173962556
808458443.2306054831 24168.1650880236
831374980.0113534927 30574.2613306046
808052119.9893383980 23850.4672829785
807942880.1102654934 23770.8595563188
808824835.0708558559 24267.5721654106
813810963.3459823132 26293.3688036103
807985281.8437438011 23845.4741580166
830713969.7252975702 30475.7533311844
814347101.9421609640 26447.4684518177
809914524.7811508179 24772.1183556538
814039458.7864562273 26361.6092649598
818365427.0456361771 27702.0899091866
807923627.6461918354 23623.3703798071
829740067.8822950125 30257.3745445013
813810963.3459823132 26296.2617708344
817174863.7653671503 27326.1247195535
805748862.5000265837 20872.4034751514
817215101.2286417484 27339.9009822541
811770417.8645726442 25630.3464025460
806203795.8898648024 21601.1742090545
819230616.0603542328 27960.2747920714
809942957.7683675289 24782.7709027486
836944639.4317034483 31200.0377092361
825989405.3428381681 29545.6247376696
817498072.4644078016 27382.3955125269
808056053.4317215681 23876.5358073391
811658399.7969710827 25624.3366140329
816520390.1404018402 27190.0792983704
808721821.3486751318 24260.3505245444
820157021.5347045660 28237.4345084336
812605025.7087576389 25925.5692046285
811263757.9046926498 25479.7620422073
811320108.6203653812 25525.1308509536
822016301.5257418156 28698.1668896907
822145087.2242687941 28730.0117777818
812707539.2160739899 25979.6032755971
822052723.1494737864 28713.1986249917
825753895.9302338362 29524.0412451521
811114737.0680241585 25435.1200936042
810097009.2102638483 24924.3726573564
809274253.2518514395 24521.2169946373
806926638.2126815319 22677.5770191603
820998585.8444763422 28431.7259874576
821962027.8544558287 28659.4047998422
806245803.9859935045 21814.3118157945
827592037.4526867867 29920.7280174986
821817678.8013378382 28642.7185459369
829351481.1080502272 30175.5390014648
827226424.3256396055 29825.3801748053
819725492.3499534130 28029.6138253444
828461219.4396365881 30045.6882645384
827451344.9147741795 29907.6689659850
806308922.6030781269 21866.1173263155
831834443.4916993380 30677.6101064682
826739132.3892853260 29739.4217540175
810607375.9552856684 25264.0430138313
810180345.4227933884 24952.5985465624
829417196.8668085337 30221.5730514526
816471204.3109569550 27179.4297571116
810180345.4227936268 24952.6030402757
807531428.7127124071 22997.4791554488
819653652.5997966528 28016.0392403834
821148781.3692970276 28476.3545546763
824931092.3379598856 29362.1138325323
826444895.9386367798 29718.3690139548
821180022.6724665165 28514.0725088351
816481339.2789033651 27181.1557435923
817866149.5348442793 27499.8540819817
830115539.2871838808 30388.1033358574
829520502.3496413231 30232.4001593590
829841351.9106929302 30337.6811919212
823667263.0687875748 29054.6356592221
816332124.8499568701 27175.4417142802
820823319.2544244528 28314.2218584352
842586582.0555161238 31561.0103015900
815510803.1953700781 26900.1206241436
819496433.3405225277 28009.9083286356
820032117.2082464695 28173.9482750800
826170329.0620446205 29625.2783881918
808127894.8871676922 23896.5067138762
820717373.8178608418 28295.6719697529
809121646.7232635021 24381.0228654813
824613732.8946484327 29264.8402104963
821255651.7400133610 28517.4616179698
821108038.0302257538 28449.9787212294
823322611.9068622589 28979.3028376714
830031359.6494569778 30358.9090933800
825906039.3858861923 29545.5948859946
832271094.9805608988 30700.5540399551
831544467.9772975445 30613.9387764931
810391367.1663061380 25066.3522486367
829745580.8231405020 30288.8921494484
831656097.7787010670 30675.5818796158
810368645.1820017099 25040.5573543139
807573369.8974087238 23179.3408378639
820866044.7088980675 28384.4107670122
808397973.4011565447 24050.2545092412
834176221.8097652197 30907.6862897873
837130919.4197168350 31206.7313299179
811851615.4036927223 25699.9936078264
810240669.5903515816 25037.4631667711
834604762.4423754215 30926.6631469727
820629045.2891387939 28288.5248902851
833027747.7745443583 30822.8917531967
810186970.3289653063 25037.0368304827
832527299.8316364288 30793.6926584244
832409994.8667068481 30758.2971124649
843199112.7165127993 31599.3623771667
818924035.0244771242 27787.5365127855
818141111.9961706400 27572.2122832856
819371649.6249277592 27984.6275020670
812417762.1931511164 25871.4211130741
823257846.2486683130 28939.9323329480
816833742.8615458012 27265.5398741428
812132672.9047821760 25814.1058598163
815194237.1842315197 26770.4912141611
808153074.4041241407 24018.5852044538
836554623.8337296247 31154.4100790024
823490016.0103861094 29023.4976777585
819227435.9294749498 27908.2800735765
832786119.1406638622 30800.0114622116
843358373.4996923208 31613.1859054565
807557321.6088703871 23111.5009174027
823348009.3896359205 29017.0182790310
832638846.9215533733 30795.1650457382
824631370.2473336458 29276.4010849585
836620967.6868947744 31199.0797853470
815335085.3319776058 26826.8545071045
838710199.5421733856 31229.7926177979
815043252.2600775957 26755.4146136879
815253968.9030466080 26774.3728389381
807808941.1368010044 23478.8732569028
824631370.2473332882 29276.3967266668
811606853.9856857061 25586.5939018928
839000476.3790602684 31298.0180816650
807765866.2035912275 23373.6704855374
819738777.9696047306 28049.1893480354
819144848.7078757286 27893.2713267636
812005554.9479095936 25756.3883440323
807765866.2035911083 23373.6662569455
821467987.5947842598 28566.1386709445
821454837.2028297186 28546.7124723726
817566845.1222727299 27383.9993540626
818354511.3209179640 27643.7905714297
810054045.4280833006 24883.0995212995
808945281.3172335625 24345.9322348513
809033997.8385751247 24359.0178764757
829646811.7807286978 30253.8418126106
809112923.5196173191 24368.0597570461
835388080.9619454145 31051.7289743423
826282583.3531072140 29630.8457675771
828121472.2570028305 29952.3852707938
835972037.5227251053 31126.9649782181
822774468.9883508682 28834.2572865234
826006873.2953692675 29556.3533723671
812894334.8123660088 26004.9523537398
806181956.4310253859 21368.9832720123
835847374.1190590858 31121.2826204300
823207316.4310761690 28916.7908480287
822896412.8166052103 28855.6998798371
828121472.2570027113 29952.3724534110
827926956.6666865349 29951.3568411664
812415131.9764395952 25814.4014927387
835499223.8447520733 31109.2687196732
835256402.2783627510 31038.6779470444
843082333.7586493492 31591.7315216064
825486432.3430218697 29494.7484241322
835008436.2303731441 30989.2802648544
812830447.9725918770 25984.2462431720
821694630.6758061647 28605.5715685830
824983775.5745834112 29388.3044105367
835008436.2303733826 30993.2303228378
823196528.5808291435 28907.2446834565
825193409.5262650251 29398.1734100179
815977813.4273201227 27043.4049385246
815981026.3869303465 27045.2743612006
815834836.2960664034 26966.3347345069
817342271.2615528107 27351.3983762842
833746806.7075456381 30840.9525594711
835122253.0769090652 31024.0708494186
817929402.7027099133 27553.3232472520
817567191.8506871462 27437.7835543733
833827613.3588517904 30852.7489080429
816205946.9760651588 27131.5724187568
815859030.4952591658 26967.3688240303
829415612.4610772133 30204.1016688347
818684839.6615928411 27736.8997834306
830652223.3233228922 30461.4132280350
820335156.0647614002 28247.9222033601
807521177.6538990736 22981.9347400085
822195916.8980143070 28741.3333779321
830892026.8396611214 30493.6931276321
830652223.3233231306 30461.5308065414
818235166.7137829065 27579.9065379556
822535014.2970297337 28833.9063020692
833746806.7075457573 30840.9566411972
822394536.2057393789 28801.5461603150
833931524.1827356815 30866.7545175552
818255138.9024457932 27614.2264283281
833916074.6054289341 30864.1792230606
826976455.6478672028 29807.4832316235
807503324.5951466560 22980.6407638263
826620839.6245049238 29719.1606729821
842430977.6272566319 31543.7671890259
826702466.3850346804 29734.0390346841
828738207.5342650414 30062.7826392606
830241585.1349966526 30406.3800630569
830368340.3725650311 30432.0787210464
837601113.7932701111 31229.4356641769
824058740.5726282597 29140.7432118371
841611370.1409020424 31515.3155708313
841426818.4189693928 31514.4872150421
841202762.9131048918 31495.8818397522
824319430.0445256233 29198.8316824065
841063124.2519961596 31457.5420360565
834872583.1171629429 30955.8664007187
838991562.3398230076 31275.8112068176
813353526.1804265976 26092.0634954458
841046162.6956290007 31446.3808250427
840040176.6871148348 31398.3374538422
840473349.7625787258 31438.6217708588
840318404.8285239935 31428.7823200226
828746723.0824778080 30081.7013766721
839872574.7938183546 31390.5268878937
840138873.9653316736 31401.3960475922
840911963.4827497005 31445.1595001221
841050891.8332172632 31455.1640014648
839733388.9880658388 31338.4559001923
818888402.9144698381 27782.8927940121
835403280.2214626074 31051.9292383194
834821883.9973002672 30945.3102979660
834999296.8812910318 30968.5814104080
834745786.0872477293 30940.4746999741
