846469332.7262709141 115074.1497192383
846564078.2890577316 115074.5722274780
846114782.2522325516 115059.5241470337
696172902.9070569277 32152.9789881548
696306416.7311439514 33279.7480423441
696696837.8041800261 34463.0975864818
696629599.9838403463 34109.4231181462
696652180.4117318392 34461.0587511380
706288541.2566233873 54265.4608809951
706488571.5780136585 54438.1380256636
743612152.6226081848 82809.2466144538
743975968.0649809837 83024.2430827831
744822735.3571602106 83538.8420864320
746968028.3823211193 84759.6321096359
803522968.6296199560 108803.6216697693
803668166.7538588047 109161.1860160828
803908269.0221517086 109267.3725852966
804360019.6458412409 109357.4293746948
804173300.8098976612 109323.6011676788
805351964.8652558327 109662.6174621582
805144508.3186821938 109655.8954162598
804967447.3218725920 109595.5223693848
816627175.8852921724 112052.7469558716
817650662.5355716944 112138.2383880615
706620265.4437354803 54499.1112593867
706751706.5986806154 54611.2392044312
706619460.3143469095 54459.8931090835
706427662.3725497723 54367.7674500349
706153986.6514866352 54228.0210845474
705737523.6390024424 53852.6662432406
705717175.7444757223 53824.9370677400
705446819.2150511742 53571.1101243425
705314752.8721644878 53468.1434612203
705441634.2949322462 53558.3305030550
705084131.0159039497 53204.6466632347
705256464.4900517464 53223.1268892990
705013727.6914849281 53059.4717839466
705027585.1619225740 53186.8778813587
704894956.2665911913 52969.2192433180
705130466.5819578171 53205.6031926380
705140267.8929560184 53212.3675123112
704428261.5499544144 52446.5452276201
704178917.2398576736 52075.0922246905
845684387.2369086742 114983.9511947632
704399079.8170826435 52200.9745138877
703955891.8093107939 51786.8796421321
703996714.2799998522 51909.4763975324
703432012.4467272758 51212.4591340230
703389928.2208019495 51086.9549573691
703098016.3332716227 50825.9437092797
703691976.5530449152 51458.4079602988
744615056.3392386436 83449.7258066079
703031040.6990703344 50715.5019544394
744195658.4726111889 83331.1703296876
696182579.7779787779 32224.1090128413
696249388.7664302588 32923.2401115885
743036717.0368174314 82401.4164223033
805471403.9219406843 109690.8647003174
743279558.6108975410 82532.3907913523
844156200.8914608955 114752.3282623291
743238394.9599771500 82505.2640442210
743318946.2155923843 82724.1308273631
844690652.7422053814 114894.0752868652
746138979.4501092434 84338.1129372375
745942864.0940661430 84242.0988524123
745821554.5330266953 84125.3108854233
817349254.3481290340 112125.9679107666
816847005.9158959389 112074.1975402832
804616906.7197029591 109512.8342056274
699378750.3423168659 42829.9524610313
805723635.9246296883 109702.6668472290
699823656.3251087666 43962.1148070148
696431454.2214274406 33750.5919107599
748451051.9538322687 85305.9994360981
747949377.8816070557 85150.5541016047
748053247.0068233013 85200.3598114126
763136036.5975717306 91477.8722921340
763756568.6970114708 92041.6659513442
764186397.7566643953 92230.6052635582
696498984.1815468073 33826.7162456422
702605347.8338069916 49086.5117093844
747837201.5594400167 85130.8417419069
764022680.4287199974 92159.0302292509
816489577.2897312641 111970.2041168213
702621095.6153974533 49116.7550641818
702847583.4998693466 49748.7471617109
763619199.2280418873 91964.5222440688
816381801.0874798298 111952.8997344971
747921472.5523815155 85145.7244323366
747567716.7401218414 85035.9930900209
699434648.0155750513 43183.7777987989
699566475.9617068768 43475.2833054337
697826201.2900847197 37629.6216855271
815414954.7875633240 111721.6525802612
745704425.7127385139 84066.2353679824
744893379.3086453676 83606.4858162348
805611817.2903168201 109702.1965713501
815677535.5092326403 111727.7312088013
805868565.4035902023 109731.3101119995
763417137.5845686197 91926.1334806411
699886265.4810369015 44033.6465358561
763987002.9390238523 92153.7548109023
764472916.8309701681 92298.2746457709
763143667.9145914316 91749.9687760322
763786962.9415304661 92091.1761289565
699921783.9488325119 44083.0399361563
697255081.7129820585 35296.4900147562
697227497.2404557467 35265.4211840660
697206583.7076308727 35221.9395082176
763393736.5422084332 91846.2304413765
700208298.0960032940 44345.8525469950
697296876.0809684992 35564.3918321312
697193846.5048717260 35086.6765565903
763255226.4320507050 91845.3258011787
742719117.8223865032 81805.2482281098
742902803.4287272692 81819.8911781678
742797567.8769168854 81810.1420040498
742910189.3957403898 81922.8056373963
843842747.8097777367 114666.9819793701
701765598.3047225475 47111.5070318430
701924081.0937680006 47273.9080741256
701584124.7567864656 46772.3709978312
742613955.8165200949 81700.9478103785
742991861.7209651470 82024.8582826624
701804203.4794907570 47272.6274228840
701936764.4293924570 47366.3120777904
701550156.1124825478 46686.1653171330
697267562.3172514439 35366.5723389811
701959130.2084546089 47482.2826341837
701682074.5638884306 47080.6553224772
697578546.7981815338 37235.6467919685
697414479.3902581930 35890.4731443329
843515420.3002808094 114529.9468994141
697494943.8811341524 36290.0397489471
815029948.4422150850 111537.9306488037
698215713.7480894327 38006.2657731053
698105722.6929074526 37840.4598112545
698089761.9842617512 37792.0976827230
698056551.4157451391 37786.5778577413
700954800.9025377035 45344.5205376763
701009809.1674922705 45445.7451149086
700737710.7263337374 45038.9873040040
700441926.4607518911 44467.5779067621
814894191.3123295307 111478.4329223633
700536630.4622085094 44522.0919515238
842177187.1833579540 114232.4935989380
698618752.0146405697 39064.0363731574
808269472.4501969814 109944.0114517212
807806176.4459964037 109838.7159652710
698503950.7175486088 38896.5053661290
698358564.3293088675 38513.9375154341
698489930.3306146860 38872.6282412523
761794645.6395766735 91043.1614959686
811919646.7565976381 110776.4505996704
810350103.7199875116 110223.1086463928
811764116.0360773802 110678.8364944458
843471338.1160875559 114406.7640762329
811010869.2332096100 110518.1299362183
811087908.9940717220 110521.9731445312
810541651.3153675795 110395.9591217041
810771468.0429759026 110500.9910888672
811363726.0404626131 110581.6985549927
842534676.9496713877 114264.7340621948
841946603.7591456175 114132.2129592896
842683685.9941142797 114330.5439987183
699295345.2593141794 40056.7274731288
760688912.8622145653 90426.4265697448
717359800.5882050991 59557.7197391612
760656312.6474384069 90426.3032253234
760176183.7750180960 90111.8438402832
760641440.3824169636 90329.1484915436
760211527.9378477335 90178.0800768555
759295342.3329260349 89585.9438238562
759589685.7768497467 89640.3167448462
759207997.1652196646 89440.8731467322
759124637.6790932417 89427.4247566204
757614193.1921260357 88622.6631280713
717171928.0338972807 58873.7908030113
756345582.9205373526 87794.4545791082
716901665.2649629116 58038.8586706321
716396715.5836557150 57661.5110912721
716706132.6873686314 58007.0986608665
716519453.6607915163 57692.5534674327
754891282.9939268827 86980.3684000082
754899644.2774645090 87059.4731058188
754861863.5862535238 86918.9708551474
754643829.1923906803 86909.1887353964
715903942.2830030918 57174.6036345593
754671727.2696024179 86918.8063119955
715462395.8969341516 56609.1238656358
715559486.7217227221 56701.1696826916
754898869.6628479958 86999.8324861236
754565372.4281115532 86841.2922756381
715642917.1242232323 56755.4538623791
754231205.5079456568 86630.5525420465
715172607.2042613029 55536.8955421129
714815164.7373832464 54879.1762750817
715104275.0176545382 55015.2585052156
714775157.9687867165 54869.9352166278
839602862.0650579929 113403.1744689941
753552931.1677588224 86059.0127627708
752520590.6439607143 85338.7275774329
752568014.1727412939 85536.7114548160
734163708.9033921957 72307.8391126781
734038435.5427998304 72102.6709502131
838970248.9569965601 113151.2195892334
734492381.0587019920 72587.0026748568
836871666.2405859232 112905.2440643311
838792434.8385272026 113078.6554641724
838636796.4367914200 113075.3109741211
838185217.9868733883 113044.7778015137
736486887.3924348354 73634.8692172841
735978717.4649620056 73417.6504062489
837757210.9261846542 112996.1425857544
837637787.7147083282 112992.7980957031
801514186.3647426367 104618.7783279419
801211796.6050127745 104452.9214878082
801287657.8917320967 104482.9455566406
801390527.8286348581 104523.6632156372
801770157.0801769495 104655.4754562378
800734165.4077278376 104178.8946943283
801035173.5782796144 104195.7434167862
800960424.9833322763 104194.6802301407
742167646.0457211733 77549.7268075366
741997164.6975347996 77410.7541147936
741701696.3488103151 77047.6412501657
798954804.1817920208 103072.4998812675
798407098.9889476299 102878.0790438652
798457253.7394630909 102929.7384524345
798321085.4808983803 102779.4308831692
741982536.8977015018 77120.4238806498
741501571.7048625946 76813.1684780442
741653254.6542074680 77040.9718532884
738846310.7353163958 74606.7790819170
738413194.2390122414 74235.4576075138
737912318.8485236168 73764.1133921208
737922744.8147927523 73914.2987711491
738189744.2511304617 73971.1644568505
738281621.1688400507 73971.2537272038
733896059.4936299324 70568.1189761407
733729849.6344008446 70350.1671995706
733562213.2444941998 70118.6608254395
733358916.4672352076 69971.4163033448
733488984.6106376648 69971.4399163208
732180830.8266298771 68522.5831760144
732052348.9831936359 68227.1373400431
732173272.9708417654 68482.2338918424
731832449.9879436493 68150.7567460122
731310318.7969715595 67763.3619893169
729844206.2005287409 66321.0824160831
729168619.3270246983 65727.1384032331
729834495.5277037621 66201.8736250959
729638632.1831415892 66102.5228636823
729491347.4733674526 65802.7331699003
729513427.8886137009 66083.6041548810
729421984.5023120642 65740.3624196067
729267940.5535514355 65731.0429728497
729053578.8809218407 65339.4152298514
725044481.5111998320 61916.9385165142
726417911.0594832897 63076.1314083169
726852660.7887322903 63375.1137758522
726518620.4363399744 63140.1936202700
726301810.2888566256 63003.6509872134
726154222.7219178677 62796.4963129814
725979432.5132631063 62612.0814548190
724958483.7811257839 61553.6457329447
724865503.6064298153 61533.8009987528
798029493.9979920387 102737.3986952305
797526221.7007462978 102602.2995970249
796672308.6262803078 102298.6746294498
796826172.3542928696 102361.0550158024
794815331.6227272749 101087.6973528862
794442386.3966077566 100986.5379996300
794884010.4987553358 101157.7518630028
794984573.8156749010 101176.5457949638
795206481.6796268225 101360.3940122128
795221203.5419076681 101375.6697955132
794956501.5901821852 101157.9348750114
794278969.4903545380 100653.5955519676
790490126.1755603552 98376.5215194225
790362911.7910794020 98224.9590117931
790121550.8084112406 98063.9289138317
790037962.1874872446 97941.0669181347
790344055.0544289351 98209.0522391796
783460092.0982383490 94486.6363491118
784153674.6589676142 94866.5541251600
783758483.3897024393 94705.0776332915
783874699.8030514717 94749.3335532248
783811337.1377542019 94720.4524654448
783928354.1455633640 94763.0566829741
784333395.5409319401 94892.7536315024
784080381.0528330803 94852.1147574484
787993458.0070914030 96021.3709464073
788027215.2849777937 96338.8556990623
787840047.2539831400 95992.0949034691
787576941.3186661005 95923.0791029930
787435528.3414458036 95902.2129836082
787110807.5438956022 95771.9779906273
787933484.9632838964 95997.1184229851
787818172.0610262156 95923.6656038761
