716565731.5484508276 9040787.6552734375
716857445.3931220770 9091977.2978515625
717434100.6306055784 9162699.4414062500
728923159.3275222778 9999060.8632812500
730040104.8644841909 10041491.5429687500
729635855.2385001183 10032338.7519531250
716742878.7804743052 9068718.4072265625
717523757.7729229927 9169192.3632812500
717557890.2042163610 9173334.1835937500
717609187.7025270462 9179491.4013671875
717870612.5914105177 9215437.8056640625
718759592.1249339581 9308739.6689453125
724260490.0548336506 9732287.8564453125
726072743.7507356405 9824424.8750000000
728089429.3537623882 9954256.3076171875
747562279.1884577274 10641992.1796875000
762918300.0731220245 10904424.4746093750
717305965.7246681452 9146748.2958984375
719093105.1856338978 9338179.0791015625
719746385.0561525822 9383564.5625000000
722688708.4382928610 9615215.1474609375
724179147.4173972607 9712615.4423828125
723957817.9660196304 9697985.7392578125
735064530.6730357409 10272413.8222656250
743838992.0025616884 10580400.2724609375
716393463.7410922050 9009834.9697265625
717363066.7166628838 9149346.4384765625
718060553.6722660065 9237642.0439453125
718250101.7607212067 9255573.3310546875
731095204.0605788231 10098213.5839843750
725500354.7674475908 9803173.8144531250
725772620.0927509069 9822901.4736328125
730505745.1624633074 10072081.4648437500
812778859.7100495100 11315821.8769531250
719208361.0361187458 9343040.6250000000
727365955.0484077930 9912439.8378906250
752883180.2522940636 10736890.1816406250
870149790.0112859011 11694224.6191406250
716617150.9424035549 9057788.3837890625
718231210.1140052080 9247502.9511718750
719069623.2044823170 9331390.0273437500
719066472.3079342842 9330500.2792968750
721259762.2462103367 9511926.4267578125
727507158.2108091116 9920877.2919921875
730243897.8339015245 10070020.6328125000
716771425.6340267658 9078133.8378906250
718887078.5229386091 9319368.6767578125
720263618.7811498642 9429116.4609375000
727035557.6457933187 9887798.5712890625
728188779.9344136715 9965311.3144531250
757808739.9225863218 10835632.2666015625
723441127.4291610718 9667404.4453125000
727362723.9920384884 9908318.8232421875
730185326.9636119604 10050880.7480468750
716421931.4674409628 9019171.6220703125
717653454.2794052362 9182111.0615234375
735072510.8349288702 10277323.8398437500
826356856.2201586962 11412950.7089843750
718031527.8799649477 9231169.1279296875
717042077.7092113495 9123837.2626953125
717305965.7246677876 9146738.2041015625
721248306.2730622292 9511266.2226562500
735274092.0439907312 10281545.5175781250
749105222.8535878658 10695636.2773437500
721299852.8560746908 9512119.8134765625
717478367.2074837685 9165405.1123046875
843977613.6795299053 11561362.1406250000
869887877.8591035604 11688980.1757812500
730916830.1915364265 10093589.7431640625
730656476.9429892302 10078740.5556640625
740222864.5573970079 10466883.4501953125
716427229.2067874670 9021837.7373046875
725412188.6124883890 9788277.6044921875
870070651.5527050495 11689925.0839843750
717478367.2074834108 9165359.7646484375
726482463.9919350147 9851234.9521484375
748388773.6141763926 10666533.7431640625
731106257.8944582939 10101113.6240234375
749344100.2919044495 10699156.1328125000
721079571.3581839800 9498256.5097656250
723285598.4085459709 9659295.1132812500
733522245.2485172749 10205749.2705078125
723775462.1578657627 9697951.6533203125
726482463.9919350147 9851155.6708984375
734413657.5800576210 10254599.7646484375
716753155.9344958067 9074538.5224609375
716695082.3672703505 9064968.7451171875
717708290.2251240015 9192916.6835937500
730807694.1817452908 10091292.3818359375
721080014.4022874832 9501429.9746093750
718646122.0504494905 9294405.2109375000
718599940.8867782354 9290492.1972656250
725722309.0742440224 9812461.2226562500
720850825.9963879585 9479777.4482421875
748483913.0392078161 10669827.4501953125
775147690.7761769295 11091196.0371093750
753609512.9038549662 10762879.5625000000
720983412.9887953997 9490175.2441406250
718422781.4724618196 9271907.1386718750
720395133.8890649080 9439620.7011718750
720009894.4383454323 9407665.9169921875
721320092.4587911367 9519075.4375000000
723580640.1465204954 9677450.6962890625
726319007.2295392752 9843889.0507812500
758127973.7794865370 10852545.2763671875
719965161.2055839300 9406788.2119140625
731177997.0673354864 10104274.7939453125
758020190.5026606321 10851782.0595703125
757178285.6239665747 10810842.2558593750
720047223.5446131229 9411139.7431640625
763295869.6533598900 10938509.2695312500
719564078.7188489437 9370618.5146484375
730667127.6843148470 10088331.6777343750
726139081.3360662460 9828909.5761718750
737746337.9303897619 10382957.8007812500
747736795.4061245918 10655129.4570312500
720388129.8263419867 9437582.4257812500
720545077.4172097445 9453019.9560546875
731365424.9009042978 10121703.5664062500
731155949.9324942827 10101385.6621093750
720596567.9368103743 9459397.2744140625
721320092.4587912560 9519111.2587890625
748909514.6784806252 10692767.7070312500
730771819.3928401470 10089706.3359375000
733546177.0548220873 10214037.1611328125
722711268.7096288204 9622215.9521484375
726246653.7416148186 9837592.8398437500
720890168.3576899767 9486359.7265625000
731103935.5135487318 10100024.2021484375
720043725.1339708567 9410891.4804687500
768845140.1895595789 11008068.0078125000
733425304.8464456797 10200849.2363281250
732409745.5949472189 10166814.4912109375
717815862.3699668646 9198861.2080078125
730862399.5495942831 10092219.0136718750
722356399.8184773922 9595821.0107421875
723031353.4496737719 9641411.5703125000
723276720.7074043751 9657008.6914062500
726189453.4989787340 9837569.2949218750
719436659.4350794554 9356449.2724609375
731308981.9868634939 10111767.3085937500
737858819.2717943192 10390011.9511718750
721682201.9123225212 9541316.6914062500
735297998.9219212532 10287944.5283203125
725751544.5765885115 9816277.0419921875
732810197.1750130653 10188261.8544921875
731034159.2956155539 10093945.1064453125
731211530.3481465578 10106992.7617187500
747983923.0393291712 10660106.9550781250
740370383.2852880955 10471189.2968750000
721682201.9123221636 9541183.6308593750
721845164.2237462997 9560430.2841796875
721682201.9123220444 9541178.8154296875
728523197.5209931135 9973236.7304687500
734075720.7347289324 10246129.6181640625
720136858.5026152134 9418204.6542968750
726814962.1366401911 9874360.4101562500
831157996.2837826014 11483217.3730468750
729346707.5020883083 10011881.7226562500
729353749.7160530090 10014630.4511718750
728874938.9409751892 9990487.6738281250
729248677.6511961222 10007252.1230468750
760572710.5322510004 10892431.0585937500
728878844.7861071825 9992988.6884765625
735599939.9254810810 10300763.5615234375
724741352.2753888369 9750930.9355468750
772011848.1602634192 11038684.4453125000
862722745.2670969963 11621690.2617187500
722211505.3774056435 9587027.7236328125
722072044.0764667988 9572890.0283203125
773403546.6111047268 11051802.6191406250
772671991.4399828911 11047701.4980468750
723464203.1457873583 9668688.7822265625
726609429.3884636164 9859804.7988281250
733951885.1080148220 10235434.0419921875
726383404.6148986816 9848168.2099609375
761528094.1755998135 10900396.4755859375
760777836.3271775246 10893289.6474609375
733659029.4210942984 10215946.9052734375
724233991.3027089834 9720361.0439453125
726159240.3028080463 9831053.1191406250
753923990.6567481756 10771506.3642578125
765770283.1938461065 10966902.1777343750
724593490.1996381283 9745587.1250000000
725193016.9989387989 9782432.7558593750
724947897.9452974796 9767139.8417968750
734540070.2444266081 10264780.6962890625
786378997.2920525074 11136727.6074218750
725434579.1956470013 9797132.4648437500
723533672.9624844790 9675556.0410156250
724466135.5113731623 9737508.8427734375
732186947.8619674444 10147336.9169921875
754926461.0478436947 10797151.9013671875
763919370.7708356380 10951251.3281250000
724563875.7632155418 9744465.2382812500
775845504.7259967327 11111615.3046875000
726687349.4562797546 9863906.0195312500
731970744.1262577772 10128675.3544921875
859416136.3896131516 11587419.4316406250
736034151.4630402327 10314797.2519531250
725046957.3223341703 9770120.0566406250
735832726.4589908123 10303550.5468750000
762824910.3942151070 10901131.0664062500
774142950.5745389462 11075609.0429687500
771922581.7662400007 11024106.9824218750
764162634.7856441736 10954381.8593750000
766960857.7721688747 10988496.4453125000
766570473.8280194998 10985941.1757812500
775408446.4902461767 11096927.4277343750
818882496.9421900511 11355832.2968750000
738970264.2908027172 10427282.6386718750
738429025.5987347364 10406795.0468750000
738059681.5147287846 10396223.9287109375
769086700.1859625578 11023622.4238281250
745914412.9684398174 10637250.7705078125
792660518.1241041422 11158647.1621093750
792432983.6996890306 11155116.6113281250
749597638.4685659409 10705101.0458984375
775449111.5799181461 11099468.8320312500
775311539.6137269735 11093063.9375000000
753008408.6318213940 10749924.7460937500
741588289.0392615795 10509598.9160156250
835070769.5373144150 11485843.1816406250
775016959.6337915659 11086531.7285156250
774951563.5084677935 11084592.2148437500
775227313.1230379343 11091717.7265625000
749247007.4176111221 10698649.1835937500
759400265.9241486788 10876921.3994140625
749381866.1397575140 10703181.3593750000
775114240.3817092180 11090964.5683593750
736292109.4478516579 10320251.9335937500
737133924.6810655594 10352232.5712890625
754074462.5602500439 10780307.4062500000
741354544.9030339718 10506390.7148437500
857316464.3468083143 11586233.4746093750
741437445.3971010447 10506874.1757812500
740863578.6954488754 10493440.0878906250
738545602.3008561134 10413015.0068359375
736949894.5157486200 10347775.4970703125
738737598.1580061913 10419851.1943359375
735133937.2560636997 10278381.8261718750
740733262.4908972979 10486175.1005859375
735282520.4978768826 10285139.1142578125
749636520.9373360872 10706684.8398437500
856842315.5012793541 11577658.4804687500
856891773.3374704123 11577706.4277343750
748031909.4656349421 10662329.8349609375
763033427.8886667490 10913440.0136718750
838749564.3567452431 11495404.8300781250
839463460.8100315332 11506060.9824218750
748632402.3070908785 10685881.5820312500
827130045.2115329504 11438989.4882812500
736300412.2699956894 10324898.3212890625
735922276.5692495108 10314297.5322265625
736440848.1424684525 10325247.1650390625
740548665.7193595171 10479185.3027343750
748563300.4703278542 10678774.7148437500
741720340.8714728355 10526187.9316406250
749707807.3856292963 10714074.7910156250
736622224.1944341660 10338615.7099609375
819266983.6056102514 11403382.2089843750
744302022.2761425972 10596377.3554687500
740679453.9996629953 10485355.5078125000
759062157.8351840973 10870165.7958984375
757637383.0935168266 10824563.8486328125
739496532.2723195553 10456955.1484375000
739291538.3248662949 10438074.4570312500
744678209.3394894600 10603343.5957031250
735260990.7876728773 10280319.5625000000
744044267.7718943357 10581732.4443359375
741562272.6902273893 10508357.4169921875
741235106.6987577677 10500373.7939453125
742615612.6920536757 10545501.6181640625
737394779.9675017595 10363789.3134765625
751230607.9600028992 10730107.9794921875
750744764.4348797798 10725266.5595703125
735596582.4750708342 10295875.1152343750
757472249.3115590811 10821349.4443359375
828959248.7506796122 11457186.8359375000
743551569.8592165709 10570803.4335937500
742971751.1381710768 10558195.8486328125
794542539.5494557619 11158789.4121093750
754589305.9516587257 10785441.5117187500
810435845.0678743124 11285148.9023437500
861229892.8993391991 11606099.4921875000
758448164.1550934315 10861077.4619140625
743334420.1540862322 10566117.0654296875
817453433.6311370134 11325928.3984375000
758659608.2628649473 10864906.7431640625
755520056.6085289717 10807001.5410156250
752853420.7814562321 10734259.1542968750
766526343.4703584909 10970987.5214843750
759001876.4484719038 10865734.8701171875
868154897.0280833244 11631815.5957031250
808835131.6394938231 11241785.7148437500
808510706.9567512274 11236198.3906250000
810156452.1527494192 11279194.4882812500
799811450.2658587694 11211385.0507812500
795629945.2171694040 11209323.9746093750
809890850.0430122614 11267939.6718750000
