257936634.4296534956 120130.6081542969
257360343.7281423509 119930.9588012695
203038543.6716204882 47865.1779144481
203232383.8932386041 49793.3112485983
204876171.8898162842 57920.6782147065
205154869.4887505770 57966.9106976166
205465722.5154373050 58785.5351483002
207982052.7874875665 66000.9730638415
215490737.1131288409 79309.0170279555
215786753.1685279012 79422.4204621108
222093583.1668552160 88199.1144144079
222761047.6454677284 88832.6257362952
243463906.6036965549 112704.8105773926
204372585.9508198500 55699.4411960766
208035098.9200799465 66170.6933281850
213556644.0977225602 76449.5249076223
247377485.8252263963 116594.4052124023
247216157.9680539072 116541.7946166992
247093550.3456268013 116311.1392211914
208253180.8283929229 66790.0092797577
208039608.9141711891 66205.2717867196
208402691.5615746081 66905.7201139629
211878519.1056942046 73773.8194721307
213331799.2233226001 76135.7079825735
213104456.5269460678 75719.6489310598
222603042.0762968063 88712.3255716069
222853904.8962577879 88998.6806679359
246856899.9146707952 116105.4901885986
248259301.2844222486 117082.2614440918
248582970.1243618429 117139.4743041992
204607547.5422755778 57117.1172405854
205524032.3178466558 58792.0712811127
204774949.3610844314 57228.4202801362
204604595.7116075456 57107.9515301362
204516855.1568653286 56499.8974529877
205245589.0883431733 58563.6040569916
208193212.0178542435 66542.8799305558
210286581.6345250607 70499.2790107755
212726637.6757339835 75304.4488273000
242374609.2290739715 111206.2615089417
248345937.5988165438 117099.2853393555
247826146.0292990506 116990.9565429688
247520412.4764002264 116714.5898132324
207829445.2278743684 65920.2808505595
211843448.5460318625 73750.1557758416
215787933.8610218167 79777.8604340346
222222152.9919275045 88288.2984047572
243910514.2554017007 113000.5678253174
245946392.0088906586 115009.4969177246
247782253.0176897347 116989.2393798828
204446057.5256045461 56232.0630413666
215248134.3958275020 78574.4106964858
214897200.5107748210 78433.7490753921
207779454.6244057715 65635.4227483645
213188626.3929340243 76002.2872682443
214906934.2907943428 78526.1324372085
214609570.7896568477 77979.7734284194
214902135.1215468347 78515.6992707046
214898614.2007527053 78461.3983171396
221951839.2704630196 87935.4495047173
221736861.8218330443 87746.7008153042
221981527.8893926442 88001.0071846880
221774877.5659976006 87868.7999611488
221035917.6123486757 86711.1907365015
221253914.0947654247 87033.0312255686
243034640.6044250429 112228.2822265625
252617532.0552940965 118828.5266723633
254481331.7598990500 119463.8653564453
204355631.2088863254 55674.8361156955
204411464.1131851971 55824.9133587852
211540084.7228233218 73245.2931998338
246185105.3133784831 115322.9103393555
249875769.7785280049 117827.2520446777
253341746.4170114398 119183.0028991699
257653532.2875379622 119978.5369873047
220718271.7507611811 86391.2917517424
202814563.8400793374 46262.4339390956
203060681.5294440389 48882.2596599177
203132488.1759287119 49082.3390582129
207656021.7674349844 65571.9773741672
209850372.8132480681 69883.9400825528
213160123.8797452748 75800.8954191001
220057784.6543096900 85102.5356649915
220409106.1445643604 85995.9240722135
220371074.1454254389 85948.2493302515
245979430.9858945310 115070.2718200684
250312076.7930293381 117918.4872741699
204801036.8100232184 57300.5422625318
214507606.6423290968 77805.0660996230
245997301.6247424185 115239.0964660645
245954200.8505329788 115019.8435211182
204285770.2297443748 55671.8276501670
207803914.4382495284 65680.2530571520
207391136.1959849894 64596.2016235888
207725413.0947845280 65573.3579460680
209222624.0228861868 68775.4389717607
209891312.7581710517 69961.6250801114
219535951.2804996967 84381.8356339624
248688788.3038233221 117348.4173583984
253056338.2473381162 119055.6577453613
257269156.5516761839 119845.8817138672
213843773.2484098375 76902.8309049399
220651247.5112112164 86048.7114274194
219709560.4135201275 85016.9129396370
220072558.9515285790 85499.3063065698
211454088.3046091795 73083.6200054254
213212625.3640494943 76024.4110135825
220231323.4326201379 85627.1982133081
253339645.0793839693 119168.4698181152
204248718.0727196932 55055.8313689946
211747734.3433762491 73450.4460285272
207828102.5668113232 65758.6983615160
244938651.4546057880 113666.0916442871
249774149.2966638505 117638.7768859863
253300283.9836025536 119074.7693786621
203807938.9380266070 53267.8178448305
209529524.9985246360 69111.4023201493
249800193.0081563890 117711.2760620117
249340142.6511344016 117630.7251892090
252947537.2181696892 118982.9680786133
252814843.6453025341 118862.7481689453
202963243.3871798217 47863.2439346984
203040555.3283423781 47972.2341288254
204136929.0054889917 54876.7827936187
212484437.0691615641 74758.9613828452
219094737.3720690012 84016.5449798917
246954416.4225986600 116190.0782470703
246382636.3844698370 115670.0541992188
210078126.4856509566 70403.6357612638
207151907.4744583070 64236.0834478885
207247730.5445362926 64339.4046148807
214366169.6245234013 77685.3873200210
253790701.1964816451 119197.8471679688
257073998.7636597455 119749.2693481445
203000747.7769626975 47864.5252084002
202876433.9756387770 47078.7512707077
211789396.9167447984 73642.2532489861
213178864.7574410439 75974.4151975354
214357017.8829763234 77605.7471833022
213786496.9987553656 76872.1401886733
213674936.4652020037 76609.4283170493
202868011.8324481547 47077.1890686229
213287867.3433389366 76124.0161161216
212658885.0980589092 75145.3187619886
218830286.0789626539 83523.0863617277
219151676.9265349507 84131.9104584074
209534647.7812989056 69204.4403266935
211929650.1648457348 73894.0252892043
218792604.0428442657 83460.5312012052
218947393.4828839898 83540.7288645348
218436235.5300815701 82837.9555333853
218608946.1185252368 83401.5135010099
212399414.0893872380 74482.1114200915
212405830.6793172657 74493.7206562127
218403714.1120835543 82805.5961296177
218513177.4348578155 82923.3152130460
217813498.0877777934 81870.9346142337
218162297.3543491960 82792.3195312833
217577866.7894828618 81819.3101025149
217389902.4375672936 81258.2738568783
216740948.4069003463 80516.2417567894
216609987.0144550204 80450.1141727886
217223298.6133329570 81161.8454442939
217234829.3779157698 81215.8333645463
216885378.7931586504 80621.3723929247
216995002.9874740541 80883.8316214404
216494105.4234266877 80399.2516332588
217125496.1768388450 81115.2176993212
253298905.8948364854 119063.9790954590
202790261.2058148384 46039.3848038390
204000381.4172143638 54091.9804864898
203783887.2082914412 52839.6963848695
206669426.3551935554 62690.7955936042
207378645.1941705346 64496.8198273480
246226105.0667057335 115465.6044464111
242620859.0435085595 111413.4694671631
207442221.1461469531 64694.5880404711
243246115.6258015931 112411.0786437988
211637789.9313887358 73356.1001728143
211201192.7694808841 72526.2171311407
210864797.1174494922 71789.3109424676
211293978.5665664077 72594.4058979119
211385115.7878165543 72885.3399799432
211017920.4630984068 72278.0878437127
211012426.9103024900 71847.9813945855
210761838.0387310684 71585.5080974664
252458664.5472708941 118679.2767333984
210329032.5735544264 70723.2905785407
210629680.2418008149 71046.9015099372
210008585.8622580171 70275.0830895270
209664952.7486636937 69668.8302192716
203863966.5062499940 53277.5553054623
209364811.7817378342 68983.4938545255
249100856.3678170741 117412.4257812500
208816372.9721204042 67903.2778012063
208593580.7144855857 67515.9462274979
246154639.3267643750 115299.3488388062
208486619.8748828769 67243.2800439037
208515468.7901336849 67265.9699835218
246757582.3083091676 116048.9234008789
208171652.0203297436 66506.0586103052
252233738.6889284253 118387.6392593384
208150144.8903388381 66406.5696940422
206718866.0451000929 62726.9400763065
207095107.0146619380 63900.9163946658
206982097.9998764396 63603.2602881938
256956996.4664489925 119712.1197509766
203954362.9866789281 53290.4789013490
203316074.0987357199 49898.5905653730
203734539.9063077867 52547.3611187562
244037589.8952505887 113136.8305664062
203964574.0043224096 53589.9064373598
206338070.7627175748 61237.3516172916
206499898.6464959979 61922.4233730473
206558728.2653673887 62196.4968256503
244421067.3807895482 113505.2941741943
206432697.1060183048 61922.3812555820
244113983.4830823243 113156.6235809326
206552628.2339466810 62056.4076532871
206326728.1531933844 61158.5140505180
206220697.0601633489 61148.2981256992
244296586.4639955461 113371.6969451904
256128023.5121158659 119594.2229003906
206051716.7217234373 60502.6578058749
256445242.5186255276 119604.9780883789
205849348.3418378234 59483.7857965976
205865727.1298540235 59820.8010553867
205735643.0243486464 59199.8385004550
205546026.2845469117 59019.2434381992
203165049.4054037631 49125.4150089845
246062859.9262237847 115252.9794464111
245201466.0216032267 114449.9551849365
245202040.8984144330 114478.0544891357
245651965.9371208251 114854.7495269775
245680878.5888785422 114965.5969390869
203606146.4302827716 50301.5208747284
251834781.4889502525 118010.8966674805
203656903.2163248062 50643.2965094941
226516550.1718557477 91113.4084248886
227083616.8119102120 91643.3079915390
226806700.4492094517 91555.9740866679
226221480.9611327648 90916.5588460312
226742931.6137573719 91253.1216514773
226957101.8890062571 91601.4341349349
239705108.9233578742 106021.1886809915
239267595.2816120684 105868.1730992794
239082932.3405196667 105704.0837528706
238858337.0782255530 105433.8260634989
238658460.6511053741 105311.8454497904
237539396.9819971025 103696.3078463990
238020538.3724350035 104579.7525471170
237244954.1849787533 103416.4958499391
239826874.7393856943 106089.5245175362
225549948.0069492459 89832.2167738330
237461314.7296849787 103649.6084750611
240077645.3607332110 106329.2108725160
239491458.7175216675 105917.2945517153
237510823.9839727581 103678.1114810426
237628807.6986916661 103746.8194640595
237733575.1584879756 103935.7242265660
240081888.8450449407 106390.1903341860
237643187.0700774193 103866.2327280659
240544329.2560320199 106586.4270198345
225916793.4638575912 90338.3694751443
225450197.0481176972 89702.0411992253
225602981.4885088205 89999.1089795114
241597553.1646532416 107016.1853268147
241571975.2730193436 106952.1394588947
241474455.2971011698 106951.9085047804
240865060.2627412379 106674.4831783772
236942132.0643847287 101306.9526278824
236349955.2936754823 100579.8289439529
236571464.1543563306 100901.0028595775
236561762.9275834858 100755.5865390152
236846580.6164175868 101280.6773593277
234767197.7607985735 97972.3509680927
235182621.1687086225 98551.9242484272
234799590.3840142787 98082.1071707904
235084574.0131943524 98523.1113822162
236111065.6182049215 99435.8094845116
234685899.2606329620 97832.5104823411
236153005.5863324106 99485.6255550683
235657426.1856786013 98910.5863247067
234095186.6573355198 94825.7351359660
233632985.4538512230 94482.6455343300
234558202.6908440888 95356.6804017276
234417167.5800008774 95345.1201818436
234041913.0475147069 94775.1946237618
234107808.0766223073 94890.9568422372
234179442.1281951666 94937.7005571658
232469254.0682742894 92412.0176559687
232674640.5789150596 92867.1861177133
232799181.4474821687 92991.8192195320
232951568.8270548880 93395.8548875498
232580096.1452883482 92714.4575144239
232884124.2179658115 93225.2378024483
232190738.5561937094 92327.7753244825
231753087.4473515451 91683.8318125196
