834389123.6114220619 5.2885928210
851235747.7691900730 5.9273930987
851422099.4702086449 5.9361506374
851397198.6098055840 5.9305008784
832648394.5434213877 5.2366171796
839743228.5962334871 5.4929299947
891854666.7941271067 6.6266220665
851023813.5835539103 5.9209388949
832508542.6758369207 5.2167069881
850752765.0899776220 5.9021309319
852031960.5402486324 5.9367386051
851023813.5835539103 5.9221729401
885649210.3748368025 6.5800657854
830053808.2824146748 5.0837357125
823753052.6809425354 4.6736363507
831199382.3026958704 5.1436605445
830784944.5378473997 5.1208123752
830431223.3572554588 5.0988398525
880340533.4165384769 6.5234642444
831338090.2684286833 5.1660684107
831980593.8613843918 5.1872498906
830193271.7793858051 5.0944573687
831984614.8341054916 5.2005902121
831637728.9018304348 5.1804455089
880571612.8866317272 6.5277626995
834149386.8111102581 5.2802344306
839801947.0550010204 5.4978774527
834716075.6353513002 5.3172555661
896197649.5091707706 6.6500713745
830887934.8494374752 5.1377000432
890867870.7721285820 6.6094735588
890597182.2306699753 6.6061619322
880605824.8998289108 6.5304093613
850549391.0998064280 5.8986195137
834630264.0287448168 5.3064161692
885300091.2492219210 6.5799044136
835119963.6108827591 5.3329731573
892750256.0188544989 6.6267659876
823183950.3904830217 4.5964892047
823587150.9219888449 4.6558638103
832195399.4364758730 5.2041490201
880200886.7902810574 6.5182510732
884950966.6915391684 6.5767664961
822794943.8786250353 4.5868381412
890597182.2306694984 6.6050142010
844224324.7859048843 5.6720065798
825026450.9366105795 4.7428787150
825103661.1471638680 4.7474408273
823194386.1634646654 4.6034295283
823087547.0263288021 4.5949210768
842166352.1204804182 5.5888696988
880631260.3797314167 6.5364011625
820770658.2980806828 4.2319495426
829631291.7185266018 5.0637188407
821087813.5568394661 4.2869588270
824349669.0121964216 4.7168252388
822977741.2493973970 4.5930691424
820834131.8331604004 4.2729540053
820735932.3304657936 4.2306830659
824606793.4120546579 4.7236883635
824809216.7347639799 4.7401770679
824229934.4130116701 4.7053336277
825139521.0004131794 4.7527483313
835016026.5504252911 5.3237522358
825380729.1687259674 4.7633876450
834736966.4105726480 5.3180912931
830163644.5596213341 5.0864401036
825799178.1040477753 4.7930275092
825560095.6395599842 4.7791305884
829664956.8878052235 5.0784246269
834428023.5961184502 5.2976095528
836121755.2925659418 5.3542122417
837273723.2677295208 5.3914910409
821400056.1119010448 4.3362786498
839101671.2165153027 5.4754253368
883695816.3351243734 6.5756579356
826383368.3853921890 4.8542888659
820802011.5138468742 4.2445838120
827432039.7393505573 4.9505879849
836948098.9506931305 5.3852758922
834597724.6361092329 5.3044242019
834699791.6776335239 5.3170172910
829761876.7399971485 5.0791121796
832325782.4935916662 5.2100417056
825621992.9257929325 4.7910631629
829393608.4728387594 5.0624450245
825915701.8282761574 4.8017541451
828719022.0751075745 5.0224166017
829075750.3982656002 5.0400729044
829094194.0117979050 5.0434896166
829298948.4743549824 5.0539962654
830553021.0235302448 5.1172832433
830553021.0235300064 5.1171427436
827274391.5868511200 4.9185717809
827800629.6786081791 4.9802597431
827299488.2426888943 4.9501661640
895647230.8936009407 6.6460318402
828057061.0228840113 4.9832126135
862908951.3431988955 6.2024207082
862908951.3431986570 6.2020183117
827516003.7408996820 4.9681984925
862908951.3431988955 6.2029246599
827695832.5673980713 4.9799227343
827557364.1107400656 4.9694139628
862599227.8559437990 6.2002409324
863407321.0901876688 6.2121824789
828180383.7288335562 5.0020183426
821008835.5058585405 4.2815797689
853492927.4306536913 5.9846152996
821388277.9987117052 4.3093322725
821182510.5380128622 4.2987519956
844921439.5323605537 5.7182354177
830858330.7656018734 5.1269539366
861510932.0466506481 6.1751512429
850057048.7131062746 5.8632180814
895154322.8316836357 6.6440436746
850928543.7221995592 5.9098914665
824199348.0611333847 4.6745375817
826962778.4595632553 4.8862777258
884952934.9740923643 6.5793058468
856813139.2081824541 6.0863057415
878350000.7218257189 6.4893452081
822506091.8813807964 4.4676820408
825967986.1250104904 4.8221123808
878885728.7102475166 6.4935178010
826603877.6751981974 4.8790717318
827222686.9572925568 4.8957434634
826851838.7288362980 4.8814801638
828539164.2542549372 5.0118196299
856757877.2891824245 6.0831018684
856757877.2891824245 6.0818951695
840057846.1612493992 5.5052477608
894553430.7397725582 6.6311320885
826599806.9157233238 4.8604123632
858586058.7994387150 6.1164655759
857089856.3448548317 6.0882035741
821994720.0753839016 4.4336571927
833596806.2398225069 5.2461466423
823284334.7463812828 4.6146160106
822538089.3467605114 4.4955087001
890388672.7295520306 6.6011392077
822620180.8689136505 4.5224603619
821713654.1387743950 4.4089653158
821938759.3441603184 4.4295340019
825825126.7582200766 4.8013882410
840052031.5501034260 5.5004829233
821920755.1955614090 4.4290184447
822734544.4852325916 4.5413597414
822381566.8311705589 4.4486889456
883619034.8345710039 6.5683516679
822387253.8581435680 4.4676384532
891702225.8276524544 6.6118755479
883211758.2610722780 6.5678187869
891501644.1962311268 6.6107424594
822254146.9335598946 4.4473070191
894775132.2567996979 6.6321957213
827147171.7983505726 4.8930245155
861538142.9349362850 6.1753012461
857394236.3546931744 6.0937874527
857640764.4791169167 6.1082781744
883187727.0371206999 6.5566892389
852707841.7394676208 5.9658645002
859736480.0783473253 6.1448967714
859424444.9057412148 6.1316951277
853219158.2395539284 5.9782061653
860800058.3475306034 6.1621464181
895060642.6084029675 6.6408314104
861292980.8530393839 6.1709466079
894855753.5695724487 6.6363018283
882928890.9122277498 6.5484897716
861004180.0377643108 6.1664844984
883014423.3664079905 6.5551202658
882984009.0226551294 6.5512337580
861764323.2961618900 6.1864045657
874789412.5727808475 6.4538756091
828929250.0568989515 5.0302627668
872819283.7275310755 6.4277255377
833873788.1143605709 5.2619307864
877124315.7162650824 6.4833839060
872133951.8679525852 6.4147122260
855450157.8012627363 6.0419146718
841653751.2372062206 5.5802670357
841607525.2216331959 5.5770630103
855576278.0376935005 6.0579218275
856190220.1133630276 6.0691986044
833420008.2832003832 5.2445547529
855253028.8519412279 6.0354151583
841139160.7886016369 5.5583922613
859559655.9480365515 6.1383889146
833816006.5534420013 5.2488912723
875382739.5097999573 6.4600505481
875605372.9350972176 6.4632079947
837361324.7020797729 5.4128306439
875051063.0392298698 6.4591063002
837894204.0895173550 5.4389402903
837828754.3332178593 5.4372728246
852423394.9602779150 5.9489042062
852643995.2080141306 5.9596403296
838441827.9252068996 5.4658516905
838441827.9252068996 5.4647960746
854418133.8858029842 6.0142242847
876498882.8167968988 6.4777555013
875841689.9437588453 6.4735583448
879323569.8783866167 6.5148686302
838361157.9402152300 5.4573536213
879184216.7295924425 6.4953284682
878692793.7574168444 6.4919506670
881571109.8471997976 6.5411908189
841738009.1502920389 5.5848559833
855004256.3337368965 6.0290047604
835947527.5600889921 5.3478544243
855016993.1466096640 6.0314036909
836405037.6542637348 5.3695495175
836524529.3865144253 5.3705594359
866900281.5609627962 6.3179904790
865872867.4507086277 6.2987553793
836268892.4146484137 5.3576643566
865457064.0732492208 6.2803913835
865275256.0263142586 6.2621474828
844707625.6868615150 5.7021579945
836620967.2620162964 5.3820757943
844340625.0535186529 5.6883152282
865815375.9697117805 6.2844379873
847405426.2257527113 5.7963702683
836279359.5788438320 5.3603345182
837722779.0390044451 5.4297273342
849592773.3175907135 5.8510053909
850151020.2475314140 5.8666902777
849218947.4280736446 5.8410425802
844605967.3005535603 5.6894283613
867951574.7691664696 6.3343195952
867425936.4543856382 6.3288754000
856003357.0672711134 6.0678583531
863555533.2226314545 6.2175568163
847236299.6258771420 5.7894825974
863749258.6382639408 6.2202893907
853867220.0358893871 5.9991161829
846440784.1187403202 5.7673588743
846907242.6989991665 5.7759044585
846390451.2638571262 5.7670164911
849639769.3176226616 5.8585425640
853668372.3913079500 5.9910193949
845922110.3831257820 5.7409842286
860840125.7616223097 6.1629080320
847233011.2752995491 5.7827110480
853668372.3913085461 5.9912006423
845506299.1175018549 5.7292906621
840568728.0787744522 5.5321222476
835445791.7198432684 5.3375158518
868790635.6047713757 6.3577105423
840130307.2246944904 5.5128871716
843699359.0559124947 5.6545984668
839172304.8590663671 5.4861487552
868790635.6047711372 6.3570771023
873944869.7722344398 6.4384495684
873944869.7722345591 6.4413988378
871833737.8342291117 6.3959863471
873944869.7722344398 6.4384998253
868521034.8832089901 6.3564568683
845337163.3116664886 5.7197108600
874106997.8568823338 6.4439780039
839760028.4793250561 5.4965389951
839320750.6176851988 5.4917848275
860067596.1643044949 6.1517403261
842408435.8128379583 5.6098977715
860013504.2591536045 6.1498964648
842740173.2857843637 5.6181347160
843087175.4300866127 5.6322402158
842753626.3796334267 5.6184353071
842447287.5817581415 5.6137518782
842193505.0010701418 5.5977903874
838777716.6613132954 5.4676713957
845977071.3598512411 5.7439658116
848425152.8465874195 5.8204101106
848864479.8671852350 5.8259213334
848738563.5371913910 5.8238457354
849001929.9077527523 5.8388827994
849380417.2076588869 5.8503142675
840978750.1152762175 5.5471752281
840524872.2170920372 5.5308567196
866382799.6481151581 6.3041794399
874463555.3917852640 6.4457590833
867153729.0154597759 6.3221113085
871537622.6237092018 6.3948741090
872132175.0684275627 6.4058116874
869376612.2289438248 6.3801711483
871252178.1976940632 6.3937926898
870728056.3161797523 6.3936595451
870508447.6510982513 6.3913016674
870139106.0132379532 6.3867405537
868170341.4323570728 6.3472592481
868326008.8168029785 6.3508836079
865445656.5452272892 6.2709908521
889443907.9969922304 6.5896937547
863860391.7282876968 6.2232045199
863860391.7282876968 6.2265359814
889614131.1049989462 6.5898567733
889199217.2264136076 6.5884030393
888899048.9552549124 6.5874331991
888612099.1037734747 6.5844062406
