168204128.3179698884 1959040.6113281250
168367560.7284980416 2006167.7109375000
168617553.1353391111 2082413.7890625000
168804436.7166357338 2121925.8222656250
169444192.3619811237 2208565.6552734375
169579909.9755200148 2218450.2753906250
167782790.1631957591 1705998.3725585938
167979501.6363007724 1857899.9340820312
168678353.2465630770 2095566.6220703125
167891747.6714793742 1805245.5859375000
168404920.7008816898 2022384.2021484375
168421248.5365995169 2024789.2763671875
168151946.8687647283 1940558.5478515625
169562353.4993990064 2218145.0917968750
168228238.2678008378 1963357.6093750000
168366834.8989063203 2003017.3984375000
169176717.8214053512 2176704.1953125000
169191689.6780433953 2180122.6640625000
169331864.9671861529 2197782.7099609375
168248433.2399974465 1972406.7851562500
168639062.7286247313 2086326.4882812500
168668660.5234663188 2092141.1601562500
168924917.6326467097 2142042.6259765625
169589070.4608379602 2223060.1552734375
168518664.0787923038 2053988.5537109375
168737349.0429597497 2107052.4228515625
170502427.7974874973 2275774.3261718750
169230304.6581862569 2186166.7275390625
169226327.2251211703 2185917.9189453125
170060150.0097813904 2255479.1142578125
168103139.5750515461 1919192.2597656250
168217045.9583917856 1962938.2773437500
168450272.0884374380 2036028.9179687500
169003478.7827876210 2150376.0185546875
169327781.6544914246 2197326.1464843750
168015416.5817183256 1883301.3540039062
168159097.3531592190 1942940.3212890625
168208105.7510349452 1959222.4628906250
168380748.2956198752 2013153.1748046875
167851089.7724238336 1776439.1943359375
168038705.6287266314 1897607.3408203125
168359485.0794087350 2002840.5839843750
169650991.7338266075 2230104.8886718750
169640313.0489584208 2229493.7558593750
169633602.6919304729 2228120.5625000000
168851178.5202061534 2130051.2109375000
168533454.2246250212 2058683.0126953125
168674375.8134980500 2095317.8134765625
169531581.0417921543 2213062.7792968750
167856444.4654888809 1784154.4760742188
168019570.4535661340 1884550.7514648438
168411324.3065821826 2023042.3203125000
168553515.3997408748 2064207.4208984375
169123695.6611659229 2166462.9990234375
169007872.4213798344 2152549.7500000000
169274524.5197618306 2189046.1757812500
167834542.4987756908 1764769.4775390625
167902152.9174931049 1810508.9067382812
168165858.9452843070 1944149.1513671875
168185450.1181067526 1951969.6103515625
168293563.4000695050 1981988.5371093750
168391733.1337596774 2015398.7382812500
168324950.6816751659 1991457.0449218750
169319511.3663182259 2197002.1357421875
169821741.5789363682 2236231.3408203125
168509281.8193633854 2049451.9853515625
168646591.6788685620 2089227.5312500000
169227997.5805753469 2186088.8349609375
169189024.6669751108 2179934.1699218750
168172985.5341737568 1948335.9228515625
168335675.1887146235 1992455.5458984375
169134581.4451476038 2166984.4511718750
170052278.8323652744 2253766.8583984375
169419040.3847227395 2207756.8740234375
171052988.2170904279 2290229.8007812500
169873423.4696518481 2247344.3564453125
169371101.3364610374 2198714.0664062500
169308813.1391673684 2191624.7177734375
168184537.1451473534 1951402.0039062500
168379076.2522312403 2010484.1660156250
168424511.8737040758 2030030.2861328125
168557492.8328059316 2064456.2294921875
169058393.8972850144 2158926.3212890625
168440839.7094219327 2032435.3603515625
169042767.4836350083 2153233.7607421875
169007816.2998196781 2150782.2343750000
168977329.8790693581 2147674.0507812500
174261454.1415601969 2309649.0849609375
168332188.6358318627 1992278.7314453125
168650569.1119336188 2089476.3398437500
168750023.9085256159 2112961.0097656250
171459351.2720731795 2297836.2871093750
168687908.0013928413 2098960.9316406250
169162668.5747661591 2172617.6640625000
169524759.8915959895 2209922.5722656250
167903544.1803736985 1813070.4570312500
168025053.4101955593 1888502.6791992188
168215256.2354293764 1961604.2363281250
169047957.3272456825 2156774.7070312500
169054056.3802529275 2158519.9990234375
178300260.1065875292 2334978.3154296875
168596502.0777192414 2074111.7373046875
168772529.1460033059 2113381.7949218750
169420710.7401768863 2207927.7900390625
167821437.8745804429 1752542.5307617188
168123922.2152692378 1926037.3203125000
169968510.8698791564 2247416.3330078125
167902586.9944401681 1812609.1025390625
168398254.6357900798 2017579.1630859375
168488674.1872372031 2047451.4287109375
170735015.1795066893 2275988.0019531250
170642006.8009447753 2275848.3125000000
167788785.3893884122 1707222.0620117188
168147914.1740405262 1937304.0908203125
168784710.6812546253 2116621.2597656250
167885723.0072905123 1801904.4140625000
168045920.5050705969 1897844.8212890625
167774532.6529659331 1698173.5014648438
168134854.9955089390 1932833.6406250000
168211278.8023643196 1961422.3847656250
168167505.3468629122 1945124.5498046875
168198648.1306590736 1955829.2382812500
168744734.6884457469 2110399.9921875000
168009209.1722091734 1878764.4565429688
167993291.3848994970 1865520.4165039062
168889767.1631787121 2135846.6455078125
168223074.9111474156 1963252.2851562500
168321272.3043538630 1987343.2890625000
168428489.3067692220 2030204.6611328125
177722504.8489434123 2334969.3193359375
168127926.5952987671 1926683.5771484375
168146406.6064825058 1935717.8701171875
168300778.2764133811 1982226.0175781250
168413749.2805228531 2024567.1914062500
168191687.6295418441 1953783.7773437500
170469759.5755444467 2271873.8242187500
167801389.3312715590 1723293.8544921875
168396584.2803358734 2017404.8505859375
168400339.4684424102 2020799.2587890625
168065511.6778931022 1905665.2802734375
167796583.1021763980 1717231.8549804688
168404316.9015074670 2020973.6337890625
168460506.7734076083 2038150.7099609375
167874883.6843297482 1794540.8974609375
167865942.2595763803 1786768.5073242188
169573310.0428008735 2218297.1806640625
176426359.3963829875 2334869.3076171875
167834353.2714278698 1762181.7109375000
168077996.2050450742 1913245.8281250000
168101611.4154300392 1918415.1181640625
168451873.1311776042 2036452.6669921875
169485971.9861582816 2208693.5234375000
167791565.2982700467 1710140.5917968750
168058296.8015491366 1905427.7998046875
167824811.3168890178 1761603.8325195312
170790993.6996510923 2282240.6328125000
167884331.7444099784 1799531.8178710938
168115263.8226864934 1925013.1816406250
167938228.3031376898 1833360.5805664062
168057251.3629670441 1900942.6411132812
168278317.4503628016 1978897.6152343750
168010045.1326827705 1879077.7812500000
168716079.9374719858 2104601.6796875000
168754001.3415906131 2113209.8183593750
168239493.0326405168 1968690.9707031250
168455850.5642426312 2036627.0419921875
168907086.2166310549 2140087.7412109375
167858622.7650217414 1784787.4653320312
168052382.3767266870 1899233.9516601562
168274183.0476224124 1976195.0830078125
169148653.2315979898 2169170.3691406250
167862128.5095337033 1786326.9946289062
168604606.8808968663 2074836.1728515625
168235515.5995754600 1968509.1191406250
167967185.9415652752 1854186.2358398438
167825044.7046882212 1762155.4462890625
168336166.0688969195 1992458.0576171875
167946827.6240656376 1838652.0092773438
168001536.4227350056 1872300.5903320312
168358031.3965476751 2001684.0712890625
169630163.6803192198 2223372.0576171875
167847666.8271366954 1773008.2749023438
167873060.4322640896 1792313.0883789062
168354085.7554872334 2001104.7890625000
169146346.1539870501 2169165.4609375000
167852630.7154462337 1783712.9633789062
168122394.0556476414 1925260.1787109375
169144675.7985329330 2168993.5371093750
169487642.3416123688 2208765.5878906250
176275989.8191143870 2334829.1464843750
175923351.2087820470 2334806.3730468750
167817381.9374894798 1747785.0576171875
168504472.5221257210 2048477.6660156250
168905415.8611769378 2139916.8251953125
176862124.5844494104 2334890.7470703125
167931217.3651287258 1830385.6254882812
167880517.9943673313 1799090.3051757812
171409609.4825029969 2292966.4941406250
167822345.8257991374 1758489.7460937500
167841696.6114592254 1768511.3481445312
167837882.8614165187 1768069.8354492188
168685614.0637316704 2097837.4765625000
168324509.9449536204 1990527.9394531250
167810296.8506585360 1746512.3183593750
171463328.7051382363 2297980.5761718750
167980548.6761652529 1860234.8969726562
170235916.2640036941 2266870.6171875000
168032791.2039041817 1891413.4926757812
170153000.1126903296 2260926.9687500000
167842092.6606485248 1769980.3173828125
168490344.5426913798 2047622.3447265625
167869678.6714065373 1791537.8344726562
167986573.3403540552 1863576.0688476562
168492651.6203023195 2047700.2373046875
175213343.4646721780 2326753.5107421875
167909178.4904113710 1817619.8647460938
167966085.3157952428 1854114.4946289062
170495045.1556814015 2275307.3007812500
168819348.2283322811 2122356.0976562500
167809559.2808830142 1730220.4443359375
167958281.3929567635 1851441.9790039062
168355756.1109412909 2001279.1015625000
168553457.9085421562 2061867.7587890625
175218555.5922081172 2327631.8613281250
168751694.2639797032 2113131.9257812500
169083373.7062695920 2162425.7265625000
168711473.3803735077 2103981.0126953125
170756024.7963862419 2279993.8964843750
168460713.2745825052 2040043.0429687500
167952235.7261781394 1844085.1108398438
170345413.5179891586 2270790.1337890625
167820080.8163786530 1751450.7578125000
168602299.8032859266 2074831.2646484375
167933890.7143135071 1830439.6230468750
167963075.0491389334 1851448.6274414062
171069319.2510234416 2291123.6367187500
168612948.9494494796 2080407.1220703125
167956049.4762207568 1844526.6235351562
167993785.6841657460 1870939.5854492188
167998369.8492483795 1871400.9399414062
167929205.5297533274 1828583.7299804688
167934414.5530950129 1832919.0678710938
168781426.8242136240 2113747.9589843750
175296951.7427691221 2328774.3310546875
168800032.4347155988 2118480.2480468750
167942764.4822598100 1837619.5439453125
171633233.2229967117 2307135.9921875000
171359404.1527636647 2292839.3144531250
168110354.4513954818 1919429.7402343750
170420148.8161399662 2271312.5791015625
167926518.4774379432 1825564.5131835938
168049788.0916013420 1898650.6088867188
170107762.3676319718 2256512.2148437500
168333858.9912859201 1992453.0439453125
169064308.1705987751 2162200.1904296875
167898339.1674504578 1810067.3940429688
167977251.8087238073 1857063.9165039062
167947442.0699959397 1844078.4624023438
167917902.1076296568 1820700.6132812500
171434423.2878040373 2296613.1054687500
168004130.7078602612 1872883.9331054688
169110745.3295658827 2163782.7519531250
168380746.6076853573 2010658.4785156250
168827370.5959751010 2126283.2802734375
167805058.2434089780 1724041.4570312500
167923575.2301341891 1825555.5512695312
168821655.3059432209 2122433.9902343750
175349034.4765063226 2334666.6835937500
168909393.2942419946 2140165.6337890625
167886542.6585561335 1802242.5229492188
169581507.0382731557 2220021.3408203125
167868872.1533251405 1789110.5083007812
168835380.6922389567 2127070.0449218750
174717325.2526511550 2319283.2431640625
169110131.6030461788 2163067.9902343750
167887933.9214366972 1804804.0732421875
175215650.5422830880 2326798.7431640625
168749437.0364333689 2110512.6650390625
168825063.5183641613 2126205.3876953125
175041578.0181532204 2324978.8574218750
170009767.6565170884 2250916.9794921875
168822806.2908177674 2123586.1269531250
168608211.9576240182 2075989.7656250000
170215319.8254211545 2262037.5380859375
167866979.7925174236 1787508.2451171875
171467434.4848692119 2300848.7236328125
168563067.1481724977 2067392.3613281250
168967827.9047189653 2146423.0000000000
168007867.6433358490 1873826.0170898438
169740685.4120291173 2230698.8583984375
170057173.2811512053 2253767.9677734375
168609247.0148324966 2076606.0849609375
168551504.9559392631 2061138.9746093750
171630258.7140749097 2302211.9091796875
169975345.2803681195 2248346.7910156250
170741551.5586627722 2277117.6650390625
170134472.4128365219 2260877.9687500000
169812347.6482532322 2233891.9775390625
170025333.5839174986 2253053.0976562500
167942012.9550806284 1836919.0952148438
