246840342.0493227541 36285.4230050493
252644579.8529097438 42684.0599189299
258143713.6899287999 45707.2578582764
254606209.5220785737 43982.8428955078
251658420.1806495786 41860.6877546608
249283925.4896529913 39677.6124639401
261228209.0634843409 46092.1622467041
251198713.3378705680 41480.2208793461
255489529.7904647887 44538.7805976868
251957309.1237234175 42166.7349572676
253246134.3338774443 43068.3718543547
246169760.4959995151 34083.3995060200
255138481.4384040236 44329.8819606155
253282959.6290479302 43085.0298675979
249939177.3146039844 40376.7956624125
254169310.3792676926 43694.9477603287
247977170.8386580944 38212.5553139800
249153177.0814803243 39544.2587547192
250870076.7031232417 41273.0707116221
248346315.9337743223 38698.9638113227
246020318.6922736466 33396.7284753286
256299983.2916558385 44933.3542823792
249544548.0898354650 39985.3500668710
246628109.5669028163 35717.0973705343
250968125.5900909901 41342.9005532359
249257792.5229447782 39660.7171636146
249162554.0553204715 39567.1408566668
249210183.9438176155 39589.9934826803
248413374.8526301384 38877.0424787846
249588911.1239139140 39997.5733202790
249647344.8214011490 40016.0579175839
247507747.4712963402 37321.6892599517
250449254.0615499914 40907.4567567408
250685153.7747453451 41090.6855789721
255234540.0233445764 44405.1635169983
251937614.9364812374 42054.1119872183
250542111.6484247744 40948.4085436165
251174983.5696648061 41472.5091820061
255319159.8348653018 44477.7791938782
251858471.5889813900 41997.5341448272
250625846.4522464871 41063.2481255626
251302962.3128037155 41497.7571487521
250775776.6774157584 41218.6798992744
248198849.9616982341 38601.0023507231
260569583.4443747699 46090.0868835449
249022213.0371635556 39408.8982047924
256844955.8498635888 45208.8619537354
253895234.6564931870 43497.2068648338
251294470.6805438995 41497.4760978520
251658823.9138480425 41925.0707807635
248198161.5312898755 38476.6332096796
253869868.2255954742 43494.7360367775
246956831.8549809754 36531.4275826866
252739542.2833931148 42735.4062629241
249491953.1683184505 39882.3177738079
253725201.9720898867 43384.0707089538
252138800.6723995209 42294.0152532905
255014495.0754816830 44251.8214175552
254867773.4686592221 44127.4658126831
255670783.7479133606 44604.0071144104
246640309.6537373066 35801.3790533758
251856495.0469608307 41961.4926714385
251294401.5055570304 41488.2215877166
247308085.0105577707 37085.9251982120
247271831.0165888965 36982.3702268052
245969624.8205422461 32964.1202416097
248874643.9770508409 39179.5134544109
250335253.6688508689 40818.7999148463
254507903.0249973834 43918.8558261245
251880224.6815896034 42001.0942186797
249827289.1237253249 40297.8579040474
251451562.2010757327 41731.0791258906
246600591.7691928148 35686.2176764226
251896566.6852114499 42053.4234948653
256089263.3400587142 44777.0044059753
252010719.5240886211 42190.4725671309
246196975.7181676030 34294.6980214187
258774384.6638545692 45895.3715362549
253904865.7995703816 43509.0633454323
245957356.8086031973 32676.1683925768
252330021.6173783541 42389.4389560074
250632029.0489301085 41087.9579105471
248342577.5330629945 38626.9137507419
249160171.4954304695 39546.9615827535
254404404.4658725262 43803.8467494696
255704210.9643484354 44604.3256721497
245857264.4831077158 32670.9901611482
248959682.7129707038 39334.7781721090
258587889.7347736955 45806.7216796875
250227730.9841578305 40649.3370823954
247218870.1712552905 36887.0098539737
252232286.3925554454 42371.9193676715
259580834.1830312312 45980.1548461914
246664959.8542958200 35967.7330632425
253319890.3970236480 43101.9013498473
249733564.8941888511 40168.5036659753
252164167.1032972634 42296.4178516716
252545742.0359270573 42476.2768551940
258066493.4420268238 45627.8763885498
248721542.4816610813 39055.2470942577
254590608.4571545422 43954.8920657486
249323231.2563231289 39705.7163457760
245962633.3452930748 32821.6609048824
247144850.3920311928 36801.2590699841
255747258.2619658113 44627.3509140015
246942964.5564461052 36485.8212804339
257111324.6245151162 45274.6522827148
254497288.8072256446 43893.4372558594
253503004.5769107938 43238.3501431579
253422429.8684123755 43203.8903873611
250618543.3488920331 40993.2523463070
254425531.1256172359 43835.0609805435
247635738.1662913859 37636.0620484102
252644023.5574211776 42561.1396711516
253647670.8304163516 43348.9727158546
247317582.2521929145 37267.3963547099
253066287.8256250322 42889.9601795524
251444436.8312357068 41718.0137825107
247131283.3120146692 36798.4659018571
253278576.7671216726 43072.8086914504
251650609.1201435626 41796.8937676251
250279898.7232684493 40765.0433898559
251039938.8001724482 41343.6850876455
250410827.5840212107 40883.5535922145
248140454.1055094600 38394.3650694933
253463638.0255092680 43232.9272992248
251156586.5557537973 41470.8760247325
254092138.6339251101 43564.1607956886
249652123.6935415268 40058.3497657484
249342624.5003207922 39819.4706502479
247516570.4999440610 37616.5771332133
247735718.4319485724 37908.7682829937
252735159.4214667380 42723.1433387297
256675455.8156648874 45075.4508171082
247647146.5394988060 37700.5480365865
250516745.2175270021 40946.0105097592
247172565.6207054555 36853.7025656754
248693520.0243951380 38968.5886943393
249778104.1913093030 40223.7019986808
246441321.4059859216 35452.7363150335
249023977.2582654655 39454.4291096252
247759579.2320243716 37989.3242059105
251559834.0300862789 41769.6582993168
247703051.4275818765 37717.4021941265
254356044.0550697446 43781.1852836609
250189275.8205979764 40637.0490695536
249384751.2824376822 39828.8522269434
255048600.4742621481 44328.7084999084
248787837.0194602907 39071.3914679732
249063925.1814172268 39467.7029881995
253720819.1101635396 43371.7185589904
249245416.7300933003 39596.2471465772
252808966.6835111380 42749.3323452324
257859331.7674299479 45529.5382385254
252584164.3989656866 42512.9870820045
252592628.0858163238 42557.5127270073
252071714.3412403464 42210.3121972579
254771286.8536158502 44102.8198165894
250005438.3097786903 40401.3123506820
249438579.0704953969 39838.2858663123
248928945.7241063714 39203.2423738257
251823145.3071356118 41960.4351871657
251783839.5404653847 41932.3311680007
253334306.2326245606 43134.1699662209
248844777.2494127154 39175.5129603164
257878175.7780056894 45552.1505737305
255840843.7215372324 44648.2402267456
246723816.6244415939 36189.3453835894
246905257.9507083893 36342.6899117876
259441573.9026981890 45926.3761749268
247043766.9729976356 36667.8296934116
254831780.1441668570 44117.4337947220
258162039.8263399601 45709.8035125732
254538574.4268891215 43953.1718776077
248325752.4516617060 38602.6072097864
252921033.8320691586 42862.6865589470
251952926.2617971301 42154.4720330733
249444938.4744422734 39866.9754682105
253241751.4719510674 43056.1089301604
247031810.4743619263 36604.4388284142
247921306.1735049188 38102.1676178330
259485573.2666306198 45947.2909545898
248645147.8660193384 38948.7527410831
255797142.0252203941 44639.1136589050
246639453.3817502558 35756.0567662723
246929556.8886252344 36484.3335275103
250330870.8069245815 40806.6854548549
247997142.7944964468 38291.1765035834
247041658.7681013048 36648.4084159780
246106581.1885435879 34052.1336692191
254000688.6542312503 43516.2755570412
248018297.6228084862 38378.3220833891
248800220.6892865896 39174.5691231933
246084615.3807330728 34003.8317409822
246293306.6882212162 34711.3320016492
246530536.2452883124 35651.6422140813
251342460.9663562179 41610.2010796368
251411751.8755684495 41647.7124474347
250617311.2445509434 40972.7806992625
249316369.9515401125 39705.7008759683
258465217.4143492281 45746.4524536133
254876429.8735411167 44145.5756530762
259000110.7212250233 45923.1386566162
258888418.9382597506 45901.0237121582
250166802.3623791933 40470.8107370650
258729023.8223872781 45844.9638061523
256095156.2386392355 44856.7718849182
257135194.1511336863 45284.7642822266
246235008.8595341444 34574.5836851749
246260025.2744884491 34617.9659000703
248929560.4208696783 39245.4758686861
247832754.8368849754 38062.2489648217
256049896.7886571586 44756.4162788391
252500604.2956863344 42458.3488085121
254016211.6991472840 43535.8137040138
247260806.7001058161 36944.8810016653
247423565.9074424207 37320.9506027019
256499251.7888000011 45005.1903648376
253382796.3366939425 43158.8397395462
253074462.6996110976 43010.1392719597
250081012.2249489725 40466.0660280501
254126111.4793217778 43603.2620530128
253543359.2997444868 43243.2004761696
257775062.2403777242 45491.0789947510
257577646.5745196342 45458.0983123779
253842841.5859994292 43413.7700374770
257519893.8783589900 45447.4344635010
250001055.4478523433 40389.1628374374
256554894.5741080344 45066.0853500366
246829723.0605596006 36258.8533944536
254424247.3628822863 43828.4595870972
254024333.1346754730 43541.0504555702
246433493.3290769458 34797.7595249483
258473855.4603685141 45801.0695037842
257439959.0957470834 45328.0681304932
250174080.4681493938 40523.9500574386
259490756.5215629041 45969.0623168945
258664554.4325052202 45830.5217895508
247054276.5778500438 36730.8791077138
256385217.5143947899 44999.5484886169
252416528.9636294246 42446.4592654556
246969189.8463094831 36546.6834268028
254884061.1936222911 44197.9501113892
258276074.1007451117 45715.4455413818
254702188.7486175597 44043.7388381958
253189639.9791190326 43023.5476834411
258470400.6692815423 45768.2667694092
254779971.4288099706 44117.1688499451
253595075.6044175327 43293.4254922867
253608304.2790147662 43343.5498719215
254339477.8628047109 43761.2123308182
253378856.5412308276 43134.2057857513
250061678.9274217486 40433.5221437728
250186929.8584547639 40529.8565090597
256242228.2788800597 44877.0758399963
246337946.9447637498 34734.6141392061
248954110.1305807233 39259.8977131685
257495660.9554412067 45345.5760307312
258659865.0460360944 45828.4847259521
253017292.0643240213 42868.1821546555
253811514.4839025140 43407.1738266945
257514701.3783316910 45369.2742156982
254720398.2425100505 44085.2306175232
249706363.3012492955 40060.0456662696
252567050.4786056578 42497.9073932815
255925287.5538791120 44720.9038009644
258393032.3417819142 45739.5198669434
251122107.3445608020 41387.0152866691
248692480.8222639859 38965.7143995609
258004413.4113011658 45552.1844024658
257586183.9996017516 45463.0499877930
259715024.9530470073 45989.7829437256
253032020.9981192350 42881.0650306243
256958990.1242688298 45214.5038299561
256795235.4414784014 45083.4575729370
260291128.8700859249 46030.9976959229
260365502.0617386997 46076.4831085205
260316699.0840685964 46038.1500091553
256073654.6940762401 44771.1740989685
255877445.1405982077 44650.7525024414
257478857.1060800552 45335.5919189453
