597204555.3168262243 135242.3553299862
597842563.3633743525 150048.7026669583
599309822.7517223358 190789.1589035091
602332594.1604852676 230184.3656113707
602208942.9627023935 229195.2282517254
603481317.6678614616 242675.4769526605
610345031.8196793795 303982.7224365000
619088879.6655946970 360437.9486567191
650893550.1292115450 499269.7013244629
659753849.1621127129 521952.3634033203
661773029.3957599401 525397.1989135742
662652543.6893368959 526920.5743408203
664532286.1501355171 529040.0877685547
597253344.3573659658 137736.7057047649
603140229.9252700806 239478.0472924269
603166679.4091131687 240054.6282412566
610193116.7262235880 302877.0235248331
643468484.6346755028 477366.1222095490
662879833.1937695742 527033.7863769531
599149048.7551636696 184135.0673049984
659486848.3315660954 521205.0079956055
660634979.4802988768 523517.4823913574
681895503.9525691271 539720.0351562500
597398185.9571871758 139801.0529097915
599873433.9827017784 197245.6907985476
609855479.7328909636 300977.2778496865
610080497.3877977133 302375.0048745993
617298681.4824689627 353795.8566055894
619118203.9681576490 362530.1220632381
643824891.6379703283 477719.9544754028
652206673.7895470858 502896.9244995117
662862836.8619714975 527013.2902832031
683840400.1286627054 540057.3499755859
683988972.5242677927 540142.1546630859
597230081.3367582560 136006.5397027968
643577702.5922547579 477446.5723133087
597277455.0077435970 137761.9397527874
598125958.7716847658 153641.4190204381
597747782.8524447680 149628.0697383485
603834799.8192328215 244772.6112733964
609960571.4642802477 301846.5567532901
609968299.7372082472 302145.0087192130
616821296.8812562227 350172.5171280503
619196100.4657696486 362564.3323214276
642729707.5026071072 474591.1995928288
643020901.8490525484 476254.4310169220
662933244.4700459242 527075.8791503906
662342769.0100704432 526566.4229736328
610114105.4411522150 302693.1235079292
602131309.7156327963 228491.6176560223
609888115.3389993906 301025.6118503336
617371545.7683953047 354300.6690245271
643017198.7856748104 475947.7255327702
651953965.1358286142 502396.6134338379
609744385.0013571978 300468.5313840631
661166024.3610252142 524744.9771728516
661890219.7882679701 526131.2272949219
681114042.7377027273 539321.0269775391
651396347.3277384043 501212.6312561035
603243732.7743455172 241240.6645953215
618339971.4446982145 358203.2448465303
651614946.8329538107 502100.6590270996
661443998.9163380861 525151.9961547852
663916140.2793713808 528561.9666748047
602841571.6972068548 234891.3254162825
616822322.7521637678 350561.7569351792
616777051.3290024996 349984.1665238021
651783538.1670471430 502224.1757202148
663689778.0220447779 528166.8694458008
642208969.4984505177 472331.5618975163
603162428.8231824636 240038.3972613371
617117083.6704972982 352800.2240448594
617584571.7989288568 355208.1066484973
650725143.6904863119 499083.5021057129
600030159.6503421068 201357.5048562515
602934456.6658574343 237389.0492388762
602967749.7741088867 238030.9177081145
609592146.1219521761 298728.2483851762
659972423.0770030022 522218.3186035156
659295597.8164069653 520843.3440551758
684613550.5804871321 540199.4078369141
609578449.9233449697 298254.6689373703
617632724.1429806948 355384.0071945786
641416241.2666118145 468519.8893876188
641848603.2230647802 470541.2947373502
663795261.5987001657 528559.6696166992
617280253.5964187384 353431.0030670762
617006056.5433543921 351194.7988143093
597876931.7797569036 152717.8035195755
609322176.4662863016 293557.9306413980
609615644.5138126612 298966.2393720002
658605005.6593551636 518222.0359802246
682599564.5589016676 539891.1220703125
682940433.1418248415 539942.9031982422
603072503.2590186596 238576.1163165129
609520134.0037399530 297452.0679038615
641128013.1318743229 467222.6817154996
663470201.9081264734 527779.8474731445
617970663.2790019512 356580.8552365652
651389359.1678162813 501096.0857238770
663437849.9998000860 527749.8264770508
663727595.4309586287 528527.1062622070
663255578.7862714529 527687.4514160156
663101411.5387548208 527565.5753784180
663043532.7940109968 527452.1220092773
602478344.8981894255 231327.7540117009
602407949.1463454962 230614.4525919454
602559668.6717678308 232665.1963628937
663215100.0684379339 527625.5696411133
682329889.1862729788 539839.5957031250
597553255.4000316858 143187.6147386283
597461447.1573001146 140387.4050164819
654625273.0179017782 508416.0912780762
654731550.7559064627 508574.9842224121
682141625.7471290827 539739.3765869141
659993226.8609585762 522405.9335937500
597511363.5705505610 141813.5911561698
640813550.5222933292 464923.2297959439
602416030.7535368204 230804.1147293868
684272681.9975639582 540147.6267089844
597705020.0128298998 147580.3865285786
616226987.8212985992 345451.1735028713
601916573.5289155245 224658.1544841661
597633179.9156082869 145743.3333937675
640975081.3053244352 466082.8815446012
660314652.5634238720 522935.3457031250
660546022.9949452877 523354.4357910156
601571179.1087255478 220568.6690611228
616475862.4833440781 347074.3723096340
640916912.6941375732 465989.8483719938
601897198.3653237820 223537.6424082055
601720950.8504170179 222139.7479509364
641062403.7498202324 466705.5499405973
654896661.2037793398 509230.8215332031
601664722.8299779892 221355.5652838222
609345313.3655232191 296213.8825581867
673808438.8659373522 534162.9806518555
601634318.6249247789 221024.4291695303
616711128.2087790966 347936.5204776316
640782600.0998010635 464587.6694932096
599595449.8350094557 193372.8028177331
599555332.1503933668 192891.4501314770
599408335.7439848185 191106.7693523477
640475093.5285634995 463545.1078782193
640428030.7476602793 463479.1071457975
640532209.4944740534 463915.2575364225
640597503.3580920696 464081.7138199918
640835160.7629554272 465319.2742142789
616016607.4392910004 343257.4855337008
640809434.5174516439 464594.2732987516
644467674.3186221123 478792.6992206573
644700089.6384732723 479831.0819587708
644269654.4900054932 478135.7663593292
644492483.0027935505 478999.4025287628
644357398.3537614346 478583.4871234894
653867053.7476384640 507322.8787231445
615983041.4300811291 342530.1744542881
644201939.8959012032 477764.8091754913
599747817.8439389467 194239.4970144866
615953271.8612289429 342227.2327276035
600460137.1402248144 204710.1273954821
600715060.0669473410 207434.3200984274
600557980.7770628929 205249.2520280381
600573174.6067725420 206454.6317191620
615920070.1980545521 342029.7503772541
644158309.8679872751 477745.4170551300
600496209.0513981581 205210.5908464885
600565012.2204368114 205328.4867827196
600701773.3490742445 206754.9383916979
600462804.2502105236 204855.4525114794
598622346.7533861399 168551.5751815013
672406758.2868281603 533038.3320922852
672350402.4082680941 532562.3259887695
672504705.9419363737 533297.0674438477
598154906.6540566683 154846.2996426867
615973956.2243275642 342450.3622657820
653005986.2915587425 504657.3784484863
653430108.3994770050 505728.6538085938
599867335.8605520725 197011.5066010070
599868665.2646821737 197024.1012444727
653377294.6153998375 505676.4492187500
653623262.0372641087 506455.0527343750
672897717.1935296059 533621.7418823242
672833168.7886239290 533584.0266723633
658061065.6985538006 515904.0048217773
658532821.8095710278 517131.4681396484
658267256.3460884094 516193.6850433350
598550969.4830760956 166606.3108109332
653444176.5118386745 505804.3052978516
653214396.3501980305 505307.7988281250
598222389.7063018084 156507.8567609394
598205449.7865540981 156300.8824850225
648924553.2833402157 492001.7751770020
648835811.6913233995 491494.1821289062
599124785.5155135393 178432.2146608200
656752226.8907201290 511608.8135986328
672145075.1647835970 532142.0096435547
599086767.7855516672 177421.8359975111
598988660.3825609684 175363.4636479396
599038528.2959393263 177186.1966461319
598835490.7169389725 172370.5432422630
598875494.9669190645 173824.7678958833
598746613.5191581249 171423.6750717185
649163579.9426256418 492654.9922180176
608767471.1204010248 284670.2749618143
608739709.6443227530 284544.4187420607
657595680.3628957272 513331.3391723633
598432286.4177149534 162514.8640858094
598392527.4887789488 158797.0577547216
598292730.7608387470 156914.3537459673
598310878.3723173141 158369.7282564306
656747778.7870525122 511463.7219848633
657611609.5898532867 513333.6726684570
657788824.0679221153 513682.9661254883
657362783.4258813858 512683.4644165039
672111377.1849788427 532047.8659057617
672083162.1713938713 531857.0065917969
657593632.9542298317 513316.9713745117
608604323.7264260054 284193.8242083639
608370336.2665895224 281737.2694076151
608791150.8623951674 285730.0306380838
680399130.8505195379 537443.6148071289
608973117.9994403124 287722.7119620889
680015712.1071637869 536783.4424438477
609028585.9825555086 288032.9615215510
614486341.0236706734 330127.2367437943
608967167.4380519390 286331.8685750872
614274642.5339781046 328803.3580719414
614450153.7353029251 329916.1197672966
614449327.3305001259 329630.2737003746
680436858.4623485804 537486.0956420898
614273889.3324437141 328546.5904785576
614242449.8452138901 328542.1724335137
614103399.1773130894 326482.5591277849
613951449.5433950424 326396.6184886876
679591995.1536451578 536236.1803588867
680254452.8895348310 537303.0215454102
650218408.5252373219 495526.4659423828
650036740.1273832321 495124.0556030273
679957369.6968982220 536437.4020996094
679400089.6737720966 535490.7239990234
679473229.3032727242 535817.7789916992
611295305.4115531445 304446.2552546745
611429852.8318474293 305328.8856812005
611729213.8134770393 306872.9396285971
611972457.0193691254 308683.8199667966
612100337.0319881439 309683.9253988301
611813693.6019313335 307858.9866694247
611774858.8602244854 306897.0269889792
611620999.2427430153 306703.9182662924
648681393.0862647295 487504.0519866943
648386556.9284987450 487127.0661163330
647876680.2578713894 485731.0694732666
648099902.9801626205 486168.6466827393
648294414.0067536831 486274.9966583252
607380154.7613784075 260457.7812150538
607413789.5075923204 262074.5357926905
607524165.9540280104 262500.8697722972
608285586.1878026724 269042.8088508964
608183615.7539472580 268586.8951574143
608165827.9711960554 268490.2761497021
607147064.3290402889 253178.7300022825
606867015.3776416779 251675.3689028754
607330303.4813091755 255410.4291206285
631653563.9345927238 398314.2628870010
631932546.4492264986 399069.3148584366
631747544.8340123892 398826.9614343643
631493720.6202515364 397168.7779874802
607355511.8317940235 256107.2978591382
606806617.5932114124 247209.7469646091
631134898.8722414970 395198.8378858566
631068791.2834761143 394658.5290021896
630848824.0263811350 393091.7793226242
640122497.0076951981 435710.5950727463
640103537.1270055771 435244.2875776291
638185555.0758029222 427485.5702905655
638469138.2291953564 428576.4311761856
638060876.7607046366 426301.2514791489
638400551.8315068483 428216.2602682114
638453327.3812325001 428333.3046712875
638256350.0753846169 427920.4130086899
638240539.8304275274 427578.5275869370
636083409.1310701370 417669.4066152573
636033428.3639467955 417225.0131702423
635874522.0905900002 416478.9885778427
635649717.0234273672 415749.2714147568
634006418.8293062449 404476.5963125229
634515633.4694741964 406736.4003286362
633858482.0100286007 403971.8802180290
634267438.5872732401 406006.6659402847
634478611.4905493259 406654.0886220932
634124444.0929913521 405533.5227041245
634185121.2874126434 405620.2727651596
634061376.6933728456 404892.0408620834
630054707.6918367147 383539.3536691666
630286515.1542214155 386282.3251504898
630839227.7498748302 389425.6321268082
630485698.6458908319 387320.5484094620
630733919.8874970675 388294.9682779312
630693128.0754344463 387891.7740898132
