308648643.7997158766 2530893.0864257812
311708769.4053321481 2816221.2592773438
309350319.9191100597 2608809.8828125000
309574979.9767214060 2631951.1311035156
309442568.1947894096 2616843.3723144531
307637117.7448114157 2387480.6948242188
310502882.5408898592 2720227.5869140625
312661551.0860194564 2884838.1289062500
308603769.8974634409 2526356.7006835938
309606116.5651243925 2635047.1076660156
320741697.6892174482 3246562.4897460938
307862975.5123714805 2424305.2194824219
308201011.6984894872 2474304.8312988281
315870336.0719795823 3067995.7299804688
307834996.8137418628 2419632.0166015625
308233626.7948969603 2477980.3039550781
308878645.4208465815 2556966.3540039062
310221421.6842706203 2693429.4304199219
317810268.5697342157 3154864.8403320312
307378725.4719658494 2330240.6667480469
307283646.0477514863 2305263.5664062500
308487770.0779264569 2510982.7746582031
308734114.7612407207 2541684.4218750000
309367131.1634089351 2610682.4162597656
311306761.8208981752 2779015.5600585938
314487963.1778530478 3001965.5590820312
321618286.3377303481 3273032.3535156250
311456667.3606454134 2796772.7687988281
309795351.2461447716 2653180.6789550781
309892383.9949839115 2667090.3510742188
374192276.4131227732 3772574.0703125000
307869574.7144963145 2424727.0134277344
307608399.9434432983 2382709.1738281250
310298304.0015392900 2698483.1801757812
307617862.7050593495 2384997.7250976562
307736535.1280621886 2407129.6901855469
310785963.5139529109 2741047.4643554688
355725758.9929025173 3636328.6337890625
309258827.0960785747 2599529.5737304688
309483014.2300848365 2628792.0236816406
311100008.5122580528 2765740.8444824219
312533325.8381074071 2877776.5236816406
307522103.1422869563 2364078.4450683594
310332261.1798787117 2706367.4614257812
311696453.0397385359 2814713.5861816406
323093994.4149557948 3308709.0429687500
323301852.4819393158 3316958.4262695312
329807331.8967019916 3426772.2392578125
334913575.3903160691 3469016.7324218750
309424181.5405856371 2613011.5468750000
313812970.2063362002 2967773.9555664062
307343059.3077902794 2318194.9074707031
310516735.7771701217 2724686.0380859375
320658623.0519189835 3238836.1933593750
316409500.4020401239 3097519.5844726562
308994656.2718567848 2569263.7202148438
310882222.9893843532 2751060.5517578125
318776421.2249843478 3184525.4941406250
307567952.1851353049 2372036.8515625000
310997491.3807945251 2763317.7070312500
310912837.1979416609 2751630.6113281250
311660326.3380657434 2813003.5605468750
310060496.6830629110 2678966.4309082031
311826552.5901322961 2818737.7500000000
312685192.8939532042 2887015.9750976562
313175869.2982848287 2920484.7275390625
320448806.5506349206 3236385.8725585938
307491337.9183112383 2356735.2165527344
307459151.4022531509 2350618.6123046875
328004318.0669705868 3396852.5849609375
307356788.0414042473 2325280.1259765625
307431924.6582726240 2343804.3330078125
307421675.5727758408 2342650.2595214844
307467524.6156242490 2355230.3925781250
309581692.3321124911 2632252.6979980469
317381218.3009604216 3140842.1723632812
321854775.3345664740 3278159.6611328125
317685332.1813979149 3152771.5302734375
315859157.1389372349 3067694.7705078125
311513153.0778398514 2801984.1230468750
335277938.4975603223 3471722.2871093750
307399738.1422142386 2337687.7287597656
307315958.7499484420 2313321.3613281250
309582984.7041475773 2632379.9667968750
308577166.9161394835 2520356.2121582031
315740820.7380926013 3061651.8911132812
315946237.4595599771 3072617.6533203125
309283629.5618208051 2602405.3750000000
312223960.6785874963 2842818.5825195312
336011226.7784644961 3494569.1455078125
309630919.0308663249 2638016.8874511719
308136156.7797423005 2462486.9204101562
308684591.5186341405 2534779.1491699219
320052898.0587738156 3224783.6875000000
361851831.4251599312 3677728.6455078125
315204389.5656602979 3044386.3095703125
322144917.5340237617 3285568.3974609375
308370559.4772542715 2497036.6638183594
310430211.0505359769 2711887.8457031250
371142826.4613443613 3766024.1093750000
371754181.3840703964 3770855.9814453125
308598463.6903781295 2523418.3703613281
376951128.7944465280 3800604.8095703125
308374484.5118589401 2497995.3688964844
308175493.6706314683 2470369.0322265625
310198855.2378908992 2692822.5627441406
341680690.9024125338 3515772.8359375000
320472168.9696496725 3238366.9980468750
309608364.3541680574 2636257.1254882812
313827741.8148710728 2967853.3911132812
316333404.9539393783 3092197.8217773438
308266325.1458513141 2483229.3928222656
315332270.3392471671 3044497.9321289062
309466889.5073859096 2619827.3803710938
316345980.8101112247 3094164.3862304688
307823442.8064310551 2418536.6020507812
308345090.1180009842 2491745.3032226562
336335700.0084649920 3503515.2714843750
315037169.9274650812 3031238.4541015625
309564869.3293063641 2631438.9477539062
332652943.0898282528 3451907.9780273438
308090754.6680430770 2457076.6440429688
308690376.6223714352 2536924.3942871094
307654677.7650512457 2389866.3544921875
314684656.9409765601 3008250.5258789062
318620831.7916994691 3180547.9970703125
308070894.1423992515 2454109.6479492188
312840392.1261667013 2901756.5468750000
315779498.1427046061 3064859.6586914062
316622664.3900690675 3106402.7583007812
375534098.9203130007 3786549.8593750000
308844174.6615461707 2553423.1516113281
309779636.9692140222 2651980.9729003906
311615146.0875868201 2810107.5996093750
308792310.4083628654 2546805.9785156250
309202753.2147414684 2592981.2875976562
307804516.2288647294 2412349.5805664062
308526023.6968296766 2515273.1584472656
365226487.2987522483 3706555.6689453125
365537442.6535945535 3714783.2441406250
317568915.6126356721 3150046.7460937500
308939371.0464318991 2563893.7155761719
314118687.0903220773 2980412.1914062500
308868534.7734314799 2556456.1782226562
321812952.1917307377 3277591.4033203125
307930768.9098466635 2430347.9580078125
309693473.1334877014 2642804.1325683594
307789000.1321893930 2411716.4987792969
313812619.5755991340 2967595.3325195312
313924568.3854299188 2970290.8222656250
320229520.7558391094 3230936.3476562500
332033986.2068204880 3430193.0380859375
315894851.2577738166 3068305.2944335938
308968033.2322762609 2565658.0913085938
314030992.3685472012 2975824.3227539062
317522775.2640830278 3148200.8598632812
312965685.9748555422 2912318.9936523438
332604760.7750390172 3448673.6450195312
332050061.0967904925 3441036.8564453125
310643240.9064691067 2727043.2495117188
318534924.5168052912 3179363.7236328125
317474965.8035518527 3143633.5888671875
314192538.6217687130 2983211.6733398438
317888271.5374381542 3158840.1420898438
326596314.2717681527 3378584.7187500000
326383666.2778237462 3370401.7978515625
334221144.0017915368 3464061.7988281250
333054078.3014487624 3453130.7001953125
313728547.8610879779 2964039.4501953125
313715156.9156135321 2963327.2290039062
315989904.5610082746 3073942.1762695312
334224583.4392768741 3464199.1367187500
327487761.9694368243 3385748.5498046875
309160309.5326189399 2588991.9052734375
325916321.4781572223 3361323.3789062500
318567404.0954293013 3180342.6611328125
318334751.5783598423 3170806.6650390625
335737489.2290869951 3487992.5498046875
313545740.7473779321 2948240.6606445312
318311634.6896482706 3163015.8432617188
332082912.2779948711 3442236.1171875000
319175956.9551894665 3197540.3457031250
316906740.6727409959 3121528.4560546875
323281942.8047894835 3311067.4130859375
316307303.4054992199 3090956.6186523438
318160004.8926827908 3161255.9584960938
313572106.9212062955 2948703.9975585938
313633717.9509644508 2950418.5498046875
313229935.3200479150 2924933.1274414062
375317248.2558085918 3784895.2187500000
310996079.3979624510 2758833.0656738281
314861955.7473717928 3021752.2138671875
321956066.7465620637 3283491.0888671875
316628144.8830180168 3109912.1499023438
319839859.5988059044 3216556.9619140625
336827380.9221594334 3515550.7709960938
317954252.3637036085 3160564.9667968750
364033083.6010670662 3685590.3691406250
319355509.7547616363 3200986.7255859375
376329721.7973222733 3792609.5429687500
316430167.6033036113 3100301.7817382812
318143277.6295610666 3160968.0371093750
311184035.3587889671 2776917.2309570312
313479540.4638589621 2940576.2719726562
311617890.6700850725 2811150.0639648438
319393823.8720474839 3201759.4023437500
345905579.0821068287 3560434.9375000000
344912475.3672780991 3552759.1708984375
370199078.6465185881 3754030.8173828125
320294742.6429266334 3233524.2197265625
328832018.8117870688 3408348.8066406250
333827205.4601664543 3460900.4697265625
312550744.8073745370 2878935.3515625000
311594248.8621513247 2808972.2177734375
311771320.7176179290 2818308.4331054688
319998173.3972215652 3220090.5039062500
336082170.9287187457 3495632.7158203125
325556013.7498159409 3351206.5869140625
319586464.2516834736 3206795.6567382812
312141449.1771364212 2841579.7998046875
376835729.8490189910 3796879.4580078125
336505112.6180917025 3505992.3095703125
312862082.7532333732 2903423.8676757812
318863731.3854430914 3185964.7412109375
311746515.4087531567 2817104.4125976562
316279023.3521412015 3088464.1982421875
327638501.9497372508 3395274.3413085938
374597809.1670808196 3773509.1093750000
312077892.4176784754 2836494.2167968750
311534152.0881345868 2803018.5366210938
327514176.5092141032 3387931.9248046875
336210144.1591250896 3499067.1113281250
311952314.9815583229 2831924.1137695312
327633902.8285825253 3389353.8837890625
311158115.5219140053 2774707.9321289062
325987678.7940019369 3361938.0488281250
328415895.4529300928 3399933.7197265625
324596695.6080766320 3332300.1303710938
322380013.8284714818 3292423.4086914062
322206290.7755522728 3289948.2304687500
313302953.7691014409 2934592.8823242188
327222490.0099074244 3381926.2089843750
336256799.5181273222 3500239.4296875000
310813151.9974227548 2743455.9306640625
316124085.3477942944 3078451.3828125000
312431228.5678640604 2871840.2270507812
323497570.3153966069 3318503.0473632812
368387031.1035077572 3725356.2890625000
343007108.8615301847 3542557.3505859375
349971358.1670641899 3609062.0219726562
312329116.7962022424 2857843.8708496094
340224085.4409966469 3515704.0659179688
312316780.8604140282 2857643.1840820312
312003236.9378924966 2836012.7543945312
315031439.3791109324 3028298.4355468750
313138552.7376499176 2919386.6489257812
312031729.7617366314 2836086.5500488281
315464547.6749410033 3046612.1435546875
323584880.4758555293 3319942.2944335938
375204819.1769524217 3777757.7509765625
322684468.6481002569 3298778.7421875000
318511100.2084617019 3171532.6186523438
316810503.5858586431 3111724.5820312500
310615145.8309863806 2725562.0139160156
343453299.0758404136 3549795.8056640625
358484767.8136864305 3658184.5449218750
343053282.3995652795 3546975.5986328125
334026871.7452004552 3462898.6416015625
323957587.0587000847 3329854.9169921875
325089520.4369213581 3337843.7519531250
333481064.8162568212 3456628.3867187500
376309607.2317661047 3788815.7021484375
315619735.0398764014 3053692.9472656250
365970379.1139122248 3720994.8134765625
314271863.3396993279 2987288.2304687500
335604237.1223194599 3475523.0253906250
314265217.7263435125 2987146.6591796875
376133310.5252887607 3787602.5556640625
312787484.5325596333 2895231.3247070312
315524410.4313127398 3050640.2519531250
369749905.0536851883 3735454.9169921875
320685782.6435747147 3240037.7763671875
320858187.0663495064 3247193.6660156250
320888601.2355126739 3249225.3291015625
369517077.4887603521 3731077.5546875000
325499307.1273777485 3345208.1079101562
325204835.0381436348 3341934.4697265625
316130725.3367414474 3086585.9936523438
316060237.3971558809 3076714.5585937500
364954255.9816248417 3693385.7783203125
349623059.9569060206 3564516.0585937500
325434388.6738860011 3342776.9462890625
353504784.9891797304 3612985.6367187500
354107569.7226314545 3618841.5205078125
317207165.6387697458 3129968.9833984375
342377346.0066286922 3532771.4765625000
354968723.2269453406 3622143.1728515625
341713970.6095038652 3516447.1728515625
341847106.2152243853 3520379.9667968750
342348542.6480054855 3520976.2363281250
