463032108.6518168449 3253.8635018916
463205956.0877677798 3919.9698123158
463860697.1348216534 4649.8734835084
462995437.4188585877 3044.8032749517
463060305.5041968226 3383.2918832172
463049347.0101966858 3378.4626158577
463073700.7284167409 3414.6473401072
463012880.1576418281 3242.9479271137
463020534.6006531119 3247.7580759107
463090678.2356167436 3506.3185443762
520900352.1655263305 19402.7247376442
463747431.6693866849 4574.0468137185
463055708.2752088904 3382.8675593021
463049006.5855814815 3361.1039936420
463171003.3778576255 3811.4601975705
463156199.2389363647 3798.1134195354
463034339.1256386042 3270.7268550423
463034029.4929037094 3264.4285225028
463075874.0966953635 3492.9717663410
463194983.7626556754 3907.5735635783
463153770.2034800649 3704.8429742830
516475948.2632479668 18415.0872883153
463189172.7916122079 3812.9970225469
463194604.9185637832 3891.3837178077
463113563.1422410607 3595.3827953029
463129789.8186820149 3608.7296082752
463224597.6663879752 3937.2266895593
463114985.6797606349 3595.3828302400
522268214.3147235513 19548.0546340942
522522782.9103471041 19694.6739692688
463209787.9015769362 3920.9203416135
523021298.1669234633 19763.0269241333
523103246.8607676029 19807.7848548889
509728786.2242299914 16647.3287858709
509748438.6789748073 16660.6241655096
463220760.2266883850 3933.3165903510
505335303.3618290424 15373.3225941120
464095173.2143505812 4840.6735343630
464428381.0292846560 4893.6015597130
508018084.1119101048 16009.2132783637
463243289.9594762921 4095.8407358670
523104700.8720631003 19811.6750144958
463287149.0002391934 4141.4155009753
463397315.7712986469 4314.7610239529
463290649.8436132073 4152.0853209489
463545472.2168177366 4510.7176577593
511353100.4234179854 16795.3411078485
521732281.4592135549 19406.7535524368
523041117.2512494922 19773.1208724976
463312621.3905053735 4211.8738494362
463601436.5642564893 4544.3511320124
463258839.5488696098 4108.3590060923
505713546.2023950815 15471.1268105612
505432119.0908328891 15374.6582394808
509603363.3953216076 16591.4392310482
463450572.5948236585 4341.0287214960
463246790.8028503656 4106.5105558406
463494824.6121764779 4434.8909879695
463399884.4458009005 4327.4864031519
463239974.3932329416 4030.1533911894
463340405.3407292962 4237.0045359101
464636416.3880981803 5088.6771474948
464013530.6717395782 4781.3758552930
464012621.9403315783 4748.4551182559
464558479.1638024449 4979.2170034518
463848754.5731287599 4638.9949742129
463868299.0706875920 4684.9821208055
464229995.6825064421 4867.4837738526
506852357.8951625228 15976.7224860238
506370330.8469631076 15878.4304547017
514837716.1544489861 18169.0389383447
502711480.5216695666 14704.8788584491
514663977.0470103025 18091.0529671919
518722384.6103790998 18771.6693997383
503169321.9303672910 14925.0300111862
502983761.0583032966 14801.4355805981
522384394.6585640311 19605.0095481873
504646590.9890639782 15126.3299006479
512789212.5661552548 17293.2481849540
464004388.4687501788 4697.8915955480
504046569.3161624074 15009.1836349762
522638605.8985322118 19708.3965988159
518830724.8949524164 18861.8925966248
506005656.5469467640 15542.6090480403
512439987.6696463227 17228.0252850613
522966312.6202800274 19722.0105934143
504371059.5301775336 15083.3576173554
463789033.8351836801 4630.0186230717
513892195.6783832312 17763.8865413352
513934841.2709650993 17773.4166230841
519693647.5254198909 19143.5317866504
508731398.2399863005 16366.1289210893
508660417.3302785754 16362.3683086015
508936784.6546632051 16513.7093882288
508841703.3742438555 16482.4792513575
464456686.7568278909 4954.4063984585
519505505.6074779630 18885.7408520356
501369472.0901660919 14390.6187440777
521929643.5822176337 19528.8664474487
513720540.5122569799 17676.2665522028
497185936.1015816927 13488.9976536579
498678643.4417756796 14028.0893216372
511103439.0225030184 16783.0406016796
465652082.5503801107 5090.6806789898
465701486.2516731620 5090.7167950190
511609653.6083211303 16821.6150102168
466319279.3216667771 5153.0212074506
467962879.1715084314 5747.2082893530
467828334.9076116085 5700.5064237329
466936464.7027812600 5255.2617790059
466936464.7027816176 5255.2617790059
467024196.9877629876 5265.0882528808
467356212.8319997191 5493.4057098861
467643539.2609061003 5590.4720576124
467248156.8812661171 5473.9155651310
467488386.0129867196 5561.5397982923
467234803.9670895934 5454.2275058010
467569622.3030357957 5583.3757091740
467024196.9877625108 5265.0882528808
468219445.9294958711 5898.0751019429
468031841.5798713565 5816.4968930196
469574837.6020455360 5959.0125175397
469498941.2035587430 5942.4157503859
469575660.3197411299 5989.4156104798
469419832.0047049522 5903.4702838119
470203093.6085282564 6001.7663798395
470252538.4869198799 6053.5576888779
470286315.1347494125 6163.8627681861
470537149.5094410181 6389.4921071063
470886259.5026327968 6489.1336028728
471092471.0493471026 6561.9471749271
470388409.0479275584 6187.0533779169
470437042.3611569405 6266.0418767676
470450763.4673886299 6266.0428064371
470540601.3909800649 6463.9764860960
471060302.8156589866 6530.0550974166
471130923.1182254553 6582.6750399549
471737769.2805344462 6805.3458357619
471440423.3187482357 6695.8163590895
472617112.5817495584 6856.9402683253
471515017.9461182952 6703.6341308521
471532450.7779217362 6719.5624321944
471623057.4060560465 6731.6292923184
472849167.0601988435 6875.8717795357
473338018.8993655443 7055.3476330231
473493766.1570309401 7149.6024343100
472985644.0219753981 6897.5762635253
473193811.6439602971 7026.9350825872
473193651.3858569860 7013.6523264598
473453906.6957471967 7091.8366806502
474324180.1800020337 7266.8618597833
474304069.1215061545 7254.1733650116
474413879.0164324641 7383.2733550528
474657402.1303524375 7464.2805854229
474585026.2862544656 7417.8756445951
474342130.3483664989 7268.9914189053
475282722.2039843202 7888.5704551570
474903904.9980660677 7683.4471815459
474941596.9684916139 7770.8128336302
474768997.1687152982 7549.2731711816
474820773.3209826350 7632.9749922387
476239697.6111583710 7920.8950932602
476463383.5752471685 8159.8958749456
476248380.9031207561 8035.2884404344
476160956.0294942856 7910.1415599270
476438968.2832314372 8084.6949191314
477112823.1690744162 8209.8195352471
477128622.0779980421 8229.5584424960
477186163.2762942910 8253.1286503288
477263642.2805442810 8301.6930893995
477469483.7008523345 8363.9680354466
477328675.3112461567 8353.5444487800
477885331.2501096129 8376.5704684401
478270418.7937318087 8397.6052379646
478332187.6597921848 8405.4986775153
478421089.2791305780 8472.6933448613
479031213.7809948325 8800.1849913520
478490657.7394738793 8566.9561482544
478575043.6383515596 8753.8190359455
479463725.4446126223 8992.8621687325
479327582.6859411001 8888.3409437569
479134911.3007564545 8828.5789313418
480611695.3113349080 9084.2146614394
480426452.5826216340 9028.7882812819
480377206.6913508773 9012.2214354189
480558300.5805975199 9078.9663598801
480506675.5295884609 9038.9618285035
481050033.5307919979 9285.4754293633
480875451.2810792327 9154.2285340789
481033295.4010596871 9166.5361902327
481239975.2674769163 9344.0072728721
481307013.0133793950 9432.1636410626
481428793.6994304657 9451.8596176456
481584544.9302226901 9503.3378947835
481605162.0620442033 9533.3109712604
481703472.8408038020 9582.4363252145
482022604.7698178291 9748.0533940762
481979616.2442581058 9709.7166979841
482340428.9776539803 9940.3489465385
482242333.0229326487 9898.2837922319
482116446.9328427911 9825.0409246355
483647136.3547224402 10337.0200364505
483288410.2845168710 10117.6770223924
483582896.3928269148 10239.6363036548
483699838.5011931658 10338.6273853955
483769225.8586366773 10361.5332896624
483180310.9490355253 10034.6623538297
483910337.1000215411 10423.7285395288
483032130.4159446955 10022.6416596223
482969085.3318520188 10006.9526040603
482902563.7708718777 9976.9465535034
484564697.9688658714 10567.9474770128
484725093.5735548735 10583.3363829106
484977151.1862869859 10694.8295966927
485238296.9451636076 10730.8360597831
485021227.7441079617 10725.7559759360
485098296.1280111670 10729.5087413531
485564310.3975692987 10852.8725281958
485433039.7837734222 10772.5280066733
485564188.2240977883 10819.7445747316
486731751.1402654648 11240.2348315213
486014346.4275460839 11094.0361906465
486164602.9137043357 11164.9953390535
486144879.1922872066 11158.4358564790
486107472.0503704548 11111.7896269735
486015116.5095069408 11094.8883975919
486120282.1413367391 11136.6904590901
487361412.1246806979 11362.3924663619
487145096.9408137202 11253.6669571330
487265951.9073805809 11315.4689577695
487125590.3007999063 11242.6187261220
489018819.1049221158 11634.0386456102
489324159.4790068865 11835.9343815696
489110403.6270038486 11754.4315193743
489050357.5367074609 11692.9005554765
489472508.9577106237 11892.9231551737
488320614.9948360920 11421.9493253678
488600282.8358705640 11475.6419408998
488609578.4666000605 11541.7000364289
489713828.3079326153 11925.4727514833
489302993.7468515635 11795.4601806253
488603871.5087144375 11535.0426405153
488987169.0881037116 11626.8385068855
488930892.9355385900 11614.0721063517
490036881.4400237799 11960.3826076273
490276998.7445853353 11980.5654342879
490431357.3188125491 12135.9667041783
490361944.0632530451 12025.5341289524
490681627.9541744590 12158.1761128698
490719632.4966773391 12159.7272121701
490816183.8470005393 12161.6041686330
490981322.3485342264 12356.4704602752
490889615.4615226388 12269.0374976192
491650716.1499294639 12397.2657944653
491754983.3430724144 12450.6574992631
491918616.1126212478 12459.5637336466
491539382.5938809514 12363.6456676219
492681529.5616571307 12520.0575301992
493115842.6686637402 12680.3892707573
493207325.6109564304 12744.2844991433
494276760.2798249722 13258.7547791395
494050780.1410733461 13152.3230183516
492509355.2199197412 12488.4751854632
492829891.8479028344 12592.2594526904
493011299.5465076566 12617.8982027266
493336746.5331105590 12836.1283500418
493344999.7646780610 12846.8411691412
493217471.9033218026 12779.6557004675
493178415.7760751843 12740.2102840170
493802855.1878489256 13036.3508022455
494009253.7630011439 13046.1800604491
493664331.7542322874 13006.6359933047
493603848.7400538921 12947.9698834168
494785212.0478667021 13272.7960384786
495477280.7612276077 13348.1284181271
495459282.8808127642 13286.2439348996
495469238.5050889850 13311.0261385739
495555837.6260014176 13485.4902231991
495264064.7797240615 13284.2410693169
498085282.7897925377 13531.0862038732
498587947.3648765087 13555.2196137905
498652594.7325709462 13557.8070256710
499987901.1745572686 14174.3127821684
499953564.7186578512 14072.5319584608
500354974.9837622643 14218.7300238609
500407396.0273049474 14238.5436367989
498147784.3949253559 13540.7637827396
500905236.0265494585 14282.8407218456
501248352.4889190793 14285.6984250546
502218742.3227584958 14692.3179153204
502198121.9177170396 14658.2682174444
501966082.2435706854 14607.5729783773
501934182.1675553918 14513.5238393545
504011571.1867954135 14986.8164389133
504367588.9764608741 15056.3156673908
504954037.1468645334 15161.7740757465
504867878.1357564330 15139.7106373310
505124622.5648714900 15293.3705389500
504905488.8776831031 15141.2730256319
504979365.3492463231 15192.6052162647
