588477415.6947580576 1913720.1682106107
588918833.7109893560 1965255.3696724027
591130477.5377670527 2141422.8896813444
588231499.1565562487 1867403.5908790678
588390710.5831848383 1887432.9180885404
588312729.6941994429 1886919.0053688139
590860856.2234637737 2116865.1392846159
593802099.4242620468 2299367.6549096256
588175807.9282890558 1855414.8899799064
588394135.9901751280 1904005.6011940092
589000936.3376187086 1970217.5656673908
591419255.4842686653 2159647.5470320731
592079084.8026038408 2204318.8890373409
594952685.1326248646 2349593.9520828873
599093500.9336729050 2514366.8373336792
588188030.6394975185 1858409.9811664298
588535793.7182141542 1919207.2797984313
588969107.0190790892 1967281.6572201252
589012880.9614206553 1973210.3469673246
588806896.6480962038 1954587.6605659574
591931977.0904048681 2198174.8198571256
597028601.7007358074 2433831.3222274780
602274413.2714598179 2608732.6902465820
624276485.5944679976 2973789.0173339844
676639662.8466407061 3339743.3742675781
588420251.6797400713 1906433.5675026029
589645751.2019224167 2027092.7203168031
591571532.8691849709 2172816.6926009208
598901547.8823567629 2503245.4076461792
624764453.8158377409 2976413.4797363281
588284057.7355111837 1881348.4127174467
590939866.8953785896 2119817.0788833480
599357531.8542747498 2522205.3700408936
613115107.4536091089 2814415.7957763672
624001494.9634796381 2968132.8283691406
601842784.8297066689 2591443.3745727539
624697994.9609650373 2974803.2072753906
588775067.3295561075 1951651.7521186918
591024459.2181648016 2126621.0683853012
602018822.5945253372 2600730.5278930664
601924492.6698473692 2597281.2874145508
599083277.9752088785 2509942.8170700073
624718937.9622663260 2974838.3986816406
588644049.0508388281 1933557.9461036772
589041512.5008834600 1975217.2292721272
593718820.8997277021 2295729.6959252506
596414202.8208910227 2409911.5748863220
593667311.3840878010 2293911.7760033756
621955786.0033833981 2924567.3255615234
601924492.6698474884 2597282.7874145508
589439209.8527822495 2004808.1201909073
589593641.3019350767 2022602.0732220765
620457503.4598226547 2905945.3654785156
600694385.8290568590 2557235.6808013916
588172902.5547698736 1841216.9195209220
600519683.8059792519 2550708.6692047119
590851120.9430807829 2116326.4730747249
591714651.3614120483 2180359.0274592172
594230938.2358235121 2318674.5046410710
605445480.0485656261 2690336.1269531250
589988953.1281576157 2055843.3277691957
608072754.6528358459 2744542.0250244141
594126690.8054561615 2311795.2098629624
600465425.4489126205 2545622.7401275635
595486615.9323261976 2367325.1389732361
607733615.0940247774 2736856.1888427734
589152425.7763180733 1979386.7106206079
590203508.3900636435 2074271.1735253385
595515054.1938641071 2370065.4191246033
594619483.0055092573 2338253.6968338639
602733827.8109323978 2618481.9366455078
588613250.9716230631 1930114.7805763334
589199598.4591326714 1982818.9379155298
590168614.4257432222 2071929.9689853694
590576265.0985646248 2097084.7250716239
592521325.9674944878 2234259.6638986766
594498673.9565162659 2331168.0546057373
592960885.9025106430 2259832.2298607975
594232430.5023270845 2322788.2784826905
593586558.9328215122 2288013.6867699772
595529666.1025710106 2375875.0201072693
597962312.9233409166 2477477.6686325073
653375898.0371387005 3220693.1132812500
621001014.9997730255 2921291.0377197266
589714154.6776826382 2031588.5773724671
591024630.7570548058 2131636.4056135118
604715055.0076344013 2674584.9470214844
593328862.6944801807 2275192.6379418522
588621934.1210714579 1930864.9495826811
589612923.2902158499 2024902.3151959535
594230938.2358235121 2318675.5505395085
592682155.7632280588 2241896.1992380321
611824125.4693875313 2790740.3509521484
611275574.5595301390 2781081.2445068359
589372407.7586072683 1997345.4978764541
595150770.2094478607 2350597.8683185577
598008000.3253936768 2479858.3652877808
588518400.3307174444 1917206.9991432279
590387690.1701669693 2085943.7596084457
590496676.6411346197 2095573.4194575083
594051086.1464600563 2306441.4946313053
588460862.7967318296 1912849.2657447904
590618693.3954888582 2099163.3863784652
594120511.7501571178 2308982.4206566960
600502209.8703733683 2546944.7815093994
588635958.7000187635 1931244.8773170561
593795877.8736571074 2297101.3503441960
620788745.6031261683 2910632.3231201172
589587828.5404012203 2021330.5361432191
590374438.2446748018 2085410.2672358286
622254667.6550575495 2937048.8308105469
590975625.3300993443 2124837.8057490122
601876079.1454145908 2592079.0464477539
589169353.0818980932 1981189.4835003968
599548435.7387112379 2528930.3166961670
588243691.8641269207 1872907.4150978178
592730167.9109323025 2242694.8835473210
588577882.0913232565 1927538.2401100248
589320118.9027067423 1993286.4467289932
593079712.8935627937 2264369.4456979930
589685149.3472441435 2028499.1623334046
590269009.0072722435 2075649.7566440608
602430872.7231253386 2613976.5209350586
602154661.5426374674 2603002.1838989258
589693708.5555447340 2030625.2078656312
603929861.9586929083 2654896.2846679688
596329043.9791983366 2403469.5664129257
604308508.0245977640 2658499.3154907227
591486813.9433057308 2166180.0679865610
620140484.7604166269 2905829.2685546875
619968744.6696212292 2903302.4343261719
591249921.6280841827 2148416.2554255258
676342369.5614351034 3337287.9455566406
676635636.2901033163 3338117.8845214844
591373040.2368830442 2159111.6629572641
593879284.9137009382 2303967.4812035710
600409293.0634257793 2542681.9881744385
589909075.6041738987 2049126.6378086116
591315841.2173326015 2153258.0291682016
589691012.7309273481 2030128.6111859437
592254097.3580497503 2218377.1253728028
589987123.2778564692 2052591.1070355531
591820716.1323029995 2187610.0261774790
588256123.2426708937 1874030.4658180326
589798654.8367410898 2038937.1426800843
593609516.7236230373 2289706.6224389225
613455034.3912333250 2829546.3444824219
589440515.0415536165 2006748.6656598207
592820428.4491360188 2249947.8313181102
593322220.8171685934 2274871.4353051335
595338966.5200023651 2364929.5898056030
619716110.7249132395 2895083.2648925781
652918898.5772057772 3203320.2907714844
604308508.0245977640 2658502.0264282227
606867774.4088639021 2723043.2760009766
620710562.3500460386 2910582.7854003906
591797188.6529890299 2185654.3916385677
611382451.3523286581 2787026.7934570312
600152955.3817708492 2541051.9945602417
592092806.4452396631 2206024.8809138071
593519186.7949466705 2285123.7340877056
617553327.1423629522 2883698.9095458984
675812690.5142883062 3336770.8054199219
619512131.4161256552 2889854.4113769531
596677423.4439833164 2420182.8607892990
596656774.0710214376 2415175.9442596436
646853922.2969443798 3143091.7187500000
604346167.0348390341 2661806.9507446289
600077341.0994352102 2535808.2603302002
604401663.5341378450 2662973.5352172852
594008989.0849353075 2304438.4602074772
590948536.7105088234 2119946.4834528696
595680310.9874731302 2376066.2981923223
591651005.1365764141 2173879.9734431040
604346093.8604483604 2661784.9624633789
615230755.3535485268 2854060.1431884766
622939024.8825103045 2959692.6220703125
622510730.8457148075 2952842.3884277344
592197231.0686963797 2212420.4416527897
624935079.9986814260 2977226.4731445312
613436347.2559452057 2826379.1322021484
590962418.4434072971 2120097.0222538020
659857401.4949338436 3277001.5485839844
659371673.8274531364 3271314.0485839844
602284309.5990755558 2608810.8428955078
603063217.9468444586 2627817.6816406250
616299727.8957774639 2872535.2636718750
598311921.6458171606 2491872.7048263550
592272737.1225082874 2218583.1887399852
593661785.0810463428 2290019.6291527897
593471191.4751819372 2281855.6496774852
596046348.4994274378 2399836.7960052490
607654365.0434335470 2734360.6312255859
597396654.0861837864 2452614.8586044312
610936583.4091411829 2768741.8309326172
597229540.4603827000 2443128.1917343140
622376164.0195611715 2944200.4963378906
623500494.8061999083 2964170.8395996094
599981036.5816986561 2534486.8817672729
595231229.5163670778 2358207.1370201111
595808252.1453764439 2387135.1462116241
597812870.9712680578 2469861.5037155151
601917722.0033273697 2596387.4945678711
674150795.7853664160 3325063.4345703125
590902798.8139841557 2119109.6148615610
597692106.2417593002 2463718.2792282104
597671863.8336609602 2463550.4019088745
638437697.9455767870 3054558.0886230469
637714344.9080415964 3054308.5617675781
592434794.3351225853 2226863.6384470165
596422900.5032612085 2411522.3778610229
599189740.2434251308 2519390.0031051636
607491315.5430817604 2728045.8773193359
592853309.9824916124 2252025.4568063915
597237515.5663065910 2445079.4212265015
598825996.5106353760 2503121.8366012573
597270610.6210359335 2446454.5641708374
622692107.6746212244 2953770.2067871094
621938964.6145132780 2923735.7608642578
602787018.6188554764 2620032.1349487305
599003958.3438974619 2505839.7804718018
597229540.4603819847 2442680.6995468140
612818299.7419055700 2810628.1406250000
612809087.1830545664 2809215.4477539062
596928728.0371850729 2424064.7586288452
596266007.3453981876 2403369.4044723511
650300279.9706979990 3187896.0043945312
594936494.0332548618 2339513.5328826904
615013275.6755440235 2852076.0679931641
610728450.2832142115 2768632.5966796875
603688170.1790057421 2636936.4472656250
612543360.5128005743 2804829.9676513672
620899729.0495760441 2919965.5058593750
606171086.4551831484 2702108.2241821289
614885586.6603919268 2850621.8795166016
604528946.8041949272 2668364.4262084961
613927726.6941750050 2835349.6779785156
658437246.8376162052 3245707.8603515625
666818105.1108762026 3303155.6340332031
601911522.6186933517 2593074.1672973633
643314539.6187692881 3127579.7349853516
600666858.1437815428 2555383.8552398682
604898969.1311459541 2677573.1151123047
657340113.1104824543 3236261.1604003906
657582397.8895959854 3238250.9455566406
595292249.3258587122 2359557.8284997940
613713583.1869473457 2830443.3876953125
598573104.3542598486 2491960.0057907104
614344321.6736463308 2847995.6004638672
626496190.6742162704 2988171.1617431641
605026704.7719219923 2681822.9572753906
601212055.8538435698 2568712.8660278320
638673331.1318784952 3081051.3475341797
605669690.4311443567 2693664.6213378906
629381552.1221837997 3000611.5823974609
612029145.8151714802 2804124.5841064453
628073470.0963914394 2994375.6090087891
600924199.0844572783 2561194.2625885010
607870641.7517771721 2742573.6898193359
602676089.2664980888 2614199.9087524414
649559577.3279747963 3173250.5534667969
649690990.6936415434 3176742.2067871094
598631402.9807051420 2493772.6261520386
604687506.9462310076 2671890.7145996094
609615262.0643935204 2753685.6934204102
609283472.7754576206 2752196.5669555664
675744664.0916824341 3332719.9521484375
598718324.0181736946 2496621.2612228394
605491065.4006518126 2692326.2756347656
607546122.0351085663 2732050.9656982422
669374181.6983432770 3305472.4785156250
600984493.4688659906 2568335.1037750244
627974005.9774764776 2988571.8339843750
610958807.3187202215 2775846.9666748047
597020899.8234521151 2430626.2501754761
656370556.2376120090 3222496.3471679688
628846315.8920186758 2998253.9261474609
675647091.4300963879 3328241.9326171875
606108990.6129322052 2700089.9647216797
614195689.6013939381 2845062.2440185547
599855738.3860158920 2534048.2166671753
611797732.2588667870 2787214.5509033203
611703640.3413176537 2787083.3522949219
607380983.6808110476 2725702.3442993164
601828717.6329386234 2582459.7313232422
613183820.0887597799 2822690.5390625000
613324678.5062729120 2825511.6052246094
606342962.1576359272 2711675.9887695312
650914505.3894363642 3194557.7973632812
647832089.6472600698 3159251.6875000000
647232608.9611150026 3158404.8608398438
639329233.6510620117 3085894.4857177734
641460750.5095413923 3086811.4713134766
634979413.3361343145 3030765.7243652344
635304028.4859558344 3035216.8054199219
609660807.8072694540 2760067.6401367188
605936247.5383167267 2700029.3435058594
608134720.6789280176 2746591.1395263672
656722892.1698224545 3222913.9565429688
656822626.3009948730 3235866.8505859375
