82445382.0699287951 5949.5226469040
83036829.0624613017 6175.8227920532
84227119.2163648456 6289.0662002563
82589879.7906709760 6048.7052373886
79194869.7132639587 3960.6315388083
82471620.8270782232 5986.0417261124
79534810.5739586651 4197.3026375090
82188029.6663491726 5823.9895385802
78174100.5853284597 2502.8999395370
79393399.0529609025 4169.6406886186
79237396.0530147552 4058.2028860450
80083193.9970766306 4530.9082689583
82358162.6640153378 5933.0623126030
83404117.4462419301 6238.0853424072
82460210.1670652032 5956.1463403702
83372929.8065210432 6235.8127822876
78274582.0459591150 2811.1271001080
83207174.1206770986 6213.6549568176
83444911.8225873262 6239.9175071716
79866312.6972530186 4417.6038991570
82385694.9432079494 5941.4786143303
82447225.2600732148 5949.9606428146
82895304.5557255298 6153.0480804443
82880796.5045304000 6139.3980293274
84106696.0531856418 6282.3416137695
82722444.1603661329 6078.6006231308
82668125.1840199232 6049.2010488510
82690879.3066339642 6052.6889638901
83276882.2707516402 6227.0044326782
84573772.8415064067 6303.2404251099
84896196.7772809714 6303.9114532471
83500274.5030117482 6252.6415214539
79792442.3374800980 4411.3692817896
82804846.8996093124 6105.6815872192
84540448.5919633508 6302.5505867004
79481923.4537753165 4194.8139796583
79612019.3919760585 4302.4375359128
79649972.0637009144 4313.0025520533
79598544.9492730200 4301.9091377467
83055476.4574044198 6192.3009185791
82972591.3685115427 6172.4831466675
78488278.1558368504 3129.9265517797
79592619.6456141472 4204.1246051997
82571797.7206219584 6037.8246908188
82572437.5412453562 6047.9462804794
83676709.0462888926 6263.0260848999
83663326.6425750107 6257.0329246521
83460607.4929781258 6241.8895339966
83552688.1767550558 6255.6370086670
79460555.8331560493 4192.4489937037
83830450.4942037910 6269.5876312256
78255430.0321706831 2807.0736116597
83818193.2982507199 6268.1998863220
84250723.8490634561 6289.5620117188
80163566.8580754697 4651.7483646572
79314546.1124888957 4080.3027437348
80319448.3161720634 4744.9686810672
83001882.5244658142 6174.9634056091
84363352.2140560001 6300.0025138855
78633681.4848220646 3335.2258562744
83055752.1156201810 6198.0213508606
83068271.0933186859 6204.0641326904
79222248.1861667037 3974.5219194293
84030542.3301895708 6274.1830902100
79902711.9884806424 4499.9236534238
83455826.3093459755 6240.3256568909
79390119.7021186054 4088.0075459685
83098016.3233583122 6206.0347785950
83460239.0816105455 6241.2884902954
84106967.5345038325 6282.6770591736
79379176.3311085403 4084.5497294199
80310785.4084565938 4739.5885130763
83108778.0035861582 6206.7307319641
83155663.5136599392 6211.8356361389
79161676.8783611059 3877.4890679326
80284323.2066686749 4729.8681288064
78392075.6996266246 3012.3872044887
83562690.7409736067 6256.5221900940
83481203.0132154375 6251.9267311096
82720872.4632561058 6057.5446424484
78203317.4264295101 2595.0923395157
83178630.0947423279 6212.2006340027
83787272.1548546106 6264.4748611450
78590796.4643715024 3253.8220203817
79222265.2391985655 3975.1700962987
79177976.3860391378 3957.2647503819
84104919.8254055828 6280.9853172302
84215481.9575983733 6285.3909187317
83322973.8786370903 6234.1288681030
82926248.6933787167 6153.4901199341
83333408.1723413616 6234.9282836914
84413717.9163885862 6301.2958183289
80389897.3454384506 4756.3457791507
84193730.0976542383 6284.4956893921
78293096.2909700871 2819.6165632606
84443893.4223886579 6301.9856567383
78476435.2747340202 3036.1050102916
83731749.1598446220 6263.7159042358
83241895.9473578483 6224.4631576538
78338084.4307286739 2915.1727785468
80084515.7897172272 4534.6099119484
79145722.7086893916 3861.3420380559
82118589.5916799456 5753.0953431129
83209310.5578135401 6223.2083892822
80270509.9610945284 4661.1971330941
80093683.4194811583 4626.8309812844
82100573.7346576601 5747.1906304359
82263897.4836914390 5845.6542401314
78292593.0913084447 2819.0124744773
79962460.2591862381 4506.2334648073
82949853.3260773122 6153.9859313965
78228006.6736468971 2723.7365234701
79113256.5533466041 3855.4106032457
80016960.2996139824 4515.9846971104
78359139.2903963625 2919.9031925406
84286429.9789092839 6290.3209686279
84399058.3439018279 6300.7614707947
79220675.5303245485 3967.8905056920
80018323.7902755141 4528.6768891880
84070712.8346290439 6276.2273712158
84424253.0326040983 6301.4513092041
78320409.1179391742 2900.0626815166
84278780.0529975593 6289.8243484497
80085867.9603807330 4610.6081652319
79946282.1651824713 4505.8065339396
84340938.4423965365 6291.6067237854
78217763.2902507186 2706.6879515052
84293314.4876834750 6291.2546386719
84430307.7901977897 6301.5316963196
78800993.8622846901 3553.1123268902
79912415.2713984251 4503.0445786783
79212303.1763555110 3964.4271312868
78383246.1768894494 2920.3160908427
84498038.5047182888 6302.2855720520
78672072.0689335763 3368.4951013438
83993465.3258601576 6272.1662597656
82341972.9532414526 5848.1140732765
82096306.3912760168 5744.7340493202
82011468.7243606597 5638.2109303176
78312663.8452285826 2826.1171061993
79089152.6113228798 3846.9297708478
79971629.1426283121 4515.0041575730
84088320.3177686781 6276.7617187500
79858251.2112485766 4411.5025488138
79749969.0475905240 4391.2177549669
79104578.2521385550 3850.7970842328
79215881.8153154254 3967.8228412885
78642287.4041613936 3364.6307175457
83049010.7357501239 6183.3855056763
78823578.0285549760 3586.6216531337
82080173.6657653004 5732.9967012405
78659590.9746120870 3368.4016049206
79156223.1523574889 3870.1911538448
82022184.5619090050 5648.1006426811
82285040.1105317324 5846.9090085030
81838037.8718407601 5515.3973544836
81846496.5130871981 5523.3566287756
81807199.5651483685 5511.6794980764
78794792.7122308612 3540.3322575390
78696051.7810620964 3433.6786778271
79598201.2196210623 4206.8398625255
81737471.8252753466 5416.1773723364
78787511.4363591671 3480.8569062054
81902251.2843581289 5611.3200668097
78801462.6647925973 3558.4883768857
80623239.4223275185 4834.9492280995
80586056.4455532730 4820.4169371640
80604568.0697174966 4823.6035755193
80777956.3947139382 4931.7649732232
80679304.6317692399 4841.8578781188
78474335.9576100707 3024.8623967469
78452821.0842874348 3020.3634255735
78682130.0651722252 3368.9845012441
78518238.2999531329 3133.7907906473
78704682.6988537014 3460.5534298718
78732894.2285602391 3468.9730465710
78758046.1525903940 3477.9552453868
79050976.2746620178 3589.4620305666
79571546.4460364282 4198.9093444416
79590367.3270720541 4199.2511642048
80689444.9293434620 4842.4288776433
80737643.9284798801 4856.2173276544
80546158.1860002279 4819.3328273808
80867984.0919283032 4943.1700075185
80819610.6848001182 4939.3812566511
80941183.8260924518 4971.0984180486
78580582.7292779088 3163.9369964780
79079920.0563759804 3779.1131208241
79082844.9667205215 3779.4549405873
79069285.5584869683 3666.2283906490
79075635.3049767315 3686.1933558067
80539840.8156904280 4809.9074304616
80718638.8879063129 4847.8064096486
80914458.9551696181 4945.3017709767
80803989.4059444666 4935.5565546071
81016541.2049928606 5039.1527929374
80967483.0477626324 5036.7029483830
81096538.4616494179 5040.1893120920
81180233.6952756345 5040.2598940050
80747403.5187360346 4924.9183137929
80731659.9598530829 4849.7850244557
80707628.0504073799 4842.4329484021
81505908.9367589056 5053.3968624091
81258342.8374933004 5050.9642515993
