868659155.0251481533 11612325.8437500000
868291419.0040204525 11606096.7187500000
868509465.4743540287 11611840.7226562500
893465766.4220243692 11635486.3593750000
775653617.7957741022 8096119.0991210938
785317022.2745900154 9178558.0517578125
803772704.0767383575 10370164.2636718750
826997313.9274429083 11170712.1679687500
826832223.8387519121 11164376.7343750000
837695854.9248769283 11354336.4765625000
837599327.4157719612 11351426.9042968750
855380433.8301666975 11546927.9414062500
770579821.6802997589 7273641.5029296875
769964577.4975892305 7246348.6230468750
775451200.7146949768 8074822.0698242188
789816274.1755146980 9559891.6904296875
770034195.7631415129 7249551.2089843750
798764227.7689327002 10110327.9179687500
799298288.5210354328 10138084.0800781250
803672803.0986247063 10369283.2070312500
814091777.8143997192 10782821.0244140625
815029917.1345294714 10816935.2558593750
826982803.5214446783 11169931.9453125000
869769501.1280536652 11613004.0429687500
770090092.6685107946 7253332.0214843750
775901313.1392548084 8109257.9633789062
803345582.9916908741 10357572.9921875000
826811979.1677895784 11164149.0742187500
839923914.8757952452 11381354.5195312500
893632800.1350728273 11635575.9394531250
768696243.0167248249 6974660.4321289062
769957356.5693926811 7241883.7343750000
769923084.0800936222 7233815.7734375000
770099834.4329805374 7265057.6494140625
770232088.8706408739 7270756.1796875000
789957630.3052445650 9566252.6904296875
791248853.4255158901 9657489.2773437500
803706599.6252496243 10369867.7519531250
803895549.3663578033 10377864.1015625000
854552570.4757033587 11545532.8183593750
767813361.6047643423 6619234.4130859375
798782843.1616743803 10110792.4589843750
803319414.9676959515 10353377.4160156250
826870666.2759467363 11169678.0312500000
840370605.2699351311 11390235.3808593750
860173761.6692187786 11578701.3203125000
768530705.8816510439 6934732.3842773438
767838296.6442254782 6641984.1279296875
767865933.4904346466 6649903.8867187500
776003312.4548356533 8113455.8823242188
775624699.0416917801 8091725.2368164062
839616511.1429876089 11379723.3730468750
791566495.7195413113 9667499.0820312500
840191517.9384425879 11387937.9902343750
814554903.3396737576 10804689.4052734375
826537542.2432641983 11160062.3535156250
840047093.8278216124 11387461.2128906250
789681343.1982064247 9552537.3681640625
791571674.2424547672 9672333.4775390625
791148468.3753442764 9653673.3359375000
820758838.9077920914 11010411.8281250000
775538553.6950160265 8083247.8266601562
789737722.7558854818 9555586.4306640625
791911800.4230594635 9674049.6132812500
814341383.9307713509 10796656.0048828125
837999621.5608358383 11359181.6542968750
853925760.6170288324 11536855.3769531250
869766827.8870174885 11612451.3066406250
775405461.0295166969 8066077.6391601562
791098889.9728120565 9653036.7285156250
814209854.0569946766 10793651.4150390625
790419161.6883661747 9604953.4238281250
791198747.1484811306 9655047.1660156250
839202023.9468474388 11376485.6757812500
839069927.2685956955 11374227.5351562500
791304221.1802819967 9662562.3017578125
814940499.6371248960 10815435.9736328125
799248967.3752523661 10137493.2626953125
769824127.0557196140 7220710.6738281250
769756776.6552805901 7198363.4726562500
769653876.9907814264 7177146.3847656250
799462598.0794006586 10144107.1796875000
769580724.3862046003 7144591.9570312500
769505460.2941091061 7143047.3603515625
826610013.8123552799 11162752.1035156250
799045478.0377627611 10130020.9355468750
838196160.1394360065 11362536.2187500000
838189169.9381744862 11361929.5136718750
814654643.1692216396 10807181.0595703125
814383314.1951682568 10798726.5439453125
790142590.5738165379 9580227.6650390625
892595087.1865435839 11633781.9003906250
790628089.3072504997 9617519.8974609375
798420452.5021952391 10086272.1904296875
824186546.8677545786 11099219.2558593750
767991898.5493066311 6691815.5600585938
804075289.7946212292 10382126.9560546875
826332650.0172460079 11155172.7343750000
775331772.8051984310 8045045.1166992188
775227058.4487189054 8034854.9570312500
775131633.6267297268 8019300.8691406250
815232806.3270760775 10820709.3261718750
892654277.2750450373 11634266.8027343750
769189847.7343783379 7074908.8911132812
769024769.8865166903 7029894.5048828125
768819091.4697585106 7002142.8349609375
892113528.0764220953 11633734.0625000000
774834209.7051241398 7962689.7685546875
769099183.5991657972 7039503.3198242188
798609200.4048448801 10104374.0732421875
768761614.1949462891 6987610.1113281250
826514377.2530884743 11158520.3027343750
892770742.0054029226 11634864.1132812500
868367747.5270785093 11609596.1582031250
804266938.5834083557 10383481.6572265625
859414841.2991895676 11576265.8027343750
859685420.3938779831 11577567.0507812500
798479933.5835870504 10093471.1035156250
798546466.0669072866 10100370.6230468750
768020608.4923737049 6727655.7309570312
858291078.4141111374 11568467.9257812500
859246476.3255512714 11574907.3320312500
859756428.4242327213 11578083.3984375000
859447636.5108377934 11576678.7812500000
768301274.4874327183 6771377.7260742188
768216431.6124387980 6770132.2700195312
768311732.7318807840 6772407.3168945312
768521667.2773374319 6924691.4052734375
790062572.4173035622 9572476.2753906250
853508075.8452235460 11533672.6230468750
815475027.4196554422 10828208.4062500000
891997817.1922796965 11631173.7402343750
783407951.9702786207 8957772.3847656250
891602738.8697141409 11630768.7304687500
768354328.9940536022 6778287.0283203125
802059266.5858530998 10274897.1630859375
802355941.0042853355 10295318.9980468750
836737909.9548603296 11331614.8964843750
783253258.0792491436 8940193.8906250000
802250467.5851988792 10290078.9912109375
802107467.1679103374 10282896.3779296875
774801146.8146045208 7949343.6743164062
774744821.3048210144 7945986.1293945312
801835147.8119307756 10266125.9824218750
836742396.2111951113 11331622.4257812500
783359681.6531209946 8949843.1972656250
785964964.8565489054 9196006.8837890625
867118485.4166103601 11604842.6269531250
858867187.2571115494 11571475.6132812500
783338468.3071035147 8948318.6425781250
801835352.7960821390 10266575.7753906250
800825983.6356071234 10208648.2314453125
783376607.8717098236 8950264.4726562500
800628605.4220291376 10202410.7275390625
801752200.4655753374 10261676.1884765625
783326375.0627914667 8947410.6699218750
822478264.1979019642 11052046.5917968750
821715412.5143660307 11031019.7578125000
789480579.1757557392 9494657.1513671875
801239334.8961967230 10235257.5205078125
824600357.4542208910 11108895.5957031250
800925999.2498096228 10216031.6767578125
835499327.8483481407 11301565.3417968750
822231948.2627116442 11046615.7031250000
852266419.7721689939 11512650.2070312500
852558137.5455672741 11515940.4550781250
822596644.9461634159 11056181.2773437500
835529089.6046321392 11302821.5273437500
852269858.8176499605 11513894.6132812500
866669538.0111606121 11600066.9726562500
835274048.7208169699 11300663.8261718750
835688034.1076602936 11308387.8476562500
851667243.1867929697 11504001.5742187500
835038079.6055277586 11295619.8828125000
834928060.8815449476 11293779.7187500000
851490206.9933848381 11503579.1718750000
851879519.0464196205 11508503.5468750000
822926531.4087270498 11063135.5332031250
866083742.3298597336 11595046.8007812500
865865077.7102398872 11591510.8671875000
822767273.9218549728 11058877.6562500000
856398721.1481785774 11551747.9746093750
855906694.2803046703 11549381.4531250000
822788905.3171329498 11060436.7792968750
831666678.3961664438 11231740.2578125000
774679247.7281054258 7911772.7656250000
800125612.9145609140 10170341.3515625000
831265324.1730251312 11225907.5917968750
891169664.5539658070 11629704.0820312500
831434881.3287556171 11231012.3261718750
831393448.5403192043 11226805.0195312500
831144789.2900917530 11223692.3613281250
831072308.7438747883 11223046.3828125000
831200927.0920726061 11224004.5664062500
829810994.1004948616 11199405.6679687500
829911368.5700509548 11200792.1347656250
829527196.4833778143 11194680.3242187500
829189807.4646613598 11187949.7812500000
829219718.2152187824 11191928.7050781250
774312197.2596054077 7821371.0517578125
774406048.7229806185 7830304.3369140625
774252283.2048217058 7811077.1738281250
774212661.9389208555 7808504.1162109375
774329011.6007741690 7823305.7031250000
786432475.9615484476 9217244.7792968750
863624924.8728897572 11583807.9785156250
788068378.2692931890 9365740.9140625000
865513218.9921628237 11588765.9394531250
784143927.8126827478 8996011.8574218750
774017457.7944345474 7752608.3784179688
857403565.3025450706 11559190.3261718750
773941448.5024061203 7730481.6445312500
857102887.7512121201 11556832.4628906250
774003779.9151124954 7733641.6313476562
784376871.6535571814 8996666.1220703125
857188664.4515798092 11556942.3359375000
773610013.0264772177 7683931.9926757812
783870009.3883438110 8980336.1503906250
783948958.8842636347 8984528.2792968750
783914747.3195911646 8983123.1582031250
783998443.8767468929 8992837.6484375000
788589894.2567775249 9413132.6337890625
864953003.6035525799 11586398.5859375000
788340259.7690939903 9387859.0195312500
788482249.0597276688 9398291.3339843750
788083936.6981437206 9369391.4804687500
773050823.9145995378 7580048.2236328125
844358335.8253364563 11396422.6679687500
773115553.3069250584 7596658.9667968750
773074473.2195290327 7586479.6494140625
787762225.9841846228 9341298.7460937500
772895135.4403840303 7552598.9794921875
772717021.8601067066 7530046.7031250000
772829570.5090088844 7543917.6240234375
863006876.5262326002 11581028.2285156250
772373417.0280461311 7473988.1923828125
787872724.9923163652 9351042.5644531250
772298245.8807053566 7447406.4970703125
772178511.5628294945 7416331.4863281250
772088098.8444163799 7405596.7968750000
772051954.9875731468 7390445.6757812500
771916662.1746146679 7368327.8051757812
771854680.5558168888 7344137.8325195312
771781781.9337339401 7330578.1743164062
771739309.4644348621 7322131.2329101562
816563373.8439602852 10836290.2812500000
819118409.2253597975 10913564.2617187500
819575307.5321491957 10929429.4160156250
786894036.2295974493 9247619.7812500000
819887415.3428609371 10942613.0039062500
786800763.9838484526 9243846.6210937500
786732141.5870212317 9236323.9121093750
786552276.6158288717 9223295.8291015625
850626635.5460433960 11473591.5507812500
819346047.0123488903 10924312.2656250000
817980604.5809297562 10880580.7832031250
818238338.7230237722 10887425.9433593750
818933075.8092592955 10901115.6503906250
818977223.1721369028 10908559.1699218750
818699544.8346990347 10899599.0468750000
817682432.9503850937 10869399.2597656250
817385706.4204112291 10855376.9921875000
887884555.5286715031 11613138.6816406250
888285619.5638437271 11614646.6289062500
888420572.8120234013 11615443.0332031250
888396768.9245011806 11615225.8105468750
888491481.4255883694 11615791.7382812500
888477328.5253977776 11615770.9394531250
888725991.6941068172 11616973.2480468750
797950873.9760874510 9963901.8056640625
798063905.4114483595 9971653.5566406250
798018835.2517043352 9968490.9628906250
797907868.1467574835 9958729.4941406250
798128427.9182156324 9975510.2011718750
850521338.8693678379 11466673.4160156250
850444664.5916808844 11463246.5859375000
850369070.5886188745 11460080.1074218750
849886838.6583461761 11455829.2832031250
848135928.5912647247 11420263.5625000000
848629259.3709001541 11430250.7265625000
797384693.9266674519 9814129.8398437500
797551191.0550508499 9822179.5546875000
780107843.2264533043 8277275.0976562500
797570496.9473915100 9822804.2460937500
780136398.7352108955 8279260.6240234375
797864959.8492434025 9835264.9267578125
797764285.1639106274 9832757.3027343750
779620005.3165910244 8224012.2724609375
779436543.1879955530 8186469.9365234375
779411833.9905667305 8186328.8076171875
779268823.3323791027 8165684.3242187500
779371958.1787996292 8166191.4003906250
779211727.0631723404 8155093.6972656250
782209112.3349816799 8310741.3261718750
782644689.2994775772 8350446.7851562500
782764622.6180462837 8361095.8398437500
782751684.6460909843 8360113.6738281250
783227341.1902868748 8451473.4433593750
783088817.8652946949 8426705.0947265625
783020696.6162936687 8403403.2597656250
