854351653.5050354004 34437.4646148682
854237051.0352666378 34416.6197929382
763571411.8488801718 5714.8254323101
765424125.7013967037 8766.1641254193
765315298.4277498722 8680.2763734912
773140067.1191468239 15562.0319180304
772821427.9665656090 15554.2536762368
811692662.0314958096 27461.5274347756
845053086.8876816034 33698.5552330017
844657902.6894085407 33664.1849021912
854440247.3123548031 34464.3478736877
763804294.8661425114 6265.2217430164
770167551.6579911709 13851.2186643526
772965425.7997711897 15558.9262188088
772560661.5446250439 15455.0624802720
772734583.0762646198 15501.9957507711
790232258.0688712597 21877.3953568923
844129779.8517593145 33605.3181877136
843881250.1553215981 33538.0209045410
844280608.7789627314 33620.5997772217
773022312.9015779495 15559.5452880214
765087044.6547029018 8356.7787634349
772487625.6992974281 15399.9469288003
772550515.2164206505 15451.9206607949
772413734.0009617805 15360.8293968897
844466635.8994423151 33641.1604595184
857764491.3935087919 34549.7871894836
763576770.8422046900 5805.8680303192
770189829.4144010544 13927.3394026801
810860371.6579468250 27265.3793800125
811124384.3435969353 27304.0325263090
811139222.2919807434 27335.8500330992
765386222.4502985477 8765.4137705985
765359716.3719112873 8692.4849569747
844449517.7809004784 33639.8615970612
765255082.3447651863 8656.7036399274
770207729.1106650829 13946.4525682375
777726007.6667089462 17484.1766974042
787488821.3041665554 21044.0302680708
810839429.1364779472 27253.0448978598
812302929.8316140175 27574.4854923665
844540779.9615397453 33644.1531372070
811868829.1893863678 27514.3313909547
772167293.1548988819 15247.2904141557
810978984.5669465065 27293.1220992155
810904484.4419438839 27283.2013800688
844576778.5318773985 33644.5273551941
772058377.2659616470 15168.3704217088
772092757.2645206451 15175.7692807328
771902386.3972165585 15139.6294491898
771722207.5970718861 15029.9180444937
790691192.7129098177 22054.0371616636
810861310.5474388599 27270.7641382086
811217241.9933021069 27377.3160269804
845142858.2192519903 33703.9983749390
770218299.8151786327 14035.8180772707
770551201.4557638168 14254.3882524416
790741751.1022435427 22085.2025104090
790789266.7720270157 22088.3921845709
812453056.0659563541 27581.6338699742
812511000.9725561142 27601.4350126667
843476625.9322832823 33450.4169902802
843857403.2951786518 33527.4250526428
811362169.9580528736 27390.5728320738
856448012.8187450171 34509.2249641418
844798382.5108245611 33670.0382194519
845530622.3883080482 33713.9202518463
770934222.8319169283 14560.3627343148
790081093.3133406639 21857.4520913516
836573065.2960565090 32172.5970539451
854738730.5150024891 34468.9966011047
857566128.0776518583 34545.9440040588
857374035.0226608515 34541.9320373535
765157912.6049880981 8542.2315601326
771163099.7910680771 14699.6875737478
811094164.2183148861 27300.0684702940
770601470.7980082035 14277.0499760207
771068599.4103679657 14673.5461894429
836995910.7225466967 32245.3188499808
790240709.4381774664 21912.5214563902
790251891.5902171135 21918.1687066829
790467200.8081581593 22003.8046634947
855192705.2708573341 34498.9215393066
790405861.0412412882 21984.0371406828
790353924.4135971069 21959.2907074764
836030535.7051254511 32061.9588074088
845287608.6402543783 33704.3268184662
853646580.7015136480 34374.8969573975
790301354.7262250185 21954.0447243010
812150738.0056030750 27556.4384354038
765035260.8348779678 8325.0046428657
765150624.2740950584 8466.4747066080
790654122.6253515482 22041.8704593715
771551064.0439181328 14934.7945938541
787775895.3048037291 21159.6283296324
789697965.1657063961 21763.6709983883
789863160.9494116306 21833.0260659610
790313927.5327218771 21956.5234058437
763981194.0407676697 6348.0773988855
765181896.1047425270 8544.8534299350
812298538.4812738895 27566.3025974504
765200474.2797839642 8549.4619363761
853178988.1258546114 34333.0831222534
856508278.3568359613 34527.5999259949
771116399.5018951893 14693.0652057087
771846764.6733636856 15058.2395374217
789945957.9940091372 21856.0476139126
836349175.9901822805 32157.2951912284
846558897.9344692230 33806.1909599304
846875061.9833092690 33808.3628692627
790561243.0537925959 22012.1610411160
836580810.4439051151 32203.1778969169
787663119.4597555399 21133.6699599005
847334750.7134109735 33874.7020645142
771834242.0753252506 15038.3230791614
771425380.4391870499 14846.9347429206
845654988.4226747751 33717.7416362762
846217726.1095451117 33774.5415458679
853369766.6690953970 34369.4134902954
790644407.9648745060 22018.8618114941
853749815.1139596701 34386.8560867310
857290385.3883446455 34537.8071861267
847518867.9874925613 33879.7999134064
847004258.8024671078 33853.0022735596
837357365.9097737074 32301.3413205147
853154405.3199788332 34324.4539422989
857059012.8187867403 34535.6004104614
845895192.5671986341 33750.4751472473
845415069.4287041426 33704.5530338287
856464835.1995788813 34525.9491539001
836812778.5281404257 32242.9131665230
787324569.1719602346 20993.0071819346
765479422.5189187527 8774.8104988384
836910482.4159256220 32245.2250218391
846879413.1362781525 33831.5878715515
764323698.8441641331 6481.4468467585
764043935.3517849445 6409.2381045423
764269560.3889405727 6466.9762306675
847964903.6966371536 33907.2674674988
837397183.8925274611 32330.2644162178
787351507.1390594244 20998.4831326525
837038191.9615936279 32270.5014309883
837368306.1954110861 32310.4093298912
837611500.9122452736 32355.3962149620
764455881.6466128826 6521.9124563707
775627639.8257275820 16591.9393405774
787576913.7801146507 21081.0668666880
764156615.8848960400 6431.9036354063
764841399.1872823238 7939.3518023826
775703622.9149764776 16630.5522338812
776430758.7609246969 16931.1867388385
788865159.2407654524 21488.9293029016
789004935.2091660500 21498.2614878720
775367764.8361696005 16444.5276374676
775378196.8546177149 16486.4385102698
810568702.2474504709 27038.6745285229
788580732.4234277010 21378.5426612565
775448470.4557439089 16524.8848705151
837844702.9549707174 32357.9951710701
837152035.3649975061 32293.7914929390
787440811.1931686401 21021.9402767425
776230405.5893181562 16831.9055086830
775934129.6361137629 16689.8251067483
776024757.5048047304 16744.0903617226
775974083.3992203474 16731.4812990882
775889349.6009112597 16662.4134006360
775906142.6598478556 16681.0185615876
775951538.5477942228 16695.1167655446
775331784.2685002089 16442.1027297833
786711526.9137682915 20541.2286716975
766444136.5949007273 9648.3594989958
766546015.3694913387 9736.9150059591
766403807.9702113867 9627.9188855063
764829481.6319091320 7733.6994615785
764820557.7116130590 7727.2396454579
764811394.0507447720 7727.0601774446
764802745.3913379908 7693.2917119927
764753287.1191936731 7602.5418139688
764744910.8681927919 7493.7915167176
766375643.5676544905 9464.2549560232
766433004.5997608900 9643.3375225268
786312689.0760418177 20426.8486410990
775010613.4298237562 16256.7340864994
775066630.3323212862 16285.7943675973
766308341.5256384611 9435.5136563940
764706182.2719970942 7289.6017433824
775160589.1635705233 16328.2691891964
766579513.9226742983 9794.3435546322
785171334.7250615358 20077.0182609605
785032185.0883044004 20006.5838632261
785218949.6018301249 20096.0741700803
785120581.0574841499 20056.1922935115
784893639.2646814585 19961.6488299047
785140665.5012391806 20063.6753222661
801291291.2459710836 24617.2857690755
801664035.3973352909 24678.6075525288
766678971.8487824202 9879.0103283194
766519930.5518089533 9723.4244614238
838264973.8744772673 32389.5237660408
764685215.9370263815 7024.0391325672
784814902.1928530931 19876.3824866566
774574779.5846347809 16026.2004766354
784799882.3059054613 19875.9427698029
784591279.5560930967 19808.4260166398
852510803.6629431248 34232.4536743164
764550990.6753216982 6543.0808859468
783967888.4297174215 19609.5840683731
783901917.1485377550 19578.6249085221
848982507.5443936586 33925.8066005707
766810770.3514539003 9902.4798222411
783805014.5191644430 19521.4564438614
783835576.5322984457 19541.9521103653
849771543.4215095043 33931.3385295868
851798286.0508579016 34164.2089614868
851722204.1521832943 34140.7604141235
808931928.5990306139 26489.8938416990
808885301.1554712057 26482.8620652707
782344330.7107082605 19017.6171025258
851891197.9308502674 34171.0457649231
851513274.5261222124 34130.0898513794
782053131.0449715853 18908.0277317983
809004986.5131579638 26494.5864438342
809128443.8233246803 26527.3490927153
809355028.9779551029 26575.1527897676
851051355.7524952888 34067.3694419861
850935317.1593132019 34062.1342430115
851107987.5913270712 34085.0026779175
851339097.0510501862 34104.7863998413
782286163.8715088367 18977.0001593266
781975317.9721232653 18883.7849263173
809106454.0535941124 26523.6183795891
781636628.4935679436 18703.5056456592
808810506.0322998762 26447.8113087939
809094468.2837774754 26519.5508837031
808712714.0052274466 26433.4876813220
781678898.6067087650 18705.5742110278
781697735.5896289349 18772.2406691577
781842320.8400907516 18808.0576122090
781720037.0718793869 18776.5798796680
808162285.1180773973 26299.5776403260
806907073.6419838667 25913.5529986038
799764563.1242945194 24117.2522158624
799776845.0669891834 24121.1337812544
799676398.9547390938 24112.7167677881
799656815.2806005478 24093.8677037099
807105411.5120238066 26020.0800972891
806795652.7637137175 25911.8974702771
779506675.5541195869 17866.5999819576
799812754.6779582500 24122.7016271413
779756374.3505504131 17953.7903704732
779404286.4630141258 17851.6703677266
779360186.2844698429 17812.5689921468
779355625.2162497044 17810.1112430631
779328773.9881854057 17798.2307569241
779252368.4967377186 17734.6282101910
778875784.4426949024 17616.4335533958
778880329.8231720924 17622.6122567039
799346292.2418073416 23935.6132139373
840666647.5084319115 32511.8578463197
840880438.9643192291 32532.1501112580
839982962.1387865543 32402.8424511552
840027031.1864503622 32418.8045883775
840429027.1529117823 32479.5773726106
806755641.6921015978 25880.1804049965
805957536.4444941282 25707.6638995587
806524634.1686800718 25844.7135024025
806274802.2103015184 25787.4052553867
842158235.5472468138 32568.2520198822
842622499.6616543531 32611.2931480408
842960932.4039530754 32656.1745700836
842544287.1645201445 32605.2900466919
842718073.3426851034 32632.7231903076
843064721.7955610752 32668.6286354065
843243291.8114529848 32690.7609977722
803619404.9578448534 24965.4730118515
803388414.7284247875 24890.1754254105
803473999.6642524004 24944.0686596634
803396563.7714501619 24899.5488048198
803300103.6299902201 24875.1064528676
803134474.2191370726 24861.5011166336
803035908.9845467806 24817.4944097328
802947868.5505529642 24803.0582013859
802775989.5798853636 24774.5609876441
799024999.6639361382 23346.0817056184
799196600.4417531490 23382.1815993248
799299578.1154870987 23434.8267008721
797091632.3950444460 22719.5006945902
796701331.5050925016 22655.1498962698
796652115.2405959368 22613.2314442232
796013097.4515806437 22276.5483431877
796122616.3533607721 22455.4690871299
796297730.5121110678 22548.2034602226
796658898.9534395933 22624.1645292160
797072953.3290530443 22716.4067394893
796559286.9922374487 22594.7998883251
835607665.6180193424 30709.6844117641
795388326.1538780928 22237.1913529536
795507964.1514161825 22256.5000458858
835885888.4583197832 30792.0781638622
835877778.8418990374 30764.0967977047
