313561893.3084087968 1687943.0317382812
277006932.0710384846 828981.2024593726
281644842.0181936622 1016558.2485513235
302105400.1916423440 1560170.0673828125
302271015.2398359179 1563655.6252441406
317519381.2265415192 1706331.6166992188
302106056.0526509285 1561887.4411621094
302253928.6976282001 1563613.8232421875
301651088.3527603745 1558059.9802246094
301644946.3384031057 1554860.1330566406
310657425.3411763310 1678677.2172851562
281879867.7588543892 1027959.7702362634
281670764.2093771100 1023428.3317597009
301203042.6097273827 1548395.4985351562
301910742.4875983596 1560106.5815429688
309963776.3724548221 1674185.2993164062
310563396.5450987816 1677779.9047851562
310631366.5657327175 1677781.1235351562
285501371.3907716870 1144571.1658346646
297395480.7331849337 1475099.8596801758
301390267.5858591199 1553513.2495117188
301572670.3172471523 1553655.5395507812
273871237.2695589662 645432.6083467009
276925051.5838693976 827653.8102936223
277178113.3262454867 838015.2297954932
296506587.9650034308 1453342.0925903320
310050179.3991050720 1674451.8935546875
320431368.5396568179 1709351.8227539062
285551518.6348998547 1148450.4865939247
276884694.1351386309 825254.3251382187
284923610.7201882005 1129342.6531586277
301338910.8732523322 1549355.2568359375
309845283.3023872972 1672119.8032226562
314947029.3742218614 1698463.4448242188
310264856.6877339482 1676354.5444335938
273917406.4307874441 648318.4837167265
285252006.4541146159 1140257.8053040134
298057607.4171556234 1487629.4395751953
310306831.6941232085 1677131.8247070312
309824322.1234871149 1671823.4838867188
314141465.0673422217 1696043.8051757812
320753475.9037169218 1709691.8569335938
310055478.1801297069 1675499.9614257812
284859852.3928013444 1128548.7264008152
276881111.2618457675 825095.1385708917
281597246.4440304637 1016093.6123231746
273096155.8573610187 592383.8721567692
313789316.6455578208 1692771.7036132812
296592822.2881271243 1455568.6672058105
304169985.9924421906 1590460.0456542969
297296457.3778581023 1473919.4922485352
313736640.1513292789 1692551.5903320312
317070853.4381724000 1705806.1157226562
272774334.1311077476 535991.3888234795
273387946.6747966409 612584.6137587132
273694397.8718234897 634780.0886385739
298345062.2498787642 1495268.5372314453
272571098.3385517597 481918.8435808021
272593563.9643710256 491303.0246855469
272531090.1599447727 478448.7246424408
273884246.4739615321 645732.1985795500
307585599.1322038174 1647051.9018554688
309823972.7274391651 1670179.4487304688
314680021.6599634290 1697502.9096679688
275355863.6253407001 747956.5001619942
284770094.1815151572 1124833.6920990574
284696060.1422662735 1124328.2547211277
284785657.5110111237 1124893.3870453464
308441876.5840337276 1658607.0810546875
296927413.1295145750 1466834.7959594727
281581736.2546112537 1015442.7088045835
274097613.8672226667 658244.7821626663
307330670.1815188527 1642757.6499023438
296282837.7767518759 1440745.3886718750
273972916.6104423404 648409.3232504430
313867490.0430985689 1694178.7114257812
274039303.7832031250 657118.5616485476
273907794.6550182104 647126.0544814172
320100770.2109761834 1707591.6918945312
277528701.8272053599 838660.1803570166
304191812.4715074897 1590903.1794433594
275327782.3510926366 743762.0106223710
297538479.2733712792 1478981.3955688477
297571701.1194141507 1479034.7759399414
297461361.7416272759 1477893.1870727539
297728385.2753490210 1482292.1708984375
307609533.1886740327 1648625.0209960938
297132638.9994730353 1469387.1101074219
296870502.0451312065 1463089.9453125000
298284016.6704804301 1493151.4688110352
314478800.9483116269 1697457.9125976562
277032253.7173335552 833674.2564270273
275443718.8642945886 749854.0516146310
315970950.8208510280 1702365.9155273438
316314002.1858997941 1703819.1118164062
277761638.8962798119 839031.3059873953
272988483.6225097179 572846.9312042893
273036370.6425715089 575604.9099352510
276886572.5286841393 826180.8591366187
307477752.1342570186 1646200.9199218750
276699185.8187851906 816192.4027281180
318125386.0571355224 1706490.5375976562
317053350.1623578668 1705551.7495117188
276772483.5632799268 819063.8007030860
285991140.9399031401 1156082.9002246242
316842127.8842397928 1705069.7290039062
285951814.6448625922 1155662.2216226440
319542674.7563255429 1707236.0161132812
276775050.4064303041 820092.2112484351
276788525.7566808462 820472.5302643254
276483299.6578484774 807663.9627132788
284271705.7412715554 1109127.7343353855
313350675.5427978635 1687524.6625976562
285650894.7283176184 1148952.2156848293
284585389.1010371447 1118400.2934415340
308926604.6441085935 1664137.0781250000
275379200.5568746328 748846.6679367982
297968232.1850336790 1486416.9028930664
308183307.8504778147 1655443.7104492188
275549586.2455049753 760429.0435214415
284137876.9253766537 1103961.4883484470
297850871.8361402154 1484781.1387329102
297854060.9095931649 1485144.1607055664
284653148.4053900242 1121837.9673412966
319592716.8247868419 1707316.5014648438
284182946.0763757825 1105860.6100134479
316603160.0947086811 1704394.5561523438
316171407.5378609896 1703148.3081054688
316142691.6515381336 1702593.1352539062
275458701.6392691731 755982.0264681466
309868750.7460505366 1672680.8276367188
299362317.7700127959 1511430.7563476562
272758944.6543200016 534666.4513234795
272970136.4307690263 561930.4033838485
285095565.8805225492 1135747.3923205715
309146273.6229689717 1665917.9653320312
284197518.9348390102 1108108.4372162449
309347058.5156487226 1667341.8759765625
280825888.4370619059 985771.9128496632
301148468.9825507402 1546659.5686035156
301608103.2918001413 1554212.6923828125
281339174.7001059055 1006055.9357683643
309111792.4126486778 1665027.9804687500
281046007.0202252865 997003.7257769093
272812633.9129477143 542630.3192434014
281221634.3271795511 1001884.9266712799
276173603.9708988667 791765.5926080719
307776532.9202708006 1650071.2998046875
275540061.6992982030 760002.3062528260
275892844.8580301404 774605.7354156561
275799040.6540329456 772897.4734755829
309423761.4787811637 1668622.1855468750
272738299.7056673169 532423.0877980889
272970338.8665236235 562459.5086901338
309522078.6179338098 1669095.5117187500
299384525.3503231406 1511860.9602050781
275550663.3155313730 760445.5175204650
276038584.4568981528 783325.2556081787
290611094.3388670683 1279888.1474957773
281090672.0018285513 997354.3872425690
272587666.7553820610 484260.4620821327
299954206.8877473474 1522732.6555175781
318047297.8279458284 1706440.8872070312
299620544.1766195297 1517786.3356933594
299959258.7222324014 1525274.5646972656
301060200.4850068092 1545922.0083007812
280941368.2064914107 990161.0316822663
304430889.3296875358 1599599.8708496094
272656727.3027750254 493066.6007540077
296223556.8658832312 1440001.0393066406
289629940.7642139196 1258990.7276942274
273601615.7758429050 632516.4236952367
289222229.4474295974 1246550.8176735779
300091357.4794984460 1527794.8947753906
273488222.2072920799 621965.9642836156
299739365.4553861618 1521287.1813964844
296056209.1601814628 1426409.2559814453
304207618.5122060180 1593882.3715820312
304821873.2689999938 1604929.4418945312
296301357.9709320664 1442117.8187255859
296063889.2807919383 1431702.2723388672
272706035.7456762195 498870.5418060869
299250865.2760782838 1506299.0093994141
319067702.9079384804 1706879.3286132812
318526418.3756731749 1706573.6958007812
296153376.0629744530 1437022.0389404297
275740325.3584936261 771060.8201327696
304626746.4424136281 1602722.5258789062
289455587.0319663286 1255095.6779761966
300355127.3928914070 1532087.2858886719
272728792.6199766397 526391.7419047506
299385771.2395009398 1511924.2945556641
273331523.0920839906 608318.6934750379
272680771.3088127971 496682.6797455400
284384812.8886229992 1112703.5662054645
273365868.4440617561 611406.0237916708
272862818.1004580259 548028.9199679048
272778469.1446530223 537887.5664522798
273419763.5647299886 616498.1697889867
315387684.6093234420 1699980.4663085938
315159811.1209735870 1699155.6372070312
315205865.9802466035 1699275.0864257812
284070616.3294835687 1101693.3630144079
289729021.8878717422 1259868.3757790467
289641064.6737346649 1259854.2820707466
304463838.7426460385 1600500.8295898438
304232637.8140241504 1595344.1840820312
304528095.8165417314 1601481.1674804688
283772946.9848235846 1090831.3689195593
283631433.4273357987 1085036.5359763391
299124429.7915096283 1504063.9685058594
282608881.9164097309 1049063.5843025763
288646447.3060427308 1232352.7522438904
288828431.9746922851 1238319.4617165467
312724554.8535104990 1683143.7309570312
274850446.6464765668 710200.8537366390
275160854.6301910877 729296.3052225485
275169866.1054801941 730244.6484842673
275020212.2049523592 723160.2870722190
272971105.7508971095 569872.7622301729
273010027.8936972618 573441.0632555635
273167856.5658132434 595072.9379717411
283024426.8790527582 1063885.9980501421
289520753.9180274606 1257702.8386696717
289360773.2666886449 1251508.4468239686
273163101.0736025572 594965.5835520328
288965774.2623216510 1239483.3566068551
313147178.8682598472 1683813.8520507812
283111950.9849241972 1066331.9711112697
283074890.9120728374 1064287.5510689337
282998956.4875339270 1062210.6485725958
275241480.0144754052 735077.4846676961
282533706.2064763308 1044260.0796763109
282348952.4010099173 1040867.7613627122
275199079.2729827166 734135.0493631735
282923796.7396503687 1058276.5485095787
282244675.8674977422 1036883.0410938071
303926384.9532366395 1584679.8586425781
282514251.1851031780 1044010.2195165561
303963884.6723888516 1585663.0686035156
288031465.5524041653 1209188.1589705935
312456707.6480662227 1682225.6450195312
288432128.5713339448 1220943.2961049071
303742687.2238618731 1581738.2707519531
288208667.1552113295 1215962.5592885008
312108006.4199970365 1678727.1127929688
287927371.5600204468 1204390.2986234566
303112479.4689225554 1571171.3244628906
280507105.2353525758 963750.0130983244
280319875.6968731284 959007.2760682951
280381438.6712803841 961061.8084579359
280083079.5833612084 950359.8251253671
312270767.0794476271 1680013.8208007812
287753493.5187286735 1202818.2797101876
279735447.8377916813 936238.1104954786
287048529.5548081994 1178724.4420026680
287192045.1035075784 1184845.9629987618
280184677.5599445701 954855.3179378740
287159504.2947094440 1184827.3262800118
279889667.3555487394 943437.9870662938
286821803.2808925509 1173328.3633893868
286794204.4712909460 1167177.5627302071
280220390.0223695040 955855.2297887139
287008692.1535152197 1176397.9910247624
286864957.9881972075 1173748.5466169259
274421129.7443337440 670362.8942991644
274537417.9979986548 681709.6915403754
274660317.8760859966 688431.3054347656
279304965.6478654146 907410.4981707863
279197853.0067363977 901712.7686785988
279515239.5449454784 915495.3587741188
274501840.4624488950 675965.1074873358
274509434.4725965261 676481.6746796392
274363439.4848429561 660129.4600504659
312703800.5976463556 1682569.8002929688
279150234.0179504752 895400.6548924604
279089782.9699749947 893685.6285634199
278602841.0094018579 859525.8446639003
278712727.6472556591 863048.0525649013
278518568.2880078554 858232.8074572505
278801432.9648356438 867327.8512518825
278240797.6640334129 846174.0606978359
278504291.5772005916 858070.9507582607
278194069.6523599029 845656.3790572109
293557738.6631425619 1317430.0902099609
293626015.8579214215 1318491.7371826172
294197635.5978024602 1333624.4038391113
294161373.8597948551 1333004.6200561523
294530888.2577865720 1337431.8782653809
294325955.2495516539 1336082.5151062012
294153195.9830483794 1330681.4593505859
293792896.5096153617 1324732.6527709961
292845684.9896553159 1296093.8319473267
292376207.5350932479 1282778.8733291626
293014635.6184898615 1296836.5780487061
292805793.7783551216 1294565.8701858521
295994865.6866236925 1352873.1812648773
295731444.8704217076 1346078.3765773773
296045704.2061089873 1356787.4207668304
295570276.3533240557 1342095.2595481873
