192395050.6586173177 22922.4103355799
198094046.3778582811 36173.4288496971
204219214.0389662385 42921.3067932129
206124685.1780490279 43430.6651916504
208018309.1086125672 43732.9378967285
192294434.7839457989 22660.9554224405
194268644.8288309574 28403.8747302145
194274311.8118670881 28404.5663166735
202215732.0639778972 41946.3667602539
204611012.4605480134 43054.1268615723
194251404.7198481262 28364.1188069079
192288762.6598384380 22591.5155942086
194127128.4469229877 28070.1115649073
194170003.1167971194 28203.1571231141
197824047.7570331991 35551.0775847435
207778434.5029189587 43721.0456237793
209604702.3532755375 43859.9371032715
190977471.9896402955 15831.0473403982
194541433.0268291831 28427.6663658406
204484555.0581377447 43008.7807006836
204109391.8018652201 42916.6952514648
207988755.5543575287 43730.3268737793
208052104.7616774440 43748.4656982422
190977855.5421765447 15902.6201772741
193769766.7585703433 27322.3410067438
204746716.5978931487 43069.4502563477
207676182.0631520152 43715.1610107422
208474376.3178873360 43756.8854980469
208998756.3048280180 43808.7464294434
207081541.5971938372 43604.6744384766
192199577.4565027952 22207.9509542678
194767666.8007441461 28445.9457522323
207231440.9541985691 43637.5673522949
190993865.0333697200 16107.0598119157
193952839.9241693020 27693.9950137018
200658471.5673816800 40123.4510955811
190916087.2180323005 15369.2556158877
190922052.0235236883 15733.3590698293
192951168.0205875635 24850.5270295944
193593408.2672219574 26699.6861204661
193744757.2871995866 27104.7721515923
203755658.0294853449 42820.1029968262
203892462.6240159869 42828.8192749023
204618171.9348589480 43055.0836791992
209339258.7055476308 43833.9096069336
194276782.2675640583 28411.5522692530
200163489.1184273064 39526.5332031250
207385463.5353581309 43655.5736389160
192337750.1564923227 22873.0646539126
193809913.9949524701 27366.2830309748
203953401.7081746757 42867.8159484863
198493610.2790591717 36963.3927745819
192848081.6921123564 24584.6283080094
197860210.9844272435 35621.2558302879
208661214.9483866990 43793.5805664062
204392585.1306169331 43003.4446411133
190818113.9620452821 14672.9887161306
190872167.9777976573 15361.9060668997
192367051.8316677809 22911.8856881652
198916964.1858892739 37642.8275756836
198996718.8629316092 37743.8646888733
202886764.9927725792 42329.9632415771
204213246.5026935339 42918.2782897949
204244015.8097374439 42969.0632934570
190791079.7108750641 14619.0000610403
190863590.3315166831 15181.1337127737
190843099.7446681559 15021.2866973928
192261319.8272014558 22579.1373906527
202370136.6997353733 42054.3332824707
203976867.7592699826 42883.9561767578
203535537.3560883105 42690.8919067383
206320081.0578546822 43452.7236022949
198008782.5070589185 35966.2736587524
207447167.4453412592 43665.0532836914
207479817.8416016698 43685.0729980469
201955732.2839614749 41607.6880722046
193985615.4163807333 27825.8551516413
202133469.7322976589 41875.3069305420
193894714.4538628459 27693.7940096735
193820453.7113315165 27454.4021487116
200771017.9838114679 40241.8528671265
206066552.6322338283 43398.6008911133
207190792.8235583007 43611.3462829590
190824259.4177812040 14990.4530639700
202429978.5360355675 42061.1626892090
206334249.8397261500 43461.5214233398
203690553.4750789106 42782.7523803711
206514021.6883945465 43493.0000305176
204856261.6425487399 43070.3635253906
204365607.5391885638 42984.3431396484
203601776.3517028391 42704.5617065430
203468458.7054072320 42654.4636230469
206011379.5035588741 43382.2518310547
201905087.3847134113 41576.3776702881
192755062.8317827880 24376.5530770924
205282795.7169280350 43183.1362609863
200044266.0670994520 39291.7091445923
208475086.9672133625 43756.9136657715
192710191.2248448133 24193.2014993336
193792592.5591057241 27344.1867880701
201958599.4218015671 41655.9775390625
208446731.8683328629 43749.5421142578
205097187.5479591191 43116.4701232910
193635683.3826124966 26982.1504740595
191339354.0632566214 17621.5060289800
198845222.4107536972 37549.4744720459
202347240.7215865552 42014.1854858398
198167338.2926580310 36296.4810867310
209351886.5794638991 43840.4183959961
191284919.2688195705 17424.6714074686
205198043.0923857987 43151.5516662598
202423392.7849211991 42060.2361450195
207010392.0848778188 43568.0635681152
200477898.8616780639 39977.8837738037
207361121.7785030901 43649.7006835938
200810332.3821067512 40266.9186782837
209058585.5217754841 43815.1235656738
208563191.4982429147 43767.8261108398
192403497.8705154955 23012.5031471644
198327218.5126059949 36546.7024459839
200578907.2724857032 40046.8749237061
206415700.8929680288 43471.5939331055
192239681.4528825283 22460.2777901087
200537165.3440274596 40005.1984405518
200922815.7455587685 40282.9344482422
200759067.0372523367 40233.5179595947
205077366.9234312177 43090.0567321777
191247788.2428358495 17157.7091653422
192413436.9970736206 23218.3817830477
198120823.7442120314 36247.3966293335
200357972.2242283821 39786.3680877686
191314064.1615522504 17429.5339890644
200084632.3494070768 39403.7765769958
205328917.8281617761 43213.4242248535
192300233.4707290232 22831.7307930384
198923076.2236972749 37668.7526969910
200091685.0370427370 39437.2764663696
191211632.8706960976 17053.2184045389
192451138.8234845400 23230.7599866036
193505134.7627854049 26610.3850731729
192304270.3426347971 22846.9287801180
201994186.5635845661 41674.5052185059
205639004.6493033469 43267.3214721680
202432405.4531823993 42097.4656982422
205447193.1418184638 43242.7221679688
209479776.7375150621 43844.6177978516
193687490.2500436902 26992.7611816085
203199471.6318358183 42483.9839324951
203438449.7173536122 42594.9128570557
198980315.5720472336 37713.2837867737
201902210.3616730869 41568.1978607178
203302211.3888706267 42563.7142181396
206833068.8038849235 43532.8473815918
191277032.2981692553 17325.5820024908
193537681.3663468063 26674.2317747630
191162814.6453458369 16757.2943780497
191100284.8623916209 16385.8413751200
194156511.6967303157 28077.1346380562
202591420.5955279768 42174.7701263428
202809593.7502462864 42315.9632568359
202983045.5881308913 42392.2175445557
193422769.4814355075 26250.1530737437
193474126.5286549032 26542.1706327952
202071745.8780551553 41789.9457397461
200137509.0004698336 39473.6229629517
193437403.6759192646 26331.2809309519
193595764.8320816159 26820.5728773631
198859411.1502292752 37569.8265190125
198351052.0417401791 36572.7843780518
203277659.5906629562 42527.0971679688
205952421.2200996876 43349.7096252441
205762994.8449017107 43306.0456237793
201996284.5222061872 41698.0938720703
203045649.1349571943 42427.1180725098
192683961.1950247884 24126.6529916432
199014445.7509371638 37797.6351814270
200046824.4027520716 39317.7134780884
201391489.0177699625 40931.1575241089
200244414.1479597092 39598.5337600708
200078998.0234613717 39328.8771438599
202504844.5893542469 42137.7472991943
209404710.2555363476 43841.6033325195
202907725.0430078208 42350.6913452148
202737643.6214697659 42278.5010986328
191137774.7044615448 16413.2062033117
191161889.2874656916 16603.8868521154
198627890.9184627831 37134.2361717224
201513839.2772870362 41152.1827697754
202176745.7978346944 41898.8955841064
208481166.8856199086 43760.2758789062
199870329.8136647344 39071.9731683731
202496569.5892334282 42132.5573272705
193374312.2894285917 26199.9179078600
192562269.9150153995 23613.5979392026
198796625.2819160223 37427.6634445190
192519076.9298679829 23495.6184322331
192572850.0195989311 23677.9309317563
199969570.4957219958 39212.3626098633
202584621.2428448796 42169.7984466553
192473989.4188729227 23306.4779288266
206872595.9962080419 43544.3151550293
206887228.3457854688 43544.8639221191
205779215.0487026572 43314.3373107910
200285993.9288739562 39674.3338088989
193181672.2178122997 25511.5312317554
205904254.8658154011 43346.9623413086
198772820.9666815102 37372.7302131653
198696807.9258508980 37326.2349586487
192793923.5355797708 24502.9954236839
201319089.8698959649 40773.7303886414
199496737.4255059958 38478.8076210022
193206171.8436553776 25587.1193436328
193249446.7855052054 25607.6342972461
201626406.3878460824 41235.9430084229
206628493.2024718225 43507.5419921875
193118041.3916621208 25444.6324204151
199834653.1294199824 38918.5689735413
201354861.8159439266 40895.9184265137
201396814.1665525734 40962.6192016602
193197938.3352945447 25553.0043283813
193227769.7920592725 25588.8393179569
199271626.6379442215 38101.3135566711
201482409.6401908994 41062.8350067139
201404060.8745488226 41015.5315551758
193335481.0333122015 25953.4215623531
199919011.6012170017 39136.1734352112
193049107.7784902155 25211.6711959336
198276142.0583278239 36458.2660694122
193111309.9814156890 25283.7553290818
198224262.2837797701 36390.3542118073
206611196.8588955700 43501.7566833496
198250555.9746477902 36438.2303867340
201359999.8410533965 40900.5932388306
191920433.2358860970 20645.1763046337
199278223.7459775805 38179.9403152466
201338463.5506156981 40881.4216423035
201550571.6399260461 41198.9489135742
192621138.4222680032 23690.3091353122
209312030.9205043018 43819.4093322754
192993560.0946078897 24957.6371650193
201711862.4713853300 41336.0953826904
192910447.4794894457 24712.8552700970
192913897.3037043512 24797.1411094163
199847776.9288223684 38985.4661750793
199432224.3235555589 38393.4700164795
199056093.3994369805 37844.2180824280
198448792.5355914235 36811.9526309967
198551226.1704104841 36966.1465415955
199527024.9552077353 38484.9389991760
192674418.1067474484 23853.6405269597
199534131.8021541238 38529.8077964783
199720125.5558767021 38754.9676704407
191998811.8473155499 21161.3333633495
192666710.4974305332 23828.9153159354
192027420.8156184256 21203.7031710101
199687104.1281535029 38737.7308235168
199626900.5594221056 38705.9998664856
192012741.4465708137 21180.5462731523
205068349.5680790842 43083.0302124023
192093732.7719730735 21552.6943428916
192002521.5704026222 21174.6818941039
199344941.8175883889 38217.8366088867
199239590.5946897566 38100.0862312317
199176871.0151209235 38005.0627784729
199125139.4164806604 37914.8206672668
199103458.2752195895 37850.2949714661
191527269.2814920247 18111.8393853809
191534126.2862973511 18398.1118386890
191530037.9615539908 18292.1110730077
192187214.0936598778 21905.6055519910
191465031.0795681477 18026.6588357593
198404313.5055723786 36676.2344532013
191831806.1927247047 19791.7336931315
191899302.1130914688 20083.5531835643
191866405.3454549611 20060.4481464904
191849210.8867009282 20053.8407487956
191757047.1715187430 19505.8764590410
191728420.0568220913 19174.2124995378
191681424.2875880301 19134.4234561113
191580315.6140393019 18425.9599436906
191677655.5964295864 18777.4723996309
191671316.1166903675 18762.9775169398
191615690.1875195503 18762.9704531816
191459487.1974573135 17866.3327520508
191418422.0639651418 17648.6180955144
191426413.2081565559 17649.8842749912
195525464.6215077043 29442.9523472860
195626303.7839035094 29747.4039578512
195420025.7168155313 29253.8107269555
195490232.4955697358 29408.0247464254
195585758.7827404439 29638.8845944479
195786086.6763638854 29975.4830952361
195795488.7334692776 29988.8671888486
195554015.0869372189 29477.8560681418
195569687.4518431127 29604.9170346335
195708886.3574860990 29865.0224793032
195373353.7006587982 28871.3998215273
195318921.8626484871 28855.0568955019
195378857.8383880258 28903.8393805102
195225881.0258790553 28551.1899201944
