152385919.4182096422 99802.2634749115
153189525.5278244615 113201.0729558766
160147969.1203623414 205319.6924612522
160278887.4009621739 206205.3921995163
166813771.5881876051 268892.8123301547
167825936.4296441078 276938.3810671847
176712905.9832827449 345336.1515502930
152234977.0320365727 95168.8123281617
152357941.0157238245 98136.9187299907
153213974.3081517220 113359.9179634750
153235158.4919043779 113773.0216863453
153502345.2858471572 117455.8401525319
156276268.4919320941 161271.5859365463
156853755.6439136267 169236.7275571823
159782303.3283749223 202647.0638325214
160427855.8752350211 207621.7510245442
174849965.1256298423 333575.8211059570
177536810.6783642173 350195.3897705078
177915687.7503583431 351884.7956542969
152237208.3952792585 95679.9524397552
153513767.9430935085 117598.3541659763
160434842.3967775106 209427.6531879902
160246231.8112499118 206123.7669308186
167377608.1415723264 273875.4880007785
176854190.8691590428 345692.4792480469
177333893.9131579995 349129.5657958984
177674577.4360438585 350710.6132812500
177482525.3868436217 349705.5756835938
159966457.9719446301 205305.3421528339
159820850.7999680042 203192.6524555683
151939051.6849111319 76538.5675466377
153082435.6148449481 110270.6360509694
159562900.6777565479 201183.0311176777
166889128.0064367056 269579.1953748744
177727382.6864075661 350942.6313476562
152061312.9388229251 87747.0062500983
152202598.9728814960 92555.7725599557
152958091.0755408704 109357.1651342213
157247816.5221920609 173258.8830635548
166408953.1532002091 265079.0240711813
174463305.2086070180 330156.6003417969
177206130.2473815680 348755.3723144531
151662101.0203515887 61076.7534496523
156314961.5453979075 161570.4961652756
156187565.4909117222 160739.3213055134
157003201.1921020150 170031.1447384357
159236684.4552772045 197600.2728096247
161337435.4748753905 217979.0674306750
153448680.1568057239 116189.7411535084
160927963.2606645226 212310.3392869234
177743165.1326746345 351818.2653808594
152122095.1919716299 88465.8244379908
152301277.3074041307 96023.5939785987
156395202.0176243782 162257.7833492756
174188694.0951441526 327532.7012634277
161138645.7508203983 215279.1415330172
177498052.5852341056 349992.5319824219
152131674.8749529421 91869.3172852546
161330228.6552988887 217909.0192337036
174717388.0239641070 332020.2291870117
177462753.6077938676 349397.3774414062
156604454.5269166231 165209.1532707233
156842455.5136711001 169108.6429684162
156798476.9027301669 168628.3740348835
174315308.6050587893 328192.6184997559
160575251.7933010459 209983.5439206362
161373573.1232006550 218062.1194459200
174622146.4605119228 331303.8575439453
178272493.3733551502 352938.3796386719
177967721.0904711485 352460.2705078125
152223731.8350864947 95069.1265503913
156689564.6936603189 166843.7622311115
156368928.7759518623 161592.6711056232
174019171.9078858495 323410.2528991699
174530388.6607450843 331222.2168579102
151765004.5104738772 68926.3487823680
155048567.0231983662 141654.2523909725
152931696.4656731784 109211.2180822194
159013777.0399637222 194479.6931587458
159323842.3052119017 197913.2642313242
174157169.2538297772 327250.7872924805
156639252.9279605746 165856.8522231579
151717804.3782097101 68629.5357316732
156494133.3114196658 164986.3319332600
166386517.3037284911 263761.3812489156
166927013.3724044561 269591.4376606588
151768506.4941536486 69238.2034083772
152468247.5992723703 100014.5052280128
152918794.1102032661 107511.5539863408
167290659.1878993213 271550.2917479556
167310601.2190275490 272261.6828202848
178524205.2609249353 353011.9636230469
152927607.8750178218 107855.2989814579
175045988.1229591370 334772.5791625977
151866382.9572542906 73669.3164457548
174076943.6695576310 326275.4729614258
156938866.9399776459 169691.5446131229
157516782.5264174938 177353.2650387287
160773549.7184997797 211386.7030564547
156982708.3061091304 169693.0340812206
156916353.1755377650 169616.2457821369
154954931.0243703723 141349.2507455200
154847023.3412066102 138777.1718880981
161222160.3386343122 216082.5520360470
151798560.2120831311 73073.1011585016
174222633.4504329562 327922.2608032227
151839444.4908761382 73303.6737862993
152486648.3945676088 100016.7485093176
154678648.1105487943 137227.1747784317
161014165.5972662568 214190.0285912156
151774857.0497570634 72397.0168861616
157620749.7240768075 177883.0929763317
161314142.5014710426 216280.7086716890
161028759.4339422584 214564.1585091949
152450029.4478376210 99911.3426219523
159085274.1796009541 195677.4009926319
152670995.4361530840 104147.9724883139
152803338.8869859278 105383.4235511720
160995975.8582201004 213845.4646036625
151685911.4084144831 61195.1010334231
152002762.6687518060 76865.1041159332
160325539.2782244682 206522.9748208523
151698144.5580236316 65115.8923732210
151754648.0260160565 68649.2678262908
157538529.7817550302 177481.3496274948
166116727.7736519575 261311.3124622945
168305176.0555328727 280036.0916777216
160875133.0059089065 211388.1657617092
174064878.6710745096 326177.5173187256
166085793.5785517991 261084.3479771261
159267997.0918637514 197617.5015693903
159404855.4548422694 198470.8626533747
160976778.3104959130 213841.4463098049
159290658.1083700657 197898.9139229059
167895696.4861961305 277313.5827551447
168101725.9342127144 278564.9860869013
160499894.1237951517 209719.1352746487
158697901.0427987576 190559.6116573215
154405277.5615844131 133104.6286752075
157831288.3004646301 179103.9750945494
160354903.6743281484 207572.1308908463
160712043.7633141875 210950.9195871353
157698882.1447002292 178494.5014421940
160187310.7880828977 205596.8242394924
166197726.9240030646 262084.0626988058
154439807.6378055811 133271.1266000122
157499760.8205346465 175461.4038972855
157260525.2180374861 174249.8785547614
159733284.4498921633 202047.1247150898
166058593.6473858356 261023.6422047262
152566522.4734236002 101259.3017235994
157152483.4380219579 173230.9540035725
157102616.4271289706 171022.8975460529
154284488.8211829960 129685.4079110473
154886019.3759178519 139529.3563973755
154644228.1963916123 136673.1443612427
159474751.6135269701 198538.9526458383
168312342.1851432621 280888.1516142451
158987511.3357847929 194307.0029194355
152738759.6187178791 104621.9714267850
158637983.2088003159 190184.6918842793
166570612.7554254234 266239.8658293765
154765382.7266837955 137248.3308484405
158657190.5304147005 190199.0421926975
167776862.7482384145 276765.8405790888
174759954.9084751010 332561.3836059570
158434338.3150664866 186349.3694850206
158434672.9351585209 187226.1691792011
158281671.9411304295 186062.3808491230
157877771.8250220120 181410.2418763638
167021097.4784218669 270092.1924943571
158235117.4437333047 184846.6914002895
174214268.6573106050 327738.7901344299
153019600.9355122149 109422.0839629769
154184692.7824636102 129004.2770063728
152739205.8338783681 105281.7624007463
167358530.9263813794 273155.0855607633
175106619.8458647728 334976.4307250977
175748732.0756035447 337898.8634643555
175209347.7298644781 335633.9827270508
152510787.1594143808 100877.5025170743
157249638.4355446398 173501.0437285900
166703553.8393718898 266969.4901508932
175020151.0014714599 334230.7727661133
175734979.1141949296 337817.4912719727
152052450.9909118712 77002.4070235435
167586067.9749974608 274383.8874722440
175977450.0458188057 339110.7996826172
154150121.6389740407 129003.7087781280
175581568.7917329073 337323.8562622070
152869142.4047337472 106430.1161400974
175431193.8336345553 336433.1101684570
175803371.2391260862 338173.8189697266
158779119.5366190970 190851.5330985188
154193016.0414037108 129017.2235739678
166978789.9451333582 269708.9244770650
153808846.3570010662 122195.7964581139
166228250.7011801600 262563.4765324239
153971302.0950736403 125354.5307739228
156085839.7095701396 156864.6359170079
167127460.6076247394 270937.7263885458
158183415.0473057032 183400.5403044820
158068064.4421186149 182778.1968405843
168079739.8778607845 278163.9730743897
156148562.3747859001 156894.1166837215
168197967.9219324887 279175.6536198576
156040887.5674549639 156744.5519368649
167631740.2668580413 275060.0374237020
154093350.5220382512 126625.2994993776
154103883.4563516974 126867.8811644167
158015668.8539931774 182150.0135599971
167097288.4557881355 270768.3424458150
167130556.3132016063 271036.8055266421
154291439.5592600107 130440.4124144167
153786277.6856875718 121236.6976622194
164472021.9499531984 242907.4317748826
164323241.9754107594 241627.1324165147
164406637.6485027969 242015.4403198045
164527042.0562842190 245697.7000854295
176507825.7846040130 340123.1148681641
165873439.6854094565 258061.7163390201
173308688.2648745477 314019.9766464233
165765970.0113271177 257716.9331206363
171525258.7106725276 304571.1428337097
171896232.9059288204 306819.6003532410
171360059.0710771680 302749.1219596863
171428264.8398529291 303526.8354606628
166194610.3961994946 261928.7702788394
171396894.1570851803 303078.9987907410
153653956.0244612992 119224.3220137209
153749938.7274651825 121193.8706748337
171325597.7716817260 302646.0994987488
171944643.5573386848 307538.8938217163
153836698.7175251544 122771.0720908493
165542562.7528195381 253773.4970654962
165143317.8025610745 250782.6584538501
165601267.7828448117 256072.4126128238
165292865.0702407956 253022.4604389444
164776929.0579950809 247840.9303339999
176477756.9346598387 339656.2545776367
164869591.2044304609 248757.9068059009
165205223.1958143413 251957.7814789992
172970954.3919929564 313310.4687690735
156014973.3332387507 155730.6566573828
172641331.7527817190 312659.9590034485
165548754.2870610058 254939.4531315845
171713715.3448522985 305515.0210189819
155742739.6887260377 151608.3456222266
165158137.5144507587 251957.7160710376
172062021.1516821682 308577.9140853882
155461262.9240058064 146726.3715293258
165544554.1782992482 254296.5681157392
155392145.8652419448 146368.2703025192
155492077.6737461686 146790.0636529773
155453513.1066175103 146514.2173545212
165124656.0083213151 250372.1695328038
172324040.4058635831 309172.4497489929
154387949.8894855976 131015.6941611618
155271983.0833413899 143658.0053183883
155160036.3530166149 142351.2649655044
155384498.9851645827 144937.0159385055
172458744.5852181911 310124.1672973633
155217351.6247525811 142899.5091330856
172393084.7960991263 309453.6068209410
154604494.7265880406 134147.2842490524
172396035.7818388343 309600.7386474609
173381037.1720286310 315644.0671869442
173229303.4354442060 313745.4824123383
173087617.2430419028 313714.1533685848
171125180.9139258862 297394.7514264584
170554463.2293627262 293318.7309099138
169977623.9517138302 287279.6252807081
169786763.7368978262 286509.2451265923
170895019.6634972692 295904.2416608334
170806715.6303579211 294785.4960640073
170294897.2084445357 290427.9912932813
170699347.5825108290 293592.2798861138
170133206.1387319267 289363.8604529798
169548792.7375814617 285066.2892211378
170402017.4938447475 292163.8330901563
170001206.5664319694 289170.0703490674
169397686.2105181813 282066.0222533643
169906287.9250587523 286719.7854981422
169465537.0882971883 282505.1429809034
164307040.2338766754 236889.9365643360
164121861.2670153379 235451.4964340851
164102735.3987862468 235348.8643845245
164088592.0520017147 234025.5609177276
163732025.5549126863 232285.9713181183
163500578.0958334208 228593.4351840019
162968309.2627792060 224036.6416049004
163321549.7013521492 227740.8958176300
164061270.7863932848 232796.2001690865
163916924.9783595800 232552.9082379341
163394641.5866223276 228158.9526400566
163264783.0744461119 226769.6295632124
163228551.6595077813 225518.5224654377
163548439.6226822734 228663.7993407734
163085439.7739830911 224541.4751442671
162953638.3101371527 221787.3490587473
