195356627.8225077987 98807.7819309235
198553389.6407481730 103158.3251037598
198523351.4446107745 103154.5625915527
190047920.7964474261 85234.0646325875
189669973.5833342373 84690.0065380860
184619925.9274665117 44313.9609984051
184643566.2394873500 45178.0925665240
186696562.9931809604 71214.0576483370
187103397.0343966186 74285.3381531388
188559168.3073377013 79588.2180420905
189503861.4660967290 84132.6630171914
199297644.5001334250 103507.6237792969
206775165.4425124526 105120.1533203125
187001185.6035530269 72852.3783275671
187958035.5662649572 77825.0237889662
184620516.8420565128 45114.6595274921
184683553.2428351045 45206.2140566821
184689555.7638870776 45291.1994814876
186691117.1861605346 70501.3916632296
186720787.2100201249 72007.4236456514
188664177.3739710450 80416.7418610603
190536596.5394388735 87092.8680192828
197617464.4099197090 102054.1295166016
184639749.5085893869 45120.3370463367
184685174.9523026049 45225.5221643972
184592369.8378219306 44294.2844912524
185275706.2447897494 55357.9733478258
184859058.8631134033 47746.4559428962
185307233.6508905590 56979.1086081694
187059208.4827930927 73718.5532240346
188845274.8840018511 81498.7089623660
190325515.0717926323 86118.5939467549
190450743.9590754211 86966.7570900321
184956062.0604480207 47748.2257837084
184780011.5576515198 47066.7697640684
185230172.3203885555 55340.3695628954
190679335.7641832829 87514.0345024467
194534433.5465952158 95960.0613269806
196020512.6056408584 99824.2416305542
205812996.9164375365 104918.4027709961
185456433.8263712823 57973.0097286341
186632570.4747617245 70495.0583832338
188694148.1361440420 80834.9139000922
196139765.6128686368 99906.5397872925
196387650.6018153727 100208.7706069946
185347150.9104410708 57104.7458773790
186692415.7109596431 70638.6752330735
199144820.2373612821 103419.6871643066
199278136.6160139441 103502.3079223633
188843168.0729395151 81426.4511363060
190748729.2541391253 87636.6601204276
188735092.6719930768 81285.9110314399
191168056.6165820658 88761.7031097412
196721410.9131147563 100274.7886581421
190736449.2408782542 87532.0259651542
184774252.6214107573 46872.3775231069
185475170.5607315600 57994.7847118018
187995955.3775322735 77858.1075300500
191193280.3510940373 88788.1422202140
195762176.7270302474 99387.5109500885
199215448.0571838021 103442.6009521484
185410914.0680250227 57882.0152390128
199747526.8142027259 103556.5858154297
186847872.4431884587 72823.1379707754
195602617.4106943905 99266.5438632965
185284466.8663724363 56288.9262903047
187782872.9551351368 76971.2919186130
188925003.9159036279 81604.1509695798
189311138.4982953668 83396.6359605044
189152078.5341461003 82730.4734849185
191100991.2446030974 88606.3218178153
190799970.3657225668 87853.2729133964
184759294.1820742786 46245.7391780642
185482857.7105254531 58035.2114127589
189409215.6076869667 83733.8404831737
197909069.4315395951 102379.4221801758
185402003.7608276606 57273.9465787945
187893372.7792313397 77206.8263557926
206467754.0351507962 105097.2870483398
184799385.7564226091 47066.7706199613
187008561.6750523746 73552.0259336904
188746394.3004431427 81316.9305970222
189558346.7297979891 84170.0787111968
190890483.9427010119 87871.1399177909
184715341.4881746769 46138.2637807158
195571073.3053021431 99218.6299533844
196352623.0113115013 100163.2731552124
196044218.5232265592 99837.2283248901
197544091.9446552694 102008.9605941772
186841942.0228172839 72388.8297935905
188135660.0744780600 78634.5988853946
205396304.2819404602 104706.6812744141
186708130.1946259737 71388.5795502141
186796836.5548826456 72300.5091156438
189236994.0172653496 83248.8164583966
190642515.2619465888 87276.1152061820
190900450.3103427589 88018.6188737750
185366128.0571755469 57176.2937115853
189303104.2595811486 83348.8711881191
195478330.4905522764 98863.8659515381
185329761.9179626107 57061.0801632045
188003563.9926831126 77875.8356865421
198276050.1456357837 102813.3255310059
190984623.9977959096 88240.5681480765
188966347.4633734226 82223.4798309356
189574821.6235964596 84196.4698832780
198471326.4961977303 103104.0100402832
197834060.8209849298 102367.5037536621
205641558.9022107720 104801.4770507812
190913146.6717045903 88060.1141251851
198148331.8258937299 102803.6963195801
206100815.7201590538 105005.3781127930
196346812.6796089113 100153.4412307739
198304600.5681897998 102819.6087951660
190498182.0642076731 87035.1523765922
195702409.1710682511 99381.4221725464
198181265.6304332912 102807.0101013184
199339581.2857410610 103508.1599426270
198311674.2066992223 102889.3363952637
198916178.9939551353 103379.7289123535
195908670.1921948195 99761.6204757690
187268880.1332479417 74581.9374464415
187823770.9261738062 77054.0881178752
191219513.8999270499 88831.4516491294
190969138.3378019035 88147.1151985526
185576216.8030419052 58055.9112631029
188178373.7209632695 78659.5496547595
190993614.7726188004 88256.3195442557
190759839.2629545629 87847.5586189628
194963796.5563711226 97834.5209732056
187820309.0479357839 76978.3299277201
195893619.2034019232 99612.1862735748
197690417.4461916983 102064.2492294312
194539076.1209588051 96063.8072681427
197696541.7246118188 102201.3120422363
189591390.0009295642 84208.4976038117
194691546.6555844545 97065.2368412018
188200341.0285565853 78671.1508473083
195007276.7279828191 97876.7858829498
194863957.5896326005 97376.8176136017
187893917.0529372692 77748.1611159220
187877548.2340146601 77134.4396432564
194720234.3242759109 97234.3234958649
187630230.0230662525 76307.8212416545
187256041.6483100355 74498.6666387990
194545278.2125550210 96142.0320224762
199808427.8387916088 103579.0854797363
188963327.9306162298 81885.5078171939
187221412.7034927905 74496.5589117482
189627806.2700645626 84293.8524545878
206374455.6351825297 105016.1986694336
189180932.9097481072 82811.3610505313
187569452.0039522946 76047.1958239451
190207947.6036119163 86022.7448382378
194559888.9125808477 96347.3313579559
199412625.8064340353 103527.6846008301
189132988.6187820733 82723.3408555239
199783522.4669747055 103575.8906555176
189088341.8876203597 82686.9830064029
189016600.7570060790 82369.4687165469
189247817.1499081850 83285.4181870669
190024024.6679096818 85061.0763849735
199716011.1468152404 103548.1871032715
196147499.2660345137 100000.1792774200
199519298.6824297905 103547.0719909668
187696054.2887920439 76836.2315504923
187505737.1747131646 75924.3019850627
190366830.7932792902 86492.1715769291
190053301.8038652539 85235.3439926773
189038608.3746048510 82373.4886238843
199035824.7569367588 103401.4930114746
189926841.6560598314 84920.5054349124
199365703.8166388273 103523.5549621582
195848989.6039689481 99534.0752048492
187362173.5138435662 75168.1360342875
189972622.1908022761 84923.9844507694
190082235.7649959624 85704.6200556278
195785274.8240710199 99496.4218235016
195304631.1795152724 98544.7908706665
195132329.1764941216 98022.9006671906
187601495.1410991251 76144.3044926077
198203364.7536036670 102809.1069641113
198678794.1940757036 103194.3247375488
187306806.2229183316 74674.8272218034
187280412.9722639322 74627.9899104685
189842010.2248242497 84788.1746451229
198962772.1160221994 103383.3265686035
187307958.7543527186 74677.9404803663
194606061.2071275711 96986.8408603668
187456843.6171501279 75455.6990169138
187425560.1168991923 75358.5431750864
188954764.1702813804 81709.2928208560
185668848.1571790576 59751.7154700792
187378463.8134802878 75237.8424495310
185008165.7708069682 48019.8885347529
194587120.5404461026 96790.1807210445
198026151.6992826164 102552.0697937012
185064856.9600549042 48707.7749769373
185084003.1497844458 48968.3414677311
185575147.5174916983 58041.8722191266
194788190.0501352847 97348.5361270905
184991017.1492404938 47851.2208802819
185123199.2744915783 49405.8074145003
194894143.6069214046 97745.6040592194
185018693.3078056574 48707.7741210445
185594424.4924147129 58839.7859046495
195328957.5847808123 98629.2745304108
184971039.7680175006 47795.8454115076
195031097.6374993324 97959.6361689568
195161819.5115535855 98273.5631122589
185625684.5476232767 59002.9968544653
185783748.4737225473 60006.1719350404
185577979.8203253746 58228.6793039254
205043671.9613235593 104468.7740478516
195257660.9864972830 98534.3267230988
185001966.4727638960 47873.3491137794
185745620.8284887671 59757.4789243153
185727120.7805651426 59752.2939345053
185781634.2201828361 59770.1178509333
188897309.4000568390 81561.1594589024
205227146.1056625545 104573.3613891602
185589587.6424674392 58829.0749321393
188914762.0830986202 81562.8619735509
195141396.5474906266 98024.5604999065
198438474.6955220401 102988.0160827637
185582953.7393313646 58275.4141560922
205277415.2889104486 104588.1112060547
197430903.9114645123 101585.1020431519
188655981.3787182271 80250.8490755826
188639187.6995033324 79723.3849761754
188465527.7266609073 79392.8829391271
198306391.9957396686 102851.4594421387
205173309.9399154782 104550.7130126953
188642461.0513257384 80242.6632812291
204772877.3455670774 104258.2385864258
205117641.8747894466 104494.1635742188
205311392.5074586272 104590.5118408203
196517556.0962654054 100231.3950271606
196912867.5477761924 100602.0174407959
205210796.0098302662 104557.7331542969
186532687.6790303290 67157.4323426448
196609319.7476041019 100236.1096267700
197112612.4180373251 101034.0956726074
197512335.2867848873 101637.2030868530
197037436.8083726764 100857.1355361938
204752877.8029376864 104184.1674194336
186565742.0942640603 67915.7281953059
186624115.0790311098 68048.8692442141
205188332.6228783727 104555.8598022461
197082007.0502291024 100858.2158355713
204811052.1709274650 104329.2675781250
196891977.8336655498 100371.8589019775
197370913.5234175622 101554.6733856201
197343269.9717171788 101408.0480804443
186595695.5976467431 68031.0401464663
197015986.8203773201 100854.0944976807
197355272.2918769121 101544.5807952881
186577579.3000842035 67921.7866431437
204480501.1114251018 104029.0252685547
186561243.7496156991 67732.3275870681
186513329.8661545813 67017.2152339816
194505343.5621135533 94527.8466530330
186508695.2618732154 66083.4418581650
194420159.2970570028 94379.2306023128
204677002.2435038388 104106.3013916016
186560504.9078432918 67173.3181792349
194173231.4177308679 93701.7031307258
194237511.9569805264 93797.1518430710
186459179.3247062862 65866.0315331072
193938911.7104313672 92921.9232387580
194124193.2376329601 93038.0458354987
194005658.0042493045 92934.6910610236
186490767.3145565689 65877.1285182089
186409478.1654949486 64937.3536599800
186457745.8008582294 64977.7500528917
186351050.2266069055 64328.4152284021
203582672.9445340931 103702.0797119141
186280907.8665501177 63564.8051145429
186400067.6894707382 64684.9527775998
204279231.0903131366 103934.2339477539
204229549.0500200093 103918.6328125000
204456978.0375607610 104012.0427856445
203746239.4592957795 103839.4650878906
204301250.4613696039 104002.9306640625
186168765.0906194150 62060.1376510429
186185624.6050838232 62906.5625550913
204155549.0078991354 103841.7504882812
186292352.3129621148 63569.5258405971
186305765.6944664121 63920.7755504007
186197155.2445101440 62951.3121227863
186218101.6444218159 63038.2113814707
186268907.0016139448 63526.3471060562
186186717.6352479160 62929.3068214225
186302300.7885316610 63818.9713132734
186142894.6444297433 60511.1536467391
193770490.7444725037 89514.4682507217
193769083.9873644412 89408.7903294265
193923510.8845025301 89677.3903393447
193751309.3844332695 89160.9417824447
193706890.9682657719 88885.8863568008
