392085406.6971675754 4217468.6367187500
392423552.3250834346 4221453.5869140625
395101981.5410732031 4282814.0234375000
395911541.2213531733 4291872.2597656250
408845363.9277151823 4465288.6689453125
414591400.1072327495 4495462.5859375000
414523026.6898187995 4494945.6582031250
418120345.1065058112 4505867.0703125000
368625956.2315487266 3154290.7663574219
368710041.4612272382 3156816.4992675781
368470498.7773041129 3133755.8049316406
377636501.8084844947 3736215.6728515625
408490440.4987666011 4462963.5771484375
368609516.3776661754 3153406.2800292969
368495296.7631101012 3143124.5783691406
377612284.5854979157 3736073.8007812500
395403548.8467104435 4287997.2539062500
396448607.8438501954 4304014.7011718750
396193107.0803032517 4300463.4716796875
395967590.4952907562 4297625.6699218750
414958160.9739349484 4496069.2988281250
377330101.2523992658 3715601.1767578125
402136567.0650054216 4390789.3808593750
385769883.7224515080 4053000.1123046875
385587446.6187364459 4049407.6582031250
428601459.6709530950 4515688.6972656250
377433600.2685596347 3728099.3994140625
377518347.7224122882 3730402.2929687500
377545702.3994172215 3734127.4677734375
404429048.1420692801 4421759.8212890625
412692909.1991019249 4490526.8984375000
412658537.4082763195 4489684.1132812500
379109522.8859549761 3808587.8447265625
409036147.8151963353 4466503.0322265625
368264815.3094022870 3127944.0927734375
368330926.8547738194 3132268.2382812500
385485755.0294365287 4042650.5273437500
385290958.4080541730 4037912.8281250000
394192823.2964207530 4263916.0810546875
412294221.7350613475 4488768.1250000000
396159825.0637623668 4300254.0683593750
408427922.7278910875 4461071.6777343750
379248062.0087687969 3818949.9257812500
396722096.2515352964 4304895.6093750000
420517052.2758630514 4510585.1679687500
368603420.2383993268 3147453.4282226562
371761418.3999658823 3350877.7646484375
385826956.0312826037 4053142.1777343750
379714782.4042433500 3836843.4614257812
386949839.7854415774 4086111.0361328125
420370875.0702780485 4510549.5664062500
364883178.0082139969 2800152.2639160156
371715716.0349694490 3350557.7858886719
371868530.6069411635 3356229.7199707031
386611640.1464124322 4077617.3349609375
402959513.4934673905 4405800.7607421875
368603934.8653763533 3148646.6191406250
364950570.4698389769 2807636.6857910156
371956038.6560431719 3357250.4455566406
391724884.0144764781 4210888.6210937500
371856548.2408356667 3355792.0207519531
379608234.3900113106 3832236.8593750000
392120280.5225735307 4219790.8242187500
391876685.1124538779 4213302.9082031250
404063598.4607865214 4418689.9677734375
413475387.8386083841 4493251.6054687500
364962820.9459263086 2809021.5510253906
380846297.0122056603 3884183.5288085938
379169068.8990952969 3813759.6303710938
385900397.7724136710 4056573.4121093750
386517710.9505043626 4075398.5253906250
362806076.0128203630 2473935.6330566406
403591520.4711946845 4413102.9511718750
420197355.4014874101 4510044.8007812500
364607787.5406740904 2774314.7124023438
379745051.8121929765 3839869.1259765625
395168358.2209963799 4283877.1152343750
377881863.2341962457 3747212.1254882812
386175484.2104712129 4062560.3320312500
412856810.4805916548 4490719.1835937500
413386515.4878327250 4492850.6699218750
386018045.0030423999 4060059.0595703125
386202497.3653007150 4066874.5986328125
412961976.5704015493 4491370.6152343750
386180074.2068303227 4064113.0576171875
378118186.5045123696 3759512.5434570312
362657299.9882408381 2437630.3681640625
362747285.3089311123 2463771.0263671875
362729659.1477137804 2461486.2761230469
391592215.1848838925 4206321.2490234375
404901807.3213042617 4427608.9501953125
362759496.2709221840 2470577.4328613281
385708274.8016234040 4051075.0888671875
364671907.7389595509 2781139.8664550781
364517134.1983169317 2764200.9467773438
404671039.6131006479 4425235.3876953125
363127338.3331295848 2561976.4919433594
405074880.2197014093 4429130.0048828125
363302144.7339691520 2583728.0041503906
363359133.3562527299 2589563.8908691406
371247392.1647855043 3323784.8132324219
363331215.1052210927 2586559.4914550781
364713785.4366940260 2785075.0085449219
364773984.0132318735 2789288.4011230469
371410640.1351361275 3333318.9870605469
367854153.6726900935 3091567.6943359375
420135691.2341685295 4509711.4902343750
378585282.9646767974 3778857.9663085938
391391768.8311293721 4199855.4697265625
404363071.8546286821 4420900.5517578125
363520320.4345937371 2593110.6962890625
364606994.6181910038 2772355.2036132812
404451370.8712466955 4423303.3212890625
408222189.1629042625 4459166.1572265625
415753501.6759676337 4499680.0703125000
415372143.9118316174 4498187.0722656250
408416595.7961143851 4460724.7080078125
364289264.0925161839 2736969.4216308594
407999245.5978040099 4455248.7333984375
371803244.7751691341 3353331.3664550781
394309992.3467298150 4265963.5302734375
363211939.0579370856 2572837.7644042969
380514225.9020777345 3871772.7436523438
384579254.1211015582 4013248.2363281250
415369354.6243451238 4497512.8574218750
362680572.7905427217 2447343.1350097656
364498925.8364911079 2758908.7546386719
380722423.8173056245 3879018.5302734375
364654271.4405274391 2775210.2529296875
384681021.0433399081 4018371.7734375000
407787880.1218886971 4450921.9072265625
384147884.8956640363 3997478.4101562500
381330250.5654563904 3896960.7895507812
381653558.2037562132 3902191.6464843750
380998186.0452183485 3889377.3813476562
364424513.0714546442 2749878.7031250000
365059058.5095848441 2814770.4873046875
365412355.5825622678 2818347.0075683594
380806101.3911357522 3881747.5571289062
391426548.5211488605 4199913.5488281250
403803141.1307237148 4414926.9951171875
404185942.5392932892 4420226.9619140625
428373721.7629287839 4515238.6542968750
364159857.2971913815 2712537.3625488281
380123178.6467906237 3851310.6762695312
378659296.4959593415 3783287.7421875000
401976180.1569691896 4387393.4179687500
362831744.4771431088 2484734.4050292969
393954254.7533749938 4255432.0048828125
401972542.5979315639 4386951.2382812500
401975152.8634271026 4387083.2910156250
393879622.4036321640 4254558.3417968750
393958157.1090958118 4258099.8964843750
411694923.1235727072 4484081.1933593750
427837102.5724670887 4515063.7832031250
394080123.7436971068 4259873.0244140625
411578750.5557149053 4482853.1679687500
391471380.0769513249 4201417.0820312500
418828224.2895408869 4507904.0371093750
393746114.3235509396 4252327.6425781250
363097638.6527763605 2547198.8493652344
362984127.6272433996 2518599.4118652344
384381540.0824645162 4005410.9882812500
417391034.9822273850 4500940.6953125000
380052936.3988270760 3851206.0024414062
379789347.4454516172 3840072.8583984375
427031499.7926065326 4514199.2304687500
389573698.7416726947 4145075.1748046875
427357309.1366192102 4514733.5644531250
362961322.2439811230 2513504.5642089844
415290065.0457820296 4496764.3378906250
371079429.2443012595 3306233.1857910156
378885378.0560336709 3792310.2797851562
401787380.3698121905 4386057.1601562500
379084898.9374921918 3803388.6733398438
393639328.9359090924 4249623.4179687500
417978523.9441579580 4505797.0898437500
417526703.7475683689 4503699.2324218750
427710393.9919330478 4514919.3964843750
364117022.0219751596 2700775.5070800781
419972985.4324834943 4509517.7695312500
364202267.1201015711 2717471.5266113281
378998405.7074779868 3800673.8754882812
418356245.6803615093 4506579.7460937500
363060079.5582072735 2536514.8886718750
371080759.3642390370 3308504.6723632812
371152724.8310609460 3311652.5119628906
410924289.7993421555 4478441.6542968750
383900508.7868249416 3985802.3662109375
383638989.7112538815 3979101.9873046875
383980633.9292256832 3988078.0097656250
367639939.8412134051 3056934.7504882812
419967706.5252136588 4509517.7480468750
367684888.8669723868 3057646.3703613281
362973110.9975236654 2516822.7229003906
393001576.0777736902 4234448.1943359375
362890610.2014616728 2504346.6687011719
417677173.3624184728 4504622.3164062500
426990850.7964203358 4513988.9941406250
398439231.5846983790 4331734.1503906250
383758599.5003840923 3980740.6669921875
415045232.0857554078 4496428.5273437500
383880043.7247722149 3985208.5927734375
400870794.2284781337 4369758.2001953125
401470633.4228039384 4372493.0380859375
410860605.1731259227 4477061.1582031250
367701912.3966321349 3065007.2521972656
371141181.2580479980 3308983.3342285156
401488869.2629787326 4376393.5468750000
400615073.6082366109 4365098.8046875000
417596746.9289410710 4504084.1054687500
398319511.2874259353 4328332.0566406250
401586273.1274869442 4379834.6855468750
382480005.2190917730 3923736.6303710938
391138577.2611193061 4188353.8564453125
398355915.1819851398 4330439.8310546875
364084954.8264440894 2680608.7014160156
364051586.5475789905 2676765.7199707031
382503555.7738338709 3928293.9848632812
392939010.7483419776 4232607.0253906250
398122295.4257819057 4325186.2675781250
407620314.9635595083 4447055.8535156250
367523274.3451719284 3044214.7009277344
398036215.9640904665 4323461.6259765625
407720495.7962476611 4449867.7236328125
397949346.4786569476 4321774.5937500000
398203751.8573269844 4327619.5322265625
370618295.8567214608 3254678.3259277344
382056252.3974416852 3912232.1269531250
382200344.3707950115 3919182.2241210938
410628348.7633697987 4474788.9218750000
370623740.6498703361 3265742.2575683594
381886590.6942162514 3907118.9062500000
426915734.9177721143 4513907.7167968750
400503911.3756234646 4364272.9931640625
426056528.5102157593 4512609.6367187500
426248668.9498996139 4513433.4335937500
363843528.2837830186 2619230.2114257812
363913519.3214386106 2644895.9777832031
391323367.2585159540 4193890.3486328125
391202880.7957907319 4189682.7851562500
370666271.0335449576 3272247.2570800781
370767856.8353437185 3274652.1003417969
410504631.7715463042 4473961.6894531250
367414314.0645784736 3026582.5764160156
410327946.0095027089 4472186.7109375000
367505963.4279888272 3034864.8537597656
363844061.5981817842 2630346.6750488281
390598066.8751122355 4174720.1777343750
400077146.5380113125 4356408.9541015625
382922440.6157144904 3941044.6962890625
367436568.8186458945 3026655.8166503906
370338508.4051176310 3244042.3745117188
370388227.0616827011 3249778.9926757812
389661721.1306353807 4148012.6523437500
389470759.8436495662 4140116.9042968750
397287505.5202969909 4310217.9238281250
370059216.3047091961 3215339.9006347656
369988491.5428138375 3204564.5234375000
369455178.6751896739 3172482.1545410156
369545070.4239361286 3173303.7133789062
369626661.8736244440 3179744.3867187500
369431992.2781671882 3169925.0029296875
369430949.9634088874 3169500.6638183594
375505375.1525624990 3526693.1015625000
375811452.5016621947 3537669.7602539062
375823421.5049631000 3537837.0981445312
376217550.0472727418 3558523.0561523438
388610078.1957721114 4116133.3867187500
376338121.1978092194 3561028.1352539062
376410943.1971021891 3563574.1279296875
376295968.5615056753 3560828.7617187500
388322958.0471385717 4104361.6435546875
388063475.9238681793 4091809.8510742188
387989194.0247971416 4091305.4467773438
388067807.2523493767 4095178.9082031250
374659858.4923754334 3465006.6035156250
367379874.2352046967 2976877.4511718750
367275763.2574782968 2962318.7968750000
367282168.7362492085 2963384.1025390625
367146387.0852913857 2932876.0458984375
367185752.4294345379 2946696.1481933594
374823790.3899294734 3474261.5776367188
374568748.3643066883 3460394.9291992188
374508638.3222215176 3458102.3056640625
374692801.0000103712 3466637.4887695312
374363439.0853729844 3440649.3334960938
367083146.0813317299 2925749.6542968750
366650240.1107392907 2841261.1821289062
366715829.8120729327 2846164.9929199219
366753570.3529663086 2853060.2536621094
366998097.7044554949 2902841.8713378906
366756137.3023339510 2854519.7219238281
366840555.9102885723 2865801.9951171875
366853595.0720945597 2870532.7258300781
366914613.7316150665 2878322.6638183594
374309433.2214087844 3416685.8813476562
374294384.2985473871 3409167.3427734375
374267851.3464975357 3402601.6479492188
373810127.3829395175 3378630.9145507812
