552851009.1032043695 5387637.3398437500
558852369.4611456394 5437832.0634765625
547217291.7883496284 5301230.5664062500
557006751.5057704449 5422870.2265625000
547471170.5641430616 5304878.2675781250
546125004.6450418234 5277082.1054687500
547546598.4772108793 5307192.3251953125
547519744.6088597775 5306745.1162109375
547379436.9582623243 5301932.4882812500
553334525.8892866373 5393310.2724609375
545983951.5290149450 5274958.9345703125
548637240.7373576164 5324339.2646484375
546367847.4820008278 5279518.9570312500
546384609.9756611586 5283490.3955078125
549557874.3685729504 5339177.6152343750
555186366.2437987328 5412532.4843750000
546418268.3564374447 5285093.6279296875
545431202.2967026234 5245880.1396484375
555660652.0046781301 5415145.1132812500
548273839.1857292652 5321337.2871093750
553310347.5327008963 5388848.4375000000
553857080.1911485195 5394054.0625000000
546383729.0718291998 5281992.6386718750
547794107.5901097059 5315107.8164062500
556302916.9388188124 5420826.7412109375
549133153.7424393892 5332776.7919921875
553293377.5826730728 5387881.9677734375
553971561.3740017414 5394559.2412109375
560912547.2864258289 5446970.2587890625
554696883.8519122601 5407933.3847656250
545615851.0489521027 5258372.4902343750
560416373.2750986814 5444640.5556640625
547716114.2272264957 5309828.4179687500
551782813.6715586185 5372702.2939453125
549771028.3199152946 5344422.8730468750
554907737.2542970181 5410498.3427734375
546578308.6860973835 5290432.5156250000
546035334.1714984179 5276185.2275390625
549047013.8618502617 5332185.0224609375
545735571.1836826801 5264828.0341796875
547379436.9582623243 5302073.4882812500
551269414.5285247564 5370617.0214843750
551984290.6272681952 5375470.1669921875
554532560.8292254210 5405974.1142578125
554213388.6214947701 5402677.5244140625
552066446.9924861193 5378147.7607421875
547002867.7154498100 5297873.2285156250
554604829.2441549301 5406389.7890625000
546828329.5493197441 5292737.7431640625
558986527.5783326626 5439362.7958984375
554213388.6214947701 5402496.3017578125
557959421.2893401384 5430821.3115234375
550338377.4868659973 5354078.3916015625
548480974.2643181086 5322892.8408203125
548162584.6919574738 5316273.8544921875
547655271.1724085808 5309394.2626953125
551638826.3219311237 5372549.4296875000
557090580.5529813766 5425434.9277343750
560416190.9313014746 5444012.9736328125
548075360.8216534853 5316242.3769531250
546270076.1037032604 5278270.5468750000
557511691.9214081764 5427284.0996093750
555342373.4659790993 5412671.9687500000
557703040.3624076843 5427556.5439453125
558042440.3953578472 5431219.5849609375
548828535.3842546940 5331093.3525390625
549606752.6181317568 5340860.9003906250
560513479.9536025524 5446657.9912109375
556719494.1081196070 5422340.0263671875
555146651.4886094332 5412287.2343750000
550079133.5943626165 5351786.8994140625
558775484.6198714972 5434151.3066406250
550686964.8636353016 5362237.7617187500
550104522.1938670874 5353368.9355468750
551249736.6628280878 5365675.8281250000
549288999.8517382145 5338090.0439453125
548809138.5806664228 5329401.7509765625
559883428.5389633179 5442897.6630859375
549860962.8979971409 5346019.9736328125
558532089.0086789131 5433409.8046875000
545402987.1141248941 5197131.5908203125
548020589.0460886955 5315740.4453125000
556660968.5478057861 5421741.5605468750
545786960.3729296923 5270205.0927734375
545345415.3591928482 5189765.9765625000
549565976.1312417984 5339863.4267578125
548194830.3157405853 5316299.6298828125
552066446.9924862385 5378422.8525390625
551191223.9433655739 5365392.2871093750
551191223.9433655739 5365467.9697265625
552350991.0877138376 5381183.2353515625
551159563.7719357014 5362730.8593750000
557006751.5057704449 5423342.0625000000
551909338.7659026384 5374893.8740234375
545700270.5689208508 5259118.1962890625
557428517.6084289551 5425795.7363281250
552105576.7793695927 5380669.4443359375
546969379.2622534037 5296821.8271484375
558042440.3953579664 5431634.2646484375
545439298.0553120375 5256192.6523437500
550468208.9230654240 5358726.1738281250
549723084.5814237595 5341817.7910156250
549228185.0793725252 5336696.0136718750
551191223.9433655739 5365303.9208984375
548793520.1014859676 5326934.1748046875
546314240.9274058342 5278490.4892578125
550855088.8702675104 5362492.1191406250
549398677.6314278841 5338746.2324218750
551909338.7659026384 5374838.8525390625
547419787.9216594696 5303732.6875000000
549771028.3199152946 5344496.2099609375
549925093.4599627256 5346189.8310546875
556165551.3563327789 5418985.9619140625
552621248.9761979580 5386352.7099609375
548604364.2559561729 5323024.5351562500
549398677.6314278841 5338935.9970703125
552398813.0893104076 5383046.2998046875
549176802.4368890524 5335519.8632812500
549398677.6314278841 5339008.5166015625
555435451.8207324743 5413027.1289062500
549958359.0842838287 5347772.7500000000
550855088.8702675104 5362488.1718750000
545387533.5659428835 5194919.1787109375
558559453.6776535511 5433652.7978515625
558290385.5321021080 5432480.4091796875
549101213.2545950413 5332236.1513671875
555435451.8207324743 5413255.0556640625
555831187.5559222698 5417782.3378906250
552458926.2929986715 5383710.6015625000
549958359.0842835903 5347472.3046875000
549958359.0842835903 5347486.8281250000
549698309.6803550720 5341357.3125000000
557782219.7494846582 5428681.1425781250
545418640.5013865232 5201113.4531250000
