623256732.7928812504 503307.1498985291
623442640.7614952326 504627.8659629822
637464195.6524887085 563967.5173339844
625761349.1501293182 518084.4516220093
626867002.6729234457 525236.6689300537
627076641.6582272053 525965.1362762451
635573892.4937345982 559408.7507629395
633304095.2469849586 552882.3371582031
627340734.0213497877 528523.3420333862
637609295.0114541054 564155.5353393555
627555937.1824244261 528745.8345336914
631109617.6195765734 545549.8945007324
640673880.2856903076 571796.8839721680
627670457.3288012743 529648.3418579102
638390269.0726634264 566381.0471801758
636119819.8375661373 561007.0710144043
632015605.1264615059 549344.2698059082
641897244.4025045633 574007.9913940430
625534831.0008082390 515493.7834281921
627447794.7129335403 528620.7240600586
627619695.4028086662 529469.2411499023
640877896.0356460810 572710.6551513672
639235784.0689263344 568879.1831054688
636667288.9561055899 561865.2034301758
639601526.5524142981 569461.8670654297
640257767.4780007601 571459.5686645508
633569760.2142758369 554173.4203491211
631914159.4504793882 548706.9487304688
636501373.2947626114 561425.6539611816
622876330.2283512354 491842.5269851685
627619695.4028086662 529468.7904663086
636968349.8317308426 563024.7696228027
629209404.4997606277 536627.6737976074
632283102.6934051514 549588.2180786133
626701233.4086254835 525160.8799438477
624459569.4591436386 509518.2205467224
636644321.0618604422 561715.8852233887
636314910.4744926691 561177.7572937012
628666111.7198691368 534881.2867126465
626129173.2131026983 521629.9275054932
627876849.2086994648 530373.4257507324
645171896.8165317774 577706.4182739258
629246506.6782392263 536720.8929748535
637755833.0558848381 564944.3045043945
639504766.1768586636 568944.7926025391
638375601.1450320482 566368.2531738281
636710939.4202241898 562380.5114746094
634770553.4152915478 558088.5324096680
624110703.5260920525 507129.5294761658
623838568.7600083351 507120.4511070251
626129173.2131030560 521668.2467193604
634448367.9645590782 556201.5865478516
631914159.4504793882 548695.1109619141
634138320.3527262211 555468.4447021484
646638689.4921859503 578433.8342285156
646638689.4921860695 578437.5451660156
639217402.9224787951 567882.2537231445
641203016.4741067886 573191.2684936523
638018846.1348426342 565592.4290771484
640733043.8164209127 571953.9259033203
649279796.8135591745 580522.0503540039
643790615.1502263546 576571.2172241211
625783601.6302682161 519018.3383712769
644973649.6554284096 577468.7570190430
626584532.5987112522 523921.0639495850
640629290.4240672588 571792.1070556641
622890525.3477079868 493756.4703292847
642668762.9381500483 574979.6097412109
627119017.9579327106 526683.1775970459
633569760.2142759562 554177.4548950195
634138320.3527258635 555450.7635498047
628313702.1389671564 533179.4228515625
630137119.3330745697 540850.7016906738
638866570.7492581606 567790.8378295898
638740789.9029333591 566564.4388427734
623000727.4723631144 496606.3815269470
626867002.6729234457 525224.2664031982
634238300.7218152285 555960.1187744141
647194607.5001443624 579102.5305786133
652195788.1892865896 581828.0003051758
626251558.7834098339 523637.5367050171
632299787.1298508644 549603.2443237305
638375601.1450318098 566361.7412109375
638064454.9023677111 566054.5614013672
649379184.2815030813 580727.4601440430
630487452.7721878290 542560.6501617432
624796074.6417040825 511829.3535728455
623611808.8726557493 505247.3198204041
625633713.7770267725 516507.3785171509
636682950.7841092348 561872.2575073242
625831115.3247532845 520355.4381637573
623756433.7991247177 506353.0460777283
628365459.8990578651 533378.7570190430
625977629.3722131252 521523.4782867432
637659236.4479033947 564446.1989746094
644524950.1193984747 577443.5978393555
627930530.4701495171 530905.1557617188
627876849.2086994648 530382.2625427246
640163729.6983823776 571292.1099853516
651577612.5001116991 581673.5944213867
641710419.6240860224 573882.6593627930
644015179.4327337742 577348.4313354492
634480579.6562688351 556233.3408203125
637781658.9507434368 565000.7310791016
626197430.7810428143 521926.0635299683
622606916.7221276760 486021.0694847107
632609112.6518950462 551113.3469238281
627619695.4028086662 529509.1743774414
627619695.4028086662 529507.6781616211
633983179.5792257786 555237.2177734375
624681351.3063428402 509605.0573997498
629237529.1284439564 536641.2419433594
622685989.8818206787 488779.1646347046
635456014.4538599253 558906.7006835938
625397940.9020413160 515246.1260070801
628743222.0597649813 535420.3818054199
628683498.8643008471 535234.1517028809
633894845.3810081482 554494.7256469727
631914159.4504793882 548696.6640625000
639762962.1917560101 570189.9423828125
626648700.6413527727 524211.4754562378
632282229.6428267956 549576.9000854492
625616070.8247089386 515542.2048835754
640853854.7065746784 572661.7418212891
626867002.6729234457 525226.6316375732
634432088.3877871037 556009.6539306641
628638432.7562664747 534683.1522216797
641650877.4794836044 573801.1448974609
641301077.4764769077 573321.3682861328
635542424.3176146746 559330.0999450684
626164565.7405037880 521672.9745407104
631765691.5916118622 547418.2219543457
637948105.2254563570 565521.2673339844
642312386.9998824596 574711.2747802734
640581840.8024921417 571640.2860107422
625113834.3133176565 512519.6994667053
637096408.2619228363 563751.9617614746
646638689.4921859503 578436.5179443359
628783984.4191527367 535506.7882995605
640899007.5499169827 572720.9589843750
641001740.7527301311 572965.1138916016
625201394.4864083529 513612.1379432678
639771266.3815848827 570314.0909423828
641325118.8055478334 573378.8920898438
627619695.4028086662 529505.5654907227
634432088.3877873421 556042.2957763672
640853854.7065749168 572665.0721435547
638815210.9335485697 567645.6788940430
628355823.1934759617 533332.4910888672
635726896.6020854712 559455.0897216797
642969921.5543838739 575385.8452148438
631298455.3394943476 545679.8329162598
641987554.8223344088 574602.2440795898
628593551.5534005165 534550.6181640625
641301077.4764769077 573332.1843261719
624182695.3541398048 508301.3200340271
625515216.9782488346 515359.6309013367
649340408.3464938402 580699.1895141602
622744837.0168945789 490450.2676620483
624182695.3541398048 508299.0940818787
626865822.8975718021 525211.9342498779
646589270.7200545073 578390.3714599609
646728336.6701450348 578843.7120361328
645721178.6475578547 578336.1645507812
629364458.4732691050 537336.7929382324
636639298.1562153101 561686.6585083008
642959089.0419851542 575342.0278320312
629365756.3692811728 537524.9214172363
642866276.6792265177 575047.4260864258
624711924.7543804646 509693.2381858826
637061279.6201820374 563039.5353698730
630181908.7117362022 541014.5759582520
638784538.4375451803 566589.3987426758
629431244.1945184469 537619.4819030762
628911850.1135478020 536307.5934753418
628974908.4286384583 536443.0042419434
622613144.8598393202 487855.2558174133
624681351.3063429594 509640.8578758240
641887066.8293128014 573970.2642822266
635729784.5838984251 560088.2003479004
628691223.5048527718 535348.4735412598
649013289.5961306095 580441.0880126953
646838414.2262198925 578985.8074951172
622601053.0388263464 485202.4802436829
626919753.0760693550 525708.1544570923
629253539.0284086466 537229.6141052246
631801371.2088559866 547924.9707946777
631570584.9757440090 547086.4306335449
627572142.9857485294 529136.3389129639
635769124.1566379070 560378.9408264160
628008701.8540614843 532020.3700408936
628382911.4318921566 533792.8203582764
628331253.9275894165 533265.8341522217
629516460.1753982306 538236.1692504883
625666497.0378407240 517479.5273284912
635758291.6442393064 560345.4363098145
643206707.3152430058 575804.2471923828
629432828.6213257313 537959.1508636475
652182860.0655292273 581784.0169067383
635247573.2280769348 558195.6222229004
632589969.3429490328 550671.5999755859
643271390.5058035851 575943.7958984375
624957303.0047129393 512122.3782310486
627259151.3557466269 526773.0518035889
646377608.9700490236 578340.7542724609
635542229.8260408640 559231.3195495605
650683352.4446356297 581486.3514404297
643727268.2206015587 575965.9916381836
628031871.7248767614 532671.0956268311
650090884.4173117876 580738.1436157227
628556909.1828042269 534295.1490936279
651846814.8099184036 581713.1184692383
631780719.4106646776 547777.3717041016
625365536.4779927731 514193.6539878845
635320583.8211033344 558571.4122009277
631780719.4106646776 547760.7982177734
631695548.7830450535 547256.3291320801
635328820.8920791149 558740.8245544434
629998602.4208121300 540161.6316070557
627734126.8713794947 529884.7352066040
646838414.2262201309 578996.8574218750
651480653.7987748384 581662.3035278320
632825816.7449308634 551296.4209899902
631902509.6109532118 548120.2329101562
628008010.0169039965 531230.0361328125
627927708.8060457706 530607.8193206787
631581615.0057528019 547124.4985351562
632507898.1619745493 550305.2824401855
638710921.4868861437 566385.2081298828
647587676.3261604309 579711.6139526367
628273935.0612403154 532704.6924285889
628556909.1828042269 534296.2704315186
634572128.5861475468 556576.1839904785
633529240.8013650179 553150.6812438965
633540270.8313738108 553183.9692077637
630103757.3390580416 540667.3574523926
629146580.5804799795 536465.6057281494
629179313.2268797159 536492.5739898682
634739674.0786812305 556697.5704650879
630854117.2706252337 544427.0120849609
646958819.8099836111 579082.7036743164
629179313.2268797159 536504.8015289307
632386351.7413140535 550242.1369934082
630033990.9011448622 540275.4243774414
629675525.2408536673 538479.4834442139
630033990.9011448622 540312.4856567383
646750377.4954571724 578887.8048706055
646606171.8994673491 578417.0768432617
633529240.8013651371 553150.7911071777
627872384.4042367935 529916.1723785400
630256661.9185049534 541913.6508178711
630835544.4508680105 544348.9343566895
631352195.4081062078 546435.1728820801
632589598.8925561905 550494.4381408691
629209268.9868305922 536552.7804107666
631486587.5709125996 546456.9815979004
630681404.8349616528 543687.8241577148
630347549.3643161058 542272.2585449219
630535449.4892704487 543151.1574096680
631526386.1037863493 546533.9455871582
633526377.6848413944 553125.7793884277
630413963.0407443047 542362.9497680664
630708322.8635483980 543706.8175659180
633529240.8013651371 553176.1592712402
633061925.3060828447 552336.0336608887
634045423.6057513952 555249.8544616699
632847030.7584886551 551737.1984558105
632847030.7584887743 551745.0788269043
630135690.0406415462 540836.8349914551
629806689.2516956329 539680.9503173828
629853954.2908785343 539805.0079345703
630140396.4301341772 540891.6624145508
629785132.8540747166 539495.1778259277
629927748.0513532162 539910.8427429199
629735540.6435853243 538753.9471740723
629715574.9657818079 538622.9878845215
629715574.9657818079 538609.0545349121
