1075944642.8417205811 60986.7375548782
1077821192.8622782230 78100.6295951530
1083454332.7431538105 107382.1694386867
1083577238.9157173634 107393.3124535565
1115171698.2879436016 214476.2250254856
1114896831.7526164055 212855.3172618922
1206820653.8485043049 385292.0153154023
1077827389.9064745903 78575.4931412984
1106614334.1211266518 191658.7830108450
1106489020.4333810806 190763.3997677019
1106312921.8423070908 190745.0093258074
1156787960.0796318054 311078.1185128965
1157278462.8150012493 311899.3006112851
1077988041.9579887390 78900.5113297750
1077961069.1080422401 78894.3194186839
1106256245.1959016323 190076.3838222674
1155842845.8437516689 309330.4757772514
1156938639.2155857086 311717.1747873105
1247798990.7635979652 426646.5303649902
1268192681.8979184628 435330.7910766602
1078195141.9684622288 79259.8447397102
1084312781.1211311817 111347.7308547138
1107244025.3534998894 193221.9293294474
1107195694.5180423260 192720.4114225334
1114930102.1463558674 213539.2488814470
1243697001.1869897842 424268.5836944580
1248367143.7870500088 426951.4651947021
1083510132.8049461842 107382.2107065622
1084572891.6143689156 112011.1999486578
1204396823.0926201344 381736.4231894501
1115150964.6971659660 213847.0695166167
1106851948.3357598782 192008.3869854800
1106893587.9078128338 192309.9995878166
1078197063.7785575390 79843.3539964112
1244325038.9786038399 424760.5908355713
1156141508.4834811687 310228.5987473556
1247593719.2319228649 426585.3247222900
1078041049.5033631325 79074.0389532300
1083569348.4478385448 107384.2270155505
1155549035.0435209274 308988.3924318233
1083433451.9283015728 107103.6716359523
1076755938.3064489365 69536.6207579033
1155441087.1630561352 308280.0700055414
1162810371.3813891411 319989.4211045042
1267595710.5275471210 435261.1946716309
1075845729.9067332745 60214.1704181137
1076565589.2634060383 68624.6911924736
1267273293.3788397312 435250.8741149902
1162041557.5862178802 318659.4153105080
1162664463.4755423069 319568.0182081521
1162542790.0364365578 319562.9869543113
1161865827.7080376148 318481.3733412087
1162256990.6010978222 319304.1636244119
1076525872.0845701694 67919.7755430595
1115760239.8624191284 215320.0023985312
1161796858.9097807407 318125.8186537087
1162414222.6792945862 319377.2291360557
1242755898.7635157108 422989.5162506104
1162103410.6137440205 318918.4908225075
1243170946.7861387730 423318.1689758301
1246902624.6832077503 425746.8627777100
1243136983.8378167152 423270.2160797119
1075948535.4472064972 61081.3848769760
1115512350.6326582432 214619.9707074569
1242146216.8603715897 421726.6844329834
1242566032.9964590073 422912.1240081787
1242227696.7008981705 421872.5405654907
1242253719.7861535549 422278.0135040283
1076172235.7003390789 63347.4328084688
1076113448.1902453899 63338.5886150494
1247014250.0342090130 426045.0622406006
1247094186.5190546513 426239.7811126709
1076017112.0421066284 62062.8851398590
1115699797.8089246750 214877.1516461776
1115577197.4520936012 214632.7045919872
1115740748.1711077690 215314.4280487750
1115894587.8612697124 215348.5360656370
1162403664.4203622341 319342.9315573037
1243234451.9652326107 423581.1261138916
1266600658.8136327267 434955.2810363770
1077659454.3262395859 75220.0061679336
1242353206.1911141872 422560.5460357666
1242488105.5121302605 422736.9753265381
1114413846.9829812050 212005.0327129246
1114069952.3057243824 210754.0239238621
1113811642.4240303040 210248.3335584843
1077380879.2253439426 73890.2671479287
1084018150.1180374622 109320.6433034134
1113055781.9487400055 208204.0517628410
1112835519.2607302666 206870.2927143791
1266392646.3479886055 434886.9056091309
1076425181.6154696941 64762.6413301143
1113699175.5933086872 209883.2943728618
1266345804.2846903801 434877.5495910645
1076473242.7788436413 65380.3573494914
1159216809.6435096264 314041.7070624823
1160795561.2113475800 316524.4400294367
1158375871.6919815540 312692.5125357364
1083691615.5597119331 108278.2810192299
1160173502.5739850998 315545.7587821507
1159955439.8920226097 315310.6864426159
1159978890.2839765549 315311.3572800183
1203578792.4159622192 379456.1093066866
1113282471.0638177395 208708.5708229759
1159480252.3274250031 314216.1290082359
1159502374.8772437572 314516.0056256675
1159092722.8544139862 313818.6553449058
1083651062.5075449944 107670.4375457817
1265342029.8380057812 434458.6436157227
1112290398.0958337784 205888.8714091399
1077235002.2635338306 72054.7464815230
1246145917.2501518726 425327.0934906006
1245784037.1526923180 425138.5099945068
1202812787.1611185074 377918.2501858855
1202833611.4234271049 378105.4954837859
1202812801.9843671322 377977.9321750700
1202578664.0458590984 377599.6514743865
1082053939.4216580391 99070.7517470832
1087625933.4810135365 121885.0940946926
1087643692.1412999630 121949.8060149456
1082775299.1691257954 102706.9244679697
1202104192.6095499992 376671.2464270528
1201789774.7761991024 376297.5025584960
1081899859.6150028706 98434.5279159064
1202265894.5965633392 377059.4168384337
1202328049.7834787369 377087.5504512639
1201740813.5817351341 376058.9782207274
1201848893.8432328701 376479.8608958983
1201858940.7521579266 376481.8095958495
1081953533.8163063526 98680.2902149635
1081838226.5329267979 97880.1115421730
1201617313.6241838932 375843.2663085806
1081958343.2846179008 98686.3894348987
1082432158.7141668797 101032.9327024613
1082086253.0747323036 99423.1999741443
1087003974.3778865337 119354.9460681172
1200860273.7232086658 374724.4034450316
1086826943.3743791580 118546.6402554774
1086576999.6899237633 117634.7106900477
1086962763.3931479454 118547.8943335080
1082080408.0633723736 99168.7451020129
1110484504.0610141754 200635.4421574820
1111022724.6727514267 202011.5314266544
1110882222.4032263756 201640.3606450309
1086702884.3801307678 117635.9662136649
1086372006.4340348244 115859.2039326617
1109653596.2350327969 197264.4604918942
1086521788.3239614964 116888.2254492306
1086410883.0464572906 116724.0352026486
1109696312.0604228973 197896.7987792477
1109190640.7514472008 196351.4582946286
1109084478.0180988312 195607.0016493782
1109172153.2687852383 195905.9133238778
1108500428.8266818523 194353.0843670875
1108205315.1677024364 193542.6553087485
1153408263.1629338264 299685.7202430659
1153088191.0399308205 299060.0096975260
1152673374.9319100380 297754.8505102423
1241850488.1444172859 420210.7304210663
1081515625.9778394699 93532.4745391106
1152354069.3931562901 297039.5617865165
1152443194.9524121284 297456.1955164512
1152019282.2739772797 296236.4193175187
1151442265.2007720470 295319.0909930187
1198429512.7325532436 368489.5733794663
1197973732.5047423840 367553.1296386216
1150894906.2778189182 294010.9072524252
1198552441.8987109661 368540.3109251652
1198297853.9547498226 368227.1724395249
1198158864.8349394798 367828.5121917222
1198037540.5024373531 367676.2816619370
1197531158.9471557140 366143.0831077928
1241139676.3025145531 419655.8092784882
1150483047.6162550449 292144.8904179278
1150347632.9709582329 291780.8718937578
1197732821.2754037380 366840.8790977830
1197351851.9899306297 366101.7886436814
1170302346.3218398094 324414.3698429246
1261567788.2090883255 431681.7395629883
1105949829.5141623020 185021.2809848126
1261969481.9439444542 432045.1560058594
1105923910.6128377914 184719.3521060285
1262212430.7597382069 432335.8592834473
1105592412.7288990021 183770.7961741027
1150154800.4692003727 291451.7615817067
1169704483.6502017975 323491.0666031395
1170368344.2417926788 324487.5453800340
1170144799.9376521111 324208.2575992723
1169474677.2887821198 322991.7898735781
1169779908.5571610928 323761.7324527879
1105265299.9057571888 180809.8554551539
1169217615.2992374897 322080.5664135949
1150004978.5433738232 291046.0879519460
1149696899.3945636749 290237.7326542790
1169303811.7220745087 322213.0218281172
1169105860.8153936863 321589.5947163649
1104995204.2364840508 179501.5987768725
1197349748.6308784485 364402.4870826317
1196963069.1226654053 363599.5530823263
1196984871.9435379505 363913.1464454246
1148233994.2440748215 285736.8944785100
1197105383.7954635620 363978.1367439985
1147181711.1774237156 282668.2906160296
1147077012.9942879677 282171.3386354388
1146874379.9009449482 281804.1977357806
1196310964.7075698376 362162.7965861870
1146913722.1727924347 281924.3382994043
1196011543.0521721840 360828.8873566198
1195644056.3892271519 360406.8218048620
1102134923.0533833504 166338.5599610408
1102599393.9252688885 167438.0617163976
1145894097.6834788322 277656.8058112260
1145878254.6741254330 277549.6430400010
1144047820.5761401653 271892.4261236392
1144065971.4928519726 272120.2023687564
1144299925.6552977562 272653.2485418521
1143979279.5738310814 271741.3723554887
1104796623.8513827324 174498.5702696285
1104785674.1815266609 174480.8021791831
1104809092.6325054169 174907.5079045438
1104531677.7607824802 174270.7805485867
1104492735.0763361454 173617.4859624051
1103694828.0632123947 170871.0055450529
1103224600.9046063423 168815.7935630695
1103161854.3732514381 168348.8660423176
1099313224.9566466808 153412.8234282164
1099811186.2530581951 155043.8328668469
1099485629.5474357605 154082.9868498472
1101021516.2635650635 159383.2697731694
1101091796.4866969585 160254.2048393926
1100803355.5125517845 159342.2752739629
1099878262.5419852734 155742.7427132307
1100211648.8871934414 156621.3745609757
1099902130.0138878822 155795.2075106082
1133857383.1207308769 243909.1140985014
1097516439.1228995323 142754.4989025885
1097551112.8585848808 142914.6597402122
1096602667.3360950947 138165.9589157389
1096926649.9598145485 139923.3919877562
1097107790.9589478970 140613.9547062668
1096601419.5226597786 137872.4558892193
1096489833.9574272633 137808.8651469756
1096347626.2640321255 137177.7293704558
1096203486.1909298897 136349.7284828234
1094789689.5433754921 128421.7694755950
1095039308.3071761131 129722.9495110595
1141971625.8504476547 262757.1625644339
1141931486.8120434284 262356.7164796690
1141472935.7732520103 261826.2153810361
1141427146.3354349136 261728.5730012754
1141839166.8549702168 262223.6383126775
1141526938.6954219341 262061.4574769834
1095054651.4163646698 130608.5348819912
1141296929.6786911488 261181.8759432874
1094695944.2085711956 126498.4282966064
1094662417.5374970436 126428.0588652970
1094562231.4427447319 125570.2677681627
1193159119.7971508503 347800.8098199385
1193220738.0911338329 348210.8369372803
1193264631.2385931015 348624.7746636885
1137548646.6724069118 251715.9954200478
1137706621.7611269951 252074.7337783815
1136578978.2766838074 248487.2188484808
1136641987.8187429905 248941.5597107550
1136295255.2494218349 248051.0768846709
1135966309.0201730728 247219.4073963377
1135742913.9073395729 247131.2869434569
1135995938.4666228294 247250.0242176268
1192666455.1873674393 347487.3486720537
1193128143.8034279346 347781.5607997392
1136093423.3189032078 247660.4496202162
1135889444.0469274521 247170.2889608303
1188312155.3670899868 340560.1998196542
1193014897.2824835777 347711.9054814045
1132023374.6360106468 237045.9337802189
1131745439.8332135677 236244.5162558877
1130966734.4829666615 233961.0028833412
1130860797.4314084053 233188.6239303663
1130654821.1556549072 233013.6203809581
1130373300.9304223061 232435.5937634758
1130577771.0625345707 233008.8985275343
1130956692.4597580433 233478.5437571570
1127310730.4817538261 223321.1720465065
1127451195.2234375477 223508.2499741127
1127562180.8612887859 223756.1848944068
1127424946.0750386715 223482.4368630924
1127118381.8774113655 222913.7718917830
1127267297.3524353504 223020.8560013384
1125779533.8693442345 219557.1262749209
1125921094.8532691002 219918.9654443076
1125671081.5921251774 218203.1086096352
1187051801.4960651398 336658.7997880523
1185113640.7406759262 332166.7547838785
1185347448.2353491783 332512.0207552970
1185228051.0729489326 332212.8070712150
1185384905.0161182880 332757.5488009513
1185510340.3071472645 333005.2608561502
1185379174.9198448658 332694.8691134513
1184725399.4959743023 331359.3864779533
1181521171.0191133022 324684.2518251282
