469793160.7185713649 351817.7129669189
469835064.7886916995 352051.5721576214
470659573.3424080014 355061.0638110638
471226396.2855576873 357293.9469897747
476508977.2605314851 372608.1510467529
479724223.8266624808 378689.3711547852
469753062.6312131882 351638.6705081463
471465497.4234129190 358012.7858722210
470768743.0960025787 355669.9582202435
470043158.5784832835 352871.3048236370
468384733.5088468790 343166.5754430294
471168595.6154071093 356873.8057696819
473505457.0837278366 365727.8619766235
475418146.8323711157 371327.6169204712
478360855.0858114362 376227.3041076660
476512194.1847460866 372825.1473846436
480344551.1638845801 379868.5650024414
469830680.1606398821 351979.9069354534
470797383.7908146977 355844.8755786419
471755819.1851468682 359402.9134967327
473782688.8691885471 365931.1180496216
470449258.2319728136 354341.9764392376
473146212.0068163872 363820.7255020142
471885131.9791392684 359639.6753616333
470268341.4479555488 353604.7745578289
472666975.0820865035 362940.5657424927
468576480.7531588674 345194.6421725750
473893705.6407668591 366832.2252273560
474999263.8950265646 369639.6702442169
469577621.0802705288 350819.1122272015
470590933.5942646265 354767.0960681438
475379041.5802721381 371263.0736770630
469172533.1108698845 349073.8901584148
474198925.1083796620 367585.9696731567
472767207.8676114082 363245.5382766724
473891197.4324302673 366458.0149002075
474235616.8409073353 367699.9848709106
470672450.0395008922 355405.0421435833
472445495.2215520144 361845.5095901489
469033093.1542131901 348802.9929492474
469327977.6591310501 350343.4528644085
472965793.9313831329 363408.4216079712
475327873.1594232321 371042.8205337524
476711738.2191444039 373688.7557067871
479208966.9797359705 377509.7625122070
476676153.8961490393 372896.6924285889
479995255.2297428846 378926.8091430664
476257670.0045140982 371940.4552993774
480450906.1103178859 380000.2429809570
477483798.2436804175 375004.7042465210
476886595.4977667928 374518.3028182983
470946083.8938304782 356614.1811664104
472663003.6525830030 362395.8488540649
472521382.1816438437 362011.3110122681
467703855.9765182734 339909.3547515869
473018080.6069689989 363686.8681716919
473000113.8900454640 363527.4188449383
477451384.7568338513 374742.3163146973
471497247.6167558432 358330.0567004681
472420861.4893181324 361601.6843032837
471994828.5869874358 359948.3979415894
478834060.7236105204 377283.6703491211
471423152.7550435662 357917.0530841351
472490037.2994682789 361877.3434829712
474886040.6528220773 369558.7117996216
474999263.8950266838 369643.6986865997
472026124.9175335765 360195.5753772259
472176348.2555690408 361450.1001574993
471311792.2401071787 357717.5700061321
471926367.5371820927 359777.1141192913
470460229.4386211634 354496.4273974895
475587780.1839748621 371545.3506851196
476512194.1847455502 372822.5930633545
469468602.1020310521 350404.4600818157
470085244.7842059135 353355.7776477337
472872520.0660989285 363322.9316177368
470701090.7343123555 355577.3220508099
470590933.5942646265 354763.6877429485
475037347.5601837635 369745.4627456665
479995255.2297430038 378928.2793579102
479995255.2297430634 378945.0463256836
475162270.3299098015 369994.4756851196
475276525.3614318967 370949.4233169556
468012447.9669432044 341423.0926828384
473832028.1167623997 366106.2590408325
469792565.6905765533 351650.2135150433
470576914.0915277004 354622.3655993938
471038008.7700965405 356802.8401477337
474198925.1083792448 367578.8988723755
471636732.4306727052 358570.3621661663
479580601.5721216798 378658.0243225098
477227667.2790188193 374632.1880187988
473766695.6894223094 365911.1323928833
472039940.9118616581 360312.7648391724
477596645.6118682027 375141.1280822754
475587414.0699980259 371482.6556167603
468636557.2211042643 345919.7301671505
476257670.0045139790 371937.8680191040
478051842.9567851424 375458.8927917480
477853836.2516238093 375418.1936950684
472521382.1816438437 362024.6348648071
472412682.8850244284 361480.5521011353
471926367.5371820927 359765.5879962444
470318607.9676817656 354089.8656299114
476327381.5731366873 372382.6609954834
471701272.3735463619 358735.1777331829
470932315.5822814703 356164.1264636517
476488951.7922878265 372461.1431198120
474699857.9380351305 369326.9048843384
469681558.8825130463 351267.0896594524
470404835.8659958243 354213.1144931316
479264712.4373593330 377771.6800842285
469205150.2618579268 349875.4238040447
470449312.1233251095 354357.3732898235
470617797.8135275245 354877.1282489300
470623257.5784177780 355039.2567431927
476488951.7922877073 372443.4893112183
472652756.6332054734 362255.6733169556
479293353.1321709752 377837.1858215332
476508977.2605314851 372619.7850799561
478263848.4843715429 375977.5791320801
470042769.8525135517 352284.3740909100
478118587.6293373108 375596.7323303223
480134676.2008209825 379323.8004760742
475587414.0699980259 371487.6063003540
467280213.6830328107 337325.5995035172
479293353.1321710944 377845.1235656738
468685473.7447506785 346203.1754519939
478519353.8256809115 376764.1095581055
475508895.2498687506 371406.2977066040
475244245.2825252414 370850.0251235962
475240605.2567021847 370111.3211441040
475162270.3299098015 369995.7942886353
473378664.7277984619 365106.9991531372
472412682.8850244284 361480.9084243774
479995255.2297430038 378932.5110473633
480254277.4909365773 379579.7542114258
477853836.2516238689 375422.9911804199
474450436.6197316051 368246.3061294556
473107415.4023224115 363805.1010513306
469658725.5455430150 350836.0993335247
470840980.3424123526 356111.7622897625
474553170.3764810562 368415.6164321899
471191713.9534017444 357102.6436603069
468851789.5650854111 348232.9026706219
470157254.5176182389 353358.9566257000
472093892.3603869081 360436.5854098797
472569807.9944748878 362235.4648818970
469678141.7725962400 351228.3309161663
479438613.9872056246 378231.6810607910
475418146.8323711157 371326.8559341431
468851789.5650854707 348239.9302279949
472138899.4150131345 360576.7326431274
471443804.7921286821 358001.3631579876
478667734.1091569662 376929.5039672852
473193328.6496781111 364017.9892654419
469577621.0802705288 350817.2499225140
471682126.3999409080 358637.1149127483
478089946.9345256686 375505.5514221191
475098769.9742981195 369787.8103103638
467666528.5964794755 338688.6461453438
473374168.6924566031 364352.3289566040
474563417.3958587646 368544.6800308228
474647045.2727569938 368757.5866470337
480254277.4909365773 379595.2286987305
472965427.8174064159 363373.7101821899
472521382.1816438437 362011.9332046509
471850560.0845729709 359449.8792102337
470393551.2067146301 354099.0236194134
473182568.0098476410 364002.2258059978
474592058.0906708241 368629.6349868774
468880430.2598974109 348307.5922458172
471684344.0908482671 358694.6895740032
473377240.4949008226 364792.2209854126
468835466.8510007262 347599.5000216961
474071373.2714129090 366874.4394607544
473219093.1788940430 364137.0967178345
474528557.7350591421 368400.1293411255
474259881.0486228466 367799.9375686646
473317823.6311956048 364156.3099136353
473317823.6311956048 364156.6594009399
481070568.6001011729 380193.4148559570
475098769.9742980599 369774.8861160278
474592058.0906708241 368623.3965835571
480761701.9580423236 380128.5545043945
470565386.2831996083 354592.3343036175
467663829.2426070571 337428.7092142105
480615582.5669651628 380092.5176391602
474528557.7350591421 368391.5922317505
474126592.0753524899 367203.8758010864
474383296.8800247312 368007.6445999146
471992547.6694886684 359792.9172961712
474592058.0906708241 368623.2580337524
