825312863.3704378605 71002.8446286264
829679237.0265836716 113993.6640056126
841680126.9813166857 166167.7206773133
850742788.8985201120 196457.7205681877
851890575.3699617386 198987.6580386640
866653248.5508319139 234109.3984031835
870106136.0769627094 240936.9363779736
903599280.7907910347 295359.3278511763
922113260.3612039089 313941.8962707520
932715024.9592609406 321414.2951049805
841618426.3278449774 165440.3649675073
904457215.3636641502 296597.7456368208
869516591.4221116304 240119.9684714979
932712734.2124646902 321325.3771362305
826487261.2831506729 86532.2277885116
868648567.6960021257 238587.2213559231
904826861.8534095287 297094.7030037642
904675684.1400494576 297055.6163948774
904853530.3266065121 297201.6447151899
931196568.9356579781 320724.3682861328
931096896.6039761305 320659.5504455566
826445430.0588334799 86498.5405272152
826753704.3230617046 87526.4445712264
831647334.0734310150 124254.8763240641
841696840.8716405630 166250.3203477235
866878528.8494369984 234679.4028374226
866565225.6712120771 233842.7563860723
869467826.4385967255 239849.7491907078
869096060.4064691067 239273.9426885923
826423930.3009098768 86491.9704343415
826870126.0332429409 87801.9143057987
826291890.5328289270 85580.0408689118
851512911.0569797754 198510.2359200029
826508554.8641524315 87114.6469627059
825316079.8536787033 71215.2226956430
826351332.7389447689 86202.7173972763
922156775.5536367893 314190.5765686035
932316791.8907283545 321307.4931030273
956905608.5430901051 323437.0026550293
869197586.8203003407 239538.4522025665
826509919.3596776724 87140.3647856726
851688892.5261282921 198694.0118513016
851681690.6180081367 198622.6131183081
868942964.9550892115 239176.5427175840
931688172.9056077003 321049.6441650391
826593016.9564975500 87263.7341162525
868919134.7297811508 239067.5645180723
826362801.2653890848 86205.9920478500
851597943.8385523558 198556.2393392387
851349862.5885432959 197974.2968900038
850105713.2995980978 194642.3821682373
825741165.9484570026 77447.0752136749
825540473.6403636932 76441.6545356628
851355864.9877820015 198093.2267606093
841800427.3050066233 166631.7010379405
842481057.6930364370 168770.6185576058
851450451.4568120241 198315.0250858472
851256489.4374860525 197903.1278378798
831048723.0412464142 121581.5930628144
850351241.4561178684 195295.6609161442
830922451.9304451942 121144.7937817989
830850377.8215820789 120881.9177136837
830843074.0113041401 120084.1218780397
830681145.9135832787 119959.4659924923
921766734.1728628874 313774.3144073486
830186861.9953198433 116678.9860735532
850584536.9893512726 196167.6869683342
830441092.2596566677 118360.6469674526
841668723.2804049253 166071.3772834660
850462338.6980665922 195769.9055352288
825326768.3804097176 72002.8226025644
850178570.7719376087 194923.5545685927
866788433.0193667412 234370.2349252348
957230886.2751543522 323452.5741271973
830408617.2053158283 118124.5416864945
866383657.9976556301 233527.7018617252
866194452.4274153709 233018.1553846762
825599577.0075384378 76680.6238797125
830667586.8586397171 119322.5652280269
830353259.0504879951 117437.8999758951
825518313.1930845976 75756.6147407409
830102562.1679167747 116453.1697178368
922502042.7447309494 314399.1456451416
825380445.8169027567 72823.1589256394
825475726.4430847168 74317.3932594177
825480869.8844581842 75158.7586006042
842171530.6665507555 167953.1582228727
830203227.3395409584 117110.7090104256
830573034.2827923298 118877.0422564145
830401050.9088258743 117959.2038212303
923087777.3857703209 314754.8434600830
906320104.2079877853 298190.6163948774
867704476.7307049036 236241.9813793311
841478200.5849179029 165047.2074076058
867763107.1658366919 236377.7966806041
846432946.5995731354 182211.2834069531
846206352.1272163391 181724.7665891449
956281613.9696364403 323105.7228698730
850296784.1421475410 194941.0982045571
841650730.5564330816 165834.0198329808
868042749.9637143612 236971.3338968648
956486128.4785041809 323296.8204650879
956722750.2233126163 323336.6465148926
866254738.0144263506 233105.0078509161
849666380.1445101500 193259.8894338051
956332950.6142256260 323105.8096008301
846125695.1935235262 181336.1362790863
850344259.6425999403 194944.8613486577
849666157.0790292025 193063.9685341122
906723776.9251173735 298630.3954231739
849390435.2249518633 192354.5083302895
848933097.7368804216 190717.1578143278
849209942.6908656359 191637.0984271208
849022083.5268716812 190800.1156795660
848711710.8332496881 189939.9031896183
866774600.0651689768 234332.8155603120
867082255.6091909409 235035.6613817969
906846497.0163007975 298747.8403824568
866669819.2103178501 234182.8458337495
930737937.7150284052 320227.0021972656
849156104.6654990911 191058.9112970817
849077188.2060592175 191026.4022858131
956239304.4425257444 322952.6121520996
871892355.2929655313 242626.9663884528
871640512.8268078566 242093.0744307833
871416145.7754340172 241846.1037775474
866050444.9645628929 231863.7275581551
923740801.0182148218 315021.9399414062
866131063.7335431576 232036.0838184548
871074053.8742654324 241275.5891681155
865854121.6574097872 231325.4304554057
826251507.9100836515 82983.0637900684
871294114.1574529409 241599.0039241975
956096796.9306434393 322578.7137145996
871007116.0712356567 241089.4012645464
871250662.7325419188 241439.5366691183
826232997.0615042448 80859.3997195293
866056341.3342232704 232001.9970588875
841212424.4656567574 163600.9976749003
846604955.2886554003 182722.0615153674
846275735.5386455059 181811.0129599373
865408532.1074198484 230181.4284661454
841391138.4929013252 164550.9067172587
923363723.5465468168 314870.7966308594
841154180.4511961937 163525.2203616679
883473100.5168668032 260912.6938612888
864847730.1220345497 228493.8068475798
923661611.1245772839 315003.0407714844
847453427.2381987572 184970.7711669615
864914805.9260077477 228759.1991453245
845725487.7437325716 179846.3528449087
864672188.5785117149 228134.5068093147
846802696.4814050198 182987.6146115882
907268033.5259889364 298778.8951237202
883640579.8880482912 261012.5553725193
847084838.9987558126 183729.8229662569
865072998.6671448946 229131.9871225432
846808109.5575860739 183155.9435910804
846765645.6379070282 182821.0551885700
883222191.9317451715 260201.1042006443
908116471.2625936270 299307.7581188679
923630431.1052563190 314978.4047851562
908063188.8217490911 299305.8822338581
883268954.7422276735 260436.7939284275
883770753.2081860304 261304.3555006365
907747519.3224951029 299234.9806530476
841328468.0451438427 164283.2443539679
845310448.1425235271 177860.9764123790
883470799.4312995672 260798.0900252292
845451657.6698876619 178530.9316736095
845402147.2953412533 178503.2387156569
845167375.0688093901 177759.1126428478
883738327.3925985098 261156.5875685642
844919702.2910453081 176387.7865215175
844953304.4717668295 176952.7683435314
883401907.6996694803 260737.2580702732
883754484.5913070440 261167.2357661951
844949641.1384848356 176698.6540913049
864401044.8347326517 227034.4620850510
908694080.4404283762 299587.4687018394
909332179.4986544847 300117.5768210888
908915142.3002899885 299788.6239974499
843524270.3975032568 171547.1122062495
843505994.7317436934 171238.7340711784
843505267.4989347458 171207.1013989216
843281355.3272646666 170835.6380205443
843426323.7349915504 171091.5508013060
924825019.1134680510 315385.1409606934
843215893.9348576069 170259.7875755718
924433561.4344769716 315192.9669799805
924690040.1330366135 315313.1007385254
929461686.0804535151 318019.7828979492
929422954.2748572826 317469.8176651001
925463997.3985739946 315405.2864074707
836971457.9235765934 140886.5104934834
837257299.1654460430 142246.6478073262
864062596.8561974764 224906.2606825125
837047151.5299603939 141624.4147293233
864109501.9065189362 224962.8596192810
864046002.3342173100 224757.3185800805
840831146.8914269209 160052.2515914088
864184985.8905305862 225102.7000377688
840033236.3115812540 156030.8433030411
837011521.4856290817 141015.7467605733
840083319.1488306522 156398.2499802872
840322378.2876507044 157307.4169190689
840192747.8823555708 157089.9508317276
840390886.4476355314 157936.9686858302
840366085.1294302940 157479.1303221827
925798508.7836400270 315560.1219482422
829421630.0973187685 88805.6356229527
912581214.9975019693 302041.7045743465
829405291.7864936590 88102.4350087388
861782441.8731881380 218395.1932537786
861350470.4667620659 216883.3464839092
861352910.3157044649 216979.5966457079
861531976.5468866825 217715.6817042461
829425461.6635912657 89025.6087453111
881343760.9021288157 255529.2000092381
861754581.4310811758 218150.9135310284
881803701.1217650175 256418.3710297459
881374062.3652521372 255660.2650727147
912731664.1631470919 302058.9255902767
861311340.3902631998 215697.4786035034
861168319.7636942863 215651.9563790771
880747499.4963470697 253288.3013903910
839844499.8501945734 153551.2332005808
880182663.5602308512 252101.4019710237
880389618.9457050562 252480.2546431237
839933813.5509970188 154463.1627660104
880524347.4228636026 252899.8937088662
880610917.3315008879 252946.6081015283
880447414.0151480436 252780.1759688073
956011130.9597067833 321474.3694763184
911422759.2104929686 300504.8780400753
860733889.2375179529 213580.8333655807
860653795.0483175516 213569.6641447439
911467062.1443475485 300536.2265050411
839660931.5488439798 151633.3720732452
838964719.2953712940 149468.4856442688
911469273.5633810759 300698.3869206905
838829047.5969892740 148644.0056671130
838823368.3518565893 148021.5756114594
838652945.1311026812 147943.3128322235
838601545.2643939257 147113.4158523681
911643775.6869829893 300944.1710393429
838522132.2338380814 146931.6936305634
838325005.5219935179 146235.3558467499
911584808.3383096457 300940.6201970577
838276399.2616611719 146186.7027858368
911190701.3821991682 300436.0845143795
860106275.1442174911 211555.9077190965
914105924.6638208628 303235.5458793640
926554127.5677658319 315622.7700500488
915119655.8680261374 304033.5470924377
859941621.9572808743 210927.2030911058
859973340.1758801937 211308.1650051683
859610820.2135819197 209576.3251766771
836351220.8669389486 134587.0714490391
836400027.2173763514 135133.7041013218
914575036.8463097811 303563.8801841736
836448396.7495946884 135187.7302952982
836223425.5137645006 133687.0367331938
836241380.0685199499 134220.8991687275
836141321.8297743797 132807.3312039557
836208647.2774845362 133507.7910351935
836140718.8745532036 132607.3406644049
858456889.0067218542 205376.0649815761
858734600.7845282555 206156.0400048924
857742932.2192267179 202994.2776357626
914329241.3221160173 303352.6919670105
927859767.6446361542 316205.9797668457
857459346.1508989334 201780.5136523955
857385576.4565402269 201472.1419202779
857621994.3144246340 201952.9305250143
836119500.1896132231 131572.5059937123
857264927.2117066383 200952.3957633470
857410452.1965152025 201629.4217054342
857643937.5377509594 202344.2674695943
914050405.5454074144 302982.7520866394
927561660.4800642729 315942.8682250977
913721806.1431204081 302449.8736457825
857214362.3622118235 200350.4189035437
929396533.9348533154 316544.1199836731
928967935.8722748756 316437.9337158203
878575715.1379013062 246234.0535415655
878376954.3686671257 245813.7542123741
878168909.0277659893 245345.7659921592
877866523.9162726402 244631.0530575844
878070243.0058207512 244753.6453683919
878067593.4580218792 244662.0698504990
920891542.8126013279 304201.4618759155
903422506.5221526623 277949.3223713683
903493610.5498288870 277963.0299824523
903230077.8765842915 277491.0883473204
903286272.4667522907 277905.5738514708
903510233.0790255070 278346.4450367736
903049549.4437487125 271831.7348868940
903019091.7103266716 271420.6164262388
903085347.5209052563 272039.2414176557
