694597082.9056056738 6854660.6582031250
694163146.1583718061 6841548.3427734375
741514820.5187902451 7789299.4453125000
692470238.5924175978 6661632.0380859375
695537026.9502500296 6911795.6845703125
695187895.2099219561 6870252.2314453125
692482415.7567046881 6667568.2675781250
694561185.9406950474 6852204.4648437500
696412466.9490737915 6963288.7197265625
692951193.8566522598 6711028.1914062500
692147472.9804158211 6630607.4248046875
694908486.3407090902 6863502.3251953125
715028148.7747144699 7528651.1552734375
744064415.4557845592 7799730.4121093750
694292438.6836339235 6851535.3046875000
695167791.1266276836 6864963.8203125000
692453605.9938585758 6639399.3759765625
691703491.9354989529 6564076.5483398438
696239246.3283061981 6962562.6943359375
691883011.6030588150 6573275.9584960938
708873872.0457992554 7389076.3115234375
700765210.6011515856 7152827.4335937500
699720389.3566467762 7123492.8349609375
695307129.8819220066 6882618.2929687500
691986456.8337634802 6599272.8227539062
693086716.7700093985 6732156.5546875000
692115997.1750380993 6616627.6127929688
695213882.5829861164 6876695.5029296875
691523974.0556890965 6563413.5346679688
691935141.6758729219 6598898.6079101562
692026818.4675555229 6601816.0805664062
693897753.0985319614 6805028.1093750000
700618205.5214180946 7151202.8007812500
692236962.9582657814 6638387.0869140625
694063073.5029854774 6812723.0214843750
694069728.8036088943 6814300.3964843750
696189225.4217895269 6952935.5693359375
703026091.0372185707 7227819.7421875000
696183121.3208117485 6952609.1904296875
700527985.1933724880 7149972.4345703125
695378764.3347867727 6906960.2109375000
692032934.3056049347 6616333.5913085938
693321457.1802414656 6745115.1376953125
693283134.8681559563 6735604.3974609375
705104046.7699668407 7292983.8417968750
692690840.7929360867 6674744.2714843750
699325320.6120922565 7118482.4267578125
700034555.9412163496 7134494.3046875000
695734121.9106590748 6921934.3740234375
741492501.8964591026 7789244.3867187500
696102506.7417154312 6949499.2763671875
696533278.5722486973 6972149.8896484375
715963353.6091842651 7543587.1259765625
740861092.1980826855 7788946.8515625000
705217972.5439701080 7295482.0781250000
696102506.7417154312 6949475.5302734375
707049502.0513161421 7337017.0947265625
696117276.2764036655 6950131.2675781250
705288208.6412745714 7296541.7617187500
695855004.9632515907 6927261.9912109375
695667161.7172298431 6920791.1884765625
705288208.6412745714 7296536.1953125000
704901068.8715500832 7292140.6718750000
699549148.4619941711 7119045.7519531250
699255572.3761501312 7114656.3349609375
691780000.5166995525 6565888.8276367188
715287195.4808497429 7532099.2294921875
714320880.1566662788 7516817.6884765625
696493897.6716164351 6964375.3007812500
740861092.1980826855 7788909.8164062500
697959142.3632162809 7055157.2724609375
692822118.3985148668 6698788.2060546875
696689273.1235885620 6995345.9277343750
695923265.7565152645 6933301.2363281250
714108422.2011563778 7508931.4638671875
703834176.5767229795 7252313.3671875000
713481151.5596538782 7489252.0156250000
697628504.8922586441 7032990.5498046875
697044508.1500033140 7015089.1962890625
691926388.6997642517 6574288.3881835938
712760287.3156706095 7479254.0087890625
744074295.1108453274 7800094.4433593750
693588823.4361457825 6763391.3398437500
706068555.4568309784 7315457.7402343750
713754506.4573806524 7502650.3173828125
696964125.4774070978 7002867.3720703125
697275982.0382261276 7016015.3662109375
697036897.4688773155 7009651.0712890625
693786248.9200431108 6779182.8154296875
696952096.1484495401 7001828.8886718750
697864639.2842810154 7046394.5947265625
701076569.7559196949 7165025.3359375000
700169223.5448107719 7148026.2792968750
693526932.6670571566 6755462.1679687500
707554563.7892749310 7352833.0136718750
693609787.4281815290 6775146.8896484375
712871820.3368479013 7483959.3281250000
702093201.0263524055 7196325.4033203125
712868539.6349816322 7480319.8457031250
703470271.9387987852 7230265.3935546875
698166747.9051804543 7055914.8271484375
743789438.9827324152 7799067.8691406250
717144636.9827153683 7569928.2275390625
697799554.4320385456 7037555.6484375000
702648741.5179073811 7220534.0185546875
740861092.1980829239 7788947.3574218750
703654126.3766173124 7239547.3291015625
699830217.9524755478 7127768.2919921875
740388181.1234297752 7786713.1738281250
697421644.6747665405 7027335.2832031250
739753930.1849831343 7778759.2343750000
739788019.2102928162 7782774.6464843750
697700041.4543941021 7036021.2548828125
698908635.3931754827 7096836.9501953125
740195948.8280481100 7784403.1308593750
705629368.6139122248 7307766.5507812500
709161871.2207882404 7393386.3378906250
699177316.2467811108 7097820.7695312500
705778535.8228905201 7314395.6523437500
703026115.0230368376 7229345.7617187500
739086959.7024681568 7777435.2714843750
706473091.5613701344 7326269.0898437500
698556509.3293678761 7076637.7304687500
704491361.2319006920 7273903.8486328125
740055619.6816484928 7784158.1542968750
706922767.2797917128 7336550.5078125000
737712431.6853357553 7767577.8437500000
704744608.8425322771 7280386.3759765625
704455885.7823520899 7272940.8330078125
701182356.2103976011 7168037.3320312500
704472670.5066205263 7273602.8017578125
699977327.9765391350 7129876.0800781250
700872368.4955042601 7158149.2128906250
704320384.2790379524 7265936.5058593750
701338545.0061908960 7172410.6386718750
699680930.0608694553 7122183.1523437500
738489395.4655588865 7771639.5566406250
698297090.3124316931 7075465.1191406250
705440404.6138219833 7303873.3818359375
697662045.4047757387 7034805.7304687500
705584923.7285754681 7307651.0791015625
698526153.4690885544 7076119.6113281250
698591874.0606019497 7079300.7988281250
699750523.4475705624 7124775.7119140625
698766831.3753206730 7090977.5390625000
699178001.2899374962 7103913.3847656250
704650630.4407675266 7277551.3857421875
704319642.1168305874 7263728.3554687500
701471381.8042768240 7182162.3955078125
705730608.7253435850 7307920.2617187500
701837281.9846110344 7185051.8681640625
706713246.1088085175 7327709.8115234375
703779483.2904205322 7245554.7734375000
703779483.2904204130 7245530.5195312500
725315281.7443463802 7678004.2363281250
708494397.1884706020 7385932.7363281250
715646048.0914039612 7539435.1132812500
708285322.4668828249 7376893.8847656250
708285322.4668828249 7376861.1328125000
703622807.9453284740 7238497.2763671875
712582279.1704803705 7477731.4980468750
712406995.0456472635 7477353.4492187500
714168323.5507122278 7512745.6660156250
716359646.7641292810 7554951.5185546875
709172302.0603216887 7397990.8339843750
707400995.0921989679 7350755.7460937500
736120206.2656334639 7762143.7792968750
707400995.0921994448 7350933.7910156250
707211066.6293592453 7347985.5761718750
708138358.6465485096 7374224.5722656250
701382477.8366076946 7174874.2294921875
706592758.6089248657 7326400.0820312500
707588795.1988193989 7359814.6035156250
702274171.4305638075 7201720.0556640625
717812478.1039742231 7581513.7753906250
707897972.5636650324 7370685.8955078125
726172480.9290765524 7689994.8906250000
702561472.2510311604 7209856.0458984375
702561472.2510309219 7209563.4990234375
702561472.2510309219 7209584.0615234375
709305264.9960802794 7402954.7636718750
742726276.0175405741 7793070.2519531250
718952632.1739995480 7605109.3027343750
718336140.9859590530 7593752.1582031250
710823898.3731905222 7438000.3076171875
726021158.9127682447 7688961.1621093750
721019764.2982569933 7633084.0781250000
711063760.6390625238 7442797.4726562500
713099465.3931339979 7488771.0761718750
719783513.6723058224 7613326.9082031250
716782838.4296028614 7567003.2324218750
719323937.2435815334 7611055.8251953125
720007637.5454668999 7618805.5625000000
717319419.9393714666 7573352.5175781250
706857418.5176892281 7333971.8554687500
718477942.2083092928 7596170.3378906250
742954157.8120688200 7793493.3203125000
726294897.8199391365 7691152.2656250000
720484995.1087709665 7625181.2070312500
722543011.1175847054 7654567.0839843750
722709407.4622354507 7656049.9492187500
743198781.3195035458 7794434.3847656250
743243019.7171795368 7794474.7441406250
742751163.1241049767 7793177.9375000000
718427401.2590439320 7594070.3994140625
729597105.6341297626 7722725.9746093750
715989408.1018341780 7549718.8779296875
736231446.2975943089 7762465.7343750000
726532608.2425479889 7691913.1914062500
728166261.9073410034 7705552.2324218750
706718984.1106228828 7330894.9667968750
725484329.5539990664 7681949.4707031250
727193322.2432236671 7703672.0878906250
727820697.1048768759 7704407.1542968750
738444605.7168005705 7771430.9609375000
738807390.8759827614 7773442.2031250000
734824623.0308337212 7756530.8125000000
738175663.3016134501 7768978.6113281250
734656975.2856284380 7756515.5058593750
710265454.7934510708 7427650.5585937500
710388330.1074717045 7428236.5273437500
710371469.9466104507 7428203.4355468750
711547555.8459885120 7452544.6738281250
718171620.2772711515 7587915.9091796875
718197847.5472811460 7588124.6445312500
731576838.6192177534 7736355.7187500000
735054093.4513860941 7757520.3789062500
726709698.3817771673 7694545.5117187500
709643271.3038456440 7409390.2685546875
727049782.7247042656 7697248.5078125000
711428466.5205625296 7450712.5244140625
709703743.3688817024 7410501.4873046875
730781459.2358255386 7728630.2109375000
710105236.2423427105 7416006.5869140625
730694811.7773833275 7727261.4013671875
730803265.4551348686 7734443.8535156250
725835914.8682286739 7687118.5332031250
735071557.0624142885 7760690.0605468750
737823364.7125056982 7767691.5742187500
724508106.9347969294 7674878.0068359375
716142530.0758938789 7554652.5478515625
724334676.5000243187 7674457.8134765625
724150302.8936274052 7674387.7783203125
710677745.1467204094 7432486.4570312500
723351053.5416740179 7663943.9873046875
713486438.2841184139 7498383.8564453125
723502582.2342934608 7668082.2353515625
723719751.5205943584 7671372.2705078125
723918615.0284335613 7672065.6376953125
713651072.8133745193 7502034.2783203125
715319772.6971853971 7538669.9619140625
712139923.9239859581 7472705.0419921875
716925656.3597093821 7568805.2578125000
721519087.0405611992 7642679.8515625000
721495253.7895774841 7640545.1523437500
732274813.9234076738 7743573.1054687500
714683136.6322197914 7523335.0625000000
717603075.8064355850 7580681.0283203125
714756527.2168190479 7525898.0351562500
714580330.4737805128 7523332.7265625000
714917675.3400560617 7528306.2187500000
715053592.8603816032 7531724.0488281250
714853219.4260418415 7527966.5371093750
720237128.7904630899 7620287.5908203125
716706423.0119615793 7564629.7744140625
733179037.9216669798 7747856.2773437500
716437838.4057383537 7560091.3525390625
719808799.0648804903 7616806.1210937500
720237128.7904630899 7620065.7255859375
718326863.9983620644 7590252.2910156250
733386812.8782056570 7748967.9433593750
733386812.8782054186 7748957.5332031250
733924803.4593694210 7755686.3261718750
732222290.2668493986 7739239.3320312500
733477589.1121518612 7751462.4707031250
733477589.1121516228 7751452.3066406250
730606062.0723725557 7727180.3046875000
730606062.0723723173 7726913.0488281250
730606062.0723723173 7726901.0800781250
717226847.8197131157 7569928.4199218750
722902045.2129323483 7658577.0947265625
721428211.2988620996 7635817.7783203125
722349809.0922505856 7648716.1572265625
722288157.5075156689 7647940.3076171875
723076825.0187034607 7659130.9638671875
722067180.7483468056 7645736.3798828125
712922191.3098796606 7485854.0087890625
726842231.0064880848 7696465.7714843750
731934531.8972188234 7738724.0175781250
730793381.1410068274 7729084.5566406250
729459410.5557066202 7721784.6582031250
729288368.9028152227 7717960.2031250000
728457773.4458003044 7708787.3144531250
728773743.2932685614 7715163.3925781250
728216725.9229308367 7708585.3632812500
737319135.4474449158 7765496.4296875000
737319135.4474449158 7765516.6757812500
737115795.5897653103 7765320.6796875000
736752434.0787186623 7764627.5683593750
736688898.7184284925 7763328.0937500000
