106207062.8493392467 5124765.7871093750
140533346.5835988224 5764070.1640625000
109334996.1279060394 5365652.2539062500
110041290.5575132519 5401538.6445312500
109781655.6659596562 5391056.2265625000
109268784.2664168775 5362688.8281250000
112101460.9542300403 5475944.2167968750
109406058.5395483524 5371788.6328125000
107605598.0602971762 5253583.7500000000
109754289.2328130603 5387992.5742187500
110018856.4244144708 5395793.6621093750
115052958.0412259102 5551501.4023437500
108146712.9319603145 5288346.6699218750
110839630.4743353575 5434359.4960937500
118115615.2768133730 5609810.8847656250
117586898.5265937001 5598205.1816406250
107798492.8040375412 5272652.9726562500
116893308.2592086494 5584370.6347656250
109665693.4311019480 5382315.3320312500
126128485.9458916038 5669774.3554687500
110701153.6030494869 5424617.5019531250
107660392.7295305431 5264090.2656250000
106907205.9225825816 5196436.2949218750
110896985.6731837839 5439646.4394531250
107525688.4851382077 5247223.4531250000
112024064.5591014922 5475442.8710937500
107977491.4205086529 5280648.2167968750
118960414.6899094731 5623703.2832031250
107660392.7295305431 5264114.1171875000
109528419.1579704732 5373151.5195312500
108293398.6716978550 5306113.7109375000
109665693.4311019331 5382274.1445312500
107881203.8123644590 5275821.6406250000
108608478.0032829195 5324795.5703125000
107467497.9857901782 5245021.4218750000
107660392.7295305431 5264090.8359375000
107527643.5896160603 5251339.8203125000
107467497.9857901782 5245024.1406250000
107660392.7295305431 5264092.5625000000
119795501.3501244038 5634973.8300781250
107467497.9857901782 5245023.2734375000
110041290.5575132370 5401511.9570312500
110129886.3592243642 5407257.9804687500
112857985.3764913082 5498425.2441406250
108553033.5632514507 5316862.8242187500
140351036.2333135307 5763710.5781250000
115323749.3916367888 5554771.3164062500
105623758.8533163816 5048311.1191406250
105718120.4236909300 5062834.7734375000
119179938.6909892112 5631325.9316406250
107467497.9857901782 5245021.9921875000
110041290.5575132519 5401515.5273437500
109579322.2176492810 5379572.6289062500
128701434.7876498252 5690310.0585937500
114314050.0224337876 5532551.6992187500
107467497.9857901782 5245023.7187500000
119703433.0879954547 5631581.9003906250
117180546.3934712708 5591015.0957031250
107467497.9857901782 5245036.7187500000
110889880.5174594522 5436420.6894531250
107467497.9857901782 5245036.2421875000
116786357.3865971267 5580915.5976562500
107437902.2993293703 5242963.4140625000
109714130.3668172657 5385639.5937500000
108553033.5632514507 5316857.5742187500
105696996.9770411998 5058994.6308593750
108565828.1302728057 5323099.6523437500
123954441.1397119015 5658036.1093750000
106508775.4035594463 5155685.3222656250
126859440.7363147587 5677590.9804687500
108010030.5355106294 5283729.3867187500
105785516.8853685111 5071149.0000000000
121786786.4248366207 5639776.8222656250
118078772.1901231706 5607863.7460937500
118882488.0784621686 5620899.3320312500
109384482.2974242270 5367994.7050781250
108553033.5632514507 5316849.5820312500
108746578.0777899325 5333317.1992187500
110477762.0275776684 5422723.2128906250
105691155.3149939626 5057282.0253906250
115787763.6167155653 5575262.6113281250
139945982.8367901444 5763263.1640625000
108553033.5632514507 5316792.9726562500
108494194.2427286953 5316070.4296875000
110032299.8268226087 5401153.1894531250
108179114.9111436307 5296016.8593750000
108888703.0864802152 5341705.8632812500
109066312.8374188989 5352453.9531250000
118974926.8204915971 5623943.2597656250
107193739.8054805845 5224273.1445312500
117500660.6686403900 5597709.7226562500
115578865.2912255526 5565188.2539062500
105375305.5301179290 4991477.5742187500
108949322.1094705015 5343615.9335937500
110910595.9233393073 5439649.3613281250
118643478.5172776133 5616872.3378906250
106744917.7733682543 5181974.7265625000
108431498.7462048680 5314654.8398437500
127634241.0270642936 5680107.1757812500
109729474.3225956708 5385957.3691406250
108263802.9852370620 5304072.7031250000
105538455.9547980428 5032524.9355468750
109066312.8374188989 5352455.0625000000
108746578.0777899325 5333277.2695312500
118846152.2662898749 5620453.0468750000
106245063.6783356518 5128564.4511718750
108160649.5317833871 5293367.7421875000
118944219.9460963905 5621315.2929687500
106385501.7972796410 5142685.2910156250
106815189.2403155267 5187532.8671875000
106849742.1231580675 5190958.4042968750
106952895.5766117424 5201487.2324218750
107420202.1482942998 5237578.8554687500
108363366.0573660582 5307766.3125000000
110546449.6318686008 5423073.3300781250
111667184.6921066493 5470410.9804687500
111292655.7102732509 5450372.5117187500
107328069.1895485222 5232707.3007812500
107015023.5498048812 5207791.8437500000
106657556.2205876112 5169892.3925781250
105569324.6629813761 5037102.2519531250
108151868.6227221191 5289519.3593750000
105528055.9492023438 5030404.7792968750
118974926.8204915971 5623952.1816406250
106385501.7972796410 5142700.1269531250
110366380.2463702857 5416112.4414062500
107118177.0032585561 5218495.5312500000
108401903.0597440600 5312594.5351562500
108263802.9852370620 5304059.3046875000
107164144.1190197766 5222212.8398437500
114534408.7454970032 5547606.3222656250
111218991.2865150869 5447691.6601562500
105596189.7967842519 5041831.0097656250
107302244.1935267746 5230759.6835937500
105691155.3149939626 5057269.9550781250
108716982.3913291246 5331259.5976562500
109204412.9119259119 5360992.3007812500
114847811.1240235567 5549003.8085937500
106420997.9207161516 5147107.7792968750
105512848.2005352229 5026161.5878906250
105498284.4418748915 5023654.6464843750
105487884.4362791926 5021534.4902343750
105927245.0382273644 5089574.7890625000
105569324.6629813761 5037180.3378906250
113177560.8344320655 5511972.4023437500
108097394.6988286078 5287938.5449218750
109038696.0914439559 5346671.1835937500
105650623.9871192724 5052945.4003906250
110477762.0275776684 5422726.0488281250
105553019.7134583741 5035031.8769531250
108089220.1593464017 5285029.8613281250
108823427.1357627809 5334257.0292968750
107579151.1450426430 5251905.0019531250
106207062.8493392467 5124779.3574218750
110806872.7966333181 5432868.1757812500
106385501.7972796410 5142744.6660156250
113192072.9650141597 5512031.2929687500
106385501.7972796410 5142686.1503906250
106546776.2325558513 5159455.6191406250
105362579.4065876752 4984179.4257812500
113192072.9650141597 5511983.3085937500
106385501.7972796410 5142684.2128906250
139833455.5840821266 5759679.5820312500
105314550.9086426198 4967874.3457031250
106385501.7972796410 5142688.3222656250
109679253.1544520259 5382596.8164062500
115198726.0688758790 5552278.1289062500
110785312.4677505046 5430667.6113281250
111204479.1559329927 5447653.8476562500
105401767.3271459192 4994551.2343750000
110778781.3026920557 5429875.6347656250
105465259.8482656926 5012429.2871093750
125776010.0641305447 5663879.1210937500
111542596.7515745461 5461122.4414062500
106108126.6024341732 5111428.2500000000
107291267.7018964142 5230046.3769531250
111223968.1059822738 5450020.7226562500
105364905.5245222300 4989566.8828125000
111521384.7362359315 5457432.6269531250
110442078.3337152451 5417843.1523437500
105329114.6673029661 4970397.5605468750
105389869.2887782604 4994000.8789062500
107278090.5547517538 5227226.9472656250
109061736.4312059730 5347344.8925781250
112064094.8196502179 5475771.2851562500
139494035.3512213826 5758586.8398437500
105406174.2383012623 4996163.9101562500
105701571.6535718143 5059124.2675781250
115213238.1994579732 5552371.1835937500
109854667.9227129668 5393941.5253906250
108884757.1741279364 5337170.5039062500
105423991.1344866455 5005715.9003906250
106385501.7972796410 5142684.8691406250
108640966.6492653042 5324934.6816406250
113768047.0722916275 5530019.8378906250
113239330.3220719546 5514911.7519531250
106368337.2846154571 5141521.9121093750
115371574.2573415041 5555316.4472656250
115554273.4851147830 5563759.5019531250
115371574.2573415041 5555426.9394531250
105364905.5245222300 4989373.4609375000
106368337.2846154571 5141549.6464843750
105304150.9030469209 4965770.5800781250
111954633.6788555533 5471999.1894531250
105364905.5245222300 4989374.0937500000
139062414.6506348550 5757490.6015625000
112130361.9417698532 5477559.5664062500
106468857.3418224007 5150642.3105468750
106712035.7868618518 5177135.7617187500
106949088.1336233914 5198711.6621093750
105465259.8482656926 5012491.4589843750
113338233.0987230390 5522833.4316406250
139392971.8337148428 5757524.0664062500
106726468.5168782622 5179460.9511718750
105920101.3695849478 5088961.6367187500
108823427.1357627809 5334260.3730468750
106712035.7868618518 5177135.5664062500
105932979.5355715901 5090171.7011718750
106849742.1231580675 5190995.7167968750
106546776.2325558513 5159470.4160156250
105992568.9497269392 5100378.3378906250
106810479.4587121308 5186874.4628906250
106027677.2128224224 5101647.4882812500
106588762.1805820465 5165598.8789062500
110871592.7880388647 5436017.5664062500
106508775.4035594463 5155670.8066406250
106411693.7666172385 5145685.0449218750
113536167.4059748799 5525485.1289062500
106027677.2128224224 5101659.4648437500
113722113.2350684255 5525519.1445312500
115380685.6699551344 5556222.2363281250
106849742.1231580675 5191000.1777343750
106849742.1231580675 5190953.5996093750
110824106.4012722969 5433280.8476562500
112710036.6460781693 5494772.2695312500
111117437.4448404461 5442723.0332031250
111117437.4448404461 5442718.5722656250
112995886.0853368938 5505788.2128906250
112156533.5616796613 5478781.7675781250
112986936.0789741427 5505200.1132812500
105983536.1074131876 5097038.6054687500
106083839.0646087974 5107181.8828125000
105839338.3960377127 5077608.3652343750
106353794.9926805496 5139351.1738281250
106320158.5329545885 5135579.0058593750
106282794.3624098748 5132498.2324218750
105846795.6486156136 5080665.2968750000
106065174.2866750956 5104174.2695312500
105895538.2336282581 5085382.1640625000
106126613.4597275108 5115306.2558593750
105798807.0681630224 5073914.3964843750
106353794.9926805496 5139395.7128906250
106498597.4808949977 5153544.3144531250
106175356.0447401553 5121430.4042968750
106237416.2545494735 5126109.0878906250
105465259.8482656926 5012413.3730468750
113031109.9468111247 5509557.2773437500
105345419.6168259531 4972546.7832031250
114157035.7276581675 5530300.9179687500
138947551.3156060874 5756022.3085937500
116478618.8861101121 5579906.4277343750
112529711.2408956140 5491285.6054687500
139006631.2595326006 5756147.8710937500
138784245.2975522280 5755672.2617187500
115424169.3625193983 5560661.2636718750
138240011.5704038739 5755050.7148437500
112441981.6506759375 5490126.2695312500
112081792.8709317595 5475772.9023437500
112609806.9367507845 5493800.2851562500
124677932.2429330498 5663248.1875000000
138374528.3473076224 5755192.6054687500
137760014.5049092472 5753883.4804687500
134921708.8941909671 5736714.2929687500
137640154.8071945608 5752866.0976562500
137940125.5841928720 5754977.1718750000
121290810.5268266350 5635899.0839843750
112350782.7255629450 5488303.0820312500
122706438.7457082272 5643369.2011718750
132378054.8396467119 5723986.3476562500
132520572.7140752524 5725404.2226562500
137397353.2964343429 5752593.1835937500
137790146.9930978417 5754392.0039062500
123721710.6407617778 5649267.0605468750
123257114.7146101743 5645408.6230468750
129554514.1064922810 5703973.7343750000
127909319.8467544466 5683177.3437500000
136319034.4786831141 5748694.6718750000
136266597.9088204205 5748629.8085937500
136216610.0625027418 5746735.0664062500
124454998.1729063243 5659039.6835937500
136732782.6685836911 5750858.3085937500
130103368.3198511899 5716183.4179687500
129037464.0040039718 5700225.8847656250
128864815.1755510271 5700160.0722656250
134376129.1164155006 5734497.2070312500
134357080.6950214505 5729849.6679687500
136036277.4602689743 5745657.6914062500
135312131.3417760432 5741073.7304687500
135514264.1525111794 5744543.5117187500
135400311.7680711746 5742099.7460937500
