483310430.5808427334 2293.6309650616
483488477.6233528256 2605.1983912891
483374573.0504404902 2405.4031320095
483349963.3427475095 2318.1144445395
483284514.4219164848 2184.1708210187
483386766.9170421362 2410.6841881360
483244793.8720922470 1953.2036504248
483476120.7950723767 2539.3368388389
483449717.5565006733 2517.0150056786
483476880.9868242741 2604.8041999821
579399780.3710803986 19672.0818500519
483397564.8375072479 2495.6608527011
483351405.5157620907 2403.0905096835
528337977.5740233660 10972.8745532261
483567105.2126398683 2656.6985966969
483415762.6955159307 2497.9728756059
483288958.3359377980 2186.4828439235
549861883.3102359772 14959.3360497979
485254656.4257012010 3671.2898527999
483258515.0870247483 2074.7177483264
483537009.8472332954 2639.7645427358
563860019.1150896549 17335.6344470605
483623684.6280439496 2766.1581413188
483646852.1627221704 2768.4707636447
483710436.0583107471 2875.3020880209
526444470.4336751699 10784.8105537540
483726168.3120391965 2877.6141109258
483222576.3045585155 1808.2953759702
483703000.7773608565 2875.3014885998
483435661.7409782410 2512.8796075706
483974660.4352082014 2985.1730342722
483190821.4353369474 1678.9933519038
578971567.2310470343 19655.2410087585
483390754.5152175426 2414.3354443509
545956232.9877698421 13918.4726037421
483330187.5016382337 2301.7463681783
555802002.8326466084 16249.0957083432
490981119.3551586270 4462.4158841137
546618356.1254657507 14303.8381908396
490136468.6320160627 4408.6632208224
484975691.5092786551 3669.3404075519
483876144.3183447719 2970.0752428106
483695876.6749626398 2856.5067542220
483962924.6337115169 2975.4388471774
484736385.6549503207 3557.3575885744
578707708.8027943373 19579.2284469604
484706374.7301498055 3540.0563859195
552628795.8431655169 15301.5080106241
571880455.9301373959 18787.5193929050
572257611.2216984034 18800.3357724521
560877401.1478257179 16488.6697071084
568960551.1517058611 18104.8070232013
578873307.0413712263 19626.1651649475
552786893.9690580368 15524.2345992565
553029907.6377787590 15537.4327594280
553699862.0655694008 15751.0296622753
483220885.0501971841 1804.0669813422
483278160.4154726863 2101.5061793584
483299632.6603777409 2208.6543004965
484469697.9330048561 3435.8908261993
484908340.9684606791 3660.0451679230
484705196.1554846168 3535.6167831474
484733966.6559963226 3550.1976625669
483524299.0349255204 2637.5768354910
483605745.9704384208 2746.7201827720
575275808.6658737659 19146.5376867449
483508231.9631128907 2635.2648125861
483210990.7223759890 1801.7549584373
578475920.4220534563 19569.0635967255
484718698.8834056854 3547.8856396620
483587548.1124298573 2744.4081598671
483425156.7633538842 2505.8021293484
483262959.0010461211 2077.0297712312
560613012.9011567831 16428.7495605731
561356309.6061754227 16668.0683438448
483195046.0594768524 1772.4361625584
567911501.3279769421 17960.3521260587
483196523.6633958220 1778.3056324800
541311364.4001355171 13396.3856064876
553291620.2438874245 15720.3903630534
483266499.8306214213 2090.6259945111
483610715.6471082568 2746.7207821931
483497641.3288796544 2621.8613342426
561011595.9934405088 16496.1987631508
577488621.0229784250 19515.5587482452
553909483.1423653364 15831.8690753398
531367181.1032981873 11200.2538872099
492291821.2922297716 4765.2256168018
483247717.1665595770 1989.7410837613
483200400.0881426334 1788.3514800938
483273716.5014513731 2099.1941564536
484873899.2136323452 3657.2483172669
483549872.0426641107 2642.0484585038
483255701.9101563096 2005.6493299460
574379529.9713758230 19026.6091894304
577299151.3606873751 19447.6829509735
483340607.5952969193 2318.1138451184
540890562.7310444117 13244.2175897763
551501147.4822934866 15189.7159086886
577971907.9305617809 19540.1560001373
483252161.0805809498 1992.0531066662
483391042.7678729296 2416.8557916446
484837199.1932871342 3614.3850379410
484578089.6059807539 3494.8437769162
484594320.3921625614 3504.3157258286
543443334.8248670101 13739.9591023056
483234146.4892858267 1898.5082801586
538658306.2518329620 12661.7508670547
483280287.5596665740 2106.4262289858
483229702.5752645135 1896.1962572537
538531410.1625701189 12607.0046813399
538059242.7390599251 12594.6293265731
483818142.0407080650 2964.2186997865
483222850.5182438493 1881.9064345034
483207114.2976292372 1791.7091108235
483504333.4005162120 2633.4322383974
533248047.8656293154 11757.6375697797
570976774.6522949934 18404.5858224379
483451652.5477088690 2525.8052679642
499674508.8205083609 5617.8106112816
505830754.3083474636 6507.3950207923
506236127.4822926521 6686.3191354965
505840742.5143089294 6576.9053443503
529883239.1683651209 11146.9236930257
508264020.8670983315 6996.9608299230
483854324.0510440469 2968.4339250456
553486669.2600449324 15738.8056996120
484459999.4473943710 3401.2819528320
509949236.2345034480 7622.5407577438
509394479.3785530925 7512.4310142051
484249936.2206324339 3280.8655421800
503177317.1068839431 6009.0560438189
487562795.1276448369 4031.4218661013
483594886.0805039406 2744.7243581169
484026303.8971989155 3059.1512724423
535437902.9917721748 12001.5960279128
483531399.4977913499 2637.5774349121
484102097.8471484184 3168.6819736027
547990906.6331121922 14412.1687898068
484163282.1032415032 3171.4059966492
483674202.2298208475 2853.8677053979
484550499.5500312448 3489.9970845916
483670303.6672240496 2852.0351312092
551666644.1441811323 15208.9553821204
542615500.5238217115 13441.0408384868
529502770.1273914576 10988.3131890094
483832638.3424012065 2966.6339540907
496265077.5159931183 4954.9405296837
503630297.0239505768 6084.0422598872
485385331.6740931869 3712.0868542111
485890605.0731578469 3712.3689134038
563776803.9168159962 17253.4455275206
483770808.3246091604 2955.1760632449
565355238.0282995701 17365.1930308529
561327868.5476236343 16655.8638382643
484313021.5837674141 3380.5369405486
562837572.0522563457 17010.0834441195
533938077.5087436438 11787.9289476296
550555952.6426072121 15131.8448890388
563456688.1622225046 17122.1350434646
501640540.0648446679 5842.5876297853
483534534.1186167598 2637.9882371204
496425204.4200699329 5255.2281546630
484053922.7259015441 3140.7776415476
483458851.3802548051 2526.2841172593
483495316.4515235424 2616.7604303424
483574632.6008404493 2725.9037776235
484029361.4902856350 3059.7739218539
483442897.6827657223 2516.7716289761
484190215.9709530473 3270.6660011120
556836728.1524956226 16278.4556622235
484034331.1669554710 3059.7745212750
484020231.1669695377 3050.3025791773
571473336.0199867487 18425.9049475122
571580561.6554869413 18494.2760078836
549429175.4815211296 14631.6374537485
504844535.9130049348 6486.8727109509
511310344.0909467936 7849.6180756304
548267059.2812542915 14577.6939939922
508585727.5477282405 7406.7260655302
562465321.1603994370 16864.6682652395
539264222.1035592556 12860.8712785312
538706991.0817773342 12745.1014059850
484122927.2605694532 3171.0891998872
507615911.3071451783 6966.8120345477
483557212.6903634071 2648.3051043308
483510239.2389831543 2636.0071057205
483492537.4181374907 2616.7598318302
483461042.0235385895 2526.2841181682
509655668.0201922655 7611.8609923933
483462790.1468951702 2536.0189037753
484130265.2286434770 3171.4053981370
484209581.3779603839 3280.5487454180
484024245.7042452097 3052.0631083002
484043611.1112524867 3061.9458526062
495980625.2480004430 4905.2872275160
551757411.3496595621 15225.8499360726
554292034.2608258724 16024.2712391877
502227272.8945528269 5862.5418037448
570488314.9721649885 18344.8287163057
569994284.8204836845 18300.7825135408
484005910.4554103017 3031.4666532280
576689136.5007090569 19177.4879388809
502690887.9413833618 5932.8395260034
484003131.4220243096 3031.4660547158
483986287.8048073053 3017.3537653496
489649248.5462280512 4037.3282025216
567605060.8118542433 17783.0007870571
532375434.8318685889 11479.2227726072
552320704.4859061241 15295.2810838453
565471167.4147441387 17428.0631720867
569149690.4632412195 18214.4198010757
537045416.5923324823 12297.9664944545
536733779.3347307444 12188.9758383766
576810382.4194591045 19344.4823293686
499193786.0250062943 5451.9604244514
498662693.8209620714 5342.5002804085
567052555.5229176283 17779.8807312814
503917755.3124046922 6277.1696200616
545097272.0698711872 13861.6250742649
504781607.4131497145 6311.7713870393
560863673.7543078661 16467.7318087110
559833808.7961473465 16346.0951087960
576494464.0313808918 19150.2866430283
567605237.7661993504 17815.1517227111
576020045.9505774975 19150.1947221756
567052414.3804519176 17644.7361503839
566592621.5559254885 17642.5439960329
565765338.8382414579 17623.2455345956
565487876.5155235529 17514.6703752247
507602784.6542780995 6963.1944365182
495782168.6185387373 4794.5614355394
500840348.4402303696 5643.7418918996
500963837.3749253154 5792.8107123699
510622531.2915105820 7656.9872403250
511233289.3912614584 7745.1948012202
511810792.4231178761 7963.5880944392
512287045.4028054476 7980.8186157493
512090629.3152230978 7979.6031097917
511473020.0228964090 7866.6889196660
512526923.4263167381 8006.6083951700
513100061.1527827382 8088.1932052886
513257726.0646210313 8304.8298356230
513192543.8345728517 8196.6034867461
512959969.6578050256 8022.4743617563
513033779.9001317024 8067.0409957862
513237425.2759056687 8232.6964781039
513135589.1634927988 8171.8814640289
513442961.2347246408 8571.5323570406
514008033.8564636707 8814.2338907347
513930835.1710161567 8730.1422990416
513981221.0351425409 8795.1719211839
514749032.0228450298 8960.9417899941
514944048.8387313485 8980.7297469355
515011753.4703274369 9020.9683330078
515406331.4079730511 9143.2891945626
515178496.9656417966 9069.4352801699
515579207.8806582689 9231.7268601443
515503403.9271368980 9158.7289467837
515144190.8770431280 9033.3058510680
516789424.2088206410 9320.5222934441
516693616.4344906807 9296.1961604675
517117084.7819026709 9404.0519454544
518327890.8862707615 9567.2394926193
518642584.1943154931 9674.1919156375
518950719.0293509960 9785.0248497716
518842668.4553279281 9723.8263367406
518491915.0780915022 9592.2410612139
519294704.7742830515 9907.8439166277
519494589.2949016094 9924.0307682910
518264351.7322338820 9552.5879477891
518500902.2265040874 9596.3255564811
518319729.6464699507 9563.2906199934
518367945.2713515759 9573.9246091613
519343070.0944267511 9917.5417243271
519762053.3791510463 9960.8163959539
520928970.7937104106 10063.2057951143
520715213.0440273285 9965.6830881288
520770458.2364063859 9971.7750905622
520798401.6484065056 10037.9998496938
520741082.4959419966 9969.2270952631
524512789.9063794017 10490.4033950743
522059546.1869972944 10139.2919883835
521567823.3594044447 10069.9341125937
523150958.9672172070 10142.9728323106
523864472.3618927002 10189.2955043475
524013567.5653248429 10357.4355833019
523955547.9332634807 10237.8020994301
523966985.7456349134 10251.7226392861
524145181.9122224450 10381.3106336232
536596034.8480103612 12027.0373149747
