466085742.7101784945 3350758.9328613281
469127181.4798333049 3732196.0957031250
472521581.0226797462 4062193.2373046875
476640219.9335185885 4312196.8876953125
476585837.7439798117 4309949.2167968750
477744569.1397311091 4363505.5898437500
479234118.5657173395 4429837.9394531250
479377018.0417861342 4442222.8037109375
479488752.2427694201 4446174.9189453125
486937793.8856143951 4685847.0703125000
493427319.9574788809 4825534.2988281250
493499174.5873527527 4826098.7060546875
506466251.2218130827 4896618.4472656250
462642734.9952496290 2624450.4744873047
468861899.0560513139 3716570.9873046875
473992854.0727037787 4166621.8876953125
478217664.9612468481 4389092.1015625000
478131666.2877488732 4386643.2343750000
492682979.5597953796 4816399.9472656250
495409748.7907883525 4843167.2822265625
463496446.0661779642 2901965.8791503906
471373286.3521342278 3972169.6508789062
472668815.1668283939 4074924.5107421875
473924759.7987774611 4164986.7451171875
479496473.9753957987 4446414.6103515625
483767718.9494987726 4596913.5908203125
487393802.9050086141 4695586.5097656250
492917223.7084172964 4819762.9394531250
497533419.1286521554 4863230.4433593750
502753592.7365924120 4891173.0400390625
463516564.1076245308 2911634.7961425781
472361259.4983803630 4060529.9462890625
474067749.9137963653 4171127.4326171875
483519740.0768524408 4589817.5898437500
494509124.0976887345 4837800.6289062500
463864569.5925204158 2975940.6232910156
463869131.8006322980 2977615.3454589844
474115356.2247395515 4171655.9179687500
474020550.8149732947 4169240.3164062500
476951801.3850598931 4327657.9150390625
463979039.4319273829 2994332.6132812500
478233043.6403083205 4389634.4228515625
484010625.8620399833 4602226.9931640625
493747399.9710425138 4827109.5253906250
463732080.5337237716 2945429.5610351562
473827081.7935429215 4160178.8134765625
477972667.7555701137 4379525.1484375000
479667095.0837135911 4454040.7490234375
487263634.7408227921 4694650.7187500000
462290463.6684762239 2554323.0413818359
497111272.3615501523 4860667.5292968750
466100585.6549133658 3355979.2941894531
479462803.6543279290 4444695.5136718750
469167362.5438815951 3735019.5058593750
469213310.1455863118 3743634.2368164062
468880214.4865385890 3720358.9023437500
468983413.5342101455 3727251.8632812500
468940767.0081474185 3726197.7714843750
469187558.1354685426 3740398.6254882812
492859002.4835469723 4819226.1884765625
468672269.1239936948 3686274.2031250000
469012772.9171420932 3730073.4946289062
476765259.7477291822 4323674.5292968750
493069574.6094604731 4822680.9277343750
462271871.4526578188 2553442.2028808594
476793985.6675495505 4323795.1855468750
492990518.2619564533 4821843.3037109375
493329909.5053837299 4825519.8496093750
493071285.0609955788 4822707.3388671875
466988851.0475930572 3483847.8742675781
492789092.6993392706 4817453.7451171875
497691540.6733564734 4864550.3906250000
466037187.7539038658 3349775.8977050781
480325430.7971047163 4466716.6640625000
483646811.9587140083 4593307.1142578125
491575032.1476843357 4796711.6845703125
494894922.1950733066 4841567.5478515625
463906293.3955405354 2983134.8913574219
492165482.3636512756 4806465.7070312500
495052163.1765798926 4842392.5917968750
479984732.1046406031 4462140.9785156250
465944867.4722902179 3336170.6596679688
480512402.6635683179 4466951.6386718750
484036242.6873578429 4602496.4052734375
494987986.6674791574 4841869.5185546875
463849632.2107836604 2975300.4440917969
468818425.5862060189 3710198.1665039062
479267276.6616998911 4438800.5810546875
468718242.1229266524 3694326.2832031250
491826380.4824141860 4802377.7050781250
463814318.1661533117 2961621.3930664062
473548416.3602350354 4140128.2529296875
463820943.6032979488 2966608.1657714844
471345105.5971697569 3966488.2866210938
483827980.6914514899 4599184.5634765625
483932904.2456283569 4600999.9882812500
491991799.7632589936 4805709.1572265625
502601207.5241428018 4890680.9609375000
463474270.9360617995 2882528.0080566406
473801898.7445552945 4155603.0019531250
476248551.9488902688 4294816.2783203125
497545386.3504596949 4863618.8632812500
483707025.0738741159 4594970.3300781250
495522970.8412794471 4845388.3427734375
502268400.5057096481 4890120.8437500000
476335780.2908245921 4298816.0703125000
501699742.2869675159 4885762.1826171875
463796083.4375271797 2960591.5349121094
483472598.3811878562 4588894.8408203125
498616521.0699315667 4868281.3046875000
463486197.2250930667 2899368.0605468750
472878990.2376458049 4092574.9365234375
473103383.0286173224 4106269.6396484375
498667541.0319889784 4868881.0234375000
503417101.8389048576 4891724.9521484375
466816403.4616357684 3466642.7653808594
471436474.7329499722 3977119.8002929688
476347105.3977630734 4299279.3759765625
491305018.1176704168 4788657.1943359375
494213396.0521219969 4832833.5078125000
496972186.3926090002 4857783.3320312500
472858529.4445744157 4091750.9140625000
479701944.2336572409 4454453.5869140625
501765805.6710223556 4886937.1865234375
486765788.3664893508 4677924.6699218750
503794863.0813543200 4892157.9843750000
462486642.5318399668 2621507.3845214844
476400799.7639690042 4303029.6259765625
498164571.5387966633 4866923.5693359375
491322783.3140594363 4789523.5019531250
462428156.0213544369 2609099.4044189453
463575930.7745922804 2918856.0205078125
480006419.2482185364 4464811.0566406250
487417678.0051868558 4697850.1523437500
494080335.1210720539 4830784.2050781250
503120171.0599165559 4891422.4970703125
463621131.7438634038 2928740.3564453125
493893108.3978337646 4829576.0927734375
479821834.8512499928 4458671.7587890625
505594255.3321958184 4895072.2861328125
466611688.9338464141 3436755.0849609375
466510062.4969660044 3420886.6301269531
466563148.4248026013 3426769.8930664062
472702371.5116685033 4084167.8574218750
479828313.1361707449 4459274.8378906250
466536125.6942881942 3423915.2741699219
482852880.6141101718 4565465.5322265625
484632085.5036747456 4617539.2695312500
462222585.5624240637 2530637.5645751953
463598091.3760067821 2923918.9042968750
465925553.0906673670 3327893.1469726562
477935651.7139533162 4378282.6171875000
484342260.4800558090 4612367.5009765625
465870896.8209937811 3317199.2687988281
505857699.0033959746 4896174.7949218750
496635685.5807976723 4855640.1728515625
496595717.1750732064 4855567.6894531250
476294167.4471481442 4298515.2685546875
463492762.1030417085 2900585.4677734375
496216207.5200650692 4850689.7695312500
505725215.9977662563 4895967.7343750000
462320370.2648901939 2563756.8839111328
463503622.0820623040 2902683.2145996094
471824139.1889528632 4013100.0009765625
484196728.4981917739 4608819.2060546875
462340024.2096247673 2569858.5675048828
472034734.7161832452 4031312.8906250000
466405551.6993753314 3393552.4689941406
471955930.5779423118 4025710.8984375000
484080511.3682444096 4603697.6748046875
472043997.6758759618 4031468.1630859375
501455178.9488990903 4884819.0351562500
472093652.2408226132 4037338.7792968750
468289956.5075260997 3642821.0200195312
465903436.8582558036 3323630.7871093750
488207423.9365281463 4716949.3857421875
473654529.9917979836 4145431.3173828125
466438063.9757793546 3406496.5578613281
466497309.8904783130 3411778.7507324219
463390328.1401970983 2862474.7780761719
462330868.7265582085 2569020.8188476562
468299137.2130129933 3644303.4018554688
471554187.3937081695 3984684.7817382812
471505802.4495070577 3980434.4272460938
465881496.8938560486 3317382.4111328125
468320122.1727650762 3647968.8842773438
505199219.9174514413 4892294.2255859375
501115765.6115725636 4880204.5566406250
463361695.8233293891 2857992.6606445312
478538554.5252373815 4402468.8730468750
478679439.4378305078 4410549.5107421875
501165873.2948811650 4881997.9082031250
465822063.1735576987 3303152.2661132812
473236739.8062078953 4117423.7363281250
473489424.1239969730 4133682.6494140625
505569886.3869721293 4895017.4726562500
486006204.4171805978 4658584.5810546875
505552085.5506829619 4894981.0078125000
467788060.7040191293 3574246.6533203125
501112629.2821807861 4880186.1835937500
467814693.0478047729 3580477.3427734375
473454938.3235576153 4126864.1318359375
467742563.2201969028 3566083.2680664062
467772957.8628507257 3570059.7822265625
473396716.2198141813 4126428.6738281250
473011393.8183090687 4102952.7832031250
467840272.0933004022 3582305.3164062500
477641203.0306624174 4359879.3818359375
467754345.3521038890 3569137.8818359375
477550735.1774799824 4355903.8662109375
486195261.9028244615 4659166.0664062500
477450866.0227657557 4352149.9267578125
477425388.2878226042 4346643.6386718750
477457321.9323925376 4352167.4970703125
477326283.1486698389 4346250.9990234375
485609278.0169184208 4647252.5322265625
487956172.8533046842 4709439.5410156250
466342403.9879552126 3375981.2893066406
466252835.2352204323 3360325.0261230469
466400574.4136089087 3384148.0056152344
463245975.8954226971 2805652.2504882812
463198029.3664513826 2799482.4448242188
482173425.9516116381 4536411.2802734375
463207802.4447350502 2803020.5834960938
466263657.7732301950 3360868.0075683594
463212070.2995622158 2803568.5056152344
467577589.9582023621 3530799.5507812500
487814926.8140020967 4705460.1689453125
467585669.0235849023 3539483.9677734375
471215556.7078857422 3944423.5175781250
487740521.9738066196 4705427.4257812500
467267526.9716317058 3495621.3903808594
467297991.9678438306 3500031.8649902344
489368274.5582172275 4739727.9218750000
489994847.2287536860 4751906.9326171875
490216983.3692225218 4757650.1123046875
490013658.7165347338 4754163.0048828125
489906615.3686174750 4750306.0869140625
467373068.6880413890 3505050.0063476562
467350207.5624962449 3502052.7578125000
489936802.8352671266 4750933.9169921875
486671049.8359456062 4673097.4013671875
485176629.9365909696 4633673.8447265625
486734739.8458054066 4675863.3671875000
489674734.5867648721 4745462.0634765625
489842060.7723814845 4749910.9189453125
489509805.5111609697 4742795.9228515625
489513265.7270318866 4742808.1210937500
486756975.8032014966 4677293.3955078125
489355207.5965699553 4739273.0751953125
486687286.1365193725 4675008.9433593750
462919939.6071122289 2643702.4221191406
482117554.1527593136 4529333.0283203125
489169977.8898097873 4735086.6201171875
482153284.3376895189 4533227.1269531250
482128518.8454726934 4531400.0859375000
481958648.1661472917 4525947.7207031250
462931230.6024348140 2646108.0102539062
471734662.6603808403 3997018.1772460938
481731059.8432480693 4517378.5058593750
481584050.7530657053 4509440.9179687500
484747146.6979083419 4619695.3310546875
464605177.6725406051 3002092.9028320312
464748796.3203738332 3005628.1540527344
475012729.1365889907 4205403.5468750000
474935569.2169817090 4202558.7695312500
474823835.8931341767 4191482.0947265625
474784808.2045105100 4190901.6162109375
475953802.0700629950 4256646.8632812500
486603946.3694943190 4667737.5527343750
486474530.7280143499 4665719.9238281250
463072123.4705723524 2697510.9758300781
475868786.3771129847 4251392.6542968750
475753377.2621653080 4245239.7070312500
475735562.6918076277 4243053.9121093750
475522258.1238067150 4232201.6708984375
463063047.1852735281 2695150.9794921875
470931680.5662475824 3899476.3593750000
470776321.2080806494 3883995.9760742188
470740850.2395738363 3881418.5961914062
470806968.0019453764 3888493.8862304688
475511346.7389957905 4230202.1611328125
470853626.7342004776 3890973.9252929688
475282348.5668219328 4217950.2509765625
470986243.9520791769 3904969.3632812500
463176520.3379154801 2718173.8354492188
474644341.2261496782 4180239.9423828125
463098434.4405763745 2703646.0463867188
462976096.9447996020 2653161.5483398438
465602933.5366037488 3150758.9116210938
465559158.5479612947 3138797.0529785156
465536419.8169140220 3134910.0124511719
465424511.2353466749 3112223.1242675781
465406436.5184827447 3101371.6516113281
465358007.5389967561 3096826.6809082031
465231957.6229003668 3054536.3703613281
465273118.3009002805 3061842.4875488281
465253543.6694670916 3058346.9074707031
465192814.1396687031 3032783.0114746094
465172872.2694723606 3027791.4396972656
