440213117.0777446032 2300956.5093994141
439929183.5259414315 2292429.2857666016
447293489.7423549294 2509493.0830078125
447902728.8354420662 2524050.8544921875
448048350.5082660317 2526144.6899414062
447706460.7632134557 2519764.2705078125
448480449.5635293722 2528441.7509765625
456271163.9569424987 2628014.1674804688
457031054.2256050706 2630851.3510742188
460542839.7671635747 2635773.8461914062
415058210.9046614766 711250.4291504847
417173961.8008233905 995931.0702633053
425039718.0875130296 1573532.0260810391
438879121.5802472830 2248168.8663330078
425241115.8825260401 1585256.2869973886
415105787.4178375006 727198.2051262583
415129807.7949881554 732954.8241582685
416989887.1838214397 984494.4133069958
424862650.4376246333 1568397.7381319241
424921070.2099401355 1573028.2527961270
424662849.3882284760 1552523.5729180113
461788136.2015473843 2636366.2924804688
459691472.9559563994 2633547.1665039062
416864636.1450300217 974354.1662831465
424416400.1993216276 1542817.3691659705
424747154.8738841414 1561161.6635742919
440046881.3022711277 2299325.7335205078
439599386.2889348865 2287415.9686279297
447695263.6241145730 2519338.4951171875
454490178.0016029477 2618577.7954101562
415008314.1260719299 692195.2028448433
424710573.4123843908 1560800.8973809020
424826282.4727266431 1563610.4420326552
424693231.5462448001 1555485.8355557160
448890480.1223396659 2533535.9677734375
415060737.6887407899 712899.1920511574
415284314.1935270429 762455.8421617323
415310011.2411461473 762608.4172246181
424709799.6054333448 1559262.6318554417
448831188.8528152704 2532492.8203125000
456980103.4482047558 2630258.1254882812
416913066.6046789289 974767.3737562145
454565741.5132212043 2618817.8217773438
460038272.6001079679 2635548.1137695312
456886246.3343171477 2630190.5727539062
439514007.1298305988 2281324.0091552734
454593161.6818935275 2618826.9350585938
460110391.2791053653 2635638.6889648438
460917901.0306429863 2635857.4321289062
454692454.9019846320 2620030.8471679688
456662208.0815464854 2629551.3959960938
461627923.3392494917 2636354.3120117188
467559001.8366307616 2637425.9233398438
416967607.4540917277 982937.5873956340
446963855.2162880301 2497671.5915527344
440638431.3406124711 2318672.0294189453
441294315.6116096377 2336596.0131835938
447584720.3954125047 2514717.1879882812
467062868.0240604281 2637414.2504882812
415072096.9778218269 726269.8514660175
415180878.0369004607 750362.6850896650
439557952.1994651556 2282904.1129150391
461330044.8009934425 2635985.7133789062
466548223.0290614963 2637306.0366210938
441119314.4582542777 2335612.5084228516
448658109.5566864014 2532390.8701171875
454371198.3192690015 2618567.6625976562
420112798.5208772421 1242691.2303789109
424633923.7005215287 1551926.7027882445
447686072.1675945520 2517929.7875976562
421209577.0344951749 1323423.3295504600
454296436.7103332877 2618377.1323242188
441048904.9729302526 2333455.2078857422
424330070.3576769233 1536930.4048105017
424357613.8024966717 1539623.5522714392
459754599.1704033017 2634163.8950195312
439074480.7879759073 2265102.4940185547
438606464.1832104921 2246072.2829589844
441004185.3603187203 2331381.3363037109
466814643.3526725769 2637361.3168945312
424182950.9788708687 1527395.1479210393
438882231.8225653172 2258394.6662597656
440790109.9622753263 2326573.2703857422
461417130.5443696976 2636177.6293945312
421085269.4318965673 1322076.0594798476
448149516.8197873235 2527539.1035156250
447390000.0788255930 2512224.2260742188
415175952.8803778291 743086.0239568525
439280113.9314616323 2271108.1706542969
440910728.4348259568 2326735.4837646484
461488239.4956836700 2636200.8344726562
439554693.0042062998 2282619.1035156250
420220856.0090804100 1254900.4440019578
439159990.3644742966 2269559.7047119141
458557081.7304968238 2632384.8862304688
461566925.0442737341 2636290.0415039062
440291445.4902920127 2309901.9080810547
415712153.9322065711 832615.2282642846
415732667.4223684072 834283.1168980126
439348946.0509643555 2275828.9193115234
447432756.3279010653 2513683.4609375000
458015025.9930967689 2631622.4262695312
416802604.4175782800 962500.3612682568
415897370.5702657104 857232.5653877396
439435245.5308237076 2278261.8538818359
460980143.6580654383 2635957.9008789062
420232026.7952534556 1255278.1142900437
454132570.6356799006 2617096.4008789062
415848523.7835387588 850066.8519973892
415809406.8665202260 845229.5923843521
438953083.2740285397 2261282.6545410156
416434955.4633982182 917377.3030623281
416494040.8875427842 926943.2930199848
416498113.5825045705 929296.1175154531
439282418.0662126541 2272179.1458740234
452150676.4934493899 2594514.8295898438
416370373.3730812669 907420.2866286123
447822039.9410348535 2521438.5107421875
441642421.1563529372 2348418.4826660156
416424284.4548907280 917152.0946354279
441772610.1522202492 2349818.0739746094
441917889.3002282381 2356537.9309082031
452321531.9682037830 2597870.8500976562
428291909.6035085320 1732890.5843948941
457770389.7399826050 2630979.8833007812
457962021.9426985383 2631607.7006835938
416239911.8631469011 895309.9270399893
416316104.7312238216 906254.5144148991
417913437.3653162122 1030675.3166544301
452111123.8442567587 2592832.7333984375
457591883.8086371422 2630917.6323242188
428638053.5618051291 1750629.9278906132
446152258.0200895667 2472003.9223632812
417508792.6358407140 1018028.3295657332
451982583.9172781110 2589649.5620117188
420363866.2734216452 1264119.9624956101
423946117.0686494112 1504488.9088899447
423851818.9237879515 1498079.2975618197
423845171.5627530217 1491759.0473042801
423680570.7419356704 1483205.9176825061
466040382.6782775521 2636985.8920898438
428342752.4637281299 1733522.7149694706
417351219.4818885922 1001160.7237231429
421664936.0706644058 1351709.5095052719
423598537.5834449530 1476665.6468226388
460019677.0149135590 2634705.6987304688
417478875.8155876994 1009366.9149157698
421620477.8372141123 1349479.0304533541
423568613.2703431845 1472421.3580367488
428426448.0792906880 1741150.4132421757
428485335.4786963463 1745256.2242773320
453783525.3367086053 2613775.5034179688
455571347.9872568846 2621801.3374023438
416208432.9109830856 891128.8233412588
423370450.4394634962 1460075.4795616418
417473353.7501039505 1008597.0091988738
421721655.8421874642 1356186.6645483971
420091967.4515244365 1239609.9111650437
428350226.1340293884 1733930.2465513493
451892007.1764450073 2589451.5522460938
416013067.1552228928 867360.6377332748
420153223.1327385306 1249575.2335527390
415965418.4591707587 860119.0751722397
428390940.5193569660 1738297.9690511967
420510595.9013797045 1273861.5328208357
441456008.6812479496 2343619.9233398438
445671238.2830891013 2464064.8693847656
415447029.1275449991 775861.8697982167
452023731.3904520869 2592182.3222656250
415526905.7650310993 788024.3631964184
445434433.5902530551 2457632.0798339844
445345856.0898700356 2450899.1057128906
466488659.7731565833 2637146.2973632812
466192548.2955671549 2637105.4838867188
421750610.4196106791 1356942.8862142563
415654688.7654012442 818139.2332156587
448550427.2492623925 2531568.8544921875
420295524.9962611198 1259297.6263139695
423480068.7368460894 1466122.4535606652
441321762.4157892466 2339272.1152343750
452602262.6237452030 2602739.6704101562
421935169.8200699091 1369446.7728109360
465840611.6678364277 2636770.3120117188
420077413.3089959025 1234838.3125937737
421764337.4417930841 1360541.5847005844
417496328.0238210559 1011040.3717918873
415545459.2249238491 792433.8250875927
415578560.2157422900 798265.8032733889
415573093.5228288174 797279.1446066357
417345151.7777778506 997596.8841484092
415506428.9234996438 785481.2054586865
452654230.3675004840 2603052.0610351562
421828309.9967960119 1364545.4940652847
428249773.5918721557 1728171.0810507084
445116099.8311156631 2445367.6293945312
445149566.9135309458 2446461.4318847656
421400674.3236526251 1328619.5028979331
428182222.2184281349 1721940.3314285278
421503559.4317113161 1334284.2286852712
423184481.6059464216 1446944.6783888489
421574728.1586980224 1343262.5058960766
446965283.4739134312 2498169.3129882812
421445105.1006196141 1330772.1586596519
423066440.3008151650 1437175.1374952942
427618031.3241626620 1689358.2066109064
421448492.5487081409 1334142.5485606641
427882310.7679779530 1705618.0669624689
427714307.6391031742 1697795.6944038752
423283501.1357586980 1451842.7429335266
456238309.3617226481 2625338.7543945312
427841771.3523038626 1702853.2044168019
422974170.1014615297 1432557.9400313050
422840490.3239188790 1421830.2541182190
422547804.1833273768 1403520.4888594300
422573068.0081403255 1406881.1744063050
422718054.7995640039 1413843.5613580197
445562247.2153189778 2460851.3439941406
445250524.1571590304 2450856.3381347656
456139358.1792828441 2624616.4301757812
455784578.4772816896 2623492.2358398438
419854798.7628388405 1204589.5693764240
445405428.9758850932 2456326.3513183594
421384124.4922980666 1327213.7611613721
427530733.9932349324 1683266.1407635096
453404010.9864408374 2610412.8745117188
455608547.6993889213 2622646.4370117188
422479659.6844791174 1397370.3118245751
422462957.0479456782 1395295.2647464424
455102900.6131630540 2621046.7651367188
419924957.4610854387 1213764.4016533643
420022096.4487162232 1225968.4082871228
453225662.1514069438 2608031.4799804688
453101099.5363587737 2607682.4809570312
453238948.5357090235 2608098.7045898438
427286127.6375522614 1669464.3636639002
427419827.5166044831 1675852.9359676722
427228633.1476439834 1666760.1666805628
445802051.7800599933 2466618.0949707031
446602563.9101011157 2483917.0771484375
419514187.3713203669 1172518.1108997189
446492335.1165176630 2482478.5190429688
427075269.9092754722 1643191.0365726831
419829928.2218623161 1194656.7370435023
419727279.2671695352 1189355.9538031840
426409217.6753982306 1601448.7590604313
426760577.5306196809 1625422.2380802515
419638163.8503364921 1174689.4083726429
426448499.4814160466 1602681.5469022281
419663788.6211783290 1181362.0409410023
426398617.2068098783 1598784.1500859745
419646627.7320743203 1179885.5159232640
426525137.3985509872 1611351.9292264469
426480495.8848538399 1605639.6950650699
426634513.5714705586 1616342.0700650699
426683552.2396843433 1618255.6038327701
418929640.9881742001 1097081.6306356706
419245682.8740444183 1137791.8495077409
419233320.5163165927 1133764.5651029863
419123605.8976078033 1125876.1750692644
419023662.4497801065 1114465.6777853288
418992415.4130043983 1113634.9772238054
419117177.4049286842 1125294.4480490007
418918379.1524220109 1080026.1435373996
418865480.7916557193 1061695.6236520126
431330810.8633096218 1834980.5642700195
431366624.7572407722 1835997.8343811035
418747656.0632478595 1040663.5478455087
418769117.0272794366 1044120.8149979210
418659495.7652252913 1036893.0818665123
431007100.7568824887 1815745.7663879395
430969752.7768512964 1815387.6725463867
430686062.4487285018 1800116.5022430420
430692041.9066545367 1801475.0478515625
430489778.1987802386 1778514.9081420898
430511724.7502188087 1784411.8965606689
430535043.0369254947 1786124.4978637695
443666585.7428018451 2362738.4072265625
443758001.4020707011 2368548.6079101562
443676417.1192091107 2365629.6845703125
443513002.1592114568 2358452.4868164062
434814381.1511222124 1861927.7395324707
434689525.0577745438 1851149.0920715332
434713771.3560458422 1854432.3659973145
438152904.6474410892 2006283.5896606445
438231085.0358207822 2014124.8718872070
438187691.8274812102 2007782.8992309570
437979577.6707246900 1996902.9491577148
438037499.2627531886 2001688.5971069336
437842013.4683519602 1991898.7802124023
437210827.1473860741 1964945.4059448242
437113778.2393552065 1956690.5684204102
437074154.0973752737 1956274.2485961914
436392054.1991392374 1927051.1097412109
435961333.1579449177 1907442.1415405273
436103961.0705435276 1915370.3521118164
435919552.5108160973 1905359.0415649414
435843376.7037053108 1894905.9814453125
435740513.1878268719 1893762.8314819336
435803071.4962418079 1894678.9440917969
435648321.1852065325 1888704.8674316406
