167622446.6587711573 143126.4460426569
167631757.3129258752 146617.2284832299
172002430.5876281857 292343.3313545883
167563536.4185993671 130429.2697902918
167889608.7360652089 177426.1041835556
168150734.6404114962 197442.8083409914
170921077.8504969478 274191.2648321390
167582743.6201490760 134625.0924221277
167980478.0199860632 185774.8521026382
167586345.1745107472 134880.4986883402
167886688.3199345767 177163.8082606741
170953962.8514488041 274760.3450933695
167556188.6976984441 126435.7865155935
167636565.9837000370 146765.8052654564
169384577.4166266918 244780.0093216896
167549656.9803420901 126062.7076694667
167670212.7980122566 151138.1560592004
167776330.2418436408 165380.3885829397
176891248.5556992590 331575.8013000488
171195994.5292054713 280437.7168999314
169824402.0841690898 255234.7350347191
170980919.5239254236 275115.5851446390
168765617.0232444406 224589.4643340723
167647465.6515354812 147591.8856362649
167723301.1017818451 157693.7063187072
167713959.3841620386 157406.3715813109
168157743.3071999550 198105.2937977253
176432777.6044436991 331024.7460327148
167560657.8335788846 130165.3818161190
169208852.8521387279 239592.3174617290
170952487.5281021297 274563.3071905375
171026793.7851045728 277836.1727911234
171198558.3402211070 282121.3145488501
169478380.2657232285 247475.1119828224
167640440.9791696072 146928.3224230111
167662352.4582194984 150410.4277004246
173289943.4034479260 304521.9595149745
167547475.4410910010 125889.0629689395
167857344.6708908975 173802.2515060841
167656348.0470765829 149656.5829738621
167682234.1802501380 153829.9346584324
167667161.1289936900 150559.0044826511
168301220.6022039652 206396.8596510538
168857851.4490273595 228396.8217798586
178761645.9923589826 348978.6281738281
167678406.5544002950 152345.2987465211
168609851.7156115174 218408.6584381759
168602185.9565412998 218154.8305248485
171036816.4814620316 278178.0365606546
169146472.5473261476 237558.2285980696
167558476.2943277657 129991.7371155918
172464126.0362306237 299172.5027278651
172365837.4074874520 296866.7019578879
167912575.5534970164 178559.7644313583
167994443.1417932510 186469.1597194672
168294807.4219593406 205568.6253960975
167998892.1530547738 186504.7401695251
168609888.2988475561 218418.4456946519
169221301.8235668242 239735.2440550551
178476516.1281961799 348976.1986083984
172218956.7312118709 295833.4811326925
167606902.3799482882 142209.5562721491
167977289.2396844923 185584.4706382751
168000256.0571162701 186718.1308860779
167734822.0752778351 159976.5200599977
168093863.5778584182 193931.2896022797
168072805.3976040184 191794.0196743011
169273672.6526881456 240738.4288773537
168121371.4161477983 195211.7111415863
167566660.6550301909 130453.8546291590
167718492.4310076535 157545.1295364806
178785522.4155527353 349097.1743774414
169334880.7493735552 243305.6130814552
167941576.1100344658 182146.1824142872
169009558.3598848581 232798.7709612846
167615586.0461920202 142533.3892217875
168944680.2942009866 231846.4731470461
169568432.1087713838 248904.0480179787
170293082.0291150510 262635.3870180249
167614672.7544051111 142465.1555149853
168581562.9923014343 217683.9976381287
168598308.7791441977 218063.9895688370
167758870.0282941163 161761.8264988372
167750570.4495024681 161412.8980911681
168003444.8374178410 186908.5123504410
168165396.4138339758 198482.6413173676
167900089.7255225480 177779.9209499010
167781138.9126178920 165528.9653651663
167769588.2248534560 164098.0969346412
178987786.3544035256 350605.2620849609
169015389.2064841688 232851.8237748146
167605989.0881613791 142141.3225653470
168865330.0545567870 228640.8952661867
168596002.6809243858 217806.6940587428
168908384.5759174526 229300.5581811685
168061164.2352069318 190887.4566860199
169027272.2465986609 233773.2795853615
172216996.1426542401 293463.4942222543
172339002.2095898688 296786.2023826547
170166404.0627661943 262147.3199709058
167577661.5082670152 134556.5287758112
172785749.4150885046 302855.8222374916
168272871.7991317809 203905.4236769327
168613159.7838181257 218750.8052647975
169834424.7805266976 255588.1669194847
168321437.8176755607 207323.1151442179
168628533.8806859553 218948.8863074449
167572761.1016260087 131007.3771034479
172618424.7914474308 300858.5113372803
167592831.1815988123 138659.5328619778
167602428.1396294832 139051.5995184183
167605883.1334902644 141764.7258464992
178957739.8723815382 349991.8604736328
167894771.7141372263 177764.3314926564
167928302.7224861383 181620.4584316025
167767356.1219543815 163996.0790096172
169872165.2509695888 256908.4050629131
169753299.3748073876 253151.8467822075
167707201.8053622246 156732.5305976220
168133987.4981840551 195992.5260219574
168087802.2986317575 191977.2611354599
168082484.2872465551 191831.6660423279
167736213.3381583095 160434.0351485559
172576201.2470913827 299605.7682307948
172412741.3728292286 298698.6096614589
168093306.7940385342 193926.2803249359
169356392.8429397047 244204.1818070412
167741386.5288336575 160576.5720516094
168138748.7257492244 196132.8803924331
168711387.5106991827 222366.5777747300
167710243.7450375855 157014.5281905481
168818804.3476248980 226036.7805932779
168237967.3127537370 202838.6053685793
167623895.9151068330 145866.3868830502
169346356.5611725450 244196.0211166011
167652274.3223096430 147740.4624184915
168727382.1351689994 222472.3929755357
167702901.3933390975 156447.6519537815
169833065.6330574155 255472.7802363187
168884982.4700601101 228806.1702906007
168187314.7442930043 199550.5718597183
169032546.3093779087 233801.8342728615
168901705.5110530555 228855.7143221365
168767714.4369147718 225125.8916040773
169422093.7220219672 245222.6498170793
169836520.9873229861 255696.2242627144
167592725.2269275784 138282.9361431301
169256781.4400560558 239891.6333796978
169152755.5558966100 238135.3868011946
168711944.2945191860 222373.4998938707
167749657.1577154398 161344.6643843660
170422465.6707597673 266433.9220358729
168666627.4139708579 221192.3464888448
167591811.9351406395 138214.7024363279
169275511.5505926311 241146.8295446155
167651361.0305227339 147672.2287116894
167941019.3262144625 182141.4619553029
169569422.0035781860 249075.8164050579
167709330.4532506466 156946.2944837459
167735300.0463714600 160365.8014417537
167669299.5062253177 151069.9223523983
168794845.4579474032 225535.2401148195
167604969.8417031467 141696.4921396971
167588886.8765844107 137524.6829355955
169400036.4775161743 245093.7508988380
169772725.4111050963 254426.9640088081
168403286.0150917172 210592.2298292764
173979052.9592513740 309972.4567995071
168710938.8619219661 222224.9231116441
175680283.9223384559 323132.5138702393
167798584.1958399117 168140.0912744948
168090121.7745660245 193272.0233068117
167741471.8189231455 161158.5404554256
167926496.6576085985 181412.3362388611
168185508.6794155538 199341.7815761566
168538610.7336964607 215532.3826413155
167604690.5070111454 139226.4585521519
167571335.5060982406 130560.8735820949
168252008.5772726238 203380.3990467787
171928373.3073693812 288305.4195343517
168249089.4354260266 203043.2066203305
169719389.0263191164 251957.9113965034
167948406.8099965453 182269.8228111267
168242484.6918587685 202919.3181371340
167571741.8551677763 130561.9752666652
172305296.9790983498 296113.6946614970
178762772.9184529185 349042.2518310547
167834377.8534591198 172668.5912582814
167904997.8468737304 178372.4178733826
168612154.3512209058 218602.2284825710
178791342.7312415540 349448.9813232422
167949463.4750403762 182545.9964866638
168416671.1988657117 211246.9955763468
168628085.2319087088 218807.2316443590
173591952.6934119165 305556.0616954555
167646552.3597485125 147523.6519294628
171609240.4829992056 284962.7701895982
169457375.3371336758 247374.1649613380
167903730.9036990106 178141.4060630798
167999049.1988815665 186526.8706626892
169621220.8766672015 251540.5626248419
172708944.6418378949 301598.4463733424
167588607.5418924093 135054.9319408238
167917537.4680468738 181035.2616684376
169992984.0441338718 259419.6826204062
167866303.8604527414 174179.1643333435
168639808.9698413014 219378.1941647530
169380457.0454981923 244256.5577700138
168317180.2941480577 207093.0237550386
168402088.1098283529 210579.2722447780
168629090.6645059288 218955.8084265855
168530306.1538048685 215333.1137975124
168302239.3561211228 206526.1936311373
168268614.2756042778 203675.3322877535
167766442.8301674128 163927.8453028151
167883130.5517400503 176861.7992660939
168236350.2128310204 201995.2488526949
170035830.3787174225 259830.2342597321
167878843.4816260338 176841.2884018361
168654367.8483245075 219471.5693340916
169695277.4989216924 251846.6013379097
169969799.5031447113 258686.5004736185
168060607.4513868988 190882.6489467621
168552636.7766865492 215971.4920773506
168565701.6202463806 216244.6505856514
169912576.0486112535 256968.6800341606
168147237.2800953090 196817.4622726729
167831375.0777702034 170382.7445480763
168454751.6710859537 211966.1143918037
168529300.7212076485 215184.5370152858
177717854.8132615685 345299.6662597656
171118867.6416531801 279671.5195732713
177318064.0476892292 337121.9912233353
168037640.6339551210 189748.9886989594
167802236.4877866507 168456.3452866017
170701268.2025391161 270781.1862428784
170593681.2191102207 270098.3398073316
169984377.4950844944 258710.7016454935
167776266.8946659267 165036.8383285939
168447505.6190894842 211516.9782101647
167808408.2603384256 169249.0843002736
169720170.3746658266 251975.0388215780
167772614.6027191579 164720.5843164870
167887802.6711877584 177218.3131675720
170485510.8740806878 266790.9894655347
167861833.0780671537 173947.3829917908
168316174.8615508080 206944.4469728121
169659675.4122294784 251730.3215775490
167813216.9311125875 169397.6610825001
170750039.4965475202 274080.4484499097
177467721.9708691239 337740.4148397446
167817367.4499002397 169625.9971275330
168300023.1912544072 206163.2371339449
178294792.8505733609 348802.2285156250
167843337.0430209637 173045.5040855408
178074162.8907510340 347175.5946044922
178092448.8045668900 347805.6884765625
168399028.4915640950 210362.1384400972
169512764.6305463612 248517.5971031189
168307148.4753647745 206649.7660450577
169575476.2257682085 250335.8424515724
173127751.9755066335 303457.3766139735
168267608.8430070579 203526.7555055269
178109216.4187647998 348287.0734863281
174387287.9886617959 313162.5427255630
170342953.1970037520 265586.3483428359
169501426.7976201475 247968.5616898537
177653093.8447196782 339059.7680358887
177826959.0678923130 347132.4267578125
171872679.7929320037 287390.4064774513
170100308.0615763962 259855.6142966151
169744034.8667854667 252520.5616487265
171908019.7091515958 287885.1976746768
169214932.7539189756 239682.8273950929
169257301.8916883469 240075.7094200964
171869880.4671351612 286753.0230759420
170935632.0845803022 274195.0825833529
177670786.9104329646 342002.5390014648
170337019.2172850668 264957.2947072983
170334439.5224039257 264135.5589987636
170517954.2689385712 267126.2905737609
168759197.4827169478 224440.9117840941
170139889.8159174919 260529.3790060878
170509658.4698857963 267017.6672991961
169385760.5839115381 244912.6196644471
169041529.9848381579 235800.2497583742
168966949.4568896294 232519.6999536867
169064874.0488618016 236116.5522910224
169153364.8667492568 239534.2437583075
171088479.2412398160 278488.8672332168
169250519.8229116201 239814.4128443117
172174521.5889797509 292531.0046219826
168939586.8724963963 230036.7874781007
169109612.9691777229 237053.8080353984
169507835.0619431734 248003.7938496172
169006628.5825328827 232730.6070770735
175524383.9667291343 313683.6791381836
169287626.8437816501 242269.1390009986
171963983.6539454758 289866.6613344550
175619561.9032190740 316416.8724648952
