574764166.4065194130 972081.4177246094
529698386.7483732104 336701.4261610629
529704063.7588221431 336933.5797464969
530066059.6496492028 344916.0279507758
529843588.2190535069 342564.1578056678
530467507.3737693429 345028.1919019939
535856778.9363027215 567227.2323769710
535943892.1731390953 567238.2106789730
545555219.5429565907 733518.9699029624
564366919.0902227163 937378.6526794434
583433013.1773627996 982792.2924804688
530035377.5453291535 344863.8233636739
529953383.8044022918 344603.5391109046
529984810.9166532159 344636.4694131734
529749475.9514531493 337002.4742502095
529664570.1602188945 332572.3693431737
529781490.6837936044 340617.0779184224
535700746.3993467689 565822.7513436459
545928934.1807905436 739507.8099208325
565484162.3515443802 943123.9291687012
565016677.4173241854 940691.3257751465
555853170.3911757469 858210.7325968742
570441433.0787186623 962764.0258789062
586130366.8091603518 985218.4619140625
556438557.0388689041 863889.3979411125
564248700.6351348162 936591.9405212402
564954363.2666469812 940620.0336608887
565246162.0833506584 941994.6922302246
565176995.6585700512 941992.6800231934
586121216.6444641352 985197.1584472656
535118864.4701431394 553107.4907275432
529866410.1919363737 343741.5677988650
534889565.9660444856 550101.5692905182
535835780.8187620044 566474.0272225521
555783957.8479492664 857601.5127635002
557578201.9069519043 874388.2755589485
535448242.1739569902 560472.3017840020
534751786.2187829614 544337.9606777424
535618823.4823721647 564180.6421245716
565066959.3429509401 941918.8616638184
564795690.5880150795 939991.1064147949
529892170.3528037071 344077.0578337610
529345102.8163886070 290239.9763178788
546203220.0761042833 742499.8541336507
556017997.9572558403 859677.7039713860
557090926.8420305252 872533.7718852758
564477914.9195296764 938374.9681091309
574781310.2287834883 972186.6748046875
583595078.9164522886 982968.4716796875
529254409.1649943590 274603.0014814101
545819304.2433221340 737732.5415187329
529370862.7803165913 293477.8775373772
529591586.6790107489 320208.0287795039
540804395.3123612404 658274.1123454263
556941406.4865859747 871264.3692973852
568199570.8394926786 955521.1711425781
541370875.9172571898 668553.7362086466
546216157.4252980947 742860.7373500317
568050248.0328462124 953858.0081176758
570770525.4505029917 964324.3063964844
529435992.0405787230 293673.7817006186
568056778.1706233025 954795.6589355469
534729115.3996543884 542811.3155673736
535176562.0369150639 554354.2309431664
556881720.4725017548 870668.7425116301
529257972.9643639326 277977.0692304336
546142735.4947606325 741907.5307460278
564451195.6681073904 937708.7090759277
564727794.5005066395 939845.5102233887
568525949.4384973049 956691.5346679688
570777620.8445369005 964364.6455078125
529290296.9211900234 286170.8425954543
555850963.2192677259 858173.1563639641
529266701.9528810978 278625.2518268786
529646430.1537594795 326743.1635394068
568413958.1443201303 956545.9384765625
570651483.8142820597 964219.0493164062
535060642.4654482603 552445.3969622845
564615343.8905596733 938523.5633239746
546232682.1224248409 743175.0891646706
564479044.5180518627 938377.9671325684
545970567.8393940926 740009.8721766919
529587684.4155025482 318308.9465441676
570092598.5662598610 961948.1499023438
533295058.9996656775 497890.3273155345
533268838.7156834006 493179.5224372996
533900386.8336951137 513193.5082506193
534795447.2629150152 546425.7504428619
545717074.9945513010 736845.4787440747
573812510.7686944008 969759.3994140625
529275024.1124700308 279177.3657795154
541368094.6945337057 667865.2556335544
533717953.5326018333 511213.8689407362
585847987.2433906794 984844.0310058594
570456782.5098469257 963569.3168945312
574240281.3203990459 971455.3798828125
540950854.4371372461 661456.8295233771
533333643.6257403493 499377.1387779368
532304640.6390739679 453787.7152804760
556751543.0704920292 868137.3967814445
574489046.8101372719 971674.2189941406
532416819.9475739002 460349.6875094799
574163460.6628959179 971410.6530761719
573959450.2845499516 970586.9282226562
546449082.0058255196 743802.3468969315
532407434.0811582804 459704.5136813549
533366361.5390996337 500934.2764732493
533279527.1055524945 497480.8150474681
529589722.2275516987 319108.1274294825
570361806.2051076889 962704.4396972656
541225056.8582397699 665293.7948257541
570262293.5329771042 962578.2365722656
529563897.4288833141 318093.5792193385
533346576.1273301244 500776.0838462962
541367801.5336759090 666797.6649535326
529596123.9710147381 322243.5518069239
571026514.5081393719 964645.4211425781
570904474.0233352184 964429.0114746094
532195748.4208283424 450134.9032687573
532331884.4653815031 457208.4424533276
532258738.4769093990 450172.3474215893
529470975.9109067321 295734.0319660092
570509420.3128781319 963782.9199218750
585427199.9387248755 984427.3081054688
585749873.5864945650 984620.0551757812
585767010.7641056776 984628.5009765625
573878199.4365603924 970122.4635009766
533532018.1309819221 507311.0021194471
556580873.1526839733 866077.7819132805
570318409.1459925175 962661.8339843750
529554171.5042471290 302047.9516303921
585322882.2045277357 983933.4245605469
585742589.1428413391 984597.0307617188
583683301.3507696390 983061.0349121094
529514692.9785936475 298433.5167549038
529540038.8012383580 302034.4023273373
532268332.0667601824 453593.0745944409
556594734.7767970562 867056.7011027336
545694950.7366708517 735907.9783999864
583661629.8574739695 983009.0915527344
573661882.5446370840 969548.5749511719
582899672.4958516359 981966.0795898438
565738299.3094073534 943297.2924804688
541625148.0604900122 670575.0975243738
583531657.3863499165 982942.3444824219
555587966.9428846836 854408.0055128336
583288259.8020879030 982641.9748535156
565811621.3454647064 943714.7850341797
555713572.8640353680 855362.7048536539
555828680.3139396906 857762.3973585367
567877513.5106098652 953544.5583496094
569493781.7952027321 959970.4343261719
532107613.1178425550 438794.9144915966
569092066.6822650433 958139.9499511719
534324955.8802339435 526220.7631220371
534601187.3581163287 534340.5646357089
534422107.3971225619 530210.6434931308
534353235.5645558238 526974.5273432285
534418521.2973204255 529382.0804895908
572693562.1800020933 967613.2233886719
541835212.1716856956 671959.4165202584
573830569.9750584364 969912.2246093750
540747449.8691467047 654914.3179430654
541972556.7587934732 674204.3430034127
546533672.0232359171 745054.2688929085
546566228.1960335970 745704.4678751472
534500443.9264565706 530496.3265106780
544438955.6009894609 715969.9340081736
546578568.8408324718 745819.8468523109
555742970.7750349045 855760.9275789261
555532932.0723388195 853019.1805660129
555122920.5328128338 846441.7595454445
546571078.7266016006 745745.1899012346
544526572.4678901434 716303.7063753456
566426656.2868411541 945590.2927246094
544033194.8957480192 709643.3873773143
544214151.4296145439 712595.1351800486
534231972.8074134588 523748.4686588300
534220882.1016377807 523162.6743541313
555220091.3028784990 849217.5649653664
531506606.9878602624 400907.4768389750
534197453.2896399498 522444.6772790505
555413091.3597109318 851426.9881727099
531518889.4897934794 407705.8801068355
566057012.1115990877 944745.3247070312
544962620.5583012104 722402.3438926217
531688267.6598157287 415279.5432324994
531726773.4677659869 415989.2830398891
554684255.0526409149 839434.2263306379
534050781.5503814816 516857.2924684908
573417527.0997703075 968734.0266113281
545370263.6388014555 729415.7327612008
545222463.6738039255 726593.1697863901
531565057.2227086425 408531.5398458529
568690315.8719035387 957088.2302246094
545277415.8237015009 728506.9739856089
572885703.8051501513 967768.6728515625
533246523.6291691065 484324.0619454862
545366111.8380084038 729106.6037158335
572623980.8033965826 967284.4074707031
544849935.9126955271 721581.8701801774
545112422.5784721375 726083.0222338999
533053044.6233986020 478686.5423621228
572070887.6302965879 966216.3833007812
545059603.8152546883 724605.4473288310
554463070.1878076792 836214.7100154180
554470622.8488361835 836797.5719233770
533131283.4568096399 481183.6491544461
566904739.8716809750 947859.3070068359
533151429.4872490168 482140.8285978055
554540460.5350025892 837241.1423579473
531804728.1405182481 418158.5935558368
566683973.7972890139 947114.0960693359
532906443.1400640011 472264.9539282536
532877409.7734966278 468610.2082617497
566603084.0166004896 946968.4998779297
566855255.7396932840 947488.8060302734
532795821.6113067865 468218.0850317692
532685808.1841837168 464431.1767618870
569678384.8314017057 960124.4508056641
532766730.7860035300 465597.2151530003
567108070.5963093042 948336.5200195312
532663436.2111219764 463087.2772257542
569816154.9867428541 960766.2993164062
569386029.7185510397 959210.0488281250
544605563.4912455082 717012.6775811482
572029688.3862115145 965672.3508300781
571806852.4328702688 965443.2858886719
531907446.1967409253 422879.7735271238
531910221.3622826934 423500.9154948972
531978079.4092608094 426959.0868205808
532021897.7512269616 428978.8024742983
532001051.6013855338 428199.7228196047
531145032.7704249620 350338.4918191296
543934150.7585301399 704088.5796605125
531241592.9355837107 355218.1241479132
531259742.2148421407 357476.7188348983
531289091.6635506749 357765.9462837579
531267952.6765217185 357533.1922846053
582675114.7486068010 979857.9519042969
543493049.9080675840 694837.7971716740
582175354.2093174458 978271.2629394531
531215657.0961733460 353925.4428949569
581970615.4563962221 977836.6783447266
543501437.7476258278 695462.2760840275
543379254.5852327347 693836.3996908285
531326529.0547354817 364866.6450148339
531295181.9689713120 358386.9871550316
531460789.0223075747 373800.6550295914
554056581.7079739571 828592.9351022737
553733218.3706599474 825986.6491002068
582510177.4200320244 979744.3488769531
543397218.2154386044 694397.1548151821
552707089.1733965874 810567.3119841814
553050966.1609240770 815668.9642164707
553184311.3769965172 818095.3307142258
553189021.8712633848 818529.3847181797
553091717.2931903601 817540.9073622227
553338380.0746250153 819942.9915364906
562128617.0696380138 901585.9129333496
562138281.9539891481 903233.7332458496
562014658.0033805370 900782.4012145996
562338027.9292327166 904735.3924255371
562027056.7448385954 901173.8309020996
562237157.6507633924 903331.8546752930
562440479.5544445515 905726.3869323730
562250620.1802060604 904362.9544372559
581944491.0893591642 977031.9847412109
552235750.7243218422 803558.7902510762
552411130.2803431749 805781.4382762462
552551547.6305098534 807275.4419383556
551197696.6991384029 789445.8584405088
551190647.5865118504 788998.6606866026
551226403.6387345791 789716.8510857725
550622366.3574593067 781897.1673602441
550361656.4954696894 779307.5322381163
550207503.5178002119 776395.5157738829
550135829.8890591860 775189.3296776915
549948077.4315167665 773314.2261620665
580025517.3106393814 973046.1035156250
549856295.9850397110 771837.3652058744
549934602.4045857191 772646.8785210752
548699875.5105391741 757912.8539814109
548068948.7898733616 750074.5732362324
547759651.3726311922 746819.2791004085
547745920.1100583076 745993.6087599338
547725539.8032053709 745820.8616285862
547959230.8371095657 747209.8968458713
543086810.9356627464 679875.1026075864
543028828.7943511009 679179.0647963071
581449324.6993579865 973665.7712402344
543070832.1621695757 679628.4384010816
543239409.4389255047 682932.0461281324
542960203.7636760473 676144.7492619092
581277720.5151193142 973613.4003906250
581035862.8944470882 973327.6726074219
540716617.7614457607 574898.1351104761
540660131.8775296211 573773.2562042261
540606018.5711086988 569325.7424369836
540538356.9471354485 567803.4469963098
