209381033.9071789086 946769.5243248527
209679779.3897295296 968867.5491061693
210077289.6899505258 996595.5765338426
210141952.7610245943 1000492.2451243883
210022475.6699350476 989522.3144488817
210381525.6249996424 1013517.0308605020
211444363.6691670716 1077345.6642319858
222644267.9346417785 1336586.8010864258
212379499.8567976952 1123474.7164982557
208321365.2667588890 803352.9671028161
208314296.3688576818 802726.1188362145
208801274.6601746082 882024.0504002159
210382857.8885012567 1013648.1743950432
210505812.4082902372 1022773.2771782463
211756207.9090003371 1099474.8388155121
213010336.7908957303 1154226.0708391666
216170323.0708315670 1239523.5825448036
215105213.5598792434 1227593.9051727057
208741267.5816318989 878176.9838108604
210400097.6373820603 1016919.1587395256
210329619.2920791507 1012834.3367687052
212522259.5683383346 1131879.8150118012
211130096.6075156927 1060917.1046921909
213615265.7380606830 1177677.4085911512
208690632.8493713439 870079.2449802940
208790409.4948877692 880499.0507435387
208829009.7162268162 884731.4377369469
209931026.4292452633 985081.6616168504
210063542.8502538204 992456.7743987923
209904566.7853613198 984218.2761101311
210905869.6865102053 1047162.5450206583
222332728.5560565591 1327077.7673950195
208270189.5679523051 800156.0351466720
209092793.8779487610 917167.3426518028
209516955.9558391571 956714.8587975090
209681740.1306629777 969751.3496509080
210007885.2893647552 987873.4729675835
213135763.6997674108 1157088.1672810316
213423715.2813123763 1167045.9916218519
208380670.2899670601 828865.3955740517
208348217.6915791035 811356.6640066688
209577078.8374693692 958149.4987276495
210504416.1972860098 1021478.2386241739
211019575.2832325697 1056675.8705308139
211449259.3653688729 1079061.5913828015
213324477.6463135481 1164440.7394322157
245038086.1701604724 1486143.2338867188
208657965.2191492915 862541.1424412315
209084478.2630163133 916994.4268116539
209438607.8157394826 948650.3871553838
209507739.7254681587 955834.6246666496
209905824.6060056686 984411.4584691708
210238361.8570202589 1007510.4947772508
211776588.4793300629 1100068.4213350434
218467489.3296482265 1282928.2661132812
213276395.7947612107 1162418.5848835707
208545429.6471732259 856142.8645481651
208700596.3050569892 876993.9082798546
208502546.3224502206 849039.1151279991
209008003.2366600037 907190.0288929527
211156224.0068203211 1061270.7982904613
212012947.8879444003 1108908.9332979340
211290737.6669322848 1071879.4184381664
212029200.0105185807 1109984.4887178559
212742893.3293707371 1141600.6627581120
208494173.7255055308 847913.4653782432
208437166.5462891161 836307.4087986534
208377737.6933730543 825067.6814627235
209243591.2797054648 931152.0936283653
209855861.7554403543 979791.3179778939
210883109.9792638719 1040169.7562622612
211201318.4040789902 1067793.7220933139
220900509.2975559235 1298865.4425048828
222516097.1958195567 1335820.7636108398
208535465.5048243701 850422.9357151573
208636052.7951572537 860975.3677219932
209417657.5812889338 947934.2515277748
210476268.6847741008 1019790.3889526909
208698046.8219783306 870322.8373875206
209035426.4884508252 912226.5888523643
212307350.0690023303 1119571.3662202973
208861106.7136773467 891822.5247425621
209158108.5229152739 925242.5435795372
210493717.6802067161 1020642.7468323295
212378570.7089738548 1122213.2734758854
217506374.9722043276 1256147.1191406250
218436082.5491132736 1278585.5413818359
218345113.0807679296 1277787.2196044922
218138285.6346690655 1269970.3624267578
208432639.0462743342 832690.0117239540
209661556.6230082214 967070.2043785637
216268958.3892057538 1241988.9043221474
208480100.0250835121 844971.9398045128
208432493.0656648278 830749.5021824425
209813064.1921951473 976157.2203899210
209437676.7939955294 948498.3551964348
222744731.7242579460 1338612.7815551758
216425465.9487292767 1246027.2455697060
216218370.5811029673 1239834.9767708778
208442457.2080136538 836726.9869236534
209621836.2537606657 963337.0323814934
209454751.4605284035 952245.0631432121
209772997.5657219589 975075.1916423624
221819500.7671459615 1312757.5808105469
211714819.8422800303 1096932.4546602387
220953973.0265952349 1299326.6260986328
209911468.5874517262 984610.4548259561
210980217.6032511294 1048987.3683588207
210225117.2863396108 1002851.5800270622
215073406.6327795982 1224248.9177722931
218443748.3991422057 1280252.5413818359
209652855.3289428651 963448.3244957512
216692698.5509726703 1249061.0275521278
208782092.9862905741 879445.0793690269
212809857.0579724610 1143768.5438616276
209369268.7037380934 946335.5130943840
212880564.6422212124 1146624.8005464692
222986316.1550444067 1343484.6853637695
208688370.6690416336 864087.2642979210
221733775.9940547049 1311230.1416015625
209409203.9177646637 947498.0096001213
218552119.4667791128 1286892.7211914062
208899379.9254943132 894901.1856617515
209592424.7132797241 959920.1741426885
209523085.6012782454 957605.3000816887
213120326.2834862769 1156546.8005464692
210000971.8657754362 987856.2179179972
209772371.8998605609 972935.6120476311
211564482.1487375498 1087493.3038446605
212867780.0703045428 1144602.6698091645
218904399.6046721041 1294350.0322265625
208351302.8547374308 816639.3076834267
210577984.8958834410 1025152.0086235588
212978769.6651823223 1153616.9106538910
212102125.4474818707 1110335.1372469086
208876068.5651220083 892728.7304920738
210645039.1743158698 1034178.7688976114
213083136.8037235439 1154631.8854817152
218650754.7851532400 1289358.0429687500
209233976.8837943971 930479.3815025871
211369843.2038872540 1073631.3801668305
208333757.0347621739 807839.7591367215
208620262.6401037872 859910.8409580772
209139869.1060589254 922768.4694828575
210851335.2845828831 1038440.3604503458
209124625.3362308145 921059.9543308800
212698494.8033078015 1141133.3071382660
209247307.3706952333 934075.9090580528
208424128.2066674531 829276.6032741517
208670041.7294502258 863405.8216925168
208628638.8225501776 860736.7384190147
210961491.9739614129 1048470.7937886899
208880221.0012771785 893762.8734974449
210641459.8395828009 1027861.6969981974
212796433.0481795073 1142492.7903826237
222876376.8591775894 1342163.1228637695
210606648.5373247266 1026111.6611974423
217025388.2962017357 1252682.8055672646
209363139.0582990348 945453.0716881340
210754401.8375987709 1036320.2695079630
226035432.5477560461 1347368.1766967773
228873774.9211607873 1369346.1342773438
209271764.0969484150 934664.0721439903
210237795.9015414417 1004921.9935949033
210702649.9150899351 1035031.5424571817
211922456.3272573054 1107061.0897615571
214317270.6416124105 1199924.4001301527
216317005.8994771540 1242300.2985482216
216078195.3260332942 1235550.8184456825
209356658.9182588160 943692.7224449699
239383534.4946883023 1445400.8513183594
245015898.2039654255 1480771.5419921875
213441994.8417372108 1167209.5260456800
209393725.4299913645 946923.6761803215
211603220.9041078985 1088401.6442049164
214405268.3916971087 1200216.2540496588
212336421.7273452580 1119738.7952246259
212202697.9439857602 1118759.0874295849
214248575.5752472281 1196805.1663044691
214105859.0191394091 1189915.0987995863
209206449.4519819021 926588.8712162559
211527693.4126127660 1084821.4087618012
208809523.7824876308 882438.0555958336
216410478.7563472092 1244014.6871871948
211544542.7092418075 1086041.1763399262
212613718.1923576593 1138066.8441255707
212680681.9209593832 1140234.7252290864
208931476.9229449034 901992.2726673668
208944063.5318315625 902452.1847767418
221525690.3338033557 1304932.7565917969
215775217.2163281441 1231697.7462692261
209362788.5636980832 944575.1638512199
213777341.1432858109 1181293.2734822035
209016949.8690776229 911360.9041981285
211701725.7851406634 1095830.3593233246
209036108.7932946980 912499.2163624351
213605349.2669011354 1176744.7240437269
212417358.2604473829 1128803.6928194184
209170755.5899882019 925616.1091847008
211697712.5669806004 1093556.4892061371
211856910.7588742971 1103518.4158418793
215831518.4935292006 1232932.6205047369
212572330.1256373227 1135370.2568452973
212117713.1820007265 1113327.4837129731
223191166.4598673880 1343518.3492431641
244700177.5931168795 1480569.5805664062
209108934.9892694652 917582.5898975914
210541098.8038068712 1024903.9386974161
216868476.9704360664 1251547.3880538940
242964695.4413327277 1475700.9541015625
208925238.8723717034 899319.0456165855
244572790.5889934897 1478318.7602539062
214823652.0712948143 1214271.9005340338
223646719.4572377205 1345487.2114868164
208919087.2335946560 897765.6764454430
208780462.3936164975 879412.4602284019
209502809.8829969466 952283.2248863762
231414118.3283695579 1386366.7041015625
231610567.3868202269 1388314.6221923828
231309577.2902289629 1382477.2413940430
213537333.4944054782 1175340.9008260856
210623395.4083932638 1026669.6858897989
239231718.9033498466 1439726.0206298828
209016710.3896179199 907808.6670765465
209294824.7159634531 936154.0643333977
210397583.5858787894 1014341.2520519083
215056685.6240954399 1221036.7911590338
245331630.0895156860 1487622.2705078125
240909149.9843965769 1463629.0007324219
242591370.7325578332 1474071.3574218750
215946116.5495038331 1233260.6965866089
213713478.3555566669 1180461.5156697035
238968541.3745162785 1434937.0218505859
213343359.5233629346 1164744.2042683363
208816442.6414131224 883134.0006031578
213422775.0706233382 1165560.2647945881
208840220.4615110457 887154.8156971519
239675497.2172536254 1446759.8015136719
212944761.1367097795 1147147.4811165333
213591412.8107485175 1176276.2346638441
210210156.1343659163 1000788.2084422891
222306071.2233518958 1314955.7808227539
210951223.9439887404 1048130.4995189493
214711080.2967679799 1211285.5608123541
222318201.9519500136 1318311.6758117676
222318219.9282528758 1318387.6181945801
211622353.2501453161 1088600.3844110668
208860779.7041552961 890667.4547657555
238790269.7319914401 1431413.2969360352
214450883.1933297813 1203499.3657871485
211401511.7559776008 1075951.5113641918
213877526.2008774281 1187312.8008457422
214157840.5660391450 1193228.2262684107
214188339.3223979175 1193410.5493885279
214912988.7715899944 1220314.1982635260
210733873.4395384789 1035284.4293285196
234955138.6422967911 1404868.6921386719
235013994.6794267893 1412438.8576660156
210629452.0065439641 1026784.5390392130
244381041.3675386310 1475966.1718750000
210743118.6481207013 1035308.8887096231
211368145.2953398526 1072446.0142938793
217556982.7911218703 1256238.1748352051
214084911.4986983836 1189579.9641834497
214634739.7669456601 1204892.2011932135
214809715.6151421964 1213750.8825896978
221208538.0046729147 1303194.2941284180
240690704.1649385393 1446799.3992919922
213451709.7596573234 1171884.0305925498
213448502.2251970768 1168132.1146989951
242166248.6376667023 1464080.4868164062
214786497.3994127512 1211451.7120574713
233336152.5240303874 1388314.8715820312
214140951.4108642042 1191073.3145223747
211400883.4809976518 1074997.6127567291
214427664.9776003659 1201200.1952549219
244129090.0438082814 1475811.0478515625
217944071.1481829286 1264479.0196838379
217885223.7119238079 1258339.3845520020
213236409.6708666980 1160765.4892107139
227992801.4263261855 1358250.9022827148
227870523.7198906243 1357537.2506713867
211993125.9420177042 1107522.0179887901
221532766.8032884598 1308628.2906799316
233469873.7240650356 1392798.7928466797
244499382.7251419723 1476054.5541992188
214658856.9283023477 1206845.2762664557
233928037.0272764564 1393895.8759765625
238301555.0281644762 1428177.9226074219
228625893.3543568254 1360800.6824951172
228976081.4628948271 1371952.9193725586
227408856.5808341801 1348655.2958374023
234152186.2517700791 1400419.8065185547
242461692.1811650395 1464184.9741210938
238285128.7320411503 1425107.2410888672
238444284.2399691343 1429299.2990722656
244305014.3661900163 1475890.2944335938
235672350.8219529986 1417149.6989746094
234317974.9246661961 1402884.1396484375
233931798.1911113858 1395633.1486816406
