540256743.3199472427 20883690.6347656250
540298230.7763714790 20893661.6582031250
544451268.2724503279 21908258.6582031250
544327019.7252191305 21883310.3261718750
544557499.6025304794 21912739.5488281250
553468959.7436100245 23025256.0371093750
563844971.9583123922 23749731.9824218750
563627639.6984572411 23747105.6230468750
580205269.2487941980 24271409.1230468750
586436377.0478315353 24368206.6230468750
586243548.0448644161 24366890.5449218750
589103634.4442046881 24381022.1933593750
592456330.6577774286 24387905.4199218750
553718446.4028795958 23042258.4433593750
553475327.8827219009 23033794.2714843750
553486594.0635238886 23038135.2324218750
611002465.9412598610 24406068.7871093750
541205131.8825370073 21157103.7324218750
544288323.3860634565 21881797.0175781250
549088505.5311969519 22568259.3183593750
549094805.3419561386 22571676.2988281250
555629076.7176344395 23203031.6308593750
564110152.1624896526 23753963.6699218750
563471031.3811681271 23743658.8574218750
569740683.7977097034 24015174.3183593750
584142568.4630572796 24339882.0214843750
584463738.8088139296 24345976.5292968750
611203409.7162473202 24406602.9355468750
552059487.9905608892 22915166.0253906250
552871075.1302602291 23002386.8339843750
563225953.6275346279 23720156.9667968750
592576388.6835730076 24388546.5996093750
543780856.8539661169 21779137.4941406250
552817989.3453800678 22999957.3574218750
552760758.1218265295 22989003.9238281250
563400176.3791234493 23731313.9433593750
563229460.2814041376 23724261.6777343750
563356419.5302420855 23731092.8339843750
592245050.9504913092 24387790.8730468750
540358322.8657451868 20916569.8964843750
548902977.1554719210 22546268.2402343750
555542419.2161359787 23200296.1464843750
569496075.4634484053 24013651.3183593750
580252066.5949209929 24273461.3808593750
541163631.1732563972 21151347.5878906250
541191099.0347437859 21151887.8769531250
541053865.3864682913 21131213.6816406250
548905639.0274120569 22547055.4707031250
555616011.9756289721 23203021.1699218750
584605145.6975339651 24349070.6386718750
548949141.1181789637 22552541.5214843750
552675356.7797567844 22982302.2441406250
584892472.0135511160 24350468.9667968750
568942053.5115424395 23996394.1464843750
544363259.6621149778 21893442.3417968750
556241184.4807986021 23220613.6542968750
563269767.5170495510 23730870.7089843750
567323729.8408042192 23921704.6464843750
548884437.1718392372 22543858.9121093750
552586334.1914149523 22974765.4472656250
555520158.1662679911 23199240.1542968750
552478874.5000871420 22959697.3144531250
584499953.2089120150 24348040.7714843750
544578773.5395290852 21922586.8261718750
549328360.1944583654 22593697.2363281250
552433383.9054206610 22957171.5332031250
567564231.3906718493 23935933.6933593750
567620864.4773991108 23936074.1542968750
563113937.3339380026 23715221.5136718750
540092589.0108227730 20807237.0371093750
540104830.7159850597 20821331.6542968750
540309428.6737693548 20910366.4511718750
544656698.7171103954 21925000.1738281250
544704050.8710550070 21926047.5214843750
540108753.1714673042 20829283.0214843750
544744663.1339467764 21929596.4433593750
541023531.8217959404 21115159.6347656250
572284568.5794814825 24100901.2167968750
544253587.0008109808 21859649.7753906250
555414282.3081512451 23191795.6230468750
549209363.2527760267 22576599.4160156250
555274742.0716316700 23181355.8496093750
555073094.7817623615 23154766.0566406250
555369387.2143172026 23182659.5839843750
571550326.3483487368 24077327.9589843750
540131854.9343372583 20841381.0683593750
571759341.3634830713 24085838.9199218750
571975465.9244946241 24091073.5605468750
571620191.9270071983 24083392.9355468750
544147171.8289887905 21852039.4394531250
544108873.1752222776 21845089.0175781250
611149476.5873597860 24406200.5136718750
552164682.1670230627 22928220.8222656250
564149752.7612037659 23770483.4355468750
543793386.8428221941 21786362.7285156250
584027557.4745135307 24338923.7792968750
571474804.7994248867 24075150.6074218750
543967117.0110251904 21817694.0488281250
584299428.6921131611 24345251.0371093750
564444929.4643794298 23784705.1542968750
548980677.1653418541 22554211.2207031250
586822545.2538441420 24371188.4042968750
549062407.0494694710 22564607.4472656250
579316803.6685647964 24261555.7636718750
579405847.7621773481 24263587.9589843750
568877697.3099645376 23992150.2714843750
549024767.6510726213 22563472.2519531250
554960936.9829696417 23143233.6621093750
564198821.3599628210 23772867.0605468750
564580214.7813901901 23786513.4980468750
554818125.2803770304 23133644.9746093750
587022861.4831535816 24372252.3574218750
551673750.8228552341 22874052.9863281250
588136014.6102917194 24378724.5917968750
543557881.1604585648 21717933.6660156250
552064754.0221612453 22920150.5722656250
571253248.8114483356 24066227.7246093750
571401195.2739800215 24070234.0371093750
579269962.9241673946 24259690.7949218750
610615584.4329298735 24405227.8261718750
568705390.7118803263 23985893.4042968750
567556145.6048766375 23934910.2480468750
568387284.2244799137 23971163.8027343750
587834584.9298723936 24377188.3964843750
540561137.3331918716 20952441.0644531250
567386608.2354176044 23927636.6230468750
587531856.7775745392 24376393.0449218750
549405854.0633691549 22609571.9824218750
568628271.9340851307 23980923.1074218750
571153847.2018104792 24061483.4746093750
571080321.0802296400 24060531.2167968750
567524336.2549768686 23933782.6074218750
551597012.2468998432 22864376.8535156250
549371239.1514151096 22602504.4199218750
579270450.3685971498 24260250.9511718750
543488764.6416525841 21705508.9863281250
543635370.7092614174 21734983.0800781250
610569075.8074431419 24405055.1699218750
564778334.7692697048 23796545.0527343750
565089542.5212738514 23812388.5605468750
564855896.9108107090 23803312.3574218750
570329521.4497189522 24033141.3886718750
565025549.9032555819 23810053.0136718750
570499011.0969648361 24040475.4902343750
541402458.0394527912 21184747.1035156250
567782527.0563783646 23938610.9589843750
610144979.2824398279 24404736.7792968750
569965589.5126981735 24022687.3417968750
584392173.3374589682 24345626.4902343750
586765320.2413505316 24369501.2324218750
541275896.4583252668 21162833.6699218750
543564451.3753467798 21724002.8183593750
568458930.9640316963 23975061.0761718750
586802412.4181149006 24370533.8886718750
568465621.2203164101 23975071.6542968750
554608866.7385178804 23110888.6230468750
585106516.4335811138 24352587.8964843750
543520978.2569690943 21715478.5566406250
554636461.9864170551 23112226.2324218750
554676586.5742900372 23113643.1582031250
551573431.3917268515 22845873.7949218750
540703429.9120138884 20973073.6035156250
551317835.4682507515 22815138.0136718750
540926569.7660548687 21061716.4707031250
551354700.3338848352 22823499.8183593750
540711636.3509345055 20979111.1152343750
551442141.6954514980 22833242.6074218750
540980043.1445773840 21074788.2714843750
541022017.2455689907 21093841.7128906250
540696299.8292796612 20966461.4121093750
540654021.5211257935 20955077.1347656250
553992439.2103053331 23048761.9277343750
541003819.9871637821 21080810.9394531250
553918465.9356998205 23045317.4511718750
540829334.5235168934 21024793.9433593750
578114757.1097972393 24232567.6386718750
540720155.2010043859 20985251.9472656250
591369711.1837059259 24383400.3886718750
591546333.4358174801 24384259.6777343750
578170323.6466274261 24232572.4199218750
585450589.6668817997 24355679.3261718750
585382453.2644125223 24354867.9746093750
590853262.3188028336 24381973.2246093750
609014886.5478324890 24402681.4902343750
591267614.1701549292 24383365.9121093750
551271815.8912311792 22803667.0683593750
578057803.7627805471 24230633.5683593750
591227366.6809139252 24383335.7714843750
608897890.5824577808 24402019.7324218750
591068344.6084702015 24382789.3574218750
590688490.6163101196 24381961.0761718750
551309912.2264157534 22804084.5371093750
566595471.0670543909 23881977.8105468750
566709371.8178917170 23892031.7011718750
608476328.1850185394 24400541.2949218750
566076425.5415169001 23860240.7011718750
608642287.9315046072 24401270.8027343750
608516262.0296218395 24401162.8964843750
606481624.4096792936 24399188.7167968750
608444381.1576231718 24400160.5214843750
607943495.3873690367 24399885.8964843750
565692386.9670835733 23841290.4824218750
565545730.6188083887 23833486.0214843750
565510587.3002457619 23833300.3027343750
566254230.1272970438 23866882.4667968750
566275646.2057696581 23867001.7167968750
566441420.0488784313 23875721.0292968750
566309661.8738815784 23871346.0839843750
606288386.9089919329 24398933.2480468750
606193323.3541244268 24398638.6074218750
542423463.0237232447 21344722.5097656250
542274938.2803301811 21318158.9941406250
576798565.5741525888 24189228.4511718750
542094969.2540922165 21261576.2949218750
576627844.0039427280 24187964.5917968750
576790483.1021906137 24188889.0371093750
576407968.3568907976 24183930.9667968750
542175319.9302493334 21284581.4824218750
551049953.7964415550 22765982.1152343750
558524086.8371007442 23322169.0761718750
558372899.6130900383 23314506.3183593750
575317464.7522577047 24152615.4277343750
575835489.4625878334 24163393.6621093750
558575395.6351469755 23326454.1230468750
558433180.7502403259 23318438.2246093750
558929214.5791752338 23331898.5996093750
558233371.5901284218 23313263.9121093750
542152748.6641197205 21274328.9394531250
550793039.2243547440 22734600.6699218750
574940804.7827122211 24145165.6542968750
543304863.9087325335 21526462.5214843750
543347547.9233667850 21547100.9863281250
550500452.7743502855 22697418.1894531250
543147320.9035205841 21506326.1074218750
543195573.3232043982 21516391.7753906250
543318435.9869126081 21538490.7128906250
542097037.2586940527 21262839.5722656250
543234920.6334515810 21521803.1582031250
550545384.3828798532 22706127.9628906250
575877923.4259603024 24168445.2011718750
558008815.4002709389 23297463.8652343750
575392398.5470458269 24154275.2636718750
543004403.3304738998 21473859.9277343750
550572539.0412001610 22708869.5058593750
575088879.4320842028 24148150.1933593750
550206581.2943789959 22662617.0996093750
557364940.0421497822 23247134.0683593750
550102887.7016379833 22655618.8808593750
542023828.9663676023 21238365.8652343750
557479604.4630881548 23252624.7011718750
557671343.9373209476 23267080.3183593750
557584225.0339510441 23261127.9589843750
557492253.2618184090 23258332.4199218750
541946813.1244504452 21209318.4550781250
542826114.2350748777 21423157.6464843750
574844852.6985019445 24138913.1777343750
550077929.2859109640 22645366.1386718750
542853057.0990600586 21438786.6582031250
542758928.7791001797 21415597.7597656250
542846580.0471295118 21433852.4746093750
542728867.3617260456 21408324.1191406250
605222724.5828974247 24395723.9746093750
542692021.2957004309 21391921.2011718750
605363834.5873585939 24395932.5058593750
542586470.8366937637 21348145.5175781250
557255912.9606728554 23220617.5761718750
548780848.0468810797 22421011.6542968750
548739796.7701001167 22410799.0488281250
548616588.8708707094 22384407.9316406250
548597332.6101975441 22381374.2988281250
604622385.5891301632 24391488.1777343750
604610678.0395236015 24391307.3652343750
604306895.2628791332 24391260.5292968750
583830813.5083568096 24287821.5371093750
604022152.8472993374 24388719.2558593750
583731277.8656499386 24286293.5292968750
548435057.2408096790 22307330.7324218750
548409789.1186167002 22302754.2011718750
548057798.5993825197 22246552.0214843750
548003596.4747055769 22243179.0488281250
547955557.1648585796 22234184.1816406250
547779942.5994428396 22201225.3261718750
547899356.6684256792 22225155.9355468750
547822724.9600300789 22206044.1972656250
547770761.4086802006 22166264.5019531250
547169262.0202838182 22059845.2792968750
547235047.4342163801 22067417.0488281250
547202153.9377086163 22061052.8183593750
546861796.7147787809 22011116.9628906250
546850588.6762214899 22009810.5058593750
547029445.7544181347 22040781.2402343750
546901251.1037424803 22022196.2480468750
562973729.4810971022 23468534.0449218750
562781723.7967272997 23442388.2949218750
562900253.4544458389 23455870.5449218750
562479673.4407985210 23406616.8261718750
561899290.6045385599 23367389.8964843750
562051336.0232136250 23369528.3730468750
562043243.6138361692 23369425.9121093750
561716075.7929377556 23351356.4824218750
