361491038.8467008471 23342.2838582247
361606712.4123602509 24831.4008842707
361625811.0261718631 25115.9313834608
361761801.4839938283 26157.7763470411
364443561.3474544287 32092.2017469347
361486402.2882865071 23008.1793994755
361672038.9007450938 25489.9084886014
362009363.3261659741 27226.8644806319
421297088.6909825802 63462.0647901893
448749329.2444353104 75816.5339584351
361606712.4123603702 24831.4836724699
361692181.6922352910 25564.1797011793
362053546.5553638339 27474.2562899166
361744218.4678558111 25855.9329490238
363406393.7262707353 30553.1333300048
362321392.8413172960 28580.4535923532
361486402.2882865071 23007.4945635647
361711381.0980177522 25801.7011327446
361860606.5022906065 26832.6152064800
361928072.2012565732 26895.7062346810
362722060.5526894927 29404.7425111283
365892493.7311911583 33813.0442475290
365572859.9607195854 33473.5020626303
361731501.7217693925 25852.2308066785
362867683.5671300888 29648.9698184002
361967414.3985291123 27207.4516003006
361967414.3985290527 27206.3183410042
361744218.4678559899 25855.9393410259
361833981.0511045456 26523.5276625031
361833981.0511045456 26524.2468397492
362217159.3297445178 28000.6153023117
361928072.2012563944 26895.6998426788
362916476.6371751428 29721.0422129197
361813860.4273530841 26473.7107463949
363333516.0398150086 30095.8867695512
361796767.1350594163 26422.7510505915
361783560.6651284695 26166.5514473491
361684755.6468316317 25493.6106309467
363591774.1723017097 30824.2763212302
361490889.2030978799 23310.8683651835
388411214.3382807374 45418.9258861714
362197038.7059928775 27949.9500313872
363082128.2669566870 30090.4619265069
362422153.1567988992 28683.5017876499
364850374.0836009383 32560.2920552931
365641039.4525558352 33562.6383751013
448749329.2444354296 75821.8744735718
362209771.5156937242 28000.2011869126
366410364.9964843392 33898.9459295985
362197038.7059929967 27950.4963779324
362460581.7423633933 28950.4272882940
362403778.7806188464 28652.2134692533
362403778.7806188464 28651.7607230100
362321392.8413173556 28581.0822744157
362217159.3297446370 28001.3476974838
362032305.7128292322 27472.2165017948
364763149.1937578917 32411.4647642017
361761801.4839937091 26157.4968100786
362569430.4104005098 29023.9864392423
365623664.8397740722 33532.3919015685
365388609.9393107295 33303.8714159120
365417104.7162244916 33317.2164464502
361907951.5775049329 26844.6297166222
362114691.6521307826 27544.2333339469
362403778.7806188464 28652.9499804838
362196003.2461218238 27942.4174361103
362197038.7059929967 27951.1698683375
364643813.9600514770 32344.1123595284
361967414.3985292315 27208.2067950838
363082128.2669566870 30090.9906483756
362950069.5064316392 29722.1162908496
362252676.5570797920 28313.4679156416
362290094.3962736726 28313.8704390400
363467538.8230377436 30622.3617367785
362114691.6521307826 27544.5857093121
362114691.6521307826 27544.5559766562
361655389.7605192065 25175.6510300213
362256501.5270171762 28313.7160888785
361619429.1584469676 24834.4602455669
361731501.7217692733 25851.5116294324
361860606.5022905469 26832.3637038469
361907951.5775049329 26844.4567987793
362162410.3768653274 27942.2630859488
362950069.5064315796 29722.0148265941
361655389.7605192065 25175.6470665508
361642673.0144324899 25171.5295819938
361794661.0215706229 26236.1957342499
365027738.2272584438 32908.9670939338
398832505.0798508525 53789.1318633403
398373400.6487752795 53417.6788604106
361813860.4273530841 26472.9897148483
362137017.1814478040 27629.8946945542
362114691.6521307826 27545.2188796682
362120559.0484991670 27613.6512457007
408038801.0288078785 57518.2027807331
364289253.4103111625 31884.5704404768
435777196.3263099790 69979.6808848614
361967414.3985292315 27208.2180560702
362114691.6521307826 27544.4997024221
361873323.2483773828 26836.7206500643
361967414.3985291123 27207.0375182503
362683112.5791046023 29054.2356133335
362422153.1567988992 28682.7826104038
361813860.4273530841 26473.0019619339
361770843.9190418124 26162.8493050039
421248958.2398126125 62940.5356147513
361783560.6651285291 26167.2706245952
447853581.2026903629 75778.6945953369
361619429.1584469676 24835.1402904564
361642673.0144324899 25171.9665674865
361801143.6812664866 26469.4848198891
361801143.6812663674 26468.8344856501
363286761.7258064747 30091.2872077094
361907951.5775049329 26843.9896309250
362858255.3771541715 29639.5497941398
361813860.4273530841 26472.9918172234
361907951.5775049329 26844.4448201531
363363502.0690478683 30194.5637379759
361587975.0362306237 24792.9312727451
361711381.0980177522 25801.7048644722
361860606.5022905469 26831.1631957293
363860123.5752516389 31484.4533214741
362720213.0965564847 29383.6203551052
362487082.9034846425 28995.0029129856
361642673.0144324899 25171.9488876760
361813860.4273530841 26472.5366279953
364639483.8624181151 32322.4116372787
362437331.3298566341 28894.5132944309
361642673.0144325495 25172.6704934537
362074571.7468480468 27512.2084313207
361498672.5462511182 23382.2029240467
361655389.7605192065 25176.3726357990
361938252.9950631261 27147.5382732027
361821264.3050180078 26519.8255201578
361860606.5022905469 26832.2964550257
361873323.2483772039 26836.2298327559
432763988.7793871164 68406.3381512165
433023692.0285673141 68406.9236156940
362290094.3962736726 28314.5571360462
389266095.3293104768 45830.4230628372
388869096.9063382745 45829.5940680862
447788782.0492469072 75747.1470565796
361655389.7605192065 25176.3735208088
361642673.0144325495 25172.6036948860
361561716.1094982028 24433.2606489360
362101073.7728527784 27530.4149459411
363729031.3692253232 31112.9511930668
361498672.5462511182 23382.9065855183
361486252.6446834207 22975.6213220507
361642673.0144324899 25171.9449242055
361561716.1094982028 24433.8886575997
392526430.9255180955 48564.2208225601
364334290.2164794803 31950.9586343491
361541985.7162504196 24101.5751909316
361587975.0362307429 24793.6415762007
361522480.5857687593 23753.1042446531
361530216.5594374537 23782.7408437766
361541985.7162504792 24102.2798903286
361619429.1584469676 24835.1858148151
361997964.7177570462 27221.7542504282
365485278.9080497622 33365.8412387831
361549512.7252941728 24136.1481182575
362363658.8753359914 28620.4519892060
361498672.5462511182 23382.8813910820
361506408.5199198127 23412.4552737810
424625666.4509155750 65300.6039353013
385440676.5263591409 44451.1399268829
385203378.8116061091 44421.1448869430
412823394.7912392616 59249.4300485188
412131700.4474259615 58901.5186122889
363001848.0713792443 29751.8926226790
361721028.7449988723 25812.9608529508
447665623.7627488971 75346.5283355713
362586968.9480435252 29029.9205312489
364287472.1712179780 31661.2625627662
364155100.8455287814 31588.0487795020
363001848.0713791847 29751.2369678910
362148343.6331289411 27805.8906993442
363062993.1681461334 29821.6216490837
437791302.0663241148 71314.6147606000
432064917.9865335226 67869.4118555635
432681789.9604295492 68045.0127314180
413035249.6294800043 60645.8291216339
361506408.5199198127 23412.5380619802
361549512.7252941728 24135.4476064444
361587975.0362306237 24792.9315898120
361784868.1122300029 26221.3918005228
447499436.6671595573 75125.1075325012
361571983.3819991946 24466.6789417565
448156193.2413909435 75808.0831069946
361561716.1094983220 24433.9563411772
362621959.1751890779 29030.0929434355
361541985.7162504792 24102.2339616120
361561716.1094980836 24433.2517946959
403565261.2037153244 55691.4152209731
361561716.1094980836 24433.2298869193
361596445.1398591399 24797.9678190649
361523253.7985618711 23776.4654123783
361561716.1094982624 24433.9554561675
363346228.0187621713 30096.7069591264
361530216.5594374537 23782.7100817598
426044650.2296636105 65681.7880049646
361533521.0710627437 23808.5301272869
361530216.5594374537 23782.7317250408
361541985.7162504792 24101.8523732722
361506408.5199198127 23412.4623111524
361530216.5594374537 23783.4356510080
361506408.5199196935 23411.8124927320
407542991.6318646669 56269.5260168756
373908516.5134649873 35635.4739416088
373213637.9283736348 35225.0504663433
361506408.5199198127 23411.8341360129
361506408.5199198127 23412.0920296945
361506408.5199198127 23412.4712634124
361549512.7252941728 24135.4162280560
361549512.7252941728 24135.4259631634
361523253.7985617518 23775.7398431301
361596445.1398592591 24797.9894623458
361596445.1398592591 24798.6933883131
361506408.5199198127 23412.1023477949
361541985.7162504792 24102.2973460257
361506408.5199198127 23411.8329637982
361530216.5594374537 23782.9896187223
384407462.1302383542 43702.7058382179
361606712.4123601317 24830.7581032217
361605586.5288887620 24799.0399087369
361518177.6767327189 23730.6928676963
361541985.7162504792 24102.3007601798
361499552.4495505691 23387.5595284402
361615853.8013897538 24831.8301928937
361596445.1398592591 24797.9975982010
365821437.6501592994 33722.6826385404
365760057.5942512155 33713.2309739764
447683807.3259198070 75418.7198562622
364942873.3935493827 32579.3644346143
423047989.8932042718 64210.4602148207
447685798.4238675833 75705.5824203491
423722389.0178826451 64324.5770576084
424163910.3386521339 64615.4437873447
426516805.3302919865 66454.9108916223
420003797.2146648169 62745.4916190179
419932803.4619380236 62708.5563468011
364241167.6935802698 31620.2948918487
411729322.9583992362 58201.7613715203
441072566.5269083977 72396.1358353496
440638381.1622611880 72389.7456681132
364241167.6935802698 31620.3899825956
364155100.8455287814 31588.4308494474
365250943.4967747927 32927.8134550448
364776776.8555470705 32460.0198167409
419590986.7199448347 62489.0854894789
419410481.9471852779 62486.6846372755
364086304.7834747434 31523.9419969167
447341037.3371953368 74474.3123054504
417832983.0805407166 61345.4994234117
417348782.6464362741 60994.1093477691
364716850.4738695621 32366.8629516507
390079686.4909815192 48553.1348911072
389331505.7716339231 48173.3652530457
379945728.7617296576 40400.0183650698
428690557.3582888246 67232.0254932018
377305882.5359470248 40189.9136699211
376451293.9732738137 39841.0289171111
405523460.4928571582 55918.8274562169
430785706.5618928075 67628.1161203291
403390436.9894394279 54109.1331207003
397689048.4219837189 50720.5761566698
397477791.7483315468 50696.3795662463
434908504.2376137972 69713.6842187643
430710712.3040663004 67451.4122636318
430078896.3385386467 67448.6348435879
393936052.9025227427 49535.9163967740
393616511.0048797727 49117.2227341305
363538535.8197125793 30661.8738242727
396043521.0571780205 50055.9201467443
395545386.9679216146 49895.1547755409
363538535.8197125793 30661.8980247121
363538535.8197126389 30661.9212035482
419311074.6098030806 61860.7710072694
447162832.6639341712 72960.9054126740
446937871.6906923652 72904.7121543884
410058616.3395093679 57585.1599855897
375267008.7656626105 36506.8257867335
375229683.4770396948 35925.0737479584
406316098.8640508652 56231.4191262830
398059119.9428620338 51153.6378082741
398144010.2290250063 51463.4514908302
375924680.6955885291 37668.4696403044
382088005.5226203799 42748.8506121162
381447746.1770902872 42543.7426381234
373693637.4046208262 35353.0222546081
382241777.8226267099 43040.6825861930
386607700.5752605200 44761.7972586083
380359036.4190550447 40521.0988809394
372762564.7431822419 34857.4651429510
372094576.3373900652 34675.5520338826
371599608.1838561893 34132.6144513475
372094070.3454458117 34520.5781226100
371993901.2369560599 34372.6181666087
371993901.2369560599 34372.8073231410
