216864598.4835418761 203746.1005859375
183474116.3657814562 59968.5969183162
181782765.5887329280 34780.5724132955
183186315.6431214511 59048.7168000654
198725959.8223933876 153137.9633767605
204790022.6590820253 177264.1382751465
214853286.5163846612 202521.5216064453
183207769.1782667637 59099.1300255671
189533621.3000801206 108270.5680009611
189652592.9279978871 108769.8648820464
215956584.8260314763 203455.3305664062
204509727.6027812660 176583.8476448059
212259484.3609832227 200218.6082763672
183329769.9712555707 59522.9130226985
191091560.7308202982 116576.3221855462
209348512.2269812524 193094.3984985352
215267069.3057630658 203228.3482666016
198947852.7209708393 154285.2643716335
199866841.5969317853 158192.3740212917
210380617.7912396193 195685.8695678711
212454863.3511515558 201007.4349365234
189201485.7977099419 106195.6987281088
190744080.0869291127 114640.8329410851
209269166.3302516043 192723.1384582520
212458235.8402366042 201092.3527832031
185622238.3746485412 81059.4014441073
191078829.3935333788 116270.2674198449
191205308.9941648841 117663.7037616074
190612052.1939030886 114157.0988407433
199077003.6501522958 154604.8585488796
199998979.3415264189 159092.4649636745
200470465.3728487194 160893.6935555935
205263883.4792607129 179423.4312744141
209715601.3437327445 194275.8957519531
216329046.1321839988 203586.5775146484
216930315.6425063908 203835.9389648438
200422151.8944757879 160629.4382302761
190781278.0845493674 115629.0809574425
201411279.3724147379 164261.3793961108
209394045.1750361025 193226.0339965820
212090952.5843889415 200054.0856933594
216368127.5493450463 203683.3609619141
181833127.4323242605 36857.5300351232
185504520.4145666063 80574.9607397616
190183853.0515863299 111787.7575241327
190473203.0449863672 113900.3907933533
190400814.8529694676 113494.0566269159
209640339.5932260156 193960.2920989990
202357946.0453158319 168727.1202218533
186137277.1959249079 84825.2910682261
189129875.6613629758 105332.5282085687
201917825.2060723007 166665.7772283554
201935307.2175276577 167195.1449524462
212898681.6142581403 201381.1486816406
182824108.5592642725 55227.1576195970
190198021.3986624479 111975.6547588855
182554838.1386642158 51612.6500142083
185689459.4996111691 82247.3789768517
189435570.3485574722 108035.6337561850
201838872.8343836367 166650.5612122118
215045027.6225878596 202933.3023681641
182663798.9864180386 53307.6591912858
212666189.5074102879 201196.6020507812
183072189.1983782351 57249.9344269648
182520076.3739342988 51337.4396183953
182797529.7691887319 55110.3415852800
182594004.3196159899 52946.1192143426
202083855.2877049744 167358.4401947558
210088076.4365627170 195422.7632446289
215154915.0428537130 203181.0501708984
182448486.3812769353 50991.9917119012
182348168.5124208629 48951.0836408600
198872488.6640103161 153444.3250405788
216657427.3027165234 203726.8740234375
188800939.6666798294 103703.8725057989
189674806.6375470161 109241.6503486931
181739893.8272751868 34730.1618031561
189682792.3880569339 109403.3226108253
185744316.8261804879 82636.8875037730
191396772.3391448259 118089.8721364737
212575234.0155282319 201117.2589111328
215577744.1648422182 203379.4656982422
182540212.7171962559 51505.6549079880
185960906.4677371681 84080.0847021639
215455666.3761915863 203338.4462890625
199091905.5561875999 155196.4536416531
214607382.3279234767 202157.2749633789
217356364.5498155653 203847.6806640625
185878843.1822427213 83048.7035133541
185650751.3822534382 82046.9428564608
188756153.9860942066 103474.6398152423
200819017.9884170592 162578.3928848803
209817206.0399690568 194533.3859863281
210118041.6665015519 195558.4340209961
185599404.4413238466 80724.7461401522
209948825.8987897336 194693.4059753418
204582365.6513698697 177201.8629302979
217581529.3920442164 203872.9123535156
188566334.9535473883 101983.5432105660
189995228.5474513769 110410.9838036299
218135480.2630837262 203906.8806152344
212767297.2741723657 201258.2370605469
185595091.0605325997 80649.0021215975
187141865.6183837950 92569.5008001924
189970222.0732020736 110410.5476474464
191015863.4834378958 116212.5284001231
189997685.5449791849 110875.3047275245
201456134.7043828070 164804.2665115893
206001656.3589513600 181879.9139099121
210994112.5335168839 197427.7348022461
190975793.7929608226 116056.2941345870
190577491.7788690329 114023.1522888839
190118407.6404620409 111503.0058231652
201929394.1708789170 166789.3463837206
210779875.3905177414 196758.0277709961
210687408.1264211833 196600.2713012695
186906836.2276858389 90863.2016974092
200732735.2861908376 162050.7700211108
200907839.5718166530 162866.0490833819
211194681.7851521075 197890.7250366211
211368213.4846985042 197981.5261840820
189367576.3044854403 107259.9644349217
189386066.0206052065 107266.0190196633
211024505.4702603519 197676.2589721680
182192368.7415735424 43421.3292458244
201602363.5659847558 165481.5804345608
205865217.6904136837 181497.8536987305
216138768.0476714373 203488.8509521484
188597955.8438280523 102438.8919330239
181727052.0844424665 33394.8653822434
188579274.9839908779 102160.0196616352
211388172.5591818690 198307.8756713867
211444793.8666270673 198436.1434936523
205524130.2008261383 180332.5806579590
211427912.8811068535 198308.5742797852
199262883.2315678895 155970.5874917507
201777401.6691043079 166295.9191873074
199360541.1494935453 156108.7932412624
199436061.3067957461 156534.3408486843
199671585.8411932886 157594.1295337081
202128777.2922284305 167579.5582825243
201501985.2978316844 165455.5954681933
201612603.5947042406 165583.5406599045
200634033.1731657088 161712.4629532397
211465641.2881174386 198560.4846801758
211264762.4618943036 197956.6664428711
212060857.5672557056 199936.6212158203
211759760.3042782545 199170.6648559570
185429597.9694943726 80013.8010107577
205710636.6858018339 180922.2714233398
188190334.6221201718 99629.2776586115
211894984.9271188676 199361.8858032227
182290761.2865914404 45184.5233711615
188306887.3135142028 100229.0799392387
186623729.1541015208 89064.3768377900
205357196.1232444942 179910.4964294434
181934004.7792311609 37715.1816049223
182120484.4907210767 41346.2402721979
211716930.5498106182 199049.4112548828
187846292.3882836401 97183.8540622592
188107000.6124480069 99241.1195337176
187935028.9729675353 97798.2088138461
199924988.8403029144 158600.0073678493
201476327.4976545870 165152.3728653491
205843019.5592682064 181399.0892944336
186449818.2011623681 87039.4238539338
206057975.1248832643 182016.6511535645
199692676.4247212708 157826.8726746142
205390612.2378536761 180141.0987243652
187826650.4401718676 97047.8014584184
188049218.5583764017 98222.6485908031
187931141.9510963261 97512.9175531268
198634481.3520266116 152303.7424789965
200954952.4439665973 163242.9363113940
204992260.5048240125 178696.9918212891
182322758.1100011766 45238.0989854075
182082484.4604059160 41118.2396794893
182148820.2604203522 41425.4995966591
182246190.0384384096 43569.9602296092
200997082.3373492062 163448.7107559741
187468295.8710201979 94670.2693988681
204829740.3039790690 178054.0721435547
183645132.7420413494 61341.1506768314
200397405.0825557411 160426.2921158373
200574946.9447597563 161618.8380753100
200282448.5537308156 159785.8840271533
205097239.5333599746 179137.7595214844
200094779.1061367095 159520.3992859423
187692578.8627447188 95890.6843387485
183652325.5322693586 61358.9279521669
186920008.9385933578 91097.5186834931
183871203.2984254956 63840.8064474810
187512339.6631760895 95179.7392093539
187231878.1537922025 93136.0167477131
183886582.5070685744 63888.3168510163
187232914.6244141161 93145.5427861810
183845460.1426655650 62777.4918262923
183673875.2570958734 61855.1750053132
204449539.1545111239 176013.9805035591
204477114.2026362717 176522.4853839874
182026882.3020726144 39536.9822499156
187421091.8060268164 94179.0135735199
187278545.1049371362 93238.6767831082
187204812.2396951914 92917.7311391756
187362319.6393719912 93274.2317504808
186581610.5537665784 87573.8159910440
187221227.1175931096 92928.7838439867
206558972.9271831512 183106.2039794922
184688187.1436173618 71286.5167790130
198746943.1633928716 153232.7395493090
199011592.3154132068 154388.9930893481
199170831.2949042022 155265.8813950121
203316678.7443677783 171885.9349594116
203881140.7882966995 173979.3566174507
199258493.7572689354 155497.2756210864
206923491.1071913242 184610.3285217285
186512628.3120715320 87147.7154083252
186529474.5957403481 87561.0037046671
182071422.8445706964 39538.3905859329
185109011.8781370223 74602.1251388788
181918122.9714981019 37502.3282385771
181832880.9755732119 35486.1265566056
185136097.9834921062 74940.7563945055
207897672.4825357199 186818.7710876465
207472157.6128893495 185882.4931945801
203476011.8711654544 172674.5618515015
203532877.0978294611 172746.3438949585
206898810.9610906541 184133.6388244629
206379529.1436604857 182257.3585510254
208394002.7477574050 187605.1653747559
208321653.1367953122 187212.9701843262
206580535.6457360387 183260.7677917480
203371669.6458636522 172199.7149887085
207697017.1583221257 186515.3783874512
207620034.3697952330 186409.1958923340
207576354.7344393432 186278.0988464355
207073469.3864029944 184736.9298400879
203131228.5430331230 171192.5613174438
206352451.8180072308 182126.6662902832
203453855.1818104982 172303.4267989397
202570291.7623516917 168988.2570877075
202664482.1865228415 169258.3721542358
186370569.9352328479 85485.7550035715
186331768.2136060297 85118.7504435778
184560221.9828043878 69620.9774690941
184324359.9454457462 67087.5183482766
184237732.4293672740 66311.5809912588
184851271.0726847947 72212.3246610761
184963080.2921669781 72646.3972765803
184940597.6460113823 72429.4365269430
184948142.9704510272 72442.0901170373
184477504.8147984445 68408.2787109017
184318048.2658484876 66800.9656632543
184426324.7057301700 68386.8591304421
184160795.9765859246 64302.8192883804
184285101.5626778007 66531.7939296365
184058131.0013275743 64149.6550748749
202652318.3475409746 169125.3205795288
192987196.3306364715 121215.8314394036
193109185.6199050248 122609.0352037349
192673093.4987483025 120575.8933580318
193210259.5935245454 122619.2764315858
193648693.2387350202 122643.9351681767
193252677.7117850184 122619.7359241495
193712785.7240904272 122694.1247723479
192602979.1416938603 119078.6186965355
198379547.6886645854 147726.8562087871
198318025.9683255255 146071.1656036235
208970522.0210072100 187610.2182312012
208975483.1864562035 187973.9600524902
209059001.6402800679 188058.6844177246
196720410.7781167328 136434.9271897833
196933138.1477916539 137906.9093064825
197027856.5563196242 138393.2019581298
197491619.5079625547 140165.5508045654
197015618.0197678208 138249.2533955078
196602383.9973472357 134959.7284114311
196612676.8324729800 135907.1808955620
194259412.1481913924 122781.3425058722
197894857.5997903645 141926.8786511148
197650786.0068319738 140585.7666013936
197539424.7637179792 140254.3846986244
197768829.1108848453 140670.2974688436
197815227.0649617612 140802.9534324358
197892869.8839404583 141034.1863652046
196052531.4008144736 131564.8310461342
196236599.7701548040 133271.1301489174
195889836.5354868472 131342.4598379433
195734784.7430288792 130169.1268762946
195776000.0669234097 130233.8381244093
195307609.3867878914 128375.5235912576
194483616.1110239625 123244.0885983109
195235614.9113258421 128301.0433127061
195640089.8811238408 130153.2078775764
195449721.1086734533 129309.1772684455
195011051.0385573804 126992.9754242301
195127521.8871915936 127767.3631882071
194881957.4927043021 126149.7521042228
194659497.1108081639 124182.0219026497
194526993.2851025760 123935.3167709708
