308430396.1462708116 590107.8247070312
301910252.9417347312 546136.9652099609
294178672.3005250096 420517.5355968475
295859943.2784495950 474509.8625259399
298624141.1623042822 511208.5532836914
296549545.0915827155 482478.8801956177
310997264.3502988219 597409.7155761719
302869786.3025257587 556193.6568603516
294953535.4958038330 460542.0683107376
294389874.4734502435 439229.7878694534
302660167.4893933535 554769.8131103516
296055044.4941750169 476468.2674713135
296103793.3613595366 476981.8046646118
302516776.8169397712 553079.5672607422
297310690.2644082904 494784.5098571777
295622790.1997943521 471515.5345659256
296055044.4941750765 476604.4745025635
302660167.4893935919 554770.9747314453
311777938.1925110817 600137.9498291016
315461232.0955567956 606436.5642089844
315470972.2561442852 606631.1904296875
295231625.7508894801 463708.8083009720
310519490.2174046636 597089.9685058594
311206118.7589982152 597727.1762695312
295231625.7508895397 463754.8250246048
309185662.6979138255 592602.0649414062
298459379.6176923513 507438.6341247559
309285482.9816492796 592643.9313964844
302669907.6499809623 554836.8997802734
314578250.1008690000 605775.8137207031
295766180.8722481728 473595.4491167068
294552385.7049720287 448638.1035432816
302355732.9635990262 550623.1022338867
310519490.2174049020 597134.0654296875
310029714.7339423895 595250.3931884766
310954377.8347959518 597137.5957031250
314590327.4504215717 605850.1088867188
311253908.0841963291 598915.4731445312
311253908.0841963887 598981.0187988281
310511567.3054443598 596211.7808837891
310096192.7788942456 595318.6212158203
309898051.5999878645 594789.9976806641
319366368.5209300518 611340.1630859375
318729434.5132802725 611182.1621093750
296646673.5099676847 483702.1765823364
296667682.3718963265 483990.3432359695
308058543.9450921416 587813.0085449219
308058543.9450919628 587797.0383300781
301151301.5848308802 538669.4936523438
296010030.9551580548 476224.1629838943
314084802.8157445192 605479.5520019531
296010030.9551580548 476225.3246049881
314084802.8157443404 605463.8388671875
308058543.9450919032 587791.6811523438
294730156.3719003201 451282.5801210403
311015014.2789505720 597712.5207519531
314084802.8157446384 605580.5468750000
295531010.7386371493 470602.5117311478
302559785.1941526532 553236.2810668945
298322454.2000032067 505911.4655761719
296262947.1310895681 481226.4149827957
294756691.5694280863 453615.1903505325
294178554.2442830801 417340.1455821991
297401511.1108956933 494982.4764862061
298322454.2000032663 505943.3214111328
294756691.5694280863 453614.3068056107
294789403.6109241247 457213.4828310013
301799941.0897526145 545704.5698242188
307796354.2669942975 585985.3848876953
307796354.2669942975 585977.1383056641
308058543.9450921416 587830.4184570312
295443109.1539658308 470193.4332399368
307796354.2669941187 585921.9437255859
296373593.0169373751 481461.5199251175
297145601.3681769967 492486.0696945190
302889414.9053824544 556507.7120361328
297544702.9055083990 497869.8260192871
297487449.3522727489 496206.9178161621
296246513.6550755501 480191.2135667801
294178554.2442830801 417341.4903087616
294730156.3719002604 451280.7699403763
294188419.9269404411 421747.7134227753
295256677.6739371419 466726.3652467728
295152611.1506389380 463120.8245973587
294963275.6563913226 460727.8229494095
296392735.9040178657 482317.7704744339
302889414.9053825736 556562.4049072266
295531010.7386370301 470466.3046998978
295167121.3745697141 463379.8000001907
302889414.9053824544 556463.5316162109
294652990.0195791721 449391.6430239677
296663253.4311285615 483921.2278060913
294451918.2407963872 447494.1326112747
309320110.9131548405 592810.9271240234
296571500.1189058423 482834.1745834351
309320110.9131548405 592729.4603271484
295042536.0013101697 462629.8474855423
302072782.7212800980 547565.6782226562
298037512.0443326831 503121.3539733887
295662250.0094584823 472939.0347719193
298281362.1272426248 505569.9916687012
297532672.1020120978 497244.6961975098
297514588.6504660845 496929.2565002441
298192019.2655068636 505385.6344299316
296111659.4824814200 478517.3663606644
318018179.5335264206 611079.3322753906
296974740.5096902251 489128.9895248413
296974740.5096902251 489384.9553451538
294915033.4290634990 457808.1041383743
310149276.7930066586 595982.6409912109
296815986.9205542803 487074.5596542358
303368557.7817429304 560810.2656250000
294915033.4290635586 457839.5175905228
297931949.7853789330 502406.8651123047
294731101.2245332003 451619.0531740189
296810108.3248603940 486804.1531648636
309989746.7805001736 595134.7677001953
297413831.5402162671 495815.5528488159
317294636.6566302180 609994.7670898438
296760651.9525930285 486785.3759994507
297617264.9795487523 498042.5812377930
296925635.6145905256 488743.2662630081
297985129.0538014174 502704.9244995117
317294636.6566302776 610006.8117675781
317153675.3979973793 609625.8652343750
299849510.0072483420 525410.8522338867
296676758.4604239464 485436.9319610596
295122029.2455272079 462917.2504396439
315696677.9834369421 606708.3598632812
299605659.9243383408 523010.7147827148
301986080.3551851511 546882.3940429688
296242012.4335744381 479660.8795013428
301986080.3551851511 546959.8002929688
315696677.9834369421 607221.0556640625
299953375.3806862831 526562.9059448242
299806541.0341058969 524860.3766479492
298563211.8336228132 510163.3655700684
294225609.3917849064 431490.3289394379
318010287.6267631054 610856.2187500000
296572002.8284155130 483629.1297149658
294377788.2194799781 433396.4674587250
299600318.3680399656 522965.7637329102
300365841.1431246400 530319.3073730469
299612650.7890740037 523203.8905639648
313789108.4701946974 604126.7456054688
313722065.0167983174 603983.0932617188
300365841.1431244612 530262.2031250000
308660037.0249956250 590679.9598388672
299546039.8697125912 522927.2283325195
302083033.3232774734 548142.7368164062
315776697.4105524421 607515.7482910156
301839659.4617936015 545866.1704101562
299192468.6292998791 518453.9497680664
301839659.4617937803 545895.5737304688
305287545.0444194674 574010.0925292969
317194001.7816466689 609686.3383789062
305759095.4649477005 575827.1193847656
301858473.0421056747 545926.9870605469
302845266.7222237587 555375.9240722656
304450240.7697747946 568481.2667236328
299432237.8887019157 521332.0041503906
299087362.0782141089 517612.1602172852
305287545.0444194674 574033.4577636719
300470042.3744565845 531945.6511535645
302224003.8101134300 549225.3275146484
305048236.2986412644 572348.1188964844
305029422.7183291316 572333.0063476562
302645092.7464044690 553567.5242919922
305029422.7183290720 572279.4362792969
319019467.9722827673 611262.1779785156
303560035.9881048799 562896.1732177734
305295436.9511829615 574080.0166015625
300704748.6209534407 534670.8176269531
300490312.3524050117 532999.6002807617
298829938.2947084904 514010.6847839355
304663186.3726844192 569701.2889404297
304361128.0033246875 568042.5953369141
301029238.5041391850 538062.4500122070
298837830.2014718056 514014.1064147949
301896879.6238122582 545987.2510070801
301029238.5041392446 538063.6116333008
303175796.1645275354 559189.5791015625
303227009.8477226496 560074.3801269531
299698603.1244167089 524155.7967529297
301158259.2429900169 539372.0929565430
312050342.2406775355 600291.8319091797
303016905.0880472660 557927.2448730469
303421869.3595167398 562021.9194335938
304240360.0538492799 567382.7508544922
304279157.2024415731 567497.8948974609
303403055.7792047262 562002.2702636719
304259173.6341612935 567441.8929443359
306891275.7309350967 580975.6257324219
303035718.6683592796 558028.7451171875
303771885.4198920131 565005.6539306641
315154221.0034770370 606029.0207519531
303771885.4198918939 564999.0247802734
303790699.0002040267 565025.3028564453
315154221.0034770370 606320.1118164062
301192133.4157096744 539741.1504516602
298609304.8039597869 510993.2929382324
302145747.7951841354 548902.3627624512
300572994.9422233701 533336.0623168945
309737489.1857454181 594647.3829345703
313844151.0060330629 604857.8945312500
297410869.0949157476 495001.2273254395
302164561.3754959702 548927.8581237793
300943002.8512641191 537330.2992248535
301250843.2188502550 540051.9800415039
316111899.3597137928 607692.2478027344
304778318.4704119563 571026.2830810547
309567065.0605466366 593596.8114013672
309103497.1038992405 591824.2214355469
308945909.3460850716 591768.3503417969
302405925.6395003200 551479.8544921875
300209313.0406324863 529391.9830932617
298643189.9902347326 511753.1829833984
300419446.7113561034 531795.3244018555
300585970.2074036002 533564.1985473633
304551506.8429688215 569276.2249755859
299905812.6309232712 526404.2879638672
299897920.7241600156 526360.8157958984
297886898.4694874883 501271.4489669800
314892956.1928538680 605965.0632324219
319038281.5525947809 611273.2548828125
315795522.2216134667 607566.3710937500
297710723.5144962668 499166.8516540527
316275867.8997427821 608566.2565917969
316752720.8208301663 608903.7519531250
316283759.8065062165 608848.9245605469
298752758.6155164838 513202.1425781250
309442909.8591018915 593475.0311279297
307146213.2542199492 583829.2370605469
317793755.5979985595 610387.2858886719
307317968.7572144866 584860.7587890625
309442909.8591018915 593490.0384521484
316687317.4916008711 608850.1457519531
298052112.5821040273 504097.6366577148
316283759.8065060973 608633.3249511719
299061351.2290886045 516804.1959533691
306988425.2701854706 582983.1621093750
307146213.2542201281 584072.6555175781
298344911.1922966838 507036.4660034180
317793755.5979985595 610377.9262695312
317783540.0144841075 610310.7238769531
306988425.2701856494 583234.5571289062
299048083.6855068207 515881.7104492188
298344911.1922965646 506961.3866577148
305427465.4834297299 574328.4277343750
316283759.8065060973 608630.3183593750
316962191.0209953189 609263.6391601562
298742121.0278705955 513073.9150390625
298900874.6170065403 515151.2187500000
308180609.8989369869 588521.8249511719
299311485.2004127502 520262.3941650391
308180609.8989369869 588457.1647949219
308723896.9778833985 591162.6914062500
306640699.0661087036 580918.3427734375
309138585.0374068618 592099.2559814453
306988425.2701856494 583027.3337402344
307642637.0616109371 585627.7559814453
307642637.0616106987 585559.3663330078
307642637.0616106987 585600.4134521484
307484045.8428155780 585227.5966796875
299497484.8115036488 521945.8234863281
299489592.9047405124 521941.2823486328
318303364.5616824627 611158.3808593750
299008095.8422869444 515816.7545166016
306399676.2553927898 579917.2659912109
309106129.6108348370 591998.5422363281
306263900.0197200775 578488.8262939453
306640699.0661086440 580898.4650878906
306055059.7224660516 578103.3006591797
307987253.5945374370 587357.3092041016
300165951.8151718378 528634.3746948242
306387717.3589596152 579819.9293212891
301491533.1761895418 542588.0690917969
301491533.1761895418 542615.3698730469
305049049.4127826691 572386.4285888672
301361886.2921212316 541483.9975280762
301656182.2818785310 544179.0152282715
313035499.9247982502 602794.3842773438
301671250.8494617939 544553.0079040527
312561028.0502778888 602194.7263183594
306395240.1704593301 579823.6364746094
305861048.9532019496 576369.5466308594
311687711.3709397316 599386.1442871094
311569158.1635628939 599252.9062500000
312973040.2796393633 602640.0668945312
312395559.0568067431 602035.7425537109
312344145.4498804808 601928.9935302734
305799102.8761214614 576039.6130371094
305688228.3681464791 575304.7406005859
313400324.8005490303 603482.9460449219
313553567.2921730280 603814.2181396484
313553567.2921730280 603694.8482666016
313163296.6890652180 603309.2874755859
312654665.5022489429 602256.7144775391
312654665.5022489429 602328.3409423828
