589421880.5587699413 3443715.6733398438
589796156.4046435356 3445966.7783203125
597411187.2034524679 3472585.2783203125
599050940.2120540142 3475893.8164062500
598830375.3209149837 3474568.1386718750
599676647.6532452106 3476216.9697265625
496908554.0422782302 985976.4537808662
510780191.5863423347 2000483.2859592801
528116637.9646412730 2513360.7524262071
533103056.8649727106 2642069.4255485237
532505614.5257357359 2624449.5186881721
544971712.8554526567 2889174.7358398438
561905634.0729815960 3172059.3613281250
561789879.2392462492 3170597.8393554688
599678399.3876361847 3476235.0068359375
608651721.1759947538 3483952.0341796875
497986663.5026651621 1131508.8695099528
497841010.5796393156 1112579.3568146403
498556416.6161686182 1180607.4691768067
503166304.5091395974 1539206.7129844525
510475579.8960624933 1985496.1106362641
532445602.7602765560 2623916.3731860816
581879519.3700542450 3401148.4750976562
582322121.0825730562 3405947.0185546875
581621943.5628070831 3401144.3876953125
597418927.6584839821 3472671.8291015625
598295064.3101633787 3474342.8173828125
598901112.8679603338 3474760.7109375000
608958135.7863149643 3485012.6533203125
497942331.1765383482 1126017.2595856364
503290934.0780547261 1544873.2035485376
525620439.8040527105 2453092.0097118467
527677994.4954640269 2508524.4350433946
532159416.7787613869 2618402.9139976203
558424367.1452257633 3124409.3979492188
582081383.8449351788 3404411.7177734375
584515006.9602938890 3421100.0781250000
587217519.9501706362 3428363.9702148438
505899663.2059810162 1713702.6520894144
510893977.0233867168 2004601.3042087918
510836139.3652635217 2001929.6520615099
510671574.1452943683 1994906.6005344754
532999411.5146169662 2638254.1246452034
532549684.3716590405 2628348.6368522346
582330838.5841548443 3408044.5722656250
608978269.5911974907 3485199.4853515625
510785461.1943741441 2001362.6550388699
498457704.5294791460 1179687.3175229973
510551105.9689027667 1993240.7075901395
510499960.5892863274 1989196.3444919949
527554461.7877551913 2505371.4212406278
532275038.3392244577 2618990.3333854377
546964729.1938881874 2921973.6326904297
564787831.9465748072 3221732.4843750000
503012772.6284024119 1523204.2609377969
503132549.6353419423 1537023.7157555688
506032744.7139934301 1719890.5055397425
526117278.1602735519 2462104.5381826162
546180326.3855167627 2912401.8717041016
608789349.6417758465 3484832.6328125000
505727485.4229906797 1699069.1928566371
513053224.5714212060 2072373.9304440236
497910380.0497677326 1125646.4724762614
497953707.7134444714 1129064.7221784643
503429665.9184898734 1545172.8151665796
526043088.7511967421 2462093.0303417295
506188194.7868878841 1720064.3959828764
505794146.4603532553 1709434.1261246689
528117095.5811757445 2519787.2559662461
545594986.8065189123 2899465.3824462891
545831944.7707775831 2903727.6641845703
525135257.0417275429 2439072.5880809873
532413672.9444658756 2623818.1849479377
545950646.6809731722 2908454.2208251953
586804397.4675406218 3428028.3349609375
527733752.5680523515 2510302.7114105821
533159239.1457821131 2642769.6964225471
558727284.3104660511 3127761.7980957031
557893678.6899573803 3115945.9731445312
588012855.5143290758 3439309.4814453125
503096973.8027320504 1532124.1646081079
532367493.1031038761 2622113.6363639534
561989293.2152303457 3183586.4699707031
582140879.2405530214 3405271.9946289062
510631887.3347970843 1993840.5095295077
532799663.7739022970 2634383.1549354494
546100504.8194266558 2909804.1307373047
546660728.8929851055 2919852.9041748047
546493560.3163224459 2917747.4212646484
561274256.3113622665 3169399.5097656250
563300285.9626963139 3200858.7670898438
564931582.1960030794 3223611.5966796875
505753457.1287456751 1707451.7987450038
532740872.5050457716 2632620.0950870514
532557633.7187048197 2630241.7291373909
583610579.6328787804 3415027.2138671875
498281882.0691994429 1161255.0774105040
589050749.1189577579 3443111.8237304688
525217113.8709990978 2441661.8119274229
588790781.5627622604 3442705.0180664062
510153582.1310049295 1961609.3838242209
510107239.5292497873 1956022.2059262162
546869546.7262552977 2921463.3834228516
579808914.6338685751 3379566.9584960938
583821834.3318352699 3416728.9160156250
587849794.8858717680 3437432.5947265625
498262401.1426481009 1157564.1509492372
498136101.3235423565 1148489.5973261406
525397339.8404886723 2448601.1811171621
563865771.2955590487 3208913.1308593750
583359065.2190895081 3413857.6015625000
580285396.7751399279 3382711.4956054688
583126421.4181641340 3413722.1542968750
582667919.3308531046 3410130.6035156250
512402731.6766435504 2059219.8063933020
582822547.1681693792 3411762.1582031250
512307910.6099970341 2056599.1501433020
546366761.9383941889 2914719.4034423828
563056951.9634082317 3199367.5156250000
580048730.0916963816 3382453.0083007812
564000062.8272644281 3210044.2768554688
564362136.2306367159 3215783.1909179688
563316229.4452818632 3201300.1606445312
588765064.3118073940 3442270.0073242188
498092910.0153365135 1143291.7036386780
498049787.5418804884 1139341.7266662545
562642043.6240559816 3194024.9631347656
564003969.2630778551 3210112.4704589844
588227624.4631483555 3439447.5351562500
511224881.8845556378 2014104.6086000567
588772873.1174041033 3442566.8920898438
588534948.2442733049 3440726.7670898438
579622055.6555809975 3378722.5390625000
580656600.9385558367 3385107.9819335938
581021931.4487320185 3392728.2504882812
514845354.5549826026 2131027.7794992365
515010846.1647019386 2137145.0060707591
608183881.3781673908 3483791.4824218750
511071178.4267796874 2008663.6335024005
510988127.1205723882 2004899.3842348224
514988158.7942342162 2135717.6525461115
515281235.0968408585 2140831.3207590021
596930426.2051373720 3469886.0859375000
607942257.7353999615 3481585.1562500000
511173894.8640968800 2011219.5109438067
587306510.1129090786 3435406.8818359375
587715219.0541090965 3437261.5849609375
514800538.2768514752 2129355.7458078302
515178636.7639536262 2139373.3844797052
562135186.9548527002 3185434.6623535156
608148493.5925179720 3483210.8134765625
515391866.7792373896 2146337.8293042816
514881180.2515804172 2134012.1134836115
560949394.7572605610 3167098.1518554688
563538438.5564169884 3205628.4060058594
587482430.5191448927 3436714.7568359375
497220160.4802420735 1009474.5838146992
505623551.0294810534 1695047.3300343510
505067053.9717704058 1652336.5641920995
505129871.7088464499 1663994.1289504003
505093194.4157682657 1661604.8046071054
497362423.2565278411 1022734.4860632020
502801451.1020254493 1505595.1244071880
581402695.4354504347 3397015.2597656250
596133857.7612550259 3461990.3759765625
596557179.3786491156 3469178.6811523438
502564355.9814059138 1488980.4709688434
504872356.2328205109 1647490.0521710040
497664562.0199509859 1082123.4463259701
562776063.4685862064 3195504.5622558594
497832390.6544965506 1099217.6205407670
527949654.6582205296 2513132.2388392389
502598240.4944105744 1491319.0664884010
504700153.3826102018 1636010.9298927460
514346973.9867315292 2113262.9428074397
497450120.7526572347 1034625.7243656026
545109076.1959503889 2890595.4997558594
527889827.4262737036 2512771.0559779108
502627886.9681717753 1493998.4579259316
497540535.8823308945 1043039.2247480181
502720148.7214173079 1503102.2028600136
504062676.5134792328 1593318.8732159047
502622763.1989080906 1492995.8097325722
497559726.4282812476 1054139.6585852192
544276097.3856577873 2871526.4039306641
532117393.6695021391 2610752.4931650162
504040175.3994135857 1590929.0409557729
497427336.4005642533 1031124.3915124749
504366388.7910522223 1608875.4618174715
526212807.4137709141 2464767.4481445551
503932834.0085917711 1585365.1012887291
497414368.8761251569 1026144.3861109582
504225699.3280128241 1604568.3203899770
504186842.1425223351 1599158.7649853139
504086011.3725767136 1595465.0343944936
504015840.9393732548 1589370.2301952748
543215145.4166816473 2844798.4366455078
503921630.0345749855 1583167.3971530527
543261515.8692514896 2852325.5709228516
503912043.5275633335 1581009.3661471934
543907530.7289810181 2864574.7962646484
579404000.8246061802 3372038.8291015625
543494400.3280140162 2856382.3923339844
543963571.4408886433 2866755.9223632812
543250019.8503395319 2847610.3967285156
542828753.6893801689 2839859.4628295898
543620927.2217983007 2857888.9088745117
542954324.0593233109 2843424.5786743164
524936041.0347616673 2430806.3955608457
542557312.4436661005 2836780.5553588867
501713528.4371590614 1393691.4467488071
557733244.1383070946 3106610.0168457031
557428048.4915326834 3100945.0388183594
528992215.3038395643 2532211.8488358259
529334336.5859596729 2542538.6472367048
560917138.6354184151 3155472.2941894531
501916442.8469812870 1407252.1766419611
528852080.2049695253 2531037.9435013533
556818383.8437533379 3084632.6352539062
557229892.6626868248 3092949.9482421875
556871949.2426913977 3087326.8466796875
557247430.2955675125 3093187.7382812500
557050839.1277812719 3089756.5136718750
557286418.1986857653 3097140.0932617188
501905141.3380817175 1405956.2620429331
502062925.3752764463 1413486.1335472823
502082208.3983218670 1416809.3433017069
530178525.6033922434 2560366.8974884748
557676676.2660646439 3103962.1875000000
529412939.0773012638 2542802.8347443342
502067325.3200185299 1414695.1695937449
560559829.4757072926 3146871.2443847656
529920853.3951915503 2554853.8657501936
529793532.8322435617 2552488.5001496077
529875562.2658635378 2554409.0195587873
502420601.5690082312 1432490.6255420398
500845441.2728008628 1287881.4719109458
500986623.2738775611 1299754.5928754411
501517747.3118248582 1342725.3378928038
501534961.5899567008 1344265.8336058422
501312295.5307524800 1325615.8801041874
501384956.0562928319 1332340.0866357121
501279529.7089409232 1324336.8171044621
500813966.6414640546 1269379.6973446747
500710325.0820686221 1253220.3582797190
500748327.2950413823 1263014.3751254221
570470753.4931603670 3252324.0314941406
572165255.5223929882 3271787.1076660156
571694589.9444147348 3266380.1154785156
569949039.3722037077 3244807.0097656250
500682900.9045901895 1250264.3696491830
500611188.3379208446 1245200.0537312143
570472850.7526218891 3252513.4182128906
571513103.9487729073 3263421.5378417969
571284561.2055754662 3261740.5163574219
570609712.6495872736 3254732.3684082031
570666800.7346907854 3254836.2463378906
508473002.3648328781 1782220.3481044136
508713819.5837692022 1793951.1179040559
541235188.3297836781 2780831.9984130859
540776653.7324683666 2771163.4822998047
540545727.2865132093 2766970.7160644531
540640823.5009572506 2769528.2443847656
539587854.4752076864 2740085.6466064453
539043571.5702524185 2729598.3297119141
539476019.5040845871 2737866.8565673828
539183203.2817908525 2732818.4615478516
522509642.8600249887 2323551.0726880431
508843702.6681154966 1803588.3371270783
509001250.3839322925 1813565.7946466096
522885714.4073236585 2336931.1937817931
509428000.9706236720 1832778.8576922922
595709257.1793473959 3451095.9501953125
523566501.3316330314 2357203.1283521056
523058540.0817407966 2341309.6193189025
538391764.8900738955 2707972.1360473633
537526233.7949296236 2689032.4602050781
537534050.2446178198 2691017.1917724609
523649264.7334279418 2360789.6831235290
523860441.6976376176 2367476.0588940978
537524812.4641783237 2688884.1805419922
537239809.9214311838 2679537.3326416016
537308066.0264761448 2681504.6263427734
537264572.3409060240 2680115.9549560547
523273548.0544328094 2347114.4325513244
509802646.6199176908 1853189.6730018167
509896858.7241419554 1856751.9758654486
509689021.8010665774 1847617.3870254068
523490185.3253460526 2354321.6374635100
595584081.7256112099 3449046.0878906250
536862710.8401152492 2666647.7507629395
554096357.6289877892 2941626.1115722656
556724689.2135459185 2985316.1671142578
556634668.3483003378 2982323.3153076172
556532983.2690752745 2981622.5635986328
555897617.2438220978 2972550.2005615234
522102341.5541592240 2224395.9242959023
522014704.9199191928 2220778.7112832069
522190966.1049652696 2229842.2931923866
521565545.0956680775 2148637.8240032196
