440939690.6788832545 19026.6420707703
390509268.1450975537 7539.4272791261
390716806.2035431862 7646.7909488583
390870668.5880831480 7647.5224566788
392208043.2024540305 8408.7295316388
398866192.3748477697 11437.3308629588
400126901.2759662867 11782.0565824815
407363743.3594503403 13617.5051897522
437428677.0748220682 18688.3830313683
437655171.7901465297 18762.6369075775
387290960.9322065115 5087.8948823484
390225688.5053675175 7351.0692559469
390379703.5683252215 7441.1148655495
392335134.8233630061 8450.5266155885
392490589.4244738817 8557.7496503522
399183266.5065759420 11525.2942533091
398781055.4877474308 11391.2559570864
390376043.4295759201 7440.8289012814
403647978.9632420540 12667.3739000664
412737740.1915509105 14836.2624222946
418018264.6314715147 15895.6951985881
417812421.4232376814 15863.4205140398
437833172.4509308934 18778.6647443771
387103179.2519213557 4840.6812307750
387014412.7677848935 4826.6207484544
387354594.1632058620 5123.1888855892
392408178.9274356961 8479.3075808738
398650173.4450377226 11339.6652078227
403332565.1552579999 12653.6014804668
413772152.4810255170 15079.5095026437
386986172.9122477770 4763.2887682319
387368759.7611321211 5140.0208335715
403578326.4275184870 12661.5685288608
432541943.4951260090 18042.3248128891
438455834.6148684025 18854.3854637146
442068302.4791536927 19114.8220787048
449263413.3919705153 19325.8073577881
402820280.0197043419 12509.7980462606
417848780.0101518631 15881.0735855042
386203588.2607865930 3413.7228951897
390306866.9878923893 7437.4542667946
392152171.9196482301 8378.1936069657
398636881.5222387314 11333.9245767192
403569085.5230041742 12653.9479204319
386414431.0004681945 3651.6623078900
392229287.3034271598 8448.2895063092
448563294.8787450194 19314.9958724976
448490438.0029352307 19310.8610076904
441394458.6212444305 19084.0170555115
448426334.1588271856 19306.7482681274
448780405.8044361472 19321.7138061523
390415101.2949336767 7466.9304602051
392292855.6366151571 8450.4498369978
413661763.1794146299 15071.7556040231
437544004.0834337473 18713.8777196407
398822950.4559308290 11426.3382024363
437970391.1483319998 18789.7353935242
399029783.4415521622 11499.9197263316
399630068.4004203081 11679.3070020982
438032374.8670902252 18818.5268096924
392008607.1960731745 8338.8293622662
442369796.5569798946 19122.9965438843
391887054.5525601506 8246.9051625511
399325005.1717033386 11591.3448209361
386892172.5201246738 4607.5855550011
397339188.2058447599 10800.0744026369
441747894.0449583530 19104.8701477051
447828857.4817526340 19291.5449295044
398950260.1846381426 11468.7922648564
399007133.9229447842 11495.9957456187
448266574.5139438510 19301.9759292603
454097973.9009851217 19332.9672431946
390560782.4014679193 7550.5059785747
441944246.6177823544 19112.1610260010
386926781.2433258891 4717.0456990441
402778115.9833841324 12497.1857949789
390683234.5009802580 7621.6386201133
432762854.6668093204 18050.6030378342
402592339.6848491430 12465.6554299887
398736119.0398576260 11391.2396115855
418196105.8370678425 15925.1728446274
418130377.4215439558 15905.2843613464
454290294.4155494571 19333.1142387390
441060204.8681920171 19061.0928192139
402419912.1066966653 12403.5866319235
397377261.6072337627 10820.9724388664
439332645.8863262534 18912.0734233856
392077842.2448633909 8345.8399705855
418673558.2734159231 16000.3512833132
414391039.4512704611 15205.9917948190
391800987.5326278210 8234.1303975364
418216545.5455014706 15928.9375424224
401803969.5833203197 12248.8176309164
402366357.7179074883 12391.8033029135
414208845.6536001563 15173.1561972457
418732832.0584534407 16009.4605079729
414145071.4948557615 15154.8172007669
414460382.6585690975 15207.5482675973
439128383.4278455377 18876.2909402847
439149592.4956890941 18891.7968606949
441912664.0169264674 19108.3760986328
438951965.6735408306 18869.6844339371
391654544.9076092839 8132.9522475311
418139714.3032529354 15924.2098011810
418404684.8582180738 15960.5680546600
439568411.5361409783 18922.4975605011
390275238.8991791606 7415.8405013073
439219346.6441158056 18898.1981449127
448043317.5925860405 19296.0147247314
407617698.3810327053 13685.4174360987
415902753.1763085723 15498.5054676076
390078781.2040926814 7216.0514405932
390186711.2776914835 7317.8817528340
407719497.4162769318 13700.9370897766
412590441.6379573941 14832.3210580063
391543605.0541338921 8020.8036018579
418021681.8999004960 15899.2436258895
417969258.0217905045 15894.5158846481
390172271.1481661797 7299.1226843877
407032734.8954688311 13551.6212633606
413367303.1300787926 15012.4875605050
407745352.6288685799 13701.7415669849
415862513.9284810424 15455.0805374486
454294705.6853221655 19333.4707031250
441716642.3943213224 19099.2352256775
386886589.4183224440 4408.0114330053
453840839.1285428405 19330.7486915588
386625544.8178087473 3805.4274927934
386612656.6254667044 3805.0462352444
415995992.9563663602 15512.7713857992
386729664.0369445086 3825.6747122420
453876634.5253199935 19332.1980094910
441539455.0507147312 19095.4192733765
402656523.2066447735 12466.1578407768
406918595.9196362495 13511.3501121914
440418761.6843140721 19015.9410572052
386890713.6098856926 4445.2935325671
431455738.9184077978 17855.9293642044
432294738.3330156207 18003.1790761948
412830652.5017775297 14881.3998181534
406839935.3354054689 13476.7685539639
407173041.2582890987 13593.2760918057
413169029.6655806303 14966.9260174942
413647146.5827375650 15053.8357677660
431263416.8115924597 17847.6231689453
441397625.6435069442 19088.4241027832
416202478.1000805497 15550.1886879308
415864577.1453328729 15494.5859075887
441196853.9715888500 19074.7764053345
416090191.8141843677 15538.3080717428
431683910.8555182219 17929.3244371414
391283746.0062862635 7845.8808131485
432954484.1751482487 18080.4057617188
397051998.0043404102 10672.2454174226
386884394.0031912923 4311.1831535949
401350665.9252540469 12100.7793371375
401516694.9621529579 12157.2790319617
401335357.7506694198 12067.6913053687
401277691.7571515441 12056.3844358619
401226524.5645530224 12045.1550543006
401052495.1659973264 12013.4808201841
401115342.8327381611 12017.2112393729
446455619.9990879297 19245.6002120972
397510209.4395226240 10900.4710878935
415660464.6976670623 15425.5972137694
416226198.4474428296 15561.5783277852
447285947.8876288533 19263.9520950317
397691840.5766381025 10941.7001353606
446071970.4939137697 19231.6543655396
411744650.7204092145 14612.3695088490
397569460.6898643970 10918.3843874541
445610459.9941414595 19184.2583427429
397449356.2409992218 10849.8363403883
445985703.8523011208 19225.5729293823
416943623.4130226970 15683.2455641134
411878792.1705031991 14641.4449577503
445948410.6619046926 19224.3388671875
445734664.6792388558 19211.3860549927
453488883.2032082081 19327.2876625061
445957812.5128701329 19224.8297195435
396948961.9539712667 10600.3903760661
397017848.0092538595 10626.7618664254
386826984.0204886198 3856.1628198093
386789581.7951582670 3856.0316497507
416658168.9518007636 15629.3693548543
445290334.5632639527 19181.3317947388
397790680.9296302795 11004.9565804948
416426639.8622038960 15594.0486112935
397221847.9326794744 10725.8774317254
412515562.2972195148 14781.3223973378
390034318.9267057776 6941.7677993079
389956756.7805048823 6940.1217898627
414745948.6592426300 15237.4084063768
415059644.1929306984 15328.8562024315
388450315.8694493771 5716.6156601311
388296114.0903162360 5578.2529197932
388256459.0401539207 5519.8064605035
389738613.9624339938 6693.5895399585
414697065.4109027386 15223.1853730483
386855150.1252184510 3956.9846211015
388078891.3358063102 5260.3482702677
388167986.1765387654 5407.7645403184
389875984.5573667288 6821.4394505744
388413195.6138477325 5617.4476524593
406408904.0421830416 13384.1422851281
405998546.9034092426 13209.3296840386
406066562.6548376083 13257.2201507287
406066665.2820997238 13292.0513656335
388085391.8216390014 5385.8907686509
445087138.8808841109 19165.0392341614
434211919.0003378391 18198.9325428009
445037853.8571621180 19160.8013420105
435531298.5725950003 18352.1904535294
444879463.0637083650 19153.7378692627
436360550.0707556009 18439.3516721725
387936699.0369797349 5180.9366418030
389669149.6258702278 6589.3505803086
423142142.4163658023 16571.2674434858
405329311.5377018452 13061.8471730470
444462384.8879080415 19140.6275062561
422852441.3002373576 16524.7767606713
389597311.1736187339 6467.6639797420
389545999.5660703778 6399.2207309933
405226809.2258836031 13046.2510731935
422225216.8091848493 16418.8676534630
405427545.8794502616 13103.9612820863
422497938.9884274006 16468.6282201745
422559567.3892685771 16484.2143164985
436172765.7442199588 18419.0646038055
389453724.8709531426 6334.1480819639
422552489.1877328157 16468.9724966027
422413568.9898685813 16463.9282003380
434982406.7390022874 18282.1588573456
405728346.5955688953 13185.1123746156
421678361.1645398736 16236.5234829683
421734384.5282570720 16304.1825367708
421665932.2924246192 16227.7033879061
421687413.4081446528 16273.2085644503
405722303.1154413223 13159.5711110353
405608566.8525557518 13155.7112172365
435945496.0538920760 18394.1244850159
394938119.1353345513 9408.7773790293
395071667.2675270438 9427.7086915903
405204717.1177830696 13029.3086458864
421951088.5107439160 16357.3715893526
394825039.9169636965 9359.3731088572
421919931.7706978917 16354.8136135836
389031081.6759287119 5943.1526057059
421906243.2184090018 16333.8648993041
389081662.4402127266 5951.0988289649
389140631.1366513371 6043.9061457450
389169148.4636644125 6059.2560291076
389100309.0138965845 5962.1617381764
389028394.8800640106 5875.1486423207
388988215.9938988090 5786.2833411884
411466117.1768529415 14509.3450445469
411627947.9852225780 14559.9730155553
410699603.6518431902 14351.9107107456
411212090.4503308535 14455.8750204380
411146662.9870655537 14441.3760542210
435100961.8880088925 18283.5036258698
395344454.0825211406 9566.5246096783
435762181.9387901425 18365.9822635651
410040278.5223320127 14192.9862321205
394813632.5980542302 9292.8489115997
394614175.6702376008 9173.1488510287
434558357.1242514849 18228.2719821930
394749971.6651315689 9270.5694533520
394904462.6764493585 9374.4377776318
435272454.9371201992 18304.5902204514
410841811.5673663020 14369.2228895909
435263451.7462061048 18303.8473844528
395551118.0703887939 9571.6534642440
410468854.0438647866 14290.7991148717
410415101.1971791387 14275.7860692329
404749353.7372085452 12870.1334420213
436752415.4007903337 18457.7158184052
409526264.1325195432 14074.1129678077
409881116.6545736194 14161.0037511176
396648009.4653773904 10044.2102746582
404524434.2667500377 12672.7417257061
396819868.8813053370 10071.9147114416
396374488.0040031672 9948.1537384633
396565309.5672885776 10032.5702207927
396776439.8099460602 10067.5548971538
396292407.0210309029 9922.1382864956
396793881.9823905230 10067.5578299300
404573161.8051144481 12749.1974820010
408668822.0675981641 13785.3671365250
408585697.4121581912 13768.0272489060
408476801.2471944690 13740.3539357651
394285238.8153988719 8660.6918462501
394297399.6082114577 8689.5399403968
394426428.6273573041 8781.9587938743
394417266.1320865154 8781.9466997482
394173996.7732155323 8605.8759455443
431200600.7918273807 17067.0987133399
430719616.9910640121 16969.9769847423
431045121.9401424527 16982.2026670009
429722737.7693884969 16752.3700287456
