137967792.9945196807 11459.0075471376
136130807.9151184857 10360.0520431865
138569763.8434944153 11754.0765523911
138269450.6716326475 11598.8116072826
136410499.8097701967 10565.5777340941
137013464.4227754772 10941.2819463201
137762746.1965702474 11361.3136247955
136403369.0364980996 10560.9704144312
138510469.6924645901 11731.7213472538
137295323.1847801507 11094.1202412061
137020463.5349131227 10947.5608446337
140057041.6074641347 12399.1159019470
139577524.9501384497 12226.5141448975
141636994.1486858726 12622.5060539246
138276994.8001151383 11599.6179692894
135359461.7024256587 9526.8037788027
135764415.2746157944 10042.9694382569
136457551.4854132235 10592.2455866896
135691193.8890107274 10024.9173017724
139878191.7433054447 12319.2173671722
136559602.4498203993 10680.6627930026
137438128.0810500979 11177.8244976215
137140300.8241058588 11039.0436531105
136836507.1811096668 10866.0994105488
140369744.3874140978 12459.2417945862
140147685.5480626822 12405.3928565979
135998929.3572275639 10244.6042007824
136551551.0905352831 10654.2729873785
136010167.1309098005 10330.3638623767
136989684.6939964294 10913.7381850240
136849498.5783531070 10866.1005726969
138365421.9316999912 11644.3016149215
140486091.5689944625 12484.2763710022
137302407.4317418933 11095.2819432770
140478692.5766193569 12481.1602058411
137587852.3274476230 11276.9834479503
137091778.6549764574 11029.4063120447
137331272.3024034500 11143.0769309030
137597044.3647369146 11283.2614554577
137379539.8104111254 11160.1529250555
138210230.4580958486 11597.4324308858
135669545.3984638751 9949.9872915779
139910808.3808357716 12329.1995944977
139238413.1540460289 12075.7348461151
140204075.2568705380 12410.3683891296
137140741.8289685547 11045.3210726419
139330621.7731567621 12112.5580101013
135446074.9684858918 9716.5612919040
136380841.5594199002 10556.6175769633
136897141.3664245009 10900.9054356106
137383901.6183566749 11170.5505648294
139384569.4914190173 12137.7954006195
137928111.1481398940 11420.2246455364
136328669.3784421980 10521.5661404444
138368834.7141121030 11656.8269690685
137921112.0360022187 11413.9464165382
138915870.5276426971 11936.6231794357
139735636.7840776443 12237.4074935913
137194375.4362428188 11049.9543646799
137045396.0197832584 10977.5745341723
137501196.5576709509 11217.9705189615
137038396.9076455832 10971.2694652469
139738082.7591131926 12253.8119888306
136900638.0549553037 10901.2135951908
137806090.0930710137 11380.1962453537
137633727.7643862367 11304.0082515478
135915307.4120090306 10214.6092688610
137322080.2651141286 11136.7995113716
138941048.7113722563 11948.8892164230
137248008.4633015990 11065.1844028793
136193309.3305660784 10446.3511052094
136028786.8342744410 10341.4432869516
135764751.9131507874 10048.9314719299
135544194.7738801241 9815.0048053162
140069281.9488409460 12400.1818275452
138149001.2158412039 11553.3307452267
140214707.3806193471 12413.6620903015
137275170.5998511612 11084.5371508151
137903863.2127702534 11413.3224322014
135464588.6603825986 9813.6051959817
138207042.9181604087 11563.5861537280
137450853.9550915658 11197.7112430893
136238625.9133620560 10462.8424073188
136477997.9998251796 10642.6997417025
144254433.9721432626 12702.7713432312
139127106.8981201649 12030.1696910858
137599737.8441566527 11284.9799633138
136746955.1112404466 10775.7579735140
137422131.2401696742 11171.4814113379
137525038.1861008704 11245.5756893270
138017535.1543425024 11470.2169495970
136825938.3968994319 10861.8093212040
137980609.0706126094 11463.5258079469
137375713.2921728194 11152.0291776769
136644310.6626279354 10746.3422401766
135453315.7161409259 9733.5876188104
143169400.0899764299 12680.8551521301
141688290.7723668218 12630.1497688293
138055308.7286685407 11502.9300819337
139759224.2788855433 12259.8132629395
137624535.7270968854 11297.7304601222
136809317.8940408826 10788.0488677153
136534387.7086331248 10645.8335912637
138065109.5204959214 11507.6473106118
136240854.0484328270 10464.5328112654
139063720.0331569016 11994.3185529709
139008258.7131202817 11976.1870603561
136889327.2178449929 10871.2513066087
137450412.9502287209 11191.4334516637
138567455.9342464209 11750.5365514755
136793478.8401548564 10780.6114877085
136626250.7485911548 10693.5175018439
137230354.7052207291 11059.9639067203
137082657.9087442160 10999.7542458565
138209711.6272312403 11568.7568310201
136347110.9888246059 10556.2069224976
137787653.6118932068 11369.9792962968
136145082.9735960364 10364.7160957865
138333069.0346167386 11634.4700604342
138182467.9742245078 11562.2816196026
136421810.6468805373 10584.6012096070
138463343.7097372711 11707.1516355686
135605498.9909289777 9937.5332252404
135972202.3854722083 10242.3511562960
136955250.4823282063 10907.6149541056
137252374.1227468848 11072.2787432224
138115234.2346160412 11545.8081371279
138755097.9387546480 11860.6501045227
137636567.5225484669 11305.9914586656
138508161.7832165956 11728.1813463382
138612422.6391671896 11769.4453525543
136170973.3519691825 10384.0910805278
135871282.2216953635 10208.8342573075
137747987.4519929886 11335.8241975158
137013292.1846473813 10919.5317639911
135707944.8147890568 10025.5818675312
135448382.8777339458 9727.0527393527
135375364.6712044477 9628.4245061700
138625557.1912115216 11784.5623063892
138018431.3463552892 11494.1513171196
136388948.3346439898 10556.8310486935
139456912.0606699288 12158.9349861145
135928177.1951585412 10236.5925481584
138078667.2172306180 11521.0840527089
139372308.6410684288 12115.2987270355
139252417.4104052186 12081.8400020599
137306633.9138633311 11105.3932432681
138295087.9330894649 11611.9982502311
138001414.1110455990 11466.7677372480
138139809.1785518527 11547.0515845986
140319633.1074196994 12444.6956062317
138517410.1224274039 11739.6644510478
139217271.6342736483 12069.7335720062
138380975.5029825866 11675.6242258400
143992421.3483392000 12695.8344459534
137488218.5823330581 11211.7187479287
137862353.2699490488 11409.3835702837
140457925.9986613989 12461.5520515442
137950521.3834965229 11427.9614864858
138713035.6320940256 11839.4720764495
138100596.7410189509 11529.4042249369
135568643.9070426524 9830.1101276584
137832185.3941845596 11381.6979101598
138370879.7281072438 11662.5293559590
137676109.6822381318 11329.7991349548
136175737.7579853833 10409.5010897247
137463970.6469633877 11204.8055834323
138471881.6088968217 11724.2168889688
139042578.5133845508 11988.2934904099
135388587.2471978962 9713.4026212518
138303967.9356786609 11632.6799509376
135581521.5365715027 9843.5158490482
138839354.1570613086 11901.3411931992
140688196.4153233171 12542.2426185608
140288682.3059325814 12415.9723472595
139149692.3287112117 12041.6157388687
138524027.3891992569 11745.1580324024
141952024.2426932454 12653.3478050232
136166345.9334359765 10381.4975058399
141361362.3192722797 12613.8229713440
141336569.3346703351 12610.3928794861
136091646.2753801346 10353.1032187305
144001627.3331516981 12698.3707313538
141193078.7417367101 12576.0356101990
138153366.8752864897 11560.4883266957
144684049.8060365915 12704.2946891785
136291432.2376403213 10475.1410655640
140626231.4906810820 12515.2076072693
138034926.7478787303 11496.6470460566
140542588.8422599733 12500.1728553772
138570388.1974594593 11764.2194537679
137944613.3533872068 11427.5219675573
143256594.0258649588 12683.7395210266
144616942.2577945590 12702.8267555237
135686291.0004318953 10019.9170447448
136315239.1681471765 10475.7651917599
137940247.6939418912 11420.4198055333
136004896.9579628110 10260.3931633858
142502818.7843993008 12667.5637779236
137941227.8400117755 11427.3259756416
141479914.0245083272 12619.7171440125
141363392.7606285512 12614.1211738586
140464386.7903273106 12472.7440681458
135845980.6742760241 10154.9562055496
138442211.1719851196 11687.5864556683
140317325.1981716752 12441.3320960999
141602274.8873758614 12620.7658119202
138797996.8251556158 11879.3530970216
135779546.0015301704 10131.4988820367
138495688.5394036174 11724.8151797811
135771281.0162201226 10115.7116910843
136152459.5188257992 10368.0821690522
140365385.6535876691 12449.2582054138
136147272.6359414458 10365.4198767571
141963332.2286855280 12653.5473365784
142641279.1012221575 12679.2834968567
144087343.8162167966 12698.4736976624
137240776.6596962214 11061.0704179620
138938740.8021242321 11945.3492155075
145370194.2949976027 12706.1497459412
139150061.6325256526 12042.4357280731
138995975.9565163851 11956.2020454407
138959882.3218965530 11951.3742780685
139207165.8997323513 12047.0087146759
142607048.1683917344 12673.9339714050
139191373.1421506405 12046.2758350372
139109668.5712366402 11999.1620311737
138438971.9071646631 11683.8853273392
138704701.4605569839 11818.3616914311
139003953.8915508389 11957.6538572311
138893129.8658300340 11903.0631790161
145316957.9843504131 12704.5489463806
142158180.6952159405 12664.2202262878
139168895.2430499792 12044.9207897186
138897620.1790376008 11925.7858048081
135733178.6437127292 10042.3175650695
138606481.8320792913 11769.0472211400
138820612.6117336154 11882.8415299058
139007009.7463089824 11972.8996086717
141381758.6170095205 12614.1923332214
137756388.9616384208 11337.4335550368
138351820.1950898767 11639.5571062565
137956937.8467635810 11429.9845187664
140475694.7763196230 12473.1378440857
138286311.2101231515 11609.4277486801
141468606.0385160446 12619.4189414978
138423309.2071157992 11679.4222433567
138625315.4426035881 11771.5322827855
140298491.5876473486 12438.6966667175
140020302.6935810745 12347.3488540649
143502386.2073858082 12686.1984825134
142354984.8429962993 12664.9553947449
139997824.7944803834 12345.9934444427
142343676.8570040166 12664.7558631897
139863929.3074580431 12306.4126796722
135868054.6981784999 10174.2964646248
140988234.4108888209 12567.7417259216
143148447.3446475863 12679.4830284119
140999542.3968811035 12568.1355018616
140662665.4068149924 12541.3482475281
139563223.4692573249 12169.7990798950
142400302.9961210787 12665.5212669373
140752924.2125453949 12546.0225944519
138355858.8703058660 11640.0179693699
141902109.3282965124 12649.9833564758
141851504.6628821194 12638.5752983093
141892129.1179304719 12649.8279151917
140045748.6767490804 12351.9923839569
141275939.5858626068 12599.1124763489
138462060.1917962432 11692.8182232380
139316645.0524987578 12086.6394691467
140524098.1812401116 12499.8998451233
141122513.1981230378 12572.5683403015
139855105.4343720078 12277.2554531097
139576876.0742069781 12179.7813072205
139828627.2822926939 12277.1445236206
139733766.7467692196 12232.9563713074
138684858.2828399837 11812.3237063885
140045100.1893684864 12351.4797954559
141617336.4925502837 12620.9593696594
139507085.8557620645 12164.7341172695
139993667.2452314198 12338.3243236542
141020579.9666236043 12568.6938514709
139796010.6447623372 12266.7494468689
142126379.2178450227 12656.6678504944
141324683.8347392678 12602.6862754822
141065375.4553919137 12571.8747825623
141405724.9378377795 12615.6480216980
140406685.7953011990 12460.1983146667
140689544.7646825612 12545.6288185120
140755287.1708091497 12558.6339225769
140459393.9465825856 12468.4387397766
140589391.9681291878 12508.1130485535
140842897.7784779072 12566.1834220886
141054067.4693996310 12571.4810829163
140619106.8884028196 12508.8979225159
141890801.3423042297 12649.7838249207
140785002.0910828114 12559.4187965393
141216707.8923784792 12594.8838691711
