528545292.8374621868 56527.7633313372
546341908.7319836617 76560.3908812434
528608392.3311419487 57145.4702187015
551058763.4929199219 79156.3572281954
550895854.9479056597 78932.6954452729
528590514.6018954515 56751.0854405596
564206768.0697138309 85688.4042631984
544850891.1370525360 75636.0323503254
531948823.7213925719 63588.5772018528
546146849.9337705374 76312.8035317489
550250680.4605069160 78902.6305654895
539635727.7136936188 71716.7589450894
529262700.9843953848 60193.5941601915
529970317.1806975007 60773.3560664428
544326545.2557846308 75513.4860704182
550966591.1498514414 79107.7630645966
544308101.9406217337 75486.7830913303
550147334.7940719128 78842.5425445771
531993412.6128878593 64041.1808586216
528789197.9380581975 57172.7602273657
538854734.9948213100 71307.8659175746
547549294.0095341206 77533.2655778953
558428903.5481092930 83077.4707743526
529517679.5851479769 60411.8381320422
562196309.1781653166 84731.5113131404
546787779.1947370768 77202.6640602180
531572845.7656095624 62710.4865287419
529378899.6188911200 60346.6923993749
530174628.5722714067 61508.8710835499
562621013.3078793287 84936.6021944880
531009211.0763351321 62334.0850766774
547770198.0920139551 77774.4300995895
531839697.2454271317 63205.9352625485
547731544.5074369907 77724.2012598252
537092334.2189903259 69937.9100747842
543970060.7347508669 75131.3738119839
547675557.1505635977 77632.3861353135
534975546.9106621146 67687.9044557351
548123506.0034377575 77793.9299051499
543873777.4128606319 74996.9841778515
538215573.9235817194 70720.6950236119
543478147.4501520395 74939.7984020947
531173558.6495592594 62494.3739856358
531644297.6324945092 62996.4052766438
544012079.9658879042 75317.8636629818
534639666.9189816117 67570.0913873453
550069130.8656020164 78750.9298050141
542778252.1747372150 74062.9230730770
547519574.0567468405 77488.2483865952
531340995.9931234121 62567.8597062703
577084797.6402534246 90220.1007308960
530406771.1238983274 61661.6096077075
528597720.8976087570 57044.4309834673
537558413.9606877565 70097.6907554425
528844618.2308258414 57478.7593636944
548572464.4171545506 78091.6079828477
529557795.5243454576 60522.4901050439
548157676.7209606171 77944.2918894029
529045093.5139366984 60114.8185241742
537602704.9034677744 70394.5660539426
537994293.2461656332 70699.8973093785
579179954.7814174891 90394.6077270508
579213990.1384297609 90424.6004180908
580488935.0433489084 90610.5594177246
578636944.3471266031 90376.6166534424
545452036.5321954489 76051.5612061310
544939896.4436806440 75898.8767773902
579977449.6475456953 90572.3495025635
573761776.9358850718 89166.3289985657
528774967.6744576693 57167.2219685747
533916584.8440085649 66663.0355301888
578779451.0900546312 90384.6679840088
537919105.8279479742 70396.2105589665
536816243.5727280974 69768.1421128072
570912441.3382691145 87931.2841749191
532833498.8993725777 65100.6784378065
528909075.4335493445 57510.6503788938
538261765.3487831354 70884.3040689094
545513817.1331754923 76213.7666079795
536643996.5957283974 69743.3499961652
550099961.4582438469 78789.8382980561
548149403.4057794809 77927.6941330171
536495797.7496247888 69581.2693382062
548064639.4098978043 77780.5332290864
528930387.4231378436 58771.4987834802
536609577.2628877163 69685.2390342511
542408690.3295078278 73785.4226839339
538464414.4765229225 70965.3263009651
543390434.5058366060 74573.5409953391
558747484.0682663918 83307.1031095271
535649426.8585082889 68817.0329950316
532022806.3543235064 64337.7981768621
558540577.5039476156 83088.7157532573
559014913.4140201807 83398.7089373469
559122044.4668605328 83465.9187647700
560068989.8795968294 83908.6108662486
557452343.6278514862 82623.3135640025
560409391.3447080851 83984.2529160380
539190468.0926110744 71333.4328621490
538659925.4851329327 70994.6832588776
560571018.9499230385 83991.4979435802
557576277.5245062113 82668.2205423713
551348555.9621435404 79286.4202062821
549924143.2778332233 78672.6035434937
535364793.9433171749 68292.7734931572
549493058.8488249779 78407.8110840058
549757393.1654160023 78636.9942257142
535216595.0972133875 68130.8965247734
535434287.5304703116 68324.2090629204
580183590.3778207302 90593.3861541748
548699353.6763714552 78130.6748001313
548879064.1002066135 78219.9030563569
557339580.4348534346 82406.7724996507
560626606.6425917149 84095.2590739131
557994765.7026782036 82909.4944461286
557103912.2322454453 82402.3453129232
540334796.3995137215 72241.7915643926
532935499.7449880838 65400.3319148256
536245878.3242928982 68976.7719476684
579903437.8502422571 90480.6825408936
549211290.5088999271 78328.3668882584
548525920.0049225092 78060.3098060822
583532793.3408721685 91192.3896942139
583684232.9665515423 91282.6084136963
532864089.2211607099 65302.0097934065
535533356.4520831704 68492.8218324645
548308100.8918583393 77972.8608162141
583806875.5786823034 91291.4063262939
535914372.2551975846 68818.5201318725
532572945.9782199860 64928.2029351096
539301126.8231891394 71342.1425478236
538432293.6397942305 70891.4383737819
556416254.0155622959 82183.9297897199
582891299.3409767151 91110.6445465088
536324618.2407803535 69139.5065804286
532544588.2974646091 64751.6424686719
532240707.5137308836 64612.0377323438
582810364.0138604641 91106.7625885010
536298892.0617561936 69112.8748360439
536264831.2933704257 69082.7955714062
556474421.6658260822 82220.5257862508
584433407.1973036528 91426.5686798096
562882062.3937439919 85128.3686852455
533111225.4828561544 65784.5177317915
530773964.8201939464 61784.3691485042
531351046.6893894672 62570.0896837825
533024927.1272347569 65525.6631197270
571712098.6591285467 88584.1129322052
571922136.1645057201 88638.5040645599
533054506.4991288185 65781.7862915510
533376336.7068864703 66324.0772766584
571597212.5315167904 88580.7388172150
587098669.0791779757 91587.6069946289
530869824.5695324540 62079.2349360103
531141622.5810548067 62447.9567887896
581239976.1687582731 90716.0843963623
534393380.4485290647 67118.4032547490
554533905.9246534109 81126.0932323408
533173880.7941057086 66140.6657661909
554789979.9279708862 81222.8879296759
572192066.3395438194 88675.4851055145
533251706.7446280718 66172.5524353498
580507122.5411169529 90617.3005676270
533442125.8184877038 66334.0146545881
533588964.9911834598 66529.7309784407
543271554.2798402309 74557.6242019701
585984594.6458369493 91548.5334930420
564500492.3918459415 85790.1695723534
571530036.1448986530 88491.2779753208
571283683.7050510645 88380.6110746861
591691614.2131268978 91751.9123992920
571376322.4066386223 88450.4410154819
543092007.7140862942 74450.2941501456
540004078.7788517475 72106.6653062124
574321173.2484903336 89546.5978775024
533944893.1499598622 66834.0369366474
534427032.8120648265 67165.8439334005
553566028.1338734627 80630.4016847902
535048673.8964985609 67905.9540876813
542803573.3436287642 74209.8984115439
534148759.1382939219 67010.6643585034
554227156.0577085018 80926.8335199648
540594712.1172852516 72624.0394149926
539920705.2252640724 71911.7461031802
542729077.3210350275 74054.5186281708
590739310.7415970564 91647.4407196045
562878566.6456032991 85067.3150339127
590783933.2712880373 91702.9784240723
574901681.9588690996 89761.5820541382
575027677.6522969007 89796.7667617798
574059363.9640195370 89521.8246231079
574638508.5839703083 89689.9612045288
562801892.3591846228 85026.7306218147
573914795.8044555187 89516.6623001099
539997100.1253044605 71914.0934869870
590903572.4262936115 91713.7367858887
568336563.6162284613 87189.5669612885
590947200.3907953501 91717.7820434570
570965859.3384261131 88373.3335485458
587510944.6612931490 91631.1109008789
555800836.4669426680 81920.3170311111
566458384.3506194353 86564.7792323232
572908697.2468075752 89035.0839080811
571467412.1159710884 88463.3817968369
546715675.8607717752 76995.4631195253
534594281.6327240467 67345.2831677265
555746670.2639033794 81865.8099052566
555614883.3292429447 81832.4903633254
581325405.8874028921 90808.5660858154
582284772.5233259201 90916.3640747070
560873697.1392269135 84323.7871487737
546593468.6267477274 76835.5893249696
560572695.4422107935 84056.1007016301
558291785.2688709497 82967.2439288497
546383776.8901203871 76562.0931198178
586229653.9617506266 91559.8724365234
568912922.5922226906 87631.5915365219
555370029.6402996778 81657.9060801864
568878503.2593815327 87586.6016836166
581656054.0150413513 90914.4373779297
555063934.8479080200 81531.5632664966
568765511.0867480040 87505.6459341049
535020101.8290534616 67779.3947703767
559465737.5668697357 83611.4655393809
578222255.0663009882 90351.0472030640
556363933.9615257978 82144.7389715016
562994953.2355730534 85169.6060183644
578121495.0097764730 90346.6354293823
581282709.9600422382 90799.9464111328
566452826.2479060888 86504.9122877121
561461362.8888170719 84554.8912699819
540746333.9227885008 72677.2598875887
561025781.8565735817 84391.5327628255
569166624.5331131220 87774.0395956039
585179843.3813014030 91491.6690521240
577973306.4053455591 90343.6953353882
568483068.8288592100 87442.8350706100
546672063.2599179745 76906.7557839957
569489102.6458151340 87902.9521627426
587803266.3963873386 91636.4024963379
541402297.4068343639 73161.5585356705
540846369.4724864960 72793.6686011307
572567389.2612195015 88929.6690826416
541659481.7512127161 73331.7988539688
553133217.7584925890 80177.0423390733
584454440.7812054157 91482.7569122314
566432136.8723745346 86467.0922651291
541567737.9740487337 73300.3560362808
553122101.0506770611 80133.5467159071
564403456.4794611931 85764.2725928426
540429926.4396960735 72481.9009280131
541123742.1216645241 73038.2763014786
541338487.3714256287 73133.0136137955
553305081.6546475887 80362.4068061629
586840214.8078094721 91562.9156646729
577702867.9684253931 90265.5890884399
553385184.2618114948 80406.9398688957
581126205.9214695692 90688.1607131958
554062197.7189985514 80783.1255429679
572305713.3820202351 88823.8707656860
568816202.9080439806 87523.7352857590
563572074.3860409260 85434.4542231560
561403714.3225499392 84507.2270091176
572335991.3795472383 88868.8427505493
574520088.2076321840 89637.6648941040
576202386.9165282249 89878.4523391724
576581669.8451225758 89985.0082626343
567099323.2053626776 86756.6671438217
567085593.2480529547 86749.4973134995
563239587.0283472538 85276.9574740529
563728835.1644051075 85587.6318896413
563225382.5542470217 85269.5885928273
574149686.5571678877 89525.3996658325
564849761.0547957420 85959.6649942398
561930988.6886273623 84703.2528517842
576771660.0402910709 90061.7880020142
563862957.8622809649 85598.1415427327
562408967.1491611004 84924.3929166794
544724968.2841446400 75545.5213607422
564868210.6888916492 86015.3074502945
565278588.8324680328 86195.9064283371
561234456.4532436132 84439.8180411458
566104298.3278177977 86369.4248352051
576066098.3983839750 89799.0716781616
542423053.7866960764 73833.4260532453
576091862.2715727091 89838.0606765747
541914986.9326834679 73467.8459329610
542131150.6905742884 73747.0859048595
584087615.6192182302 91356.8984375000
564640751.0134912729 85810.9609475136
590705328.8569598198 91640.7239074707
590585859.2255072594 91636.7893829346
568096126.4139542580 87119.6816730499
580798857.8995920420 90639.3896942139
552037036.7104114294 79692.8559141902
552591730.9189245701 79836.6191719918
551997000.9950932264 79578.3736296443
551986286.8574223518 79577.8217497615
552400607.2512691021 79804.6552267818
567687357.6661297083 86904.5426254272
