474067757.9694075584 1540123.8279418945
439921201.8978995681 732041.2027396262
445473978.3759250641 966816.7513106130
462453708.2990303040 1380786.4165475816
455991942.8820751905 1259008.6514486931
456336910.8572575450 1262028.9249989651
461659423.2232863903 1370295.6152307540
456328990.2604847550 1261807.4168182276
436569677.1447017193 447889.1918150149
439715557.9874959588 718250.9255508482
442983831.1244232655 873220.6028505362
445781363.7592588663 972654.1516963851
455348381.7584187984 1243626.1397299431
455957538.4280732274 1256099.2259138264
455618332.5179694295 1249177.7692372464
462514209.8110330105 1382156.2385217696
473530164.4037988186 1537537.4296894073
456560535.9317421317 1263361.0950522088
436431851.2677075863 430444.8254004382
436591246.7706571817 449639.8154303366
444833958.6937242150 943633.9987313163
455985206.3084418774 1258888.5974936150
462125710.4604474306 1376404.3483850509
461980450.5705398321 1374322.3435022384
436461636.4640545845 440131.6410337649
445153380.7501631379 958171.7282553327
445937476.2811013460 974089.8650931728
461738978.7487002611 1371716.4557153732
461703006.5151436329 1370656.7028772384
445572437.1801380515 971886.8108939540
462481238.7863197327 1381581.6921350509
445321188.7301371694 964604.4704428327
462037341.1905472279 1376401.2102014571
462184577.6081242561 1376774.2448605224
461881307.1971307993 1372117.7502634078
461960153.2348309755 1372915.1898767501
472499426.8115551472 1522765.5308891535
474406445.2866036296 1544874.8677062988
438496954.6949594617 574954.7925155610
440297899.3447937369 748119.2969649732
443669001.1963371038 899323.8403678975
445613781.4088444114 972455.4010277814
445863392.1919620633 973409.4615223235
454832641.4102855921 1220072.5903448723
461640633.9402327538 1368956.4592248946
474224186.2521773577 1542534.9125671387
473709607.3202947974 1538612.2986450195
480086410.0900220871 1586833.0292968750
440271686.3947837949 747597.2587729394
443541142.0626521111 898123.4512800602
462133740.1579903364 1376499.3627792504
461715872.4646314383 1371591.8854944259
461496323.5289853811 1367838.9729196578
472520603.4005274773 1523595.3913627863
472714064.3964754343 1527728.0933891535
480380195.7590886354 1588295.2080078125
436983166.2448450923 481196.7170468156
455875699.2236554623 1254492.1333822869
461190415.6097985506 1361951.9997751266
479557587.5707644224 1583967.7392578125
455885148.7821172476 1255046.6734823845
496920840.1699019074 1636415.8696289062
498394906.8006302714 1637299.2854003906
472923999.7565219998 1531332.1437854767
480116815.0329900980 1587568.5249023438
498269287.8071323037 1637294.2155761719
472804859.0690610409 1530136.2406059504
439782594.8836098313 721313.9288893044
442740455.8741875887 865463.0520692862
496083705.9059982300 1635565.4750976562
472779007.3242587447 1528825.2429828644
473157871.3611418009 1534142.4816913605
473036841.2672175169 1531848.4416828156
482797359.9641836286 1594398.1252441406
439903203.2309142947 726908.1021138728
442615206.8906511068 857446.5805727042
475502751.5770695210 1549519.4368667603
443686912.2641476989 904199.2308090145
496672849.2353850007 1636018.3994140625
443679682.8563194275 902139.6413919769
443461924.1576144695 897373.4156153045
473368186.9108685255 1535160.4370136261
496774468.5807692409 1636310.1791992188
473168119.5032362938 1534429.1628437042
456448963.9733470082 1262785.1424574517
473132269.6904256344 1533174.6633319855
475347791.5470172167 1547821.7436294556
473290621.5780193806 1534914.1740741730
479128220.6001547575 1569201.6848144531
456143966.0195700526 1261388.7803244255
475352000.3044990301 1547949.9633560181
475664619.5062783957 1550958.1216735840
474879900.8558778763 1547466.5531997681
436906265.0934843421 475059.8813709721
439769054.0121921897 719104.6191358864
436741942.0188420415 464599.3371970914
497282659.1451198459 1636519.0683593750
496804648.9391856790 1636362.4296875000
460985195.8637828231 1355893.1630787998
436756055.9567731023 467054.6861012761
436746346.0799062848 465747.1279685758
437723702.6090695858 552415.3343206905
437938266.3815814853 574755.0471587740
436810305.6179957986 467061.2741133533
474683094.8594745994 1545036.7690601349
482286777.9773090482 1593597.1801757812
454977298.7638139725 1234768.4315313958
455340359.6282654405 1241820.3181967400
455718879.2892386913 1251907.3770271204
460775411.6707325578 1351006.2798028141
444308983.7079429030 922907.2467781913
481562336.1812748313 1591026.3461914062
494788065.5215031505 1631798.4636230469
497758464.6589616537 1636595.1367187500
455778608.9121332169 1254124.0124106072
442672526.2570723295 860253.2047182120
437671601.3355325460 551702.4298330210
481180875.8255128264 1589590.8598632812
456377015.0135385990 1262697.1616090075
444929847.1648711562 948904.7758198392
437644506.9013761282 551551.1886971258
438235824.7301983237 574909.1155136079
439872503.5813881755 726494.9315147698
470554589.8999539614 1493145.1249263287
481497644.6961750388 1590771.5913085938
437726438.4686732292 558294.4525759481
444537142.6317180991 935965.2179695976
455805205.8797555566 1254491.9514323012
437750463.6311951280 560614.4309418760
481473763.0456929803 1590098.0615234375
494454673.0035908818 1630063.0529785156
495121100.2734132409 1633140.2321777344
481309201.9246199727 1589983.2187500000
495712691.0270091891 1634236.3496093750
494947103.5383571982 1631903.9592285156
470549321.9929098487 1491274.0604732037
455213880.5639900565 1238783.3736166619
439829472.7294119000 726017.6757765114
494669582.7572569251 1630117.6713867188
440039641.8238661289 734544.7173118889
437488247.8621988893 528318.9408129528
437582359.3471749425 543698.8848822378
437519584.5836488605 536076.4558661245
440111743.1527879834 740668.1884746850
444329158.1341353059 929489.6505867851
440132088.1014042497 741380.7084102929
470372584.8038305640 1489133.7155025005
495321212.3925970197 1633758.1145019531
455661033.9639268517 1250359.0418600701
440198902.7123605609 745201.4998867214
444561352.6015104055 937247.2017015073
440367331.4674264789 748698.5559161603
470393639.3866457343 1490976.6198875904
440250979.7018817067 747550.7705157697
440066541.1599091887 739644.8847278059
444673716.4224237204 939989.0019956682
470651724.2775995135 1495452.3656489849
470295634.3965457678 1487272.3285090923
444063478.2778233290 916125.4673361633
443898582.2086682320 909889.7729891393
470606901.6818318963 1493903.1270015240
470695914.4270168543 1495641.9135005474
437254783.3271197677 502003.2912974916
437391980.4271259904 512228.4948831163
437294908.3071920276 506975.0182757936
460657549.2056142688 1346198.8095879704
437409108.7850072980 515335.9849937521
494744351.6382524371 1630807.3354492188
437252304.8711861968 501509.4509846531
472495624.4803717732 1514683.9906975743
437284645.4129274487 506746.5793109499
454608024.0635145903 1216310.8647004736
460641511.0542920232 1345082.5589165837
454545470.0411806703 1214613.8851777685
472337571.7607039213 1513650.6992572220
443179088.6093862057 880707.6168047044
443001508.6930813193 874066.8360191438
460357856.3285660148 1337714.7098183781
442860069.0280282497 867676.7496446214
442564197.3296893835 852212.3727454479
437170320.2768593431 488008.4125069939
460423314.5629178882 1341023.9724908024
472032702.1595803499 1510751.9772342443
471685232.3200755119 1505327.3574326038
471887004.6451877356 1507709.0448611975
479341407.5141261816 1572561.9990234375
470172971.2523280382 1483227.3384689093
479326797.4272317290 1571056.8421630859
485353093.6929255724 1599745.1833496094
440999460.2674361467 762278.1296240203
440960992.1891570091 760398.6168532483
442438624.2012583017 830865.6537963450
485398325.0916940570 1599833.9841308594
439614031.1575307846 653232.3124366999
454267977.7685253024 1195408.0375010071
454241605.0079362392 1188765.0260263977
441064574.1971526146 766068.7049549818
454503335.3157840967 1204956.0776943264
454274328.5781596303 1202042.3094736633
442208004.4669474363 820086.6127258949
485501858.1462271214 1600385.0539550781
439642356.6645311117 653563.6547943354
479065231.9829298258 1561269.5050048828
439701769.5220187902 660771.0771461725
485484489.8695123196 1600267.1169433594
485326420.3904454708 1599647.0510253906
485333026.5070610046 1599724.7878417969
485214704.1728795767 1599578.3322753906
459873448.3617675900 1321124.9816941321
485104703.1283668280 1599256.8537597656
484534784.5492967963 1595853.1193847656
459853824.7740784287 1319511.0801514685
459884280.4357237220 1321650.1441163123
459603382.9516132474 1309301.0067756772
459210041.9589524865 1303524.4573795935
442132222.7076588869 817749.1033051424
442149242.3326553106 819766.6400016956
484615274.9818652272 1595947.6027832031
459301161.1952967048 1306849.7024967810
441590182.6370759010 791348.5926384144
441541716.9613007307 786015.9446520343
441632539.9260898829 791431.4038805499
441717763.1298167706 795472.0994581714
441455948.2152744532 783412.6521967910
441455734.4276993275 780358.7245215438
441231202.9990869761 767155.2695565484
459146537.3104552627 1301914.2551916374
441391013.2215520144 778393.2003001235
484364404.1169121265 1594435.3430175781
459143741.9719657302 1301442.8937040104
459176773.6559862494 1302811.8781018986
459394847.4231178164 1309104.3605237736
459052226.9615748525 1287693.8996060798
454110959.5131380558 1177494.7369407974
454071739.2805179358 1176077.7270454727
454100157.9350368977 1176411.0864509903
448277979.7151728868 1004451.6136483683
470110658.5747838616 1460874.9159137455
470171234.6565858722 1461568.9518024174
448525765.6046477556 1011267.5136289431
469879794.0582462549 1457913.0694781987
448245807.8768774867 1003540.9938292040
448191413.5502856374 999125.8498167528
458675543.3523772955 1279391.9941244340
458636679.3218991756 1274212.9952210104
448117357.5523226857 997222.7034852502
469962922.4049961567 1458699.4400836674
470083549.2635402679 1460174.0823566166
448255139.1606547832 1003899.8707823290
448175822.4716370702 997940.4629683031
458661066.2730984688 1275454.9352234518
458772890.2818348408 1280318.1632507956
458729051.3000278473 1280014.3458679831
453336631.3057403564 1152786.2229442471
453419238.8255491853 1158723.1177196377
458040923.2920513153 1264965.1296390807
453544517.2098053694 1159713.2461376064
449246613.6333662271 1029298.0641300716
453901129.8811798692 1167707.6824305379
453790930.8566737175 1167336.8779182308
469245528.4724709392 1444134.7344382554
453246161.8292734027 1150394.3937343210
469045092.1697390676 1441497.2952292711
468479480.5471249223 1433208.4924948961
468796697.7196228504 1437386.7534201890
468868550.1666592956 1438420.1591819078
468902558.7414363027 1439421.2545798570
469070689.8469781876 1441917.9744513780
468750713.5333424211 1436392.0893576890
452872824.4174335003 1137680.0092716813
453112580.8478109837 1145420.8323598504
452814092.9964622259 1132206.2665334344
452918435.6553785205 1138709.5873342156
450391185.7543188334 1063096.4420321779
450206490.1932592988 1056773.8087313967
450128311.8408938050 1056394.9605868654
449954157.6885110736 1048637.5929644005
449827209.7776905298 1042342.1611531571
449953546.6061296463 1046985.6948239700
449744273.6971659660 1041290.7633745567
452764659.8189722300 1126533.4213126004
449796845.7034307122 1041513.0543901817
466788015.3477308154 1386629.9958158568
466968701.1436008811 1391758.6081496328
466531769.6055167317 1384913.8225051016
466549438.7025594115 1385691.1994582266
466897175.9932164550 1388765.4897305965
466686079.7575056553 1385923.6163175106
452752416.7972015738 1122280.8811772168
452300172.4987041354 1109144.3653047383
466877299.4979146719 1387026.0734183788
451423583.5759501457 1083242.2585962238
451562183.9999141693 1084975.6118677082
451704386.9896020293 1089806.7018945636
451853071.4109128118 1094703.5547388019
451701245.1191470623 1089178.9440720500
451404953.3798513412 1074357.9623690443
451573233.3954369426 1087092.5034692707
451345111.7810341120 1073823.2166162329
451097419.3818441033 1066688.8529001074
