363390846.9449682832 671917.8727416992
344487642.1456884146 478231.0911959577
344743186.3272446394 479676.0887712855
333295667.2999196649 213544.4528502971
344536657.9258608818 478425.8435844015
344654013.6336224079 479281.9207858015
352887430.3969572186 583429.3979222625
353640435.6656191349 590845.5610463646
362949211.8126372099 669093.6735229492
363412633.8931242824 672564.7127075195
344397224.2467991114 477098.8273185324
344454724.0144217014 478224.7814272810
344339441.3564549088 476528.4480666090
343976654.8087545037 471608.3508852888
343782029.4955875278 467594.8580874372
344074641.6148729920 474275.7924136091
355810294.2417857647 610241.8357976964
335409013.9829980135 286955.2434329335
341355723.3044251800 428278.5444753915
355952824.7801963091 613072.8694891026
357521895.0032070279 627207.5258153966
372647275.5298571587 724947.1138916016
362832709.2719095349 667632.8508911133
363075709.2915974259 670886.6715698242
363311702.0372681022 671845.3308715820
364060565.1798752546 676217.0602416992
363694106.9380860329 674359.8027954102
340338711.0950316191 407892.7960061263
341563250.6554939747 432146.8655592725
343880083.3207617998 470153.4813784529
357625685.4570953846 628352.3957494786
363509961.7897329330 673929.3233032227
363757675.2436695099 675162.6177368164
364113666.0521087646 676677.4338989258
364305248.0355458260 677795.9617309570
376566103.5887631178 735297.4362792969
379602861.4839422107 740518.3979492188
341307714.9622051120 427576.7879316360
343262465.8761780262 460413.9533175994
341527868.4802008867 431532.3255292922
355919622.5706619620 611222.1974920323
333211021.8879442215 209422.1418151408
335486326.4476299286 288179.2784822378
340325921.7757644653 404641.7185656261
353231725.8407583237 587222.3765141815
335567141.3889949322 290626.6364125442
353569839.0027820468 589928.8801381615
379296127.6078494787 740350.3088378906
372237975.2415882945 722973.2532958984
372370070.9366762042 724119.1646728516
378871097.2803726792 739691.2170410156
335910017.3662760258 293722.9549681246
352741991.3431005478 582329.1397435516
333760523.8337788582 229722.4998713285
343395013.2653573751 463077.5739841033
343664789.8314412832 466872.1408328582
343387922.6518148184 462749.8297977019
375324709.1617832184 733251.8566894531
352462854.9533707500 577542.2260301140
371776761.8367723227 720496.5683593750
340998504.9796274304 421092.8225385696
343220215.4003089666 458929.3658712991
376975780.3298952579 736286.7785644531
372201830.4975634217 722787.8577880859
358026068.1073446870 631671.5906957677
371837694.3473265767 721403.3933105469
372021523.5409110785 721880.5291748047
353133242.7055037618 586631.8738267448
372291241.9759239554 723626.1685791016
372274176.4312316775 723287.6468505859
335716903.5774230957 292070.6388990581
373317622.2208141088 727356.2774658203
341393535.4695478678 428836.7452506572
343109459.9628698826 456391.4203451760
343072712.6455842257 455260.4497641213
335330448.2809197307 282195.7699239701
352491053.6598466635 577971.3173234490
352888479.4117892385 583928.3507878631
372255582.6693390608 723020.1724853516
353493187.1288515329 589245.3650228631
365038592.6978485584 681906.0429077148
357616537.6836209893 628210.7397131016
357379373.7317928076 626151.3375829747
353010133.7288780212 585369.3827378777
374288304.2275103927 729712.2365722656
372648264.0939757824 725128.6744384766
341287925.6791459322 426996.3377363235
374152986.4185622334 729660.5056152344
374402025.4567214251 730228.3691406250
352985525.3988179564 584896.7120225456
335403840.6132950783 285303.1087911576
357282709.9355006218 625292.9705734253
372864277.7293642163 725872.9549560547
356501105.8226609230 617043.8484325409
341264212.7003170252 426023.3575117141
352440977.5993348956 576919.0510423210
341180856.0394292474 425245.4773847610
341240864.1198568344 425790.7726728469
364979663.2018367052 681533.7393798828
376143093.9944906235 734678.2971191406
332579992.8020215631 180947.0323488316
332918405.0794864893 194043.3821394145
341117103.1508970261 424562.5103437454
352534497.3152260780 578246.3307111290
352951151.7496250868 584409.0405137566
332754055.2654711008 189520.0770758293
365023181.6162045598 681886.7487182617
340888417.0742354989 419128.0451934561
352274467.6290871501 575644.8148667839
332734328.5802863836 186150.1395443231
340619091.0986677408 413529.5083927140
357677041.9374366999 628789.1011938145
357752073.1945586205 629491.2236303380
333243626.5095157623 209487.5149993449
340428808.2613971233 410200.6209478453
352787932.1347327232 582617.0351121452
340343422.6566625834 408074.0455503315
333681452.1525871754 226621.8866973668
374874256.3128761053 731907.5517578125
342885849.0297054052 451225.0272577889
374472507.2857499123 730248.5017089844
348284912.9020254016 522612.8849053624
357464053.4837892056 627063.4106420567
333616889.6823002100 225600.1888361722
333447327.4130476713 218878.7201075107
340547939.4603408575 412739.0038633198
364316567.1031022072 678090.2417602539
340505655.8853808641 412196.3565854877
332965545.9602571726 194881.0668530124
354016063.8979140520 593113.1083275107
375943631.6968248487 733931.2316894531
333509596.2944372892 221472.2512280494
335928765.1143684387 298206.8953975141
376072160.3862845302 734416.4814453125
362654411.0542953610 665563.3860473633
332843877.3245689869 191473.2876199740
333274002.3057552576 210685.2207946330
333325932.2791334391 213841.0811156780
342820283.4710939527 449978.5251261480
348395282.8076426387 522631.7829079869
333271831.8494112492 210426.0713251978
356052804.3297283649 614113.5451787999
340209859.6701587439 403681.6500411853
342924233.6809912920 452469.0462005027
336054438.2547266483 299421.3888453487
342710600.7934387922 449039.5192363150
374022430.5677868724 728859.6962890625
376241480.7026290298 735138.6423339844
342409495.5723240376 444207.1010826118
342319006.5211822987 442677.5814103372
375844850.4098739624 733719.9670410156
376855250.3815115094 736262.2204589844
362155534.3289648294 660926.1050109863
356102765.7671106458 614513.0481084874
341947510.2697508335 435661.7105563428
341865109.6086555719 435382.6163224466
342229009.4060723782 440180.5187905319
342104539.7795817852 439504.9273576029
362562019.4857841134 664840.5161743164
333097909.0445336699 201645.7015376734
340071426.5440405607 399715.7530583027
378766679.6192535758 738984.5756835938
356335389.1873765588 616586.9873174718
356250143.7805142403 615141.3343023350
356326652.3703209758 616522.1557745030
376285465.9395674467 735209.4138183594
335143606.5164827108 274018.0461058021
335203383.0585117340 277713.2521100044
335308709.3033057451 278713.0612175465
356582801.7251877785 618408.8831914952
362556195.0747147202 664695.9408569336
347849604.7324745655 519044.9193825963
356996278.5868283510 622326.9923070958
362373065.3031175733 663594.2811889648
373863590.0654391050 728245.8784179688
369746202.5860171914 707174.7520751953
376721769.0019562244 736055.9528808594
378610696.3667619824 738798.2211914062
369894510.1232252717 707906.5252685547
373974612.2794843912 728625.5913085938
361090644.0555772781 652831.7674560547
361318084.4190635085 654963.1010742188
369504195.9107369184 705611.4324951172
335059229.6972749233 270382.3492545485
347343548.6872316599 511199.1870330017
361548627.4637343287 656450.5253906250
334956468.7181457281 268844.8761928678
333019714.8397517800 196801.9327696012
359581555.9811058640 641649.6062011719
354239433.2102959752 594516.4802772840
361085619.6052842140 652648.9767150879
379085639.6473289132 739952.8181152344
347591533.1525111198 515219.4029278355
368328290.9973776340 698772.8627929688
369008761.5979866982 702659.9305419922
347681957.8555798531 516669.2328729805
368937859.2282018661 702211.3912353516
369011015.4956665039 703128.8914794922
359983852.5869725347 644559.9544982910
360760981.7531251907 647719.7205505371
360924677.6660829782 651173.5478515625
347404301.7323775887 513073.8704462227
346663145.4691486359 500846.1002809932
346876665.6194056273 505453.9709474971
354008640.3024538159 592750.4846718153
370250458.1130501628 708318.4884033203
346817809.0603388548 504038.3049934482
346933149.1207578778 505840.1499946689
359147165.7822651863 638602.0237121582
368962834.6236078739 702335.2775878906
347177376.2807893753 509705.8217170810
360784275.9962835908 650001.3608398438
347385168.4179829359 512082.6481106853
347048611.8692919612 508259.2835090732
369221953.5078919530 704151.8668212891
336727429.0139456391 313184.5638233311
359060262.8243077397 637590.2962951660
377455456.4988964796 736744.6879882812
361013785.8355731368 651625.3326416016
369347465.8612291217 704811.0531005859
377078267.4940504432 736420.5773925781
336755624.7671126723 316261.0896488316
360374477.5998233557 646850.7436885834
359018416.5075830221 637162.3118295670
358754162.6832530499 635213.5410776138
358566511.8393560052 633363.7190608978
347031340.6061714292 507702.2449970772
358717519.1506948471 634831.0673227310
336910925.7665428519 319577.0071631558
337034199.2662108541 322299.0237693675
336896153.2281020284 319462.7266117223
354825637.7084944248 598877.9077064833
354979818.4018263817 600656.4513483336
354838468.3010730743 599593.3604652723
355674940.4338440895 607505.3292262843
355559044.1139814854 605682.7960994532
354640790.3209695220 597245.6236488661
354921592.8697470427 599919.9967109999
354918097.9618211985 599688.8020088514
377874922.0061652064 737074.3454589844
371042842.6668143868 712000.1207275391
370966398.7281300426 711513.5384521484
378079031.2913052440 737465.9213867188
334023661.7197986841 232238.5234715734
339759502.9293634892 386065.8125771582
334019256.7739657164 231520.2604829166
334047313.3629206419 232554.7738577221
339922000.8641902208 390133.1202362478
340061028.4079066515 392820.1423500478
339768443.3359936476 386319.7924627960
339898618.9144167900 390087.8104408681
378240903.6152878404 738039.1396484375
366741971.1070787311 684911.3231201172
350833069.1119394898 552819.2328615414
366558782.9963623285 684554.6812744141
339537420.8382894397 379171.6354895830
339361110.8638927937 376301.4272376299
339749959.8044074774 384427.8394071539
350515682.1942583323 547429.8089493925
378448433.1639545560 738251.3708496094
350590456.2708626390 549041.5171250517
350341937.5086332560 545681.0482911284
350518152.6315955520 547991.2935532744
350447962.9305270910 546994.3322495634
366286182.5674020648 682708.8729248047
336430630.9592626691 303096.3629599996
336371625.7302083373 301550.6791144796
336478332.4625150561 305645.1677061841
339246376.8932044506 368879.4034545096
351720328.9727619886 560240.0045968052
351817572.3096318245 560650.8105992675
339338093.5923227072 369220.6336471140
351963029.4878438711 562449.2221745625
352098125.4461841583 563340.6829923764
334827657.3342468143 252282.6475490332
334826796.5063150525 251843.5514491796
334618769.8385177255 240666.0768120528
334805114.9741880298 248482.2646248580
338848539.7741060853 353516.8210534025
338786567.9763291478 352167.5377949644
338652007.8670330644 349275.7824791837
338805724.9219585061 352191.2183265705
338769177.3527256846 352146.2668541837
349204163.9786519408 527319.7532388866
350059006.4853789806 538437.2387384474
349694944.0364009738 533382.3542711437
349854449.0554097891 534552.3846192658
349856230.3898121119 536465.7232286632
349325655.3846803904 530024.4884683788
338639193.8423147798 348549.1996651590
334587965.6601440907 236269.0921233647
334570384.5618050098 236232.6591861301
334532189.4084467292 235477.0789676622
338616484.5374235511 348035.8156477381
338296302.4360504150 331136.6718505755
338354542.3474020958 334687.4331420794
338281076.9823053479 330510.2084782257
338221784.3990757465 330468.2817318573
338080435.5546921492 326387.8974430695
338109667.1309885979 326784.9241801783
