344703907.7358308434 2677797.7490234375
346630607.1556558013 2697230.6591796875
347408629.6048820615 2708695.4824218750
347829557.5976604819 2714899.5800781250
347594018.7121512294 2712564.1601562500
354175082.8082306385 2761657.0126953125
361924838.9971224070 2796634.0039062500
366818303.2444289327 2813941.9912109375
347535378.7771977782 2712222.0273437500
315285901.0326327682 1612639.0126342773
315223936.0854076147 1611871.1958618164
318478533.3825221062 1857096.5642089844
324644296.7803443670 2168979.0322265625
331931615.3564649820 2441433.3535156250
340446760.6805953383 2619621.7441406250
347486915.8509913087 2711733.0078125000
348120797.1265990734 2716573.0458984375
356113822.4311519265 2772217.6191406250
367086296.1308443546 2814217.6757812500
313570778.1319491267 1374871.5396728516
314793741.6374760270 1557595.2808532715
332038329.7821317315 2443939.4707031250
340965927.0556021929 2623737.1777343750
340568324.8670377731 2622018.8427734375
344522469.3531688452 2675634.4472656250
346746120.3591935039 2701700.1152343750
354785476.0340397954 2764959.4677734375
355844700.3389096856 2772164.3046875000
367412121.6878682971 2814555.4365234375
313420230.1015872359 1340790.3250427246
313676166.9461883307 1384046.6127624512
315300775.3132064342 1614090.1253051758
318356518.5248147249 1846782.2298583984
319255159.3159650564 1872651.3374023438
318643817.6754201055 1860246.6932373047
324773013.7018151879 2177945.1809082031
339223490.0199505091 2596009.6992187500
340698503.7882994413 2623248.5273437500
340558648.6260988712 2621142.4326171875
344564998.1403398514 2676014.7607421875
366181526.7506050467 2811877.7978515625
324858430.9217396379 2178302.5610351562
324502977.7664309740 2168703.7280273438
324321578.4517559409 2157648.5292968750
327040242.5568171144 2261703.5939941406
344714373.1353900433 2678439.1845703125
347109997.8294885755 2705271.8486328125
347175192.0682227015 2707875.9785156250
346824705.0052494407 2704377.5791015625
352213975.0558313727 2748794.7910156250
313435812.7694027424 1346460.9324645996
324672729.9341478348 2175994.2880859375
344717959.9907411337 2680587.2089843750
345631877.2738943100 2686776.0136718750
345878807.6040250063 2691904.5322265625
345762342.0707628727 2691851.3916015625
313569183.0368649960 1368654.8071594238
345257080.7583519220 2686330.1689453125
345163654.7434546351 2684394.4326171875
352799212.9442850947 2751234.9912109375
355297084.5211762786 2769001.6044921875
324395772.8219571710 2165417.4038085938
339590932.3602864742 2604587.7578125000
345063558.0801779628 2683655.3437500000
315772077.0289888978 1656674.2888183594
332043528.8353533149 2445667.3964843750
332413003.4108223319 2456203.5219726562
340650085.8435062766 2622131.9233398438
340261325.5211465359 2618886.5927734375
344984027.1527494192 2682882.1250000000
314615811.8808866739 1539163.3476257324
318327508.2319554687 1841025.2993164062
332131214.6857114434 2446604.9121093750
340092742.6416046023 2615832.3476562500
340020018.3958102465 2614865.4687500000
344866184.4991964698 2682098.7314453125
321929660.3289992213 2032960.4414062500
314548910.6566209197 1533417.2243347168
332033365.2640896440 2443866.7492675781
333756332.1258855462 2486519.9624023438
339906386.0519235134 2611434.5000000000
362768330.0905907154 2803908.4375000000
344436066.3297955990 2675434.8281250000
344239378.2428076863 2673133.7373046875
314884325.9919593930 1569853.1163330078
318721731.5980420709 1867215.3616943359
333996817.7372787595 2486579.6293945312
344209853.7424631715 2672669.7070312500
366604084.3547244072 2813789.1640625000
318647610.9995120764 1864128.6993408203
318490426.7040629983 1857175.3802490234
318443639.5842255950 1854020.1213378906
315459561.4510600567 1627951.6787719727
315438687.7545351982 1626966.8900146484
318548212.5528972745 1859437.8433837891
321270648.3856970072 2013055.6297607422
321270009.3468172550 2010246.0816650391
333125234.6861284971 2473669.0375976562
318157156.7369766235 1832537.2069091797
321130697.8441300988 2005262.8709716797
313638056.7428474426 1381067.2402038574
318384640.5596725345 1850814.5864257812
325879152.4858235717 2226794.1711425781
315939033.2131067514 1667576.9788818359
314719269.8070306182 1556992.0913696289
326718498.9014186263 2258293.4421386719
326134484.1357731819 2238143.3959960938
366441141.5019575357 2813508.0595703125
326447529.5828883052 2250528.4011230469
326656142.3598448038 2256693.1774902344
351627691.8046106696 2743049.7333984375
362378693.0606212616 2801191.5849609375
343987507.9363535047 2668505.5654296875
343909594.8498954773 2666399.2822265625
333677896.6795250177 2484182.1870117188
334037134.7817319036 2488352.1899414062
333416425.6338731050 2480114.7500000000
333487596.6520227194 2481393.5283203125
351163685.3249197602 2739083.1660156250
341552992.5794867873 2632221.8520507812
351631427.0136906505 2744617.1230468750
343402027.9313597679 2659697.7714843750
326310639.8845663667 2244575.3762207031
343351878.4976315498 2659183.6875000000
342977593.7045431137 2654510.4375000000
315511917.4712474346 1636892.4628906250
343068463.6715261936 2654618.4003906250
313772484.4424832463 1393324.9786987305
313964185.8323388100 1394897.2644042969
351770280.3954625130 2744701.9658203125
355495735.1114258766 2770095.1308593750
315277788.8105950952 1612609.3015747070
342585231.0222322941 2645180.5903320312
317803060.9829078317 1805006.7141113281
355570082.9741022587 2770432.6386718750
363180462.2807637453 2805457.4287109375
317950197.4278285503 1816247.1105957031
332536301.6091052890 2458442.6357421875
362424421.2386360765 2801798.5751953125
362236626.2237957716 2800173.9013671875
362857892.4360468388 2804613.8007812500
341884455.4168671966 2638076.9736328125
331228914.9924296737 2412800.0375976562
341617117.2341567874 2635076.9765625000
364060596.5045588613 2807462.1054687500
365164781.3048200607 2809503.4375000000
365243975.3659445047 2810466.7939453125
355303493.7795299292 2769412.9160156250
332001864.2606778741 2442426.8940429688
351095086.5989157557 2734581.5859375000
342314067.7160932422 2643182.0747070312
354800922.7839377522 2766652.5791015625
342735970.6691165566 2648332.3188476562
317883625.5765723586 1814421.8812255859
314958599.9631556273 1575553.2854003906
314802803.3986423612 1563452.7506103516
315403893.9556472898 1625681.2785034180
341334019.2313446403 2630420.1884765625
341476599.9683167338 2631102.9511718750
341562913.8390874267 2634097.1093750000
341352497.2948866487 2631004.6152343750
363429452.6725900173 2805638.8183593750
321226387.6410365105 2007786.0430908203
354458427.7879613638 2764871.6367187500
355115530.3935062885 2768017.5009765625
355043992.7525478601 2767243.7685546875
354927519.8578074574 2766973.4970703125
324142139.0528566241 2152893.6105957031
331146501.4054355025 2410792.2875976562
315301115.0562226772 1618120.3331298828
315319670.3069062829 1620178.8041381836
315216236.1521270871 1610908.5277709961
332187610.6460626125 2448704.7529296875
317772493.8640606999 1799896.8175048828
320853584.6918444633 1987364.5977783203
325539350.1628683209 2210852.2170410156
353635561.3825268745 2756879.7705078125
338462633.4286340475 2577209.3168945312
338641705.7008959055 2579851.1557617188
317710702.1759901047 1797982.5029296875
320982736.5248154402 1995433.1383056641
324075167.2409304976 2146556.0261230469
338653187.0712388158 2583408.6704101562
353825773.8657455444 2758435.1025390625
317656295.4573028684 1792766.8742675781
353706369.8321378231 2757995.8857421875
320947296.5849373341 1992403.4288330078
353127504.0963081121 2754407.5673828125
315171665.9316308498 1603044.6591796875
315092350.1568314433 1596940.2665405273
315068635.2581940293 1595045.6879272461
317444077.1040055752 1776175.7538452148
320788083.7969967127 1977049.9155273438
337718410.9776915312 2559767.3837890625
317411676.5501182079 1773846.7836303711
325470927.2566122413 2204300.3034667969
353012431.4817419648 2752865.2265625000
353478913.7460179925 2756171.0722656250
325438982.8888863325 2201451.0590820312
317515828.9134629369 1779653.6245727539
331490502.7852338552 2422661.6826171875
320715303.6294332743 1972824.8188476562
350797675.9841790199 2730060.8750000000
314989759.6851624250 1584280.3154907227
325446319.4646904469 2202182.3352050781
331653889.2997953892 2429993.4243164062
337445565.4417415857 2553024.7441406250
338141738.7545170188 2567082.5693359375
337893150.1837733984 2564217.3833007812
325489284.1787229180 2206157.7246093750
331532278.7371482849 2427219.2514648438
325420121.6979636550 2199353.0231933594
365035646.4523563385 2808427.1601562500
317122713.3084256053 1744297.4041748047
364350872.4998736382 2807505.1845703125
317033389.5701897740 1741837.6923828125
334224890.8707900047 2490357.6586914062
316936267.1967958808 1737015.5104980469
364419293.2345322371 2807830.2011718750
364392377.5614744425 2807601.1083984375
363805061.1185533404 2806721.2050781250
316902650.3901687860 1729404.7818603516
319721157.1699057817 1910628.0266113281
325196217.9393888712 2188358.1408691406
317130956.9648114443 1750170.8396606445
316919135.3468985558 1730245.7123413086
316919581.1552636027 1735799.5074462891
316722036.1149876714 1719883.5131225586
320336173.8932048678 1949909.1215820312
320282630.7003319860 1941901.2912597656
320292679.4112987518 1941968.6364746094
316400283.3952735066 1688813.3635253906
316540390.6099982858 1702893.8624267578
324991425.5318027735 2183494.3950195312
316363739.0059725642 1687573.4421386719
320323711.8168086410 1946120.6024169922
320127491.7853158712 1935665.3706054688
320177738.2146180868 1940901.1889648438
320100416.3362430930 1933665.8405761719
316263937.4150297642 1675091.4047851562
334602136.9173288345 2497299.2597656250
334548280.7879018188 2496421.1796875000
336528183.3518040180 2535756.9291992188
319914859.5234137774 1924912.7122802734
336313359.8671138287 2530488.5517578125
358042749.9599071145 2775395.7138671875
314943757.9745679498 1575289.5856323242
316322109.7907815576 1686641.3146972656
319818044.7994945049 1920290.6014404297
336855366.5797701478 2542392.4672851562
336360826.8344840407 2533680.1083984375
336159881.2633892894 2528475.1870117188
349825468.5390669703 2720299.4628906250
349821687.0665296912 2719758.0419921875
319512550.7987063527 1898941.2487792969
349843278.2755073309 2720801.2685546875
358674328.8270072937 2778791.1240234375
334507880.6735950708 2494186.4995117188
335453175.3958864808 2511231.0639648438
335982769.9164254069 2524503.0722656250
335873392.9688816071 2522171.3515625000
330798640.5249953270 2384118.0654296875
330609211.2407037616 2379400.5449218750
323643839.7056261301 2106182.1343994141
323687946.6682081819 2108517.3697509766
323638736.8659397364 2102713.2056884766
323663640.4161654711 2106241.1702880859
330839385.0796523690 2387102.1904296875
314182443.0793576241 1407419.3446350098
330878092.8059534431 2391398.1923828125
334818029.5341109633 2501302.8618164062
358570835.3033764362 2777763.1123046875
314205822.3821932077 1414710.7841491699
323488702.8575126529 2093233.5974121094
314304493.5469667315 1427109.8058776855
357790328.0785827637 2774331.1914062500
314266125.8592428565 1423322.0287780762
350380195.2819579244 2725881.6621093750
350140446.6133413911 2723235.6533203125
314394477.7491106391 1443809.9772644043
314468278.6878303289 1453319.9537048340
361569530.2130265236 2792149.6240234375
314521858.3057514429 1462978.3453674316
314504001.3619549274 1462087.7380676270
361286363.5474609733 2788585.3554687500
358863587.9146913290 2778883.7812500000
323480747.3336298466 2073173.9197998047
323441924.6865275502 2068116.7567138672
359167303.9024148583 2779464.6416015625
323295682.4743372202 2059665.2115478516
323342142.0693758130 2065646.5933837891
359609527.6236389279 2780741.1914062500
360870484.9372377992 2782951.8740234375
360446305.8884642124 2781901.1572265625
323170188.8636237383 2051013.5322265625
360271429.9049217701 2781707.6718750000
359648610.0592592955 2781124.5908203125
360724710.9026392102 2782048.3203125000
360419423.4127658010 2781748.6308593750
323324413.7959468365 2060017.3554687500
