48731591.5130548328 1501.4994974136
48670335.6537376493 1495.4346857071
47493872.0647646710 1194.6733913552
48045319.6882561743 1389.0880407296
48898766.2301653624 1507.9011135101
47509581.7415789217 1214.2241244717
48041480.6818109453 1387.9506372415
47865825.8934569657 1345.6395593137
48746032.7809608430 1503.0751829147
49270537.3353554457 1524.4938144684
48715029.0459025279 1495.8694477081
49288782.9688314795 1526.1316385269
47496106.8383896425 1211.9716694755
49575714.5388695598 1531.7829589844
47561905.2639812306 1240.0550842892
49286436.2422102690 1525.5412521362
49203483.7764766142 1523.2654294968
49168519.5320738778 1521.2906808853
47587720.8805839345 1257.4318307994
48764629.0804958045 1503.2209749222
47418015.9040943533 1127.9350430500
47424037.8955216631 1167.8860675256
48841585.0973527879 1506.5856027603
49436861.7990237623 1528.0519962311
48084329.4978767633 1401.0273025930
47627512.5315859467 1260.3070486347
47961809.9418168217 1368.2863213355
48462115.5642405897 1464.1274113655
48642908.5545384288 1484.4827809334
49206789.6941856965 1523.9408311844
48810834.1664489508 1503.5450077057
49517137.4416108802 1529.6898202896
49512408.6580887437 1529.0423326492
49277006.9582002833 1524.8027915955
49249704.4470251054 1524.0794458389
47997709.2373722941 1387.4876197778
49179466.5177030116 1521.9441261292
48820191.0512817353 1505.6605834961
49176639.1903674528 1521.7227001190
47577214.5351244584 1242.0849626820
47920434.8095242083 1366.1634644471
48134059.6238855720 1412.0869444311
48665634.4427195713 1489.8762235641
49414356.1793428585 1527.9196481705
48220152.0465421677 1413.8202327490
48901869.8422201127 1509.8650350571
48252707.2817630172 1428.7864912748
48502001.7216099799 1475.7224249840
47936215.8544674665 1367.5420512162
48759429.3823924661 1503.1990709305
48777198.5233225077 1503.3745527267
48743816.9485854954 1501.6233854294
48829313.3263693303 1505.6876697540
47506660.3447604030 1212.6124341991
48061508.1740438938 1391.0830549203
49123997.4713236615 1520.6152791977
49895251.5788990259 1535.8418998718
48868459.8673272878 1507.4819316864
47659077.0584870800 1262.4289707105
48523241.8296021819 1476.6426148415
47525335.4405485392 1215.5614803340
48510694.2503659725 1476.3978266716
47611037.9040252417 1258.7129681046
48658423.5990409553 1488.3194189072
47443379.5206754133 1186.5122130048
49359019.5522705987 1527.7320594788
48851400.2259503156 1506.6606588364
48487646.5066726804 1473.7259535789
47494865.5705232546 1197.9323978554
48479164.0204811394 1473.4382386208
47444718.6847077906 1190.8947181832
48413082.6263538599 1458.8098220825
48226729.2532605603 1414.2491685748
47989422.1862835512 1387.1287197076
48392974.9286231250 1456.4562206268
48091155.1908466890 1406.9415253103
48603345.1472600102 1481.2026238441
48244898.9835383594 1416.5621012151
48636676.2149047405 1482.1840691566
48730558.6870482564 1499.3192930222
48244838.1747035682 1414.5665671825
47649426.7783392221 1261.1872321266
48369844.8048875183 1455.6054458618
47614569.5781583264 1260.1395691197
47539747.0320885852 1235.0568681370
47564728.5192765817 1241.7779163282
48576400.1753348112 1480.1890549660
48097358.3556076735 1409.8961370885
48414408.3130000383 1460.1479520798
49462617.7847891152 1528.8765878677
48730870.5403134078 1499.9946947098
48046594.5634376258 1389.3167098962
47451245.4749763086 1191.9701914918
49525592.9713169485 1529.7676334381
47532833.7670547068 1215.8415682074
48715555.5598139241 1496.8491830826
48058333.6480244845 1389.9837964975
47918969.3714365065 1365.6588852011
48060588.2366813719 1389.9909863025
47981059.6511536539 1386.8972333871
49062504.4668285102 1517.7742633820
49081660.5298258439 1518.4496650696
47518051.3556333557 1214.9068351295
48446133.5286739618 1461.0536327362
48342063.8725080192 1438.3903303146
49109057.7555567026 1519.6528568268
48623235.2575232238 1481.5086674690
48310888.4083784223 1438.0462267399
48536719.4519630373 1477.9982476234
49182863.2755081952 1522.2399482727
49505978.4043279588 1528.9419431686
48441397.8833089918 1460.7558412552
47540740.5378471613 1238.3158746372
47465393.1530065462 1194.1827103850
49537179.9956288487 1530.2072734833
49769544.2791204229 1533.8383665085
47469656.1424529254 1194.6287615057
49046698.1278911233 1515.7594432831
49400476.1421467885 1527.9144735336
48395988.4237254411 1458.5650339127
48560548.8405654877 1479.5056643486
48962510.7550924420 1511.4119853973
48349736.1125399619 1438.7558390498
49008975.3191271946 1513.6074647903
47632153.9957968220 1260.6308201535
47678937.4140853286 1280.7915030702
48256486.6082617491 1432.3485047817
48268786.7757442445 1435.6201264858
49047564.7510615513 1516.8118410110
47791536.0110870972 1301.5923487528
47771165.6103642583 1299.4000242336
49813604.9665758312 1535.4598245621
47792820.3815285265 1303.1455875933
47660998.9550786018 1278.3992837651
49038127.3624624312 1515.4116373062
49532777.5357260704 1529.8303413391
49348826.0401740894 1526.3387880325
49650936.2640016973 1532.1028957367
49021921.7273992747 1515.2361555099
49883667.6452079713 1535.8171644211
49005650.9059653655 1512.6151771545
48218421.8868211135 1413.5892113149
47754415.4203336537 1281.7167478885
47535915.0212419108 1231.8836904179
49647787.6563709229 1531.7881021500
49708059.5237732083 1533.7407197952
47770045.3076662123 1293.6160942476
49533816.4905934483 1530.1451349258
47838590.7788901776 1320.0264855841
48997233.8354303613 1512.2765674591
49682758.4082277268 1532.2493734360
49270042.1634739041 1524.1232452393
47849532.6415038556 1322.1970442751
49778131.8054907769 1533.8841390610
49337242.1064830273 1526.3140525818
49952711.0275490135 1537.4175853729
49759187.1466544122 1533.8120374680
47827896.1314116120 1316.4013086775
49668162.0865162462 1532.1402988434
47857294.4398213327 1323.5662554720
47839132.3205003887 1321.3754481295
49696348.0151368082 1532.3778724670
49707460.8700924665 1532.5979175568
