915059506.1899274588 5595.9012475957
914965713.9867465496 5386.9535039632
915195019.3709326982 5722.8705091819
915385337.9371026754 6056.3701221226
915001469.1595586538 5390.5986937253
915069366.5712947845 5599.1514729013
1100134300.5850360394 32471.5259382725
914904942.3548672199 5150.5353879060
915095261.3627411127 5599.5464373578
914892889.0078122616 5149.3502140437
915247242.6071354151 5834.0057159537
1083601815.3303985596 30589.7112148312
1083265655.0749015808 30541.1256855038
914913938.4083849192 5251.8230570524
914866288.0786929131 5142.3629130094
915153450.4039547443 5625.0579723212
915028462.4936715364 5392.3939238421
915143819.5452505350 5614.3810376542
915236037.5391467810 5819.1711156574
914952443.4485574961 5281.1385496824
915806869.3894443512 6288.2630216601
915295964.2628310919 5834.0324427900
916259299.0727851391 6458.2056474255
917510621.8718943596 6875.1710336199
1099520466.5905840397 32433.4654676914
916034921.5082148314 6387.2176345243
915655250.5992020369 6194.9496653928
916313657.4776093960 6588.8159266769
957048856.6537150145 12582.9112940196
915379854.5450686216 5951.0670649306
1100155557.0998454094 32471.8409788609
915607768.4813874960 6173.6760631456
915516348.2526464462 6083.5563173409
917182448.6775767803 6798.6890058444
916613893.6037912369 6792.6309022963
916423185.2241511345 6685.8376775443
915595462.8564251661 6163.7523096547
915455981.7605850697 6061.3550311074
951652380.0488901138 11390.3240674995
916266554.1563545465 6560.4464714917
915704990.6029649973 6260.7740605221
916399413.4913616180 6671.0030772480
915541737.7743386030 6143.5421816784
915337254.1284306049 5858.0457311492
915681218.8701773882 6245.9394602257
917273603.8287385702 6866.1544587603
915351111.5508204699 5871.4571541179
915376036.0083934069 5943.0920387545
917398209.1798691750 6871.0047776690
1069925568.9638031721 27834.3501052416
1069523652.3614162207 27767.9882583178
1062210697.6160892248 27229.4089679825
917691872.5362076759 7002.1254231207
917536185.7047069073 6979.7583324260
924026067.8102304935 8203.6800705543
1079871440.5776431561 29386.3301975997
1080057312.3105916977 29395.5819442542
1091578054.3661770821 31250.1520538614
932470669.1779037714 8970.5509526405
917690299.4643958807 6980.3892219258
923472003.7779124975 7997.5636805019
1071580039.1235132217 28556.4068178573
923748507.9408277273 8006.0978907070
1071173842.0009207726 28539.3463608065
923858290.5449402332 8110.9584684134
923842253.7680202723 8109.3164730924
958531792.8282841444 13160.5273052417
1099417751.8424465656 32300.2735619545
925229789.6900511980 8509.4911976478
924854780.9553421736 8400.7430689925
960479276.6288688183 13412.5601744199
1099313792.6745617390 32264.5186276436
918174542.3712209463 7059.0551435938
1063737660.0101312399 27296.6731687730
1063791571.3026677370 27340.9106718247
962765346.2788363695 13641.2459750249
1073987293.8802952766 28891.4348036814
1076789469.9142601490 29222.7570450943
951595664.0950627327 11273.6019658226
948165547.8535088301 10840.3473131014
953670831.3874174356 11874.1683276420
953945882.5269297361 11945.4951298957
940106837.8140691519 9755.6197588945
941788441.1044186354 10160.2782522127
942002387.7962589264 10755.3596679905
1099237533.7454233170 31746.3239245415
926633712.0366482735 8828.6995651593
926288572.0785241127 8719.2394211163
918718465.4098068476 7179.9951257955
918784155.1476926804 7218.5310527075
918444238.6084967852 7122.5852836776
918881325.5472528934 7257.7390190068
919110245.9487986565 7294.9145137060
918931312.9157058001 7288.9388362158
919099384.0108886957 7289.7449988868
918657004.5100036860 7179.4786921728
967349208.9952805042 14389.3732090028
967604097.1758198738 14439.5505123170
1098308810.6834421158 31574.7897281647
952237403.8902068138 11793.2944097790
951981439.8675901890 11683.8342657360
1097682364.2253942490 31558.9880304337
1097298194.4438731670 31553.0264794827
1097143840.8592629433 31529.0117342472
948838451.4390671253 11218.8347112008
948325561.4082286358 11199.8267842599
1096858304.8083295822 31438.0027334690
1082839618.2909572124 29607.9688478392
941178263.9075855017 9772.5402110077
1096248572.0138483047 31401.5727393627
1096040881.6145188808 31395.5287849903
1096166465.6938362122 31398.9555504322
1095978184.1793050766 31368.4818944931
971067327.8622832298 14832.6495940527
1095624089.8395452499 31349.1802291870
955857311.1177492142 12390.3465154365
920466547.3934810162 7360.9658788891
949625547.5435709953 11233.3010835248
921807190.6766564846 7395.3597415540
930597691.9018228054 8899.4531693857
929391555.7499684095 8846.6727681555
922090416.0816974640 7440.9206541232
938850232.7970330715 9690.5411180146
923210825.5893892050 7642.1976844933
923083522.3091750145 7642.1745146107
923037479.3727414608 7641.1998992066
922725890.6852462292 7531.7397551636
933326905.9583015442 9320.3621994547
938110390.3262430429 9405.2548591426
938176602.7451424599 9453.7859680593
936507573.9382905960 9379.9654443031
936239586.3975219727 9345.7834932684
954960355.6998634338 11945.6454964125
955679792.1039220095 12149.4564718627
955313544.7412034273 11950.4695840185
955510079.1357216835 11993.2861066516
958006040.5993746519 12849.5972539329
957607185.3252127171 12632.2877215103
964192626.2626580000 13832.2062397702
957758934.3559616804 12738.7573106384
960274692.3717526197 13163.8688856223
970818064.6171288490 14633.4058971618
970592342.1600030661 14524.0840804938
972221963.1439454556 14920.8065271068
972200280.9339276552 14856.4119860816
972411919.4864056110 15096.1220452259
973142516.1973484755 15345.5242884033
973608620.4098130465 15440.3722433162
973480133.3087671995 15395.5578977180
973541141.5647046566 15405.3153277946
974494037.4762065411 15488.1642058367
975523508.3594594002 15750.8062527806
976577569.5061534643 16039.5482993626
976275472.0308246613 15900.0663605310
976348239.8491523266 15921.0083163284
978711699.7981685400 16361.4005324553
978793593.3920536041 16399.6274088483
978587002.7346898317 16302.4573590468
978467012.7436105013 16284.1633485762
981465090.1027580500 16952.8944895029
979985819.1012393236 16549.9701275411
980206479.5997403860 16596.1502343007
980508606.4135340452 16665.6518906020
979913227.3229932785 16522.0289035621
981631938.7288233042 17014.8623641186
982109257.4835360050 17053.8963435478
980827990.3961311579 16708.0149240840
981151692.6129761934 16882.7401428122
982398784.6943303347 17111.9648445090
983710218.5230759382 17529.3784286826
983481585.3698254824 17452.2934537976
983952968.2583303452 17532.3773585110
985764192.0331708193 17680.4182937383
985520393.5523257256 17567.6098189592
986283102.2352550030 17787.9697555839
987212609.7330378294 18043.4382718276
987163408.6250355244 17947.9571933817
987431903.6519458294 18051.1887691688
987561054.1128361225 18082.3603184178
988053056.2864879370 18130.9356159423
989043001.3005348444 18445.4941649574
988847768.7201281786 18355.5531915564
988824995.4863425493 18338.8132159847
990479384.8425281048 18756.7955434008
990871188.0309593678 18850.6734984845
990468611.0241541862 18723.6523078412
990984761.0146678686 18862.9047896008
992309317.2035677433 19034.2548503196
992417467.4040126801 19039.8566798484
993789536.6463930607 19152.4665316194
994647540.0035077333 19318.2385680377
994966616.0648894310 19398.6704256460
996840942.3061974049 19988.1682465076
994961312.6858551502 19397.3041469976
995539082.6049746275 19606.9504025429
996394536.6528546810 19896.2617500052
996507533.7153801918 19948.3235850558
996382267.3480932713 19814.2391233668
996300949.2491043806 19787.9470613226
996365658.3703331947 19793.0168628916
996138240.6662939787 19728.2802882940
998068147.6125130653 20362.0708542690
998741751.3100485802 20547.6429342180
998512872.1203613281 20468.1597719342
998775522.6907929182 20573.4931405336
998642263.6237819195 20510.5408886224
998610407.4869371653 20507.5532487184
998847271.9712982178 20635.7912413031
998870165.1377828121 20749.6355908066
999459256.1606254578 20815.2146867067
1003664810.0878753662 21193.7064008266
1005010557.7831003666 21544.1458229572
1003856111.0724560022 21206.3932555057
1003991435.5542054176 21270.4790799953
1003927589.5942900181 21244.3442693367
1006076479.2690081596 21601.3935279250
1006273545.3977003098 21633.6484241635
1006961685.9198473692 21694.7992473990
1008161379.1885432005 21910.7372081876
1008301032.7593202591 21981.5877187699
1007688111.8481478691 21864.7217086554
1007677784.0050594807 21786.2127827406
1009744849.8092519045 22239.0950375199
1009764329.4168028831 22252.4746904969
1011311259.1706770658 22377.9916222319
1011458492.8768683672 22398.1215652525
1011616049.5772646666 22416.2349762693
1012588200.3620630503 22471.3966536894
1014183029.0952980518 22579.8600505963
1014463316.2260535955 22718.4402681962
1015994267.5310696363 22886.0490853116
1018047208.8030391932 23038.3152538911
1017751043.5942583084 22971.9087254182
1018352231.4467602968 23150.3634449616
1018250553.0971878767 23141.7065350190
1018913705.3282376528 23284.9911066666
1018505349.6697361469 23254.5453806892
1018259322.5174312592 23144.9591023102
1018413638.6597936153 23203.1527725831
1019250694.6950355768 23287.9995947406
1025768304.3340616226 23491.8502269760
1025646638.9526554346 23473.6333423629
1025806678.4441977739 23518.4631145969
1025907194.7096434832 23619.7358377948
1025766440.9065716267 23485.3451190963
1029073912.7085317373 24043.1196556389
1026720951.2378371954 23624.8886971250
1029503938.7314804792 24156.7442383170
1027751283.3095886707 23946.9161195830
1027467377.1025741100 23939.2520541623
1031089663.6761484146 24393.2665973902
1031325670.2427597046 24448.3454040289
1031163685.4890522957 24435.7246373892
1032009192.3366271257 24463.5666745901
1034453751.3098003864 24469.0763269067
1034540650.5512470007 24497.0287479162
1034752319.8015823364 24534.7015908957
1034761677.1910083294 24635.7691820860
1034630424.9175605774 24528.7049812078
1034759857.2010582685 24607.6802996397
1037548105.7847222090 25133.8700244427
1038083503.1232652664 25278.0835274458
1037830971.9954530001 25254.9809982777
1037737128.9465963840 25198.8054249287
1038030093.8636751175 25260.3492767811
1038746182.5967218876 25393.1570158005
1038713316.3432737589 25301.8876080513
1039372153.1347651482 25400.0238178968
1039865409.2299213409 25408.3024793863
1043098922.9198402166 25419.5049985051
1043206976.1133739948 25442.9306004643
1045048868.9092516899 25795.5484088659
1045311438.2909829617 25873.6716669798
1044566415.8481647968 25679.0097385049
1045104370.2213619947 25843.6345934272
1045339571.7998760939 25914.8030485511
1048266830.2662427425 26162.8891469240
1048724507.4030482769 26286.8751436472
1048686837.8196837902 26198.5871611834
1048604362.2036726475 26193.2413102388
1049296480.8545703888 26309.3904819489
1049883559.4734170437 26479.0481476784
1049609141.5428515673 26378.8268013000
1049648616.3924511671 26394.9052085876
1055183903.3728965521 26646.2959043384
1054978528.7478536367 26587.0414010882
1055026705.2606217861 26599.3143709302
1056222253.2233935595 26760.4450740814
1056571017.7296770811 26842.4865660667
1056103860.3240237236 26741.2770276070
1052138824.6978152990 26566.7104759216
1052420630.9388214350 26581.3457074165
1055960443.0757042170 26714.7706499100
1061103851.5712900162 26904.9974654913
