836248750.0214383602 460984.1527916297
835890901.0455836058 460459.2888436794
835983145.2780102491 460814.6729833517
873219910.7046469450 597396.1311114476
874503183.8786623478 601896.5889961169
874669599.7162787914 602129.3079292224
875152065.7094516754 603210.6632029460
874215773.5959124565 601033.5933906481
874746187.5477845669 603027.1691848681
897357102.7772614956 663216.6433927442
897142103.3231276274 663210.0482694532
897522371.9762209654 664790.1216337110
898137685.3097316027 666264.7315503980
898537668.3772866726 666560.2076627638
897851464.9855836630 665642.1240445997
900641117.3773025274 671857.5866357865
900664777.7417572737 672310.6562158646
901608881.7709288597 674006.4041839929
900952602.1013342142 672909.4994165482
900439202.2057423592 671419.4302408280
964964193.0184968710 759451.3428344727
965282136.5479146242 759851.0330200195
964831026.9477536678 759326.7492065430
964826848.6940840483 759183.8464965820
965094051.1418020725 759715.2640991211
804776033.4770352840 242053.1796384016
804982089.8508919477 244758.0114814448
940579042.2126697302 739029.7042236328
940267088.1532973051 738473.4841918945
940204900.7830765247 737857.4907531738
940029361.4360867739 737732.5468139648
940435408.0608652830 738982.9802246094
940356308.7353918552 738582.1429443359
804807030.0631761551 242551.0392409898
806930966.8104362488 283836.6069172596
833575531.4555020332 448633.5124655979
874303100.3666245937 601736.4101020739
898040802.6443947554 666189.2956754591
900192998.8648939133 670243.3761470498
963376320.4368153811 757746.8737792969
873790341.2813986540 599596.4559961715
874180001.0029618740 600661.6248730466
873296778.3301565647 598151.2458103825
874535748.7517479658 602099.1847671912
873485681.0319825411 598548.8330394671
873875265.2905657291 600404.5731880114
873674967.8336193562 599518.5812288680
899818138.9335272312 670045.9757564248
898660729.6630395651 667128.4446317579
899177517.4125243425 668564.7936122598
806613765.2654645443 281662.5632923817
806492275.7770048380 279346.3757456694
810113065.1515324116 321132.4649980465
810264251.6951640844 322644.4804704586
898340866.1699538231 666322.6701337721
941349954.9361962080 740298.3981933594
941299406.1966871023 740219.8314208984
898603459.6393821239 666845.3238660719
810763999.1985740662 325206.5780887374
810932554.1424713135 326816.4724565059
810795468.9560185671 325431.9043909147
808437581.2189575434 304428.5875846738
810353040.8006147146 323004.9480721640
810580943.2872089148 324673.4354463130
810900300.7410961390 326356.0818253240
811015662.8012789488 326940.3148998989
810754759.5208489895 325119.6106913824
806845702.4651224613 282341.2915215913
810718813.7929055691 324835.1437403023
806592698.5148993731 279585.3466886703
810203656.8506553173 321500.4584275543
835143956.4281860590 457026.6797710835
834983029.8459150791 455658.3286240838
835644710.5332107544 459093.8444390773
835828703.8696367741 460019.1087823390
808667824.0180249214 307457.7755761183
808542318.2721217871 306861.6129245347
834687024.6627321243 454690.1325711637
834793474.1334215403 455232.9658983081
943684634.1718424559 742100.3267211914
943825311.2501752377 742230.0834960938
964489036.2466658354 758926.7531738281
808711466.4487305880 308660.2377103561
809965108.8208101988 319475.9009364474
835410797.9286527634 458027.1140057027
835404918.9389984608 457155.5905370305
835534013.5084642172 458534.9574456691
809797357.7031003237 317048.5504344333
805102962.9713150263 245690.1649153192
809535889.6059300900 314637.9059474695
809420740.6633505821 314256.9625010997
809954654.9273853302 318381.4439843524
809586668.8826063871 316253.7218888629
834909784.6943832636 455363.3973308980
835113424.0336890221 456506.8874432027
835020909.6824771166 456497.8753582417
809539373.0903140306 314919.1454244781
943605556.6330754757 742053.8050537109
805314119.0199923515 249042.7538017578
943424870.9180788994 741972.3126220703
943123511.2319164276 741421.0852050781
805834428.6597646475 252504.6280749967
805972344.3276388645 253648.2581244431
805777311.9601362944 251923.2233775785
805985867.7593464851 256333.3049727157
812855155.4497289658 336215.7691806976
872875059.7345607281 595204.3905409620
873063860.4481761456 596316.6490248487
896552289.3795708418 658225.4120232668
896948823.4399124384 659153.7839101288
897136776.4931931496 659572.5706770571
806002360.3813384771 257864.6197470576
872874865.4654417038 594909.6759680276
943034374.7747745514 741248.0944213867
809459342.6637265682 314608.2517197955
809060603.3812118769 310850.8805065149
963023869.8350921869 756925.8188781738
832219513.2444276810 441511.8043897033
832085738.6307343245 440913.0027223483
872486682.4422731400 593294.1516715930
892405657.4064383507 645497.9321676563
806202019.7261848450 260164.1251339854
832064424.0083047152 440871.0566502132
872436477.8513996601 592204.7383758471
806082819.2958999872 259732.4899678172
807284081.8480367661 284780.5476046737
807391901.1014360189 289379.6496222637
807368593.2017505169 289332.9221211582
871905686.8259427547 590479.0031775975
871903718.4407262802 589510.9518002340
871945301.1542360783 590879.3573788473
872087255.3739335537 591288.2611798117
831603755.1832128763 437699.7279739894
831415133.1095881462 436872.1306438961
831830169.8683723211 439274.3934097805
831754867.9828528166 438597.9672623195
831758998.5889781713 438902.5192642726
831567198.1991277933 437014.9595507227
807155399.5377973318 284033.0877192960
885193064.1757385731 627980.4430338412
806285589.8433172703 261362.6684479185
806331946.5103318691 264623.2010893293
806413052.4689675570 265976.0074851282
806447729.2901186943 266037.1734394022
808319783.4414782524 298596.3994734647
808162631.3842470646 297104.2726979522
884563138.6001998186 626982.6127420932
807629583.3043570518 291218.8888569981
830507357.2497764826 430283.4744665691
894133380.0196201801 651743.7593815175
894765501.8584371805 652722.1231705991
894540590.0083277225 652485.6826622335
808310172.2106046677 297424.4367604522
894815343.7785543203 652863.8654019085
893829524.0043047667 651090.6875443307
894293687.4237760305 652294.0966999379
808113706.9627567530 295954.5664700180
807953720.6132766008 294190.6732489973
829400589.6974400282 424443.4091500432
829797171.5170713663 426090.8179896529
829765208.9088871479 425488.6648219283
829773188.7329419851 425865.3190882857
808098983.5081132650 294521.7227452308
829172284.9108325243 421400.8463780566
828972188.1954349279 420895.5617374862
894020262.6772941351 651168.7153720877
893549768.2521718740 650335.6826496492
894124793.7135351896 651430.3067905752
824445335.8618749380 396577.4376409394
827059314.0870068073 409426.3843847518
827028280.6463067532 409338.3725432100
883438626.9585090876 622392.3861183196
826729676.3532404900 407369.6958082857
883499966.7957249880 622962.7155250579
889153079.4071274996 637069.5511618908
888964789.5938457251 636546.6667014416
888742667.2731066942 635711.6954833325
888881137.3549904823 636136.3801146802
826761396.4448121786 407579.5665796938
826665896.3059817553 407085.1860111602
826863554.4144033194 408018.3757108318
888906210.9133329391 636180.5050092998
826375291.8818088770 405943.9117029848
826466669.4426356554 406325.2078641521
826311124.0480563641 404493.3916004839
888385656.9812141657 634691.7920194927
816804675.7189965248 349838.1702893597
883228757.8906437159 621772.3311793206
888821335.4575842619 635862.0561567608
888732175.6749955416 635391.4101602208
825583223.6090204716 400493.3346545639
825066033.7313603163 398991.3548572006
825248788.9069224596 399103.3608796539
883276602.3956228495 622173.1874415276
888655384.2275954485 635349.5753100987
888721542.5129460096 635351.1572865124
823375167.3876115084 389017.3729764966
816557114.5654473305 347740.3067377165
816373877.7622709274 346526.6319621161
823082242.9486728907 387124.0819608716
822885837.0372446775 385210.2474098352
816205056.8841494322 343256.6384873643
822690600.6208616495 383754.9001568106
823077452.0765498877 385969.2623357323
822914553.5694407225 385567.0544689444
823031347.6674689054 385877.9973076133
883154494.8034371138 621546.9924647210
822785624.5470651388 384546.7164028434
883198276.5583208799 621636.9809895705
851592379.6938114166 506898.6850011310
851293325.5625122786 506885.9841954670
883609341.3260693550 623147.0370814202
821518764.2842413187 372840.0602776656
821522217.2587794065 373167.4566916539
821210402.7399268150 370804.3019389088
821248629.0484074354 371476.4263196836
820870850.0898697376 368523.0526769931
820879050.0231659412 369414.3537424976
821183566.3098539114 369584.7904930247
820789445.4414211512 368268.5914435635
842202254.4656001329 465118.6898253757
851116503.0172630548 505935.2109778501
819453750.3827899694 361497.5099938967
818952221.4767503738 358705.4929387072
818807238.8179967403 356784.8299218469
818699913.2562282085 356483.8782667616
818642947.4749419689 356292.3016066054
818714235.9465703964 356720.1110548475
818824214.5410839319 356871.2192939078
818413947.9683604240 355018.7081770399
880296412.5034695864 610494.3063422737
880154170.2289134264 609715.1653396187
880486440.9308178425 610921.4894019661
879670274.5904093981 608783.7925025520
879655740.6046955585 608336.3658668099
879860128.5451558828 609654.0175124703
879578448.7343133688 607934.5674354134
879350045.3912314177 607901.7982398567
842919219.4886232615 467022.7107462919
878136409.2253516912 604354.4777037201
877923980.5943319798 604052.0334898529
870821794.2419388294 581315.9020771029
870537700.5443054438 580010.6233203000
869995678.7114194632 578908.1113041833
869896451.6615213156 578499.9381724740
848257184.4170708656 491511.7305921957
847681166.9290685654 487587.0993208334
868182847.8384296894 568141.4447034793
867937495.1306420565 566673.3895983491
868079422.6970276833 567750.0471204715
868020281.9599628448 567496.2970706420
867824339.8641910553 566560.6457643989
867893360.3941700459 566636.4329088377
867561664.0550974607 566012.1867189887
867624599.3507061005 566143.5749636176
864073939.4342843294 553521.1970279266
863981808.1257765293 553364.8483158399
863307073.6403534412 551655.1045003433
863695563.6376638412 553101.7523151685
863391230.4779164791 551704.0710515764
863460439.3922499418 552182.1638908007
863800014.6288670301 553233.5590018821
863542374.5041853189 552481.3787903574
962759561.0411893129 749480.3632812500
858593704.7591465712 533321.8045564811
858132900.5553706884 531847.2085851316
855110791.4487466812 520973.6662538490
855503804.6082708836 522592.4591615638
855873092.5751448870 523495.4817183260
953933323.0927697420 743648.6273803711
953436290.2772703171 743115.6647338867
855240459.8195927143 521376.2824315196
855439432.7529796362 521524.5057581548
855110115.1580052376 519887.2011143035
853253146.2810058594 512637.1032903973
853003535.1134297848 510969.7945108727
852855322.1650507450 510784.6088419274
852265508.4860301018 509007.7264702693
848575588.4461674690 492641.9398164980
848141389.2531119585 491434.2758766420
846975021.1132128239 484731.6644220583
846824284.2285616398 484212.0343164134
846462058.7281936407 482922.7115644145
846145111.1011377573 481314.0201581645
844302787.9426846504 472485.7507169059
844275698.5512036085 472165.5159508025
843600375.8382041454 469580.6723151242
843824212.2061969042 470607.7314049041
844053768.9014925957 471300.3654991424
843630833.5478249788 469619.3536583221
843490461.5792865753 468644.9600223444
843790062.9364153147 469718.7000938689
957508667.0661178827 744078.3445434570
957546372.3697351217 744525.4795532227
957651295.7546625137 744538.0249633789
957669520.3401092291 744621.2915649414
958045475.8909999132 744734.4892578125
958104916.2458363771 744877.8128662109
958437884.4315856695 745191.5573120117
958193967.3869930506 745028.7450561523
