323628138.3666351438 6731978.4160156250
323628138.3666350245 6731035.7871093750
335872740.7654803395 7160407.6074218750
326049820.1755799651 6886902.2167968750
328026503.3977072835 6970823.4218750000
326814469.6966254711 6923165.2402343750
320536629.0567112565 6423066.3359375000
325885708.3901222944 6879062.8066406250
324047915.5641365051 6767716.0996093750
322796602.4996232390 6668500.4355468750
326118686.4880328774 6888054.4433593750
322834146.3860309124 6668808.4609375000
320496503.6098349094 6414485.9062500000
320637741.7295308113 6429948.7460937500
337225319.8934995532 7175173.9199218750
329157169.7758033872 7005316.4257812500
325739633.6139277816 6872346.0292968750
321639110.5735881329 6559896.0117187500
324890231.1699671149 6821719.4628906250
323647515.3057498336 6736359.9765625000
326591976.1987895966 6908105.0292968750
323369966.0241801143 6718300.8769531250
323369966.0241804719 6719036.6425781250
322863323.0329282880 6676956.9082031250
323829522.1259747148 6745953.9023437500
326184559.6649091840 6894559.9902343750
324299946.3927285075 6781516.1933593750
323886850.6529744864 6751373.1230468750
323353822.6527640224 6712960.8378906250
323563294.2146413922 6729883.3203125000
325308995.0680062175 6840930.4238281250
321813113.4094665647 6570442.1601562500
320943169.9660444856 6475537.3222656250
337725244.2374200821 7176942.6425781250
325545284.4070289135 6859074.7089843750
325160131.3783327937 6835756.9179687500
324816070.5155737996 6813926.1171875000
323961095.8276534677 6756474.6171875000
324482350.5914826393 6790954.6308593750
323486708.4695530534 6719761.6074218750
327085895.9899361134 6934233.9609375000
329654579.8173652291 7026630.4199218750
320964072.8095669746 6484086.7890625000
329221663.6917920709 7007945.3320312500
320789356.4035749435 6452492.5390625000
323266655.8731387854 6701885.9628906250
323647515.3057502508 6737095.7421875000
326849037.8531275988 6927410.3417968750
324139748.1282494664 6768036.1503906250
323294886.7260307670 6706077.0878906250
329874336.0118545890 7034598.4042968750
320894351.1140397787 6470731.1601562500
324508124.9526615143 6791249.5527343750
326751151.4490390420 6922669.3613281250
324314872.3914436698 6782244.1562500000
320723555.1821791530 6448540.4414062500
324137008.1729017496 6767959.0019531250
327555615.4243820906 6948241.4882812500
322264545.5601446629 6617513.6406250000
324864692.5458493829 6817166.7539062500
325735356.4365328550 6865577.8417968750
330193042.1070783138 7040831.3886718750
337976030.9159092307 7182730.2988281250
330119310.7832266688 7037599.0996093750
323752862.4203624129 6740142.8515625000
327453399.5267624855 6943770.6113281250
328450771.1723544598 6989329.4648437500
329245968.6760893464 7010196.6210937500
321730322.7809622884 6563575.5000000000
339088751.0156317353 7188108.0097656250
332244762.2168702483 7093223.9160156250
332244762.2168701887 7092606.5253906250
323349063.1806579232 6712100.7910156250
321723656.7454488873 6560014.5156250000
329245968.6760893464 7009709.7187500000
327562296.0474348664 6953519.6835937500
325086440.9867720008 6830354.9726562500
321322575.6890795827 6523746.2207031250
321128499.0937405229 6496834.1953125000
323525941.1131405234 6722360.7988281250
321122001.9722383618 6495771.8085937500
325277805.5134269595 6840558.0156250000
325132695.1483699679 6831074.8906250000
321204265.6430696249 6513210.4609375000
323130148.8987186551 6688186.7773437500
321265048.3073732257 6520460.7500000000
321250969.5678343773 6518903.0820312500
321143845.7246461511 6497389.5175781250
331056710.0263210535 7062979.5253906250
323069897.0174140930 6678050.6582031250
321176229.2435494065 6511226.9570312500
330059126.2327445745 7036967.6621093750
330059126.2327447534 7037063.5097656250
338370876.6937425137 7184134.4941406250
338407816.5033142567 7184363.3066406250
323762920.6447753310 6741835.1875000000
322841743.9013676047 6669522.1875000000
325051727.3922536969 6826647.1835937500
320983386.3719008565 6486638.4101562500
324016581.1353267431 6766920.6796875000
321372252.8837929964 6525146.8769531250
345574421.5139105916 7214214.9902343750
323882912.9537525773 6749906.1484375000
345240069.8946781754 7213797.3339843750
320931204.6438589692 6472090.2792968750
324005345.1773601174 6761360.6835937500
320973874.2961633801 6485996.8789062500
326707383.4090272188 6916185.5839843750
324005345.1773601174 6761356.2695312500
321012873.2502331734 6494262.2597656250
325968050.6969108582 6879939.9511718750
326683430.4338222146 6911346.2011718750
324982937.6962156892 6826033.2539062500
326683430.4338222146 6911352.6738281250
325658719.3749123216 6864053.1503906250
337883453.0197203755 7182305.3457031250
320836267.3043371439 6453483.3730468750
320836267.3043371439 6453155.2792968750
322547668.3644239306 6650649.2011718750
326033511.0975140929 6880780.9902343750
321902341.7203724384 6588389.5488281250
321902341.7203722000 6588386.1914062500
320836267.3043371439 6454217.6660156250
338235792.6732640266 7183811.5058593750
321873624.1866590381 6584279.2558593750
338679655.8049331903 7186543.1074218750
338426607.4301147461 7185694.0722656250
341658697.9855060577 7201120.3613281250
321902341.7203724384 6588524.7148437500
326683430.4338222146 6912396.9941406250
324660666.2000636458 6805262.9394531250
324435688.8399936557 6788441.2988281250
325424604.4883408546 6850466.1738281250
321889311.8096427321 6585383.1250000000
322335167.0143590569 6622381.3789062500
337739907.4735887051 7181135.6308593750
325493557.5621003509 6854110.6640625000
325382449.8567759395 6848972.8710937500
322136545.5958721042 6616513.6562500000
325324521.1670841575 6845964.0859375000
324579546.8922013044 6793512.8183593750
322341594.6406524777 6627813.7988281250
324589893.8005281687 6795340.0117187500
321852676.8059678078 6584000.1738281250
325071950.5079616308 6829837.8457031250
322860153.3253755569 6670028.9453125000
322003533.5733917952 6603912.7558593750
322017207.8832126856 6604542.2363281250
324660666.2000636458 6804062.0292968750
321419045.9102435112 6551529.2363281250
324614808.3916496634 6801236.9199218750
337087916.9822614789 7173619.9667968750
329556409.2875112295 7022133.8027343750
324272336.3348920941 6778313.4257812500
326331494.9487943053 6899373.2597656250
322360373.1374506354 6634067.4394531250
327890219.3485372066 6963398.6132812500
322429836.5199663043 6642317.1679687500
329556409.2875111699 7021997.9316406250
328041310.4830328226 6974635.9023437500
338812999.8845353127 7187110.1738281250
322446671.5207034945 6643676.8339843750
345240775.1375287771 7214098.2597656250
322388231.7757996917 6637481.2031250000
331827483.0052514076 7083749.7519531250
322641639.6486654878 6658472.6601562500
336384406.1588068604 7166411.9941406250
322684914.6256592274 6658926.5917968750
331467669.1867836714 7076403.4121093750
337739907.4735887051 7180832.8144531250
329846175.6444377303 7029572.2714843750
336442226.3984529376 7169118.9433593750
322342136.9720329046 6630660.3105468750
322342136.9720328450 6630243.6464843750
329272832.7254809141 7015370.9199218750
338942400.7771182060 7187204.3925781250
327715849.4470409751 6958118.3437500000
327693870.5933578610 6957125.0195312500
327835849.0026260018 6961412.7070312500
326302709.8194601536 6897723.6777343750
331429326.5508678555 7074623.8417968750
334926295.1307148337 7145556.9355468750
335353160.8192658424 7153438.1464843750
327245200.6915602088 6939762.8398437500
330557523.3548498750 7053200.4277343750
327904833.8703243732 6966935.0859375000
322998697.9714122415 6677818.8847656250
327245200.6915602088 6939760.4863281250
330922289.2245104313 7062598.7910156250
331376522.1357595325 7071569.0019531250
328573943.7227187753 6997062.9785156250
328241232.0454986691 6981166.3691406250
328812660.6454573870 7002896.7871093750
328618413.7675808072 6997834.7792968750
328803934.5955004096 7002299.6074218750
328368090.9767988920 6985678.1171875000
345068163.8319913149 7213234.2246093750
341858361.1443606615 7201722.3339843750
328540083.3202855587 6996855.0761718750
326174864.0528048873 6888144.4511718750
328070942.9283763170 6975745.8281250000
328823699.2542561293 7004073.0488281250
328277990.5474116802 6983041.6464843750
330204303.0235411525 7044933.7597656250
328520318.6615296602 6996086.2871093750
323086207.4842907190 6685090.1855468750
344568409.2880476713 7212914.4902343750
344880856.6465622783 7213207.3457031250
337203874.9757378697 7175068.5214843750
327307551.8027061820 6941400.4628906250
330273907.4208792448 7046224.4785156250
322738728.0580072999 6660903.1757812500
336010895.9447771311 7162358.3183593750
323179563.5639075637 6692194.1445312500
337317301.3904884458 7176497.7480468750
327367163.1225329638 6942254.9472656250
336232010.3254308105 7164374.2285156250
336940042.2124041915 7171345.7324218750
329730792.7342274785 7028577.1035156250
331867634.0987945199 7086397.6816406250
335626659.3741821051 7159354.9628906250
336348899.3582637310 7165863.5800781250
336795339.9774037004 7169798.7558593750
330738927.9754494429 7057141.0800781250
331691521.0496439934 7083108.1386718750
335218609.0523676276 7152338.0566406250
335900660.7731734514 7161400.7128906250
331957415.8070211411 7090895.9550781250
335501752.2151125669 7157163.6269531250
331484782.0029882789 7077739.7675781250
331484782.0029879808 7077667.2246093750
335296225.6884338260 7152735.4277343750
335501752.2151125669 7157485.9160156250
336277247.5203590393 7165075.1074218750
333621934.2433565259 7126033.6347656250
334962408.7985116839 7147631.7597656250
334104809.4478403330 7132509.1972656250
333730597.4838415980 7131750.6503906250
334136943.8968694210 7134757.8886718750
334245225.5958380699 7138632.7910156250
334245225.5958381295 7139140.0371093750
332927117.4092903137 7112833.9355468750
334545173.9770680666 7141098.5566406250
333519878.8199536800 7124346.0878906250
333351640.5146993995 7123354.2246093750
333351640.5146991611 7123060.8808593750
333262711.6557719111 7119143.3378906250
334775283.7513198853 7144302.4121093750
339619303.0145404935 7190882.9121093750
334587071.2203225493 7142244.2753906250
343074790.8612074852 7205768.1308593750
333602188.5057205558 7125789.4199218750
334683719.3209662437 7143565.1464843750
340227044.0910807252 7193334.1308593750
340422293.0186346769 7195183.7988281250
332278810.8361991048 7096628.5839843750
332394117.3031228185 7097141.3144531250
332576184.8951236010 7105867.3339843750
332570112.7804036736 7105203.9316406250
329981354.4719813466 7035955.7910156250
331102727.5770200491 7065704.7285156250
330878718.9333642721 7059914.3691406250
339352725.2624484897 7188852.6621093750
332397760.0658919811 7098217.7089843750
330796384.4566838741 7057861.7441406250
332484699.4249433875 7100064.5214843750
339121227.5862936378 7188187.0449218750
339239365.1987200975 7188721.1972656250
343103035.8095165491 7206526.3417968750
344265577.6534300447 7211375.7636718750
337033521.5954107642 7172170.6894531250
343475110.2940247655 7207650.1542968750
343855695.0445430875 7208017.9824218750
344422280.8756200671 7211510.2636718750
344099311.6535698771 7209999.0722656250
343359391.5816889405 7206824.9199218750
340913025.9289171696 7196246.1464843750
342140920.5729191899 7202087.6542968750
343748024.9665004611 7207967.5175781250
343873208.0185223818 7208344.2089843750
340943801.6308795810 7196523.3613281250
343886580.3163566589 7208575.1425781250
340621552.1010763049 7196223.5644531250
340236403.2127820849 7193478.4824218750
341094460.1171900630 7198940.2207031250
340302955.3076514602 7194844.7363281250
340943801.6308796406 7197117.6074218750
340182780.0693750978 7193301.9746093750
339589596.0962073803 7190740.3652343750
340017993.9884484410 7193104.0957031250
339750414.7611469626 7192197.2441406250
339769655.5925379992 7193084.0722656250
342723902.0805156231 7203335.4707031250
342690605.4157684445 7203335.1425781250
341635501.4916787744 7200487.2441406250
342764108.4666460156 7203425.6660156250
342381361.0822583437 7202814.2675781250
340897311.1855993867 7196241.3964843750
342657913.4645670652 7203279.3261718750
342649733.3205397129 7203179.3886718750
