468345648.1312829852 2729353.8113403320
484523498.9057162404 3782257.6796875000
484512923.3743755221 3782242.4619140625
484241525.5922673345 3781889.9785156250
484165739.5121224523 3781159.1572265625
484582023.0404259562 3782322.4638671875
498994988.3469528556 4204608.3461914062
500140298.3637450337 4222647.3295898438
506710007.1043365002 4283243.0351562500
507142995.9201977849 4289227.2812500000
506357357.9191300869 4282690.5234375000
468644428.1361175179 2740540.7211303711
468618531.2616426349 2737083.8717651367
468876459.9030109048 2741678.3132934570
468321993.9193068147 2725779.6036987305
466603951.2201915979 2350603.6492919922
468273742.7735348344 2717903.0202026367
471825515.8497643471 3131410.3366699219
474674416.1560090184 3326457.4698486328
484116580.1367236972 3776967.4926757812
493464241.2505750656 4090504.8891601562
506665736.3005897999 4282802.2666015625
506739479.3205190897 4286932.9082031250
514193545.8928906918 4316438.4873046875
466635516.4856898785 2352960.0910644531
466556755.5410507917 2349395.6600341797
468141274.5547421575 2692171.0808715820
483877467.9922568202 3765567.3413085938
507172952.5076408386 4289829.0351562500
498949741.2950583100 4197138.0004882812
500280981.9641068578 4227205.9536132812
507256061.6520896554 4290350.2011718750
509686969.0890334249 4305359.4433593750
466800631.0957520008 2394182.0811767578
499581961.3068531156 4213397.4995117188
500183217.4834328294 4224793.8256835938
492836756.6431547403 4074780.3476562500
499733017.3579669595 4217889.4174804688
499796432.6173620820 4218666.4057617188
502421894.0309214592 4246563.1992187500
501944541.9366869926 4243229.0458984375
502291595.8457442522 4245816.8955078125
474844741.9619839787 3335118.8465576172
474736129.5098474622 3329776.7093505859
475107027.3478857875 3346510.2352294922
475034200.2702230215 3343383.8973388672
484583732.3219010234 3783250.9353027344
468159078.6623994112 2696420.5935668945
471489437.3029121757 3118403.1745605469
471814792.6251959801 3129969.9210205078
483639989.0994178653 3749036.1401367188
506962995.0155293941 4288710.7968750000
501775728.9340840578 4238332.2480468750
510021062.5745114684 4306403.9863281250
471568677.1652768850 3121605.9206542969
499481120.7186345458 4213371.7236328125
507498068.3089017868 4291067.0976562500
502188244.7410817146 4243788.8720703125
471234753.3086799383 3096684.6849365234
483770843.1049402356 3758082.2617187500
493606068.7342747450 4094763.7709960938
501894941.8275386095 4239928.9248046875
502027116.5363562107 4243450.0712890625
510391319.2740876079 4306413.6904296875
471166607.9466222525 3091863.4935302734
493343658.6540461779 4086930.8164062500
493865733.8491980433 4097507.8476562500
474617241.5979601741 3321075.5203857422
506874205.5157502890 4287557.3496093750
498775004.7003389001 4197044.6181640625
498990381.6119548678 4204574.8461914062
499309512.8866023421 4210872.2719726562
514902489.4976996779 4318418.7861328125
474532479.8848052025 3317636.4407958984
474662260.9850084782 3325135.5325927734
493469672.2487460971 4092079.6494140625
507031842.7868188024 4288993.2714843750
468258654.3478243947 2707773.8977661133
483754448.4281436801 3753282.6076660156
499145599.5487049222 4205379.4775390625
515825861.8429388404 4319747.6201171875
501906587.2371448278 4240944.0302734375
468124811.3276070356 2682062.1895141602
474564025.1030250788 3319247.4456787109
492906330.3338366747 4076317.0634765625
507998914.0205535889 4294408.6074218750
468176130.4470512271 2699811.7770385742
466701398.3736073971 2379933.2768554688
468181401.2947222590 2703152.5183715820
484046784.6295379996 3766923.2456054688
466751448.2575425506 2381564.0852050781
483925176.3859774470 3766373.7915039062
509110447.2194017768 4300629.2294921875
515404831.5614538789 4319726.8984375000
509329832.7841634154 4302893.1162109375
471105571.4299960732 3084013.6203613281
493170223.3602654934 4084943.7480468750
491710544.2944886088 4034736.6679687500
491978642.7242982984 4052490.0712890625
471037942.8671725988 3075822.6611328125
474451566.5850945711 3311218.6986083984
483762119.4841805100 3753318.5366210938
483265562.2192134261 3729058.7944335938
491890583.3124274611 4048155.2080078125
507806674.5524998307 4291776.1025390625
470932996.9161596894 3059623.6860351562
515176879.6017571092 4318642.1064453125
516202641.4683473706 4319924.4130859375
492276479.4293932319 4058327.4360351562
475346442.7246814966 3357681.4919433594
475607852.1497503519 3369016.4562988281
507857417.4174743295 4292369.8193359375
483694339.6843014359 3751044.0561523438
470925199.3674228787 3056114.5842285156
483683590.0738447309 3750965.8354492188
471361599.0200393796 3106518.3801269531
515862134.6941012740 4319790.0791015625
475919507.8156105280 3370506.2897949219
483432458.7687069178 3740992.5961914062
483714968.8573445678 3752897.7075195312
466648493.6974439025 2368153.3956298828
468448059.1442159414 2729422.4164428711
501512784.7518488169 4236245.2822265625
470945239.2107545137 3066316.4565429688
483507135.8435929418 3746980.5424804688
501707733.5789721608 4237551.8183593750
475313138.1852219105 3357082.3483886719
468481274.8893474340 2733931.4419555664
471347072.6740189195 3100454.6235351562
471191911.4258952141 3092114.4882812500
471055425.2165061831 3078783.0520019531
493351587.5590807199 4087380.4628906250
471000677.2410744429 3071507.9494628906
470880074.4190752506 3049306.1291503906
470974786.7409531474 3069754.6706542969
508864377.4590604305 4297646.4482421875
515223976.7759849429 4318955.2099609375
493095642.9477216005 4083105.5214843750
475222912.8775108457 3346835.0991210938
491447978.8815079927 4032510.0883789062
492600611.9529917240 4068849.0385742188
475211284.5528782010 3346789.2094726562
468212506.2701203823 2704374.2595825195
483762425.1200512052 3756934.7573242188
474398668.5294036865 3301921.2254638672
514813603.1156982183 4318335.6181640625
474418181.3029211164 3309100.3299560547
514351154.5683186054 4317966.6113281250
492656470.2487961650 4069058.5786132812
492472249.2188253999 4064745.3471679688
467061479.4631151557 2411164.1891479492
514348862.3970559239 4317952.8613281250
509058524.1821532249 4298727.4541015625
483261568.3139108419 3717834.9648437500
483221003.8583783507 3716654.3730468750
474254704.6185982227 3297324.6683349609
474234454.5714780092 3295639.7825927734
509043308.3283130527 4298666.1718750000
466898592.9191162586 2394553.0176391602
508868021.2898451686 4298608.4501953125
514351987.6230093241 4317979.4335937500
508793537.2879200578 4297079.4511718750
472056317.8524432182 3141359.4266357422
474082831.2952020168 3284831.6024169922
508516242.8953078985 4296209.4433593750
474045359.4808380008 3283072.8094482422
471979533.1337120533 3135273.4364013672
473988901.3584042192 3278634.5330810547
483138614.8294021487 3714215.7441406250
492731851.3659528494 4072299.7065429688
473847720.2820397019 3262812.2623291016
473765322.8280916810 3261856.0130615234
473883138.2087884545 3271020.7176513672
473973484.2953196168 3276358.3150634766
483099636.3708476424 3714124.5478515625
473878715.2230489254 3266198.2188720703
468121572.7071982026 2652273.6231689453
491160915.7704316378 4013275.1850585938
491358401.1517059803 4022359.2465820312
473664469.8069923520 3241837.6339111328
491340769.7254732251 4020416.0200195312
468090952.4750412107 2645251.6147460938
473386061.6752475500 3220360.1739501953
468035524.7317438722 2624418.3979492188
473131810.6708962321 3199331.2264404297
468049365.6643685699 2632443.8524169922
473203927.9183995724 3202050.0462646484
473284869.5587911606 3205435.6151123047
473330388.0341653824 3209580.9407958984
467282941.5626904368 2415921.0816040039
473110509.1749696732 3197289.1954345703
473284896.1345703602 3207169.1546630859
467396161.6380857229 2438177.0711059570
467289871.1767438650 2423059.7896118164
467295311.5397533774 2423990.6342163086
468013976.4652917385 2616943.3669433594
467572911.2278556228 2499419.6265869141
472950543.2165328264 3184523.5242919922
472928821.0996947289 3177290.1624755859
467563759.1111721992 2497760.1866455078
497364981.1756746173 4153750.1860351562
472762112.1406769156 3155174.9884033203
496844522.5367609859 4143170.2368164062
496696228.7696030736 4138518.8149414062
496821308.9736500382 4140349.4321289062
497238123.7379387021 4149412.9838867188
513117781.0036243796 4306859.6787109375
513247760.1534615159 4307370.5605468750
513301833.6977930665 4309328.3193359375
488181003.2706477642 3881288.4702148438
468005630.9250807762 2606240.9799804688
467616664.2496610880 2519652.6622314453
467575002.9789620042 2513229.2508544922
467974657.5740095973 2597895.0720214844
497663797.1311326623 4157333.6088867188
513309128.1169335246 4309933.7529296875
497053390.3995082974 4147878.9799804688
467945003.4552320838 2595032.4887695312
467897527.4782762527 2586722.3984375000
467595169.4026818275 2513649.3341064453
513359979.9287856221 4310737.0595703125
467816094.7285555601 2554040.3795166016
467760275.4793890715 2537629.8697509766
467775996.9577980638 2544570.7691650391
467697710.6480250955 2535596.7301025391
496521662.9904548526 4136100.6533203125
496412783.8469483256 4135319.0732421875
467499016.2764987946 2458635.8857421875
488737270.3666925430 3901140.6030273438
467463305.8124364018 2450824.7504882812
496374345.1150771976 4132941.1748046875
488608694.8203341961 3894436.1250000000
488630862.1352156401 3898784.3916015625
467560854.2318384051 2496238.4843750000
498690574.3943837285 4170995.5825195312
488544388.8418921232 3891051.7583007812
467489906.9088839293 2452166.6892089844
495678531.3370280266 4115582.9379882812
467500769.0790050030 2464114.8364257812
467515018.9107053280 2473151.5676269531
498202959.9742061496 4161556.5712890625
498331600.8460448384 4162621.2197265625
498361843.8115805984 4164359.7539062500
495195871.3608280420 4103437.9311523438
494786452.6750414371 4100871.7138671875
505655362.9828522801 4251932.6938476562
482892473.2460460663 3662913.1896972656
505882521.3631976843 4257024.5449218750
495906192.7793561816 4123802.2416992188
482975870.5331382155 3667599.7124023438
489772918.2346980572 3928846.8466796875
489411228.1617420912 3919913.0375976562
505882200.3273049593 4255554.8759765625
489611730.3799890280 3920893.8002929688
489673637.8922896981 3928086.7299804688
495685066.9714511037 4116756.7851562500
490056224.0543488860 3933306.7324218750
505789144.8442627192 4253147.4516601562
495715211.3104797006 4117668.2783203125
495499969.8331922889 4115169.4453125000
489921935.5107441545 3931498.6396484375
495405762.1694442630 4111379.9565429688
506021557.9971204996 4259727.6083984375
506019013.6469675303 4258154.9296875000
505852175.7434554100 4253327.0639648438
506292456.3618814945 4263420.2968750000
490531243.2732234001 3947936.4082031250
490829967.7312620878 3954574.6123046875
490637707.0789558291 3951051.6328125000
482516455.4497752190 3637595.3244628906
482696949.4829074144 3645299.8708496094
482602199.8325531483 3640027.2199707031
482498936.2545760870 3636321.9206542969
490830289.9296122789 3958187.1103515625
482003486.8305742145 3601818.0073242188
481785517.1496649981 3582379.6416015625
481739564.0871723294 3581700.3586425781
481897792.9866592884 3592451.1760253906
481840458.2941537499 3583434.9658203125
481845231.1997003555 3586821.2385253906
490976354.3810625076 3959861.2788085938
490981272.3911722898 3960413.2333984375
481453923.5113801956 3548254.0000000000
481313089.0670844913 3537307.1386718750
481446581.7415367961 3543123.1542968750
481402129.4245773554 3539610.9145507812
481257826.6435113549 3525361.1860351562
480646699.9335859418 3480253.3969726562
480877205.0462256074 3498125.1708984375
480737246.7421934009 3494530.5688476562
480897812.1431440115 3502685.3862304688
481139462.2023719549 3513610.3388671875
481071820.2426088452 3511150.0166015625
480588491.3509554267 3464157.2673339844
480633874.3659963608 3471678.9587402344
480483039.1418781281 3463636.6745605469
480333513.5744071007 3442339.2360839844
480306501.1990235448 3432847.7907714844
480342459.6303623319 3444821.9714355469
480298498.6190471053 3427756.3566894531
