643329135.4277366400 6.6932996067
643216552.7271345854 6.5180858414
643217798.7707611322 6.5277006529
643226139.9178663492 6.5831031811
643261728.6501523256 6.6821211344
726455626.8646416664 29.1072908845
725837968.5245264769 28.8417885365
643386249.9305464029 6.9725495250
643472985.5694233179 7.0358064096
643488884.6732553244 7.1545510335
643376270.5593620539 6.8622141102
643362193.4873228073 6.8570589612
643362193.4873225689 6.8570589612
643371508.9885413647 6.8583362838
643429136.4262121916 7.0314366434
643371508.9885419607 6.8583362838
643471902.4612665176 7.0339180182
643630127.9120501280 7.1845099827
725992464.7795840502 29.1063439577
721753300.2098915577 27.6638901005
644411257.2920044661 7.3133272690
644740417.9058831930 7.4852930323
644884391.2246053219 7.6075980798
723978020.9592680931 28.4777442319
645013640.2845799923 7.7300638033
644926586.8100239038 7.6261291100
644888477.1637221575 7.6254183183
724012585.1036887169 28.5619717237
644972645.2535134554 7.7166264455
645255634.2565826178 7.8291710391
645255634.2565821409 7.8291233554
645204933.9002813101 7.8014966438
645378908.2871432304 8.0289141211
645615714.6837639809 8.1783777557
645723889.0162701607 8.1897145149
645361760.7924041748 8.0175787446
646307303.2922031879 8.2333701446
668796233.4737563133 16.1097980344
646334861.1102616787 8.2518019055
646222539.7975126505 8.2014829386
646415564.2043178082 8.3538816438
646376402.5805761814 8.3497265974
646727812.2548477650 8.5861989457
646529620.5743293762 8.4080489807
646518508.1462804079 8.4065708840
646525404.6883322001 8.4077330743
646548977.1070008278 8.5783670989
646547113.3902534246 8.4600844389
646654089.6190743446 8.5802166664
646735357.0384167433 8.9817457971
647056477.1399841309 9.0472931411
647122641.5048028231 9.2173495416
647022777.3755773306 9.0446026718
647079674.1348559856 9.0818512852
647098378.0165257454 9.1820451438
721256373.4082902670 27.5594460948
647411537.0514726639 9.4398938326
647261717.1588580608 9.2818880350
647490239.9809968472 9.4900859733
647388880.5681666136 9.3222012495
647646120.4773273468 9.5806801715
647434266.5617493391 9.4885293439
647349039.4061226845 9.3167450734
648274794.8541567326 9.6815709969
719178140.5805433989 27.0584070402
718865877.5506033897 26.9526312797
725784931.4949806929 28.5721927568
648501271.0912119150 10.1251021472
648291072.8005716801 9.6979329490
648405910.2983659506 9.9854192518
648593768.1015986204 10.1768587745
648456409.4512181282 10.1153120222
648525441.4196641445 10.1292707175
648490391.9207959175 10.1167662679
721210811.2344273329 27.3651039946
648348985.8118206263 9.8342184003
649544435.3171812296 10.5441487865
649467375.2562863827 10.5266708321
649665062.2941372395 10.6824657924
649776888.2194049358 10.6958599965
649599971.4018683434 10.6761469580
649427466.4279937744 10.3662331941
649303177.1105779409 10.3619332388
649978231.1631964445 10.7786962461
650035160.6135393381 10.8014214451
650087235.0631234646 10.8074170411
651139309.0242872238 10.8086093491
651172249.6545758247 10.8464700217
651686181.0246129036 11.0026593782
651686181.0246127844 11.0020343602
652252554.2486690283 11.3421793055
652759801.1351079941 11.4965622552
652304674.7324508429 11.3448903138
652390605.3524848223 11.3531158942
652671851.0489488840 11.4945322734
652436606.8972150087 11.4605675343
652196288.2805761099 11.3102429302
652671941.5352065563 11.4954115258
652809322.3337218761 11.5494555769
653027521.0350610018 11.6559290519
652926811.3735980988 11.6489480472
652815160.4144914150 11.6140853268
652977412.9546815157 11.6530384041
653073432.7896966934 11.6750212202
656391975.2527509928 12.1314339905
656528023.5201361179 12.1568003181
656320500.7805377245 12.0950651822
656223977.6208076477 11.9567473827
656485748.3461909294 12.1417510390
656919006.0957179070 12.5392094733
656912814.3744786978 12.5365243938
656923591.6957910061 12.5427019208
656531236.2851418257 12.3710935323
656859010.7054226398 12.4185121133
656749566.6462731361 12.4125962313
656745843.4755542278 12.3782845185
656904602.2843018770 12.4188175515
657123138.3856806755 12.6854851008
657134769.1235762835 12.6877031899
657075176.2442637682 12.6727953528
657164311.4924302101 12.8656390852
658324349.5245517492 12.9325199844
657706576.0986517668 12.8894417752
658648414.6827983856 13.2449870434
658442698.8901506662 13.1290079059
658826967.2466211319 13.4214592437
658804006.5326733589 13.4017453320
658746007.6397126913 13.3638599434
659373874.2315028906 13.8826031973
659234813.3934499025 13.7299139558
659029846.2755712271 13.5577684431
659029846.2755712271 13.5577911436
666340227.7170169353 15.8566808621
659059399.5333706141 13.7047263928
668842722.5840675831 16.8704491673
659735979.9416236877 13.9158260680
659731227.6301896572 13.8867603385
659221300.5697114468 13.7097422447
660047453.8038872480 13.9385332899
660180771.4813272953 13.9397339291
660194513.5394796133 14.0396663211
660404764.8432741165 14.0802184982
661220241.2257781029 14.2139848688
660771742.2424616814 14.1362839676
662101908.2731484175 14.6885821602
662187989.1084755659 14.6961825217
661943004.1157057285 14.5580764887
662038631.7855856419 14.6869143075
661843852.1511404514 14.5245741333
661047524.0044127703 14.1418773426
661667945.8168606758 14.3040842862
661719179.8569357395 14.3815145229
664146801.8906992674 14.8540452937
663496039.3905323744 14.7490585207
664736355.4386763573 14.9327795705
664349061.9975247383 14.8776670793
665905382.8485314846 15.4559880314
665696621.9165899754 15.2978978190
666115373.4176833630 15.5817959994
665871689.2471420765 15.4267739251
664877825.8503317833 15.0452812465
665197769.3876272440 15.1118296710
665072749.1624783278 15.1085081642
665609920.9060963392 15.2339618709
665388589.8775391579 15.2074589228
672352062.5119857788 16.8902298697
672624676.7242326736 17.2141637315
672395531.2818764448 17.0520060641
672410229.2731847763 17.1624955395
673026934.5654373169 17.5270536490
672753280.7630431652 17.2284703416
672777485.2534824610 17.3399754631
673258206.2105900049 17.6902290415
672764802.1377708912 17.2321489103
672994359.4967902899 17.4270083267
672923661.1314722300 17.3974846624
672964200.1740604639 17.4173019287
674799549.7798869610 17.7100004040
682549342.5989428759 20.0421681132
674951846.8334685564 17.8851271841
675541422.7863352299 17.8982942533
675786655.2950105667 18.3423652772
676244924.8176400661 18.3644763302
676510671.5150068998 18.5705216107
676410493.7919927835 18.5668585583
676388124.4604908228 18.4629371815
675738423.8019306660 17.9778011242
677490197.8445777893 18.6258632045
677469750.6949223280 18.6099345675
677839184.5292854309 18.8023094188
677761104.5883356333 18.6307010304
678379676.8591214418 18.8940221964
679973239.2548774481 19.2883976620
720806482.1829065084 27.1699480145
678958275.7738605738 18.9951442111
679260356.1847480536 19.2175760742
678958275.7738606930 18.9951616529
678958275.7738604546 18.9951422143
678958275.7738608122 18.9951634457
679133700.4482949972 19.2086909404
681653903.8431971073 19.7884452773
679851393.8190487623 19.2696225415
680132648.0762929916 19.6098396369
680445080.5490499735 19.7094927570
680921234.2838767767 19.7661172788
681978653.8954712152 19.9873446966
683593664.8208060265 20.3436763277
682933025.1960899830 20.1774553631
682862361.6557372808 20.0451459374
683848425.9998190403 20.5141936752
684769724.0579125881 20.5572908973
684695566.9094232321 20.5412134100
684719188.8050713539 20.5435067591
688162237.7180670500 21.0528153076
688293263.6475559473 21.0710582195
686063831.8600064516 20.8727189797
685979572.8796153069 20.8002092015
686259126.0615122318 20.9681425944
685979572.8796153069 20.8002413284
686383275.2301781178 20.9768498909
686006275.0289528370 20.8166325610
688551428.4781923294 21.0923736627
688433589.7068128586 21.0763503649
687250120.5276389122 21.0294722531
688233290.8471214771 21.0670179027
688944025.9054152966 21.2404134949
688696986.0440427065 21.2300748335
689197331.9407589436 21.4187226042
689242504.1711556911 21.4285033259
690339459.5113797188 21.7814540079
690391625.8687219620 21.8391429160
690487565.2051200867 21.9059627170
689523084.1222126484 21.6664473265
689575252.8883074522 21.6734639092
689700944.1103483438 21.6876771586
689945043.8414865732 21.7052898522
690026672.4334480762 21.7727987230
690856953.3019386530 22.0656671459
690457164.3164318800 21.8911030598
690781142.6312665939 22.0529277391
690615589.4566675425 21.9461840611
691323804.8673444986 22.2463082976
691106135.3186552525 22.2432222208
691035611.0670660734 22.0710376629
691390881.3468818665 22.3431570029
691067792.4731415510 22.1784490085
692524660.5521868467 22.4365815613
692451514.1263000965 22.4199156831
692893030.0639164448 22.5939476350
693776590.5912531614 22.8384605242
693570409.4405270815 22.7578798375
693547012.9663347006 22.6617727110
697128328.1460088491 22.9388905865
697435161.0712053776 23.1180655197
697311466.2568998337 23.0513247537
695096962.8558721542 22.9050893373
697724011.3640646935 23.1565412210
702873581.6947023869 23.7785910160
705365016.0649489164 23.9691548290
702580633.1029850245 23.7749293011
700282769.6463278532 23.1616996981
700961537.7053219080 23.1969097936
701242385.9397398233 23.3053468183
700864130.9479179382 23.1914905023
701103758.7798466682 23.2824755709
700920407.4759193659 23.1920177776
701021338.4805017710 23.2097096925
701881339.6721364260 23.4606164019
706115553.9824472666 23.9793916755
706522485.6507742405 24.4899788629
706221636.7193257809 24.1853855246
706280104.1387023926 24.3446937626
706380388.5632079840 24.4172858037
707059154.3279664516 24.5384740815
706936735.2548822165 24.5259599653
707860991.1485941410 24.5588680893
709273447.3858281374 24.7210001209
710064139.5783357620 24.8327570003
715097686.6339495182 26.3145884843
714412147.1558544636 25.8816934285
708790795.8667336702 24.5755825886
709283027.5787041187 24.7348072802
709092444.2066786289 24.6318081161
709082880.7651849985 24.6297582384
709720435.8155173063 24.7894946583
710094203.3234709501 24.8812697595
710408388.8956784010 25.1954269847
711024671.5385949612 25.7170450357
716887379.2313787937 26.5023925399
710838707.1544092894 25.6999102536
711097397.7039934397 25.7502968115
712096241.3008433580 25.7769963755
712787465.5016007423 25.8073020593
713236269.0358512402 25.8514471904
717248522.6424925327 26.5451360989
717374744.0592038631 26.5736575893
717415914.6897754669 26.5972402380
717397349.9797703028 26.5786912057
717432870.9362311363 26.6504346740
717600456.2486921549 26.7545514360
