499622336.4863327742 2384541.0575561523
503539268.2272856832 2785474.3105468750
508238863.2152724862 3155566.5693359375
509247148.6824178696 3202718.0035400391
509844132.3083508015 3239409.3575439453
509744249.7365325689 3232949.8170166016
520119669.1019504070 3695896.9814453125
522877238.4746053815 3784006.2294921875
523246273.6117672920 3787774.0566406250
532607831.1973863840 4006014.1250000000
532467061.4247316122 4005040.1328125000
533068258.3064536452 4015042.8867187500
543759756.1141644716 4202845.3286132812
543681617.7627040148 4201510.5297851562
579698910.9337385893 4561759.8164062500
582281136.2861510515 4569927.0644531250
582054939.7373877764 4569021.7246093750
602154315.4107686281 4638183.4570312500
604345983.3124251366 4641375.5839843750
609586343.4331911802 4642972.3730468750
522708707.2958004475 3775601.3681640625
566213772.0724145174 4465688.3095703125
510458465.7525293827 3243065.9293212891
519789442.3431351781 3678866.0607910156
519828172.1395604014 3686456.4885253906
520411111.2513868809 3707045.3349609375
523379224.6962687969 3793343.1938476562
499423381.5739524961 2365406.0186157227
511589115.7022498846 3321728.8748779297
521233185.1194754243 3719146.6503906250
520241547.4724843502 3703567.9707031250
521102229.5529945493 3717347.7724609375
522436054.7894762754 3768647.0507812500
522733661.0087565184 3779365.2236328125
531923453.8951529860 3994407.5292968750
532388811.5909134746 4002545.4628906250
532864464.3690484166 4010760.9326171875
542659515.8325070143 4186086.6987304688
578949603.2610963583 4556753.7294921875
580555089.0087422132 4565421.6240234375
508449087.7983502746 3168318.8220214844
579885560.2366967201 4563081.5517578125
602593505.2000221014 4639182.5312500000
601752237.2656040192 4638163.1845703125
498105028.9537088871 2084971.0929565430
503877358.1041238308 2814716.9924316406
508419735.5626382232 3166915.3500976562
522525631.8750430346 3770869.1845703125
523031609.6799074411 3785627.7773437500
532640380.1126027703 4007799.9121093750
543755844.0827071667 4201754.9243164062
581189602.0150589943 4567985.1845703125
602269950.2075276375 4638919.9951171875
498109954.3988105059 2089057.8726196289
498188192.6727028489 2101072.0822143555
509545342.8946025968 3227617.5534667969
532481912.3375276923 4006008.7294921875
543582608.0696990490 4200131.8100585938
565175745.7551099062 4458994.0341796875
565316689.4237616062 4460771.8359375000
499595301.9430069923 2384392.6900024414
543907665.0225807428 4203061.4536132812
543939221.1196831465 4203330.6625976562
564785797.5264682770 4456350.2734375000
564877576.5850007534 4457554.6191406250
581137229.4540442228 4567099.5566406250
499449724.2449275255 2370523.8091430664
564766916.9767032862 4456345.2001953125
581036825.4934126139 4566113.9199218750
581301756.6027324200 4568568.2490234375
581364971.9296889305 4568617.5703125000
564874073.7203248739 4457149.2783203125
604336491.1922336817 4641011.0087890625
499229869.9583441019 2314628.5888061523
564487514.8888151646 4453040.4921875000
508761676.1661387086 3183180.9113769531
503719592.3798283339 2794163.1716308594
542029221.9841154814 4173731.3637695312
542121916.5968989134 4177062.8940429688
541650344.2940149307 4165430.0170898438
542075404.9110710621 4175741.4135742188
541858142.7346501350 4172160.2416992188
498367099.4066077471 2106902.5389404297
522333979.1852067709 3767346.0185546875
531490672.2033432126 3985230.1596679688
541604436.8458944559 4162465.1958007812
541307451.8480377197 4162154.9682617188
579221852.9701155424 4559018.6523437500
503958099.4311137199 2819944.3161621094
541278649.1794160604 4161244.2553710938
541138722.7835466862 4157905.3950195312
541020091.4542249441 4157560.3266601562
540897288.7667102814 4154101.7084960938
508432104.5943616033 3167042.9248046875
503797140.9927867055 2809717.7297363281
522358093.3163741827 3768555.0107421875
579285855.7780849934 4559019.4150390625
603897175.2499381304 4640425.5986328125
509008910.6431463361 3196119.4454345703
504168973.3360638618 2823874.5430908203
511658212.3635941744 3324085.7738037109
522234158.8120768070 3765216.7919921875
522478892.0613006353 3770461.0800781250
522555961.6682168841 3772201.4248046875
560849508.7063488960 4412293.2158203125
560151200.3571188450 4405024.7441406250
579506340.8154255152 4560157.8330078125
582463810.4053407907 4570177.6523437500
511845146.0385885239 3332873.2452392578
521911672.1663006544 3754796.6489257812
559647392.4497821331 4400333.2753906250
503821062.0470953584 2810404.4484863281
503946938.4770775437 2819069.2927246094
512230983.7715416551 3340557.5040283203
512327587.3180128336 3345252.9068603516
498394937.7390340567 2138964.5460205078
499180568.9954281449 2300029.8233032227
502818606.0691128373 2716481.8125000000
503749349.3147331476 2806947.8981933594
508143202.1355283856 3142616.9476318359
508178662.8581618667 3144153.7254638672
530979014.0199009776 3969854.6528320312
610159071.5489135981 4643733.3515625000
508993367.6012461782 3192429.6285400391
508829751.8983551860 3184801.2265625000
555471088.5636502504 4346346.3618164062
558570091.0468887091 4387694.5600585938
559755508.8522043228 4402148.5253906250
603198631.5421618223 4639888.3652343750
511763007.0060050488 3330077.9342041016
603767482.8251495361 4640109.0283203125
603964894.9524792433 4640915.0371093750
609145143.5057710409 4641589.6728515625
512023733.2229489684 3338940.2354736328
499218714.0633364916 2303964.6268920898
508874222.2990990281 3187263.2535400391
502846290.8449577093 2719757.8214111328
508869167.9874333739 3186477.8016357422
601150400.8636260033 4635590.2968750000
600679352.9333961010 4633577.7851562500
508093498.3839362264 3142165.4251708984
540771382.3249440193 4149980.2075195312
512288426.7205303907 3343974.9079589844
560243521.4859329462 4407367.7666015625
502908490.9966143966 2726382.3203125000
499112080.8877925277 2282808.2410278320
499041098.9728100896 2266200.7472534180
502783917.3753148913 2714594.9389648438
502932808.7673699260 2728238.7204589844
512416242.9759530425 3346913.8093261719
512396139.6796241403 3346649.1657714844
512449599.5293357372 3347979.1750488281
556114850.0814660788 4357894.8120117188
502826303.0999974608 2717301.6386718750
559371121.1052780151 4398012.5766601562
498611366.3120120168 2167577.0826416016
555496905.5006753206 4347280.9726562500
511279705.1313627362 3301438.3558349609
559203447.8611972332 4395614.9155273438
561158995.0369383097 4415898.2871093750
599737039.2738363743 4630962.6044921875
538386994.6375465393 4102630.9365234375
609194687.6370855570 4642717.9453125000
609834932.3468071222 4643377.4062500000
498388755.7099012136 2121316.9414672852
561691800.1837717295 4420683.7441406250
498679282.2343696952 2174754.8623657227
577764688.5474318266 4545296.9941406250
537686757.2806137800 4090337.1938476562
538192504.2459055185 4097828.4902343750
563362288.0906443596 4436809.9990234375
503344775.4570163488 2763902.8188476562
503191570.7104630470 2741849.8811035156
537821300.4207409620 4090830.9960937500
537865018.5247499943 4091856.4306640625
498686403.3044435978 2179624.5308227539
561041818.3441748619 4415289.9970703125
562073543.5291562080 4425456.6816406250
498573699.9101656079 2167309.3384399414
512240209.3874616027 3343677.3837890625
498790661.7430524826 2210222.5131835938
498785134.6257294416 2204569.6894531250
498691118.1330522299 2188296.3987426758
537084212.9047704935 4072648.6821289062
503270330.3344320655 2753292.2025146484
537975191.4172531366 4095737.7231445312
537129249.1836749315 4078403.4223632812
537348661.0196510553 4084581.2504882812
561250350.6468888521 4416343.5781250000
596022943.2431353331 4616892.5644531250
556035852.9488390684 4356606.5454101562
562337300.6000691652 4427723.5654296875
595237930.4951061010 4613892.0458984375
577359141.1949725151 4541572.3515625000
577298358.5062124729 4541060.1630859375
576795230.9323736429 4536155.6279296875
530220738.1902217269 3939119.4279785156
594605143.6011294127 4608105.5732421875
594881554.0020428896 4609355.9121093750
595084702.2154151201 4613437.5429687500
595717105.9802249670 4615875.8925781250
560847934.5581530333 4410810.7783203125
561026691.3484061956 4413037.7626953125
597960121.5667506456 4620524.4296875000
502695863.9202025533 2674770.7803955078
530228393.8194647431 3940095.0520019531
575258668.1875582933 4524548.6406250000
598388440.0149227381 4623557.9824218750
576368252.5865775347 4532438.5234375000
557451168.7205604315 4372876.5805664062
556831970.4620498419 4365909.6186523438
575729596.1270837784 4529331.1142578125
558099016.2578482628 4374995.6918945312
598291607.0977839231 4623531.2246093750
529230592.0251027346 3915893.8073730469
529684680.8721568584 3927890.2526855469
597193819.7113164663 4618713.8027343750
557287516.8948130608 4370690.9321289062
510996199.0606287122 3281821.3803710938
598403357.2634807825 4623558.1679687500
510814926.7131340504 3271262.2929687500
598068033.9741159678 4622207.9677734375
529128198.1686249971 3914732.7434082031
510606230.8700674772 3260426.2847900391
528689386.7723614573 3901522.9792480469
529144563.5203315616 3914807.3737792969
536524557.2371026278 4058279.0498046875
518131054.2759945989 3574612.8967285156
598573094.3390873671 4623901.3886718750
536494412.5394982100 4057643.9951171875
518200352.3906265497 3577306.2795410156
518295895.3283058405 3581063.8437500000
518069643.5380341411 3572577.4982910156
558371985.5582051277 4382468.5249023438
517868469.9710164666 3553286.5270996094
573869408.1410793066 4510283.1699218750
574318490.3273601532 4515512.9277343750
518007211.7069850564 3567350.5983886719
574462437.7023262978 4516085.3183593750
535729080.3842592835 4037963.6206054688
574122017.8286005259 4514238.2314453125
573919115.7036781311 4512641.7714843750
574505745.8399337530 4517837.0205078125
535045918.7015019655 4023258.3237304688
535035240.9839144945 4022435.5610351562
534890088.3085753322 4018053.5258789062
574426117.1365104914 4515584.0673828125
528471957.9107688069 3885736.5734863281
528545489.1567544341 3895010.0334472656
500852858.2345005274 2402867.6257324219
500799981.5168369412 2393316.4924316406
500758554.1969049573 2388443.3435058594
527164980.8709489107 3854630.9421386719
526561782.0671395063 3837219.8293457031
526435179.9684174061 3835772.4426269531
526267831.2624801397 3830627.4777832031
526269214.4548648596 3833501.9445800781
526549672.8560246825 3836678.0705566406
526224816.6436713934 3829864.4631347656
526042285.4804660082 3827088.0451660156
502644172.9944012761 2608063.5535888672
502626328.1805536747 2606686.4410400391
502562488.1641064882 2593982.4908447266
502468285.1929238439 2550673.6535644531
502526729.9268878698 2556531.9758300781
502455489.3796300292 2535361.1723632812
553063795.2654682398 4290713.1943359375
501989667.3087264299 2430453.4797363281
553719700.9117331505 4298606.0507812500
502115614.9708516598 2448715.4279785156
553548208.8771736622 4295835.7343750000
553775560.4446034431 4299052.6210937500
502212426.8301046491 2490908.6174316406
553379190.1355296373 4294477.3652343750
502138577.3716019988 2457536.9254150391
502204805.6511187553 2469548.5924072266
502227186.8959431052 2495701.7073974609
502380001.9416128993 2519974.3536376953
502304502.5587319732 2506146.3558349609
553886370.7816525698 4301229.5502929688
553397997.0504397154 4295697.0986328125
519132768.0927490592 3588336.0729980469
517498628.3455057740 3478123.1408691406
517423525.9863643646 3467887.6281738281
517055368.9716686010 3454273.5610351562
516655885.0112299919 3438992.0957031250
516365923.1683705449 3424147.9365234375
516269197.5929399729 3416957.9726562500
516144591.3157628775 3411555.7858886719
515683029.5412933826 3396292.9123535156
515557432.9715827107 3389215.8793945312
515346905.5641550422 3379689.0302734375
573777591.2270097733 4473642.0732421875
507878383.5647761226 2898699.8522949219
507880662.8734465241 2905643.5368652344
507310531.1926586628 2842017.7839355469
507374748.2838194370 2843294.4484863281
507385150.4065928459 2854145.4680175781
507431425.9362757206 2856184.2702636719
507408190.0811611414 2855588.9514160156
