179361801.5812125504 599133.3311767578
190458534.5870035589 621132.1989746094
190852080.1882550418 622859.9963378906
152477768.0787648261 111699.3088705372
158944061.9234000742 334774.6208956242
167080625.5403769910 463360.7677125614
177493552.5585641861 584351.9323616028
190247150.1244435906 620665.1358642578
190614357.8017075956 621898.7087402344
191066574.2890129387 625268.1677246094
167171961.5552385747 464160.6856813114
171929599.8613770306 523056.0793266110
179865606.2828708887 601932.5257568359
190960804.1742910445 623290.7390136719
180783588.2174212039 605371.9184570312
158679507.4887161851 327994.9358136058
164243177.3518934548 424962.3451631516
167356945.1450601518 467753.2799195927
175023374.6230516434 561278.7075021267
177231536.8290391564 579995.5704650879
179581483.9535331428 601527.5330810547
180541064.3358098567 605260.8218994141
153725836.7639926076 181061.7045724392
158690848.4088104069 329654.1667090654
162968189.2336013913 410615.4646566361
152584321.3083286583 118256.7402857970
156064287.2551607788 277100.1297250390
167188832.6628539562 464543.8371705692
153668479.9302441776 180917.2863807678
166284803.7760026753 456538.1842041016
166287214.9989108741 456634.2286586761
176474568.0588229895 576563.6070251465
176683461.8586737514 579305.5937995911
181129853.5639172792 609817.8596191406
153985355.7456166744 186569.5923480988
153336052.2477328777 173102.5891952515
166409607.4925839901 457929.5523891449
166879073.1775369644 462966.0987758636
171908867.0730164051 521131.0309858918
172006230.2695145309 523945.6637068391
172463129.3860946298 531089.8249006867
180831948.8046846986 606450.5924072266
166712996.7501076162 462789.2486695927
166650454.8604604602 461924.8074847534
172227818.0288731158 530372.6901350617
180873213.1802949607 606906.9592285156
155169020.9095363915 253588.8651434779
154872086.6102797985 245077.2922461629
158786710.1005590856 330263.0309849977
152420841.0381067395 105099.2302016411
166025522.2317552269 452249.5274868011
176446625.6504449248 575951.3819484711
178641985.8729891777 593408.9030761719
190723988.4588459432 622726.4558105469
152493795.6645101607 111711.5809012661
157497582.2636048794 307531.3338770121
161957779.7045325935 391612.7075956315
190945168.7736665308 622918.9011230469
158842512.6347613037 330314.3688905686
178602379.0884101391 592960.5574951172
180967820.8831467330 608890.2531738281
158325961.2075110972 324592.0880957842
163796597.1233428121 419832.2527425736
166332812.1251423657 457508.0282192230
181402023.0223692954 610333.2717285156
183392250.0444888175 615035.3049316406
182843305.2451029420 613890.8312988281
192879568.8648518622 625739.9743652344
163515927.8944151998 417770.9257162064
178713959.7963485122 595097.2490234375
167090971.7909889817 463623.2081928253
181569966.8163513839 611551.9880371094
158858363.4342282712 331232.1984473467
174943578.5407777429 560498.0624215603
164030177.8109821677 424918.6209066361
153417697.7739836872 173821.1153744906
156255268.9166225195 281110.2861442417
156268254.1619526446 281781.8213599324
156717086.2738693953 287125.6180272698
163398899.2741843462 417161.0701253861
165081991.6607159972 439396.8087158203
181256866.7357884347 610050.7517089844
152332271.7843137681 103062.7167886924
153270251.7740946114 165382.0795555115
177232301.6264653206 582065.8674716949
154917932.1439239085 245279.6701758504
182874521.5017688274 613909.1560058594
183076076.3587714136 614791.9689941406
155166548.8048350215 252904.8025000691
154481391.5869990289 230332.4777322412
166142714.2870300114 455665.6593227386
176229311.2700285316 575032.6277770996
158859974.3593257964 332574.4684999436
177456159.5865423083 583289.6844787598
175281322.6966492534 564886.5471627712
176799970.0521338582 579877.5664272308
156523846.2436191142 286687.0015357137
176299317.5410413146 575437.1766052246
158511075.2225903273 327363.1500251889
166594555.1018797159 460519.3145961761
179960788.7867849767 602208.5753173828
192556083.9074205458 625450.4670410156
182215586.0944965780 612576.4616699219
165194044.5931654572 441982.1968994141
178650839.9522120357 593781.6417236328
182427150.8798750043 612718.7644042969
176582759.1278547049 577755.2883529663
166266388.5014843047 456085.8172817230
166230507.2626606822 456042.1827602386
154272511.2710123956 218550.1149824262
164955017.3047805727 437962.0850830078
166181999.4519398808 455971.8087368011
178317598.6622096598 590389.1680297852
158273941.3263054192 322095.7694238871
166498250.1650530100 458638.6518650055
192525131.8159672320 625389.0710449219
152995951.2847686112 144186.1808313560
162127176.6033650637 394884.0426972508
153063893.5355097353 150326.3761704657
154388302.8018786609 226304.2982955575
178699593.7466048300 593925.6419677734
156448302.3451701105 285836.5012915730
158010016.9698232412 317943.8882985562
175558889.0661103725 568609.9150372744
156149272.5223643184 279333.8916724324
161894212.2496311665 390536.6120145768
165887267.0853613913 451691.3729705811
175160890.1061116457 562567.1415082216
154570394.7877869904 233785.4167647958
162860899.2713274360 406739.0619466752
153141764.2788192034 157587.4876327515
158065955.1235575378 319753.2625879496
162256188.8400858343 396298.2917386144
156014984.2189375162 275275.4718185067
165678096.7064478695 449086.7828369141
165570668.9333839715 445275.3758544922
165312682.5696495771 444122.7515869141
154871581.9741590619 243003.2873633504
162266949.5435900092 397210.7993925065
165291627.5653120279 442615.7261204720
158178914.0231549144 320687.0946856588
176153369.6779110432 574245.7929916382
155932843.0496995747 274024.2705786824
175796616.3093044162 570378.7656232119
180354628.7969473004 604680.7907714844
182946569.0673013926 614235.1350097656
152753228.7978108823 129842.4776912145
154561743.9337596595 233704.9401069283
164593095.5752870440 433393.2442626953
179273913.7989106178 598562.4055175781
182813934.8212465942 613716.6647949219
164469150.0066066086 431639.4391820878
165481940.2830890417 445101.6133995056
180140124.1496348381 603319.4658203125
154869131.6082704067 242521.1359961629
153957139.1305761337 185424.7363414764
154558666.9738214016 233664.1753707528
154652637.0862194896 237319.7414649129
180023575.0614331961 602677.2393798828
178974481.1140935421 596885.9216308594
182566102.8273976445 613251.8146972656
154786108.3473024666 241421.7261520028
165013918.2789064944 439308.8687744141
163530917.2250938714 418098.0935628861
163360262.0505696237 415304.5740316361
164776420.9088717103 436603.2891845703
152916951.8139429986 143467.8358996343
153207482.9453020692 165345.0384140015
182125525.0961221755 612502.2297363281
164521072.4557106793 431963.2824440002
174790104.9446442127 559418.5910288095
182894462.8390253782 614198.8161621094
162114284.0299928486 391971.7223661393
174429340.0193614364 555073.9410043955
153543597.7160532475 180017.4905168861
156132964.9728752077 278276.8733618855
157167203.9864870310 299919.5417932719
162031197.4977229238 391950.0319364518
152913096.7476935983 143465.2388207000
162461254.4887216389 398925.3446805924
155895666.9828841090 272769.3294165730
182548593.8407601416 613238.0700683594
152710926.6055238545 127952.7343371343
157294585.1456920207 302585.8548731059
152787570.6558838189 135710.2851183843
155643336.8308202028 266266.7197974324
182449523.8493388593 613049.7556152344
153729546.2866411805 181123.2113327384
174754384.6281633973 557749.2431851625
164327293.7403458059 430062.4386825562
153592293.9230690897 180905.2323059440
164272916.8488880098 428583.0783309937
157247626.2586888969 300640.1950373948
152896920.5569382608 141377.2908834498
157636414.4962846339 308687.6130110919
157454380.4363568723 306092.4999536723
163671285.6220854223 419055.8264120072
163994415.6263560653 424365.4475057572
153302334.7403047085 166434.4819244742
157046512.1125694513 296227.3646997660
174651800.3945286274 557476.7085171938
164432635.4869739115 430196.7615316361
164245091.1752203703 425827.5871313065
174600335.0945964456 556305.8539410830
157558738.0272078216 308189.7061869353
163234724.5674016774 413011.7253988236
174844225.2117906809 560439.5732632875
157671355.1634088159 309603.7533106059
157466183.5188694596 307050.2328027934
163608996.3057132959 418298.9142129868
163894739.7929878831 423407.7146566361
163213305.5027634203 412491.2300374955
154762452.1363478303 239864.4068160653
155018719.0366303623 247922.9058325887
162170377.1548712552 396131.8251493424
153015937.5523990691 146681.9209149573
155445793.2586316466 259102.4603533745
155774638.6985499263 266972.2424512506
162490298.0061368942 399328.7934720963
155588028.6507032812 264047.0132544637
156812630.9183843732 292559.3910059184
162340867.6609587967 398223.9918973893
157375283.7201683819 304379.0501856059
162566293.9708953798 402235.7865751237
157100609.3348695040 299292.6820215434
155356582.0412147939 258509.1690161824
155473775.5460110605 261180.3516333699
156882847.7525863647 294000.7219985574
152775432.9602136612 134455.3439562749
154051611.0487144589 202984.2887066007
157040489.9295260608 295011.7292248607
154196229.1112681031 211549.3468540311
154130000.2583832741 210741.8394878507
154988442.0717825294 245665.2500708699
172349897.2653717101 530532.4084409475
154003501.0694708824 198058.1228942871
152681745.4749502242 126957.3608935308
172539965.1639518738 532196.8237241507
154057303.7014613450 204798.7048595548
152620875.8582692146 119199.8101122808
152658826.0263573229 120034.3805146646
153121110.3628472984 150646.1773933768
177883290.1876500845 584397.6316528320
178049670.8355415463 587516.0889282227
173346893.2767995894 542667.2445118427
178247959.6249327362 588621.2835693359
172742898.1567401886 534951.6077786088
190119894.1906029284 616774.2790527344
173070394.7789490521 538151.6240170002
172912818.2741711438 537772.8123829365
173411414.2281078100 543176.1712696552
174056991.6178698540 548692.5624796897
173097804.3280307651 538354.1795704365
173665021.7920190692 545473.0912577659
173656220.2781998515 544093.6630597115
173526819.1752896309 544039.6473438740
173720257.2749617696 545725.6229960471
173892970.9363283515 548396.8056132346
160266214.4867640138 349821.5932792425
160349486.2500375509 353853.4083496332
159743230.3066255450 338423.2241357565
171226566.6676334739 508453.1664384604
160033617.4597809911 347140.9652246237
159785981.2691301703 340414.0224603415
170578920.6659613252 500004.6653400660
159778410.4858312905 339644.0732568502
171013155.4368402958 506550.2708088160
159580396.5053071976 337278.7523339987
171292492.1096413732 509039.4930378199
159905750.3142693639 345036.3031152487
160116179.6625117064 348082.3931266516
170993660.0905460417 505366.9276602268
161262594.5059536994 368863.9413291663
171470818.1262665391 510854.2877155542
160559771.1765882373 355975.8374044150
171908643.9922118187 517222.6610065699
171536105.2051652670 511976.2897829562
171595825.6258944869 513165.0593217611
171595903.6349020302 513675.5330768824
160835560.6869177818 362576.9157735556
160892214.0195049644 363339.0750753134
160775805.3910255134 361974.2962667197
161069529.2509264350 366619.6214620322
161106692.8637177944 367125.8619405478
161835422.0400192440 376955.5818347186
161512600.9327531755 370315.9419057816
161676048.6452327967 375743.6365222186
170944789.0599277914 503465.9929079562
170940708.1123608649 500094.5062518120
170237346.5002976060 486392.0271235704
170183621.7187806666 485360.4908595085
170025014.7603608966 484617.3126460314
170220174.3225716650 485882.5886470079
170362549.6979840994 490156.4233638048
170367471.4235073328 490223.4840846062
170005875.4498977065 477240.6192055941
169935739.1470251679 469309.3903230429
169956038.8293485641 472813.2842439413
169781894.2581475377 468720.7843357325
169937637.4037092626 472666.6253083944
