190156826.4872025251 621735.5092773438
179737136.5611353219 604878.7651367188
179789633.5106931925 606454.5236816406
156854027.0213657320 294717.4835122228
157291735.7831271589 301016.5853337944
157055359.7694853246 296713.2339980602
167786376.9610272944 475672.1600246429
174753524.3033575416 560649.6885375977
178137421.4625857770 589670.4853515625
183075530.7509815991 615089.4562988281
190827282.6558893919 625326.3391113281
154432600.7005339563 226420.8873611093
155412166.9712833166 260753.3954575509
178187030.8362601697 591047.3144836426
190380180.5142112970 622892.9343261719
190394570.2582518458 624485.5031738281
157113848.3149414062 300913.4483906031
190855964.7800543308 625749.0349121094
157061859.5843597949 299516.4648200125
156988098.9970382452 295929.7589028478
168126748.3884629607 477743.6526628733
180257086.4177199006 607038.8005371094
156939321.1253556013 295615.3475234509
156990025.2553195357 296679.5123389363
167327982.3759034872 471334.2693996429
154244064.1653361619 218664.6627174020
157118250.4586496651 301016.1270669103
166988899.4000788033 464935.2904682159
163583568.9396643639 419053.3674090356
153179409.0429273248 164972.4661679268
174438149.2191155553 556842.9586486816
154274783.2396638691 219114.5992751718
163212474.6752097905 413997.3359357417
154223801.8405739665 217341.5342879891
166947089.6515029371 464821.2250881195
178487652.4657455385 595846.7756958008
180453574.6834013164 607449.0290527344
182648758.9022207260 614521.1584472656
191523349.7449208796 626131.9284667969
167082652.7775920033 465472.0378322601
179413731.6879323721 603595.1317138672
179643037.8745237291 603690.4245605469
154294186.8038958311 225617.2088943124
163178768.7686519325 413694.1346231848
153446263.4527733028 179809.7366609573
158494770.1857548654 327789.2404395342
179235273.8039666414 602724.7899169922
178725280.2198452950 598903.9720458984
178215738.9860436320 594864.3200683594
153640446.2480617166 187646.5159299802
153711518.1922715604 192892.3314228058
176006505.7033131719 571303.5256891381
179359512.2604528368 602926.6608886719
191292276.2057114840 625916.4157714844
178606549.3816651702 596902.7799072266
178560594.6218760610 596549.7435302734
153256717.4064718187 171986.5108871460
178731773.1011197269 600178.2171630859
153965681.1884390116 194428.3865985870
154672132.4935384691 238674.6838843226
175065757.6285786033 564071.0579248071
164374547.7844500542 430824.1379964799
175550760.6746361852 568625.9213562012
166709455.1139888763 463576.7186183929
153638313.9614138305 187501.6124496460
181882729.1553159058 612388.4636230469
183506427.0315882862 616040.0930175781
152591861.9618937671 118363.3352040481
156136895.0847728252 278382.2009986043
156511566.2105980515 286885.8881598562
158744432.7910131216 331278.3322974443
174652514.4802196026 558537.3757324219
175013297.1978462338 563285.3313598633
180864225.8587256372 608284.2702636719
152619262.3965169787 119257.0464451145
176527420.6340295076 576789.1226779222
176636138.3699613214 579270.2635470629
152284015.3704017103 97169.2106710523
166908101.2281042039 464626.3145980835
182944493.8448971212 614538.4387207031
175172189.8146426082 565151.0942687988
182420936.9356355071 614077.1350097656
167112384.4184865654 466247.9012355804
167319060.6590680182 470608.1722068787
183861822.8500773013 616061.0119628906
181282964.6110704541 610523.4006347656
182206802.8703996539 612918.1130371094
174425066.1742749214 556766.5687103271
153388473.5125010014 179744.0616683960
158315658.4637956917 322377.7170020342
183340131.3903092444 615617.4851074219
152306015.4707195163 97727.8107424974
155814794.2692589462 271211.8874282241
152417456.0085886717 110605.7844227981
155623207.0307963789 266251.5961005092
153334228.6038633585 172468.0295944214
164269231.4720758498 427900.4236410111
175385323.0294030309 567910.2285766602
158673124.5655883253 330848.3933326006
182212874.7123369873 613459.2072753906
158460028.1105269790 327736.4702874422
166244823.8417952657 456999.5452785492
152272595.8856714368 97011.9369417261
154462219.3315962553 232420.7667487264
158819430.5697724223 333641.9128638506
153458642.6739858389 180632.6595001221
158772548.1925437748 332652.0595752001
153555563.5668810010 186670.8358173370
155134152.7847226858 250163.6604102254
155570428.0556642711 262736.3581641316
176145745.1156204939 573675.9273071289
181020228.2925612628 608911.4797363281
153185953.7478799224 165345.0384140015
158549419.7762485147 328906.1979590654
175789158.9937602282 570478.2632828541
152446922.4270909429 110913.6088160705
176042348.5713524222 572996.5967407227
167123592.0047367811 467677.2174797058
171819471.2748455405 522615.1393538117
171965120.4427299798 523599.6252095103
180921127.7353393435 608872.0749511719
181270445.8743805587 610054.9660644531
181902337.8561463356 612704.2888183594
167229146.4972539544 469193.7147121429
154979336.9318682849 245818.4728503227
175063340.6879516244 563980.4407348633
158693291.3961476088 330973.6726294756
152326554.6069634259 103103.4815248679
180775222.7557629943 607697.6203613281
166879280.6503722668 464311.4333515167
152474187.6582471132 111711.5809012661
154564178.7559115291 233924.0257430673
162693256.8949051201 405936.5838419348
153289212.2371849120 172023.6149520874
154835074.2376513779 241431.9762590528
154640962.4068355262 234973.7141211629
153505269.1548602581 181023.7138137817
156188724.8150991797 279821.6713965535
157868690.9262751341 312835.3367927670
163122517.8878422678 411552.4880941361
177493552.5585641861 584351.9323616028
162968189.2336013913 410615.4646566361
152584321.3083286583 118256.7402857970
156064287.2551607788 277100.1297250390
176474568.0588229895 576563.6070251465
176683461.8586737514 579305.5937995911
181129853.5639172792 609817.8596191406
153336052.2477328777 173102.5891952515
166409607.4925839901 457929.5523891449
172006230.2695145309 523945.6637068391
166650454.8604604602 461924.8074847534
172227818.0288731158 530372.6901350617
155169020.9095363915 253588.8651434779
154872086.6102797985 245077.2922461629
166025522.2317552269 452249.5274868011
161957779.7045325935 391612.7075956315
180967820.8831467330 608890.2531738281
158325961.2075110972 324592.0880957842
166332812.1251423657 457508.0282192230
163515927.8944151998 417770.9257162064
181569966.8163513839 611551.9880371094
156255268.9166225195 281110.2861442417
156268254.1619526446 281781.8213599324
163398899.2741843462 417161.0701253861
181256866.7357884347 610050.7517089844
177232301.6264653206 582065.8674716949
154917932.1439239085 245279.6701758504
176229311.2700285316 575032.6277770996
176799970.0521338582 579877.5664272308
176299317.5410413146 575437.1766052246
166594555.1018797159 460519.3145961761
176582759.1278547049 577755.2883529663
166181999.4519398808 455971.8087368011
158273941.3263054192 322095.7694238871
152995951.2847686112 144186.1808313560
162127176.6033650637 394884.0426972508
153063893.5355097353 150326.3761704657
154388302.8018786609 226304.2982955575
158010016.9698232412 317943.8882985562
156149272.5223643184 279333.8916724324
161894212.2496311665 390536.6120145768
165887267.0853613913 451691.3729705811
153141764.2788192034 157587.4876327515
158065955.1235575378 319753.2625879496
162256188.8400858343 396298.2917386144
156014984.2189375162 275275.4718185067
165678096.7064478695 449086.7828369141
165570668.9333839715 445275.3758544922
165312682.5696495771 444122.7515869141
154871581.9741590619 243003.2873633504
162266949.5435900092 397210.7993925065
165291627.5653120279 442615.7261204720
158178914.0231549144 320687.0946856588
176153369.6779110432 574245.7929916382
155932843.0496995747 274024.2705786824
152753228.7978108823 129842.4776912145
154561743.9337596595 233704.9401069283
164593095.5752870440 433393.2442626953
164469150.0066066086 431639.4391820878
165481940.2830890417 445101.6133995056
154869131.6082704067 242521.1359961629
154558666.9738214016 233664.1753707528
154652637.0862194896 237319.7414649129
154786108.3473024666 241421.7261520028
165013918.2789064944 439308.8687744141
163530917.2250938714 418098.0935628861
163360262.0505696237 415304.5740316361
164776420.9088717103 436603.2891845703
152916951.8139429986 143467.8358996343
164521072.4557106793 431963.2824440002
162114284.0299928486 391971.7223661393
156132964.9728752077 278276.8733618855
162031197.4977229238 391950.0319364518
152913096.7476935983 143465.2388207000
155895666.9828841090 272769.3294165730
152710926.6055238545 127952.7343371343
157294585.1456920207 302585.8548731059
152787570.6558838189 135710.2851183843
155643336.8308202028 266266.7197974324
164327293.7403458059 430062.4386825562
164272916.8488880098 428583.0783309937
152896920.5569382608 141377.2908834498
157636414.4962846339 308687.6130110919
163671285.6220854223 419055.8264120072
157558738.0272078216 308189.7061869353
157671355.1634088159 309603.7533106059
157466183.5188694596 307050.2328027934
163894739.7929878831 423407.7146566361
155018719.0366303623 247922.9058325887
162170377.1548712552 396131.8251493424
153015937.5523990691 146681.9209149573
155588028.6507032812 264047.0132544637
162340867.6609587967 398223.9918973893
157375283.7201683819 304379.0501856059
155356582.0412147939 258509.1690161824
155473775.5460110605 261180.3516333699
152775432.9602136612 134455.3439562749
154051611.0487144589 202984.2887066007
154196229.1112681031 211549.3468540311
154130000.2583832741 210741.8394878507
172349897.2653717101 530532.4084409475
154003501.0694708824 198058.1228942871
152681745.4749502242 126957.3608935308
172539965.1639518738 532196.8237241507
154057303.7014613450 204798.7048595548
152658826.0263573229 120034.3805146646
153121110.3628472984 150646.1773933768
177883290.1876500845 584397.6316528320
178049670.8355415463 587516.0889282227
173346893.2767995894 542667.2445118427
172742898.1567401886 534951.6077786088
190119894.1906029284 616774.2790527344
173070394.7789490521 538151.6240170002
172912818.2741711438 537772.8123829365
173411414.2281078100 543176.1712696552
174056991.6178698540 548692.5624796897
173097804.3280307651 538354.1795704365
173665021.7920190692 545473.0912577659
173656220.2781998515 544093.6630597115
173526819.1752896309 544039.6473438740
173720257.2749617696 545725.6229960471
173892970.9363283515 548396.8056132346
160266214.4867640138 349821.5932792425
160349486.2500375509 353853.4083496332
159743230.3066255450 338423.2241357565
171226566.6676334739 508453.1664384604
160033617.4597809911 347140.9652246237
159785981.2691301703 340414.0224603415
170578920.6659613252 500004.6653400660
159778410.4858312905 339644.0732568502
171013155.4368402958 506550.2708088160
159580396.5053071976 337278.7523339987
171292492.1096413732 509039.4930378199
159905750.3142693639 345036.3031152487
160116179.6625117064 348082.3931266516
170993660.0905460417 505366.9276602268
171470818.1262665391 510854.2877155542
160559771.1765882373 355975.8374044150
171536105.2051652670 511976.2897829562
171595825.6258944869 513165.0593217611
171595903.6349020302 513675.5330768824
160835560.6869177818 362576.9157735556
160892214.0195049644 363339.0750753134
160775805.3910255134 361974.2962667197
161069529.2509264350 366619.6214620322
161106692.8637177944 367125.8619405478
161835422.0400192440 376955.5818347186
161512600.9327531755 370315.9419057816
161676048.6452327967 375743.6365222186
170944789.0599277914 503465.9929079562
170940708.1123608649 500094.5062518120
170237346.5002976060 486392.0271235704
170183621.7187806666 485360.4908595085
170025014.7603608966 484617.3126460314
170220174.3225716650 485882.5886470079
170362549.6979840994 490156.4233638048
170367471.4235073328 490223.4840846062
