229055533.2082658708 6506586.5703125000
223726178.2902533114 5901344.5546875000
224477838.4450351298 6041975.0156250000
224472664.3532681167 6033230.9062500000
228081005.4518435597 6443633.2773437500
228030196.6403570175 6439088.9570312500
228745323.3226452172 6496841.1054687500
228599032.2816801071 6486538.8476562500
228665294.3754725158 6487288.6015625000
229514906.5415148437 6516918.7734375000
245806356.2580500543 6973651.8710937500
245891621.8190499842 6973692.4843750000
224313343.1226413548 6018007.0000000000
224589117.9956415594 6050320.9492187500
226576496.2947934568 6305959.4023437500
228486824.3776753247 6478991.8320312500
229283692.9284171760 6514792.3281250000
229160764.0530821383 6513914.3476562500
232090211.5011416376 6668664.5625000000
236947289.8129830062 6833580.5117187500
240336746.1778642535 6906406.1835937500
242074070.7201499939 6935569.3984375000
243279412.9025298357 6953345.4609375000
243279539.3690515161 6954115.2617187500
245538076.2944091856 6973266.3437500000
224534144.5245350897 6044748.8750000000
226999826.9275008142 6319277.8046875000
231738724.4783822000 6651359.2695312500
239944622.8396645784 6897741.2265625000
222051270.8969945610 5379635.5351562500
222058041.0928041339 5391146.0625000000
223753071.0798168480 5913376.3554687500
230938394.0198720694 6618017.5742187500
230996239.6332517266 6620630.6757812500
231266574.6344285607 6634265.1132812500
231047060.2834818363 6623570.8281250000
232083290.4242802262 6667145.4804687500
236791902.1212492883 6832816.5937500000
240329746.1670105457 6905658.3515625000
241869609.0880910158 6931402.0625000000
228185324.6134730577 6445281.2734375000
230887562.7225961685 6616030.7656250000
236698617.1888560951 6829271.8710937500
241667147.2128569484 6930693.6914062500
243664492.7440282106 6957128.1523437500
224568910.2097522914 6047751.1757812500
228551221.2796485126 6482056.5468750000
224366769.0704796016 6027929.3828125000
227834003.4927158356 6426008.3671875000
228847641.4813540876 6501013.9453125000
230759459.0236160755 6606538.4023437500
236999580.1403644979 6834825.4765625000
239186094.8445278704 6885407.8515625000
241586915.9140149951 6926016.5312500000
222351119.2256396115 5535947.3671875000
223731693.9922365248 5907047.0117187500
228320945.9119256139 6463963.4843750000
231854157.3373306394 6660957.6054687500
236623354.7202283442 6829158.5859375000
236572773.2569802403 6828323.9609375000
243402951.1262707710 6955654.4843750000
243748506.6626568437 6958329.5039062500
247636774.5551896989 6978402.2421875000
223658270.7999882400 5897908.3085937500
221969888.9561947882 5336277.9570312500
223626458.1239146888 5891012.6953125000
232233714.7090260088 6674701.6796875000
232199331.9415098131 6674507.4062500000
250080935.7636200786 6983950.9492187500
231052297.1541069150 6624523.3007812500
232087531.1055867970 6668095.1640625000
232097119.0614719093 6669299.0664062500
243800720.4369268417 6959223.8710937500
245074433.4916398823 6970885.3867187500
221940072.1237704456 5328602.5429687500
239379419.2232986391 6887356.7617187500
239019859.5909500420 6880791.6015625000
241624993.1004928946 6929902.4570312500
245205358.7435566485 6971422.8125000000
249714125.7664352655 6983948.2617187500
251356188.5778255761 6984509.0039062500
222057177.2136829495 5382538.7656250000
250487278.9888611436 6984263.4804687500
232115874.2120059431 6669762.4296875000
232184358.1092114151 6671230.1757812500
239015839.6348628700 6880141.8242187500
230771005.6496614814 6610927.8906250000
232044895.9953586161 6666856.9804687500
241883440.5752589107 6934529.7031250000
224248060.8176912367 6005936.5664062500
227338867.1246803403 6329571.8906250000
231876582.0009038150 6662072.4218750000
242788060.6118098497 6945484.4140625000
243203352.2681183219 6952072.9687500000
245380953.8286938965 6971930.1679687500
222160600.3975051641 5457969.0039062500
222250556.3117152154 5505782.5937500000
224174325.6496740282 5996810.1250000000
224173640.3499584496 5989453.8164062500
223468931.0173373818 5854010.7539062500
226544581.2003849745 6304293.0859375000
226636755.4754656553 6312261.2148437500
228386808.8246026933 6469188.3359375000
223347958.7717352808 5824850.6835937500
223809944.6295740902 5919932.5234375000
226709446.2328937650 6318657.4101562500
226587637.6421429813 6307700.6015625000
236714781.8985416889 6831228.6757812500
240164681.9747886062 6903552.4882812500
242223221.2203511596 6939039.9218750000
247596161.0247411430 6977772.9375000000
250748836.2071982920 6984307.2304687500
221924532.9990577102 5314498.9687500000
222381601.1943029463 5544640.9960937500
223891469.0842809379 5935555.5078125000
242477371.6197578311 6940684.5468750000
222373199.2308343649 5542880.9765625000
223710906.9287999570 5899685.7695312500
228241061.4912992120 6456742.6406250000
228275044.6829215288 6459843.3867187500
236454426.8261386156 6824867.4804687500
236522594.2275871038 6825098.1015625000
221936646.0166409314 5318378.3554687500
240192082.2505127192 6904086.2656250000
221920249.3748953342 5311106.8437500000
226522882.8488781750 6303398.8710937500
222304676.6591101587 5525996.5664062500
222429580.2197249830 5559247.3984375000
226443322.1617407203 6289269.2695312500
244618352.5037700832 6966755.3125000000
222347666.1611668169 5532362.4179687500
222621471.1021468639 5577805.3242187500
222615638.4605290294 5577623.3593750000
224109891.8153873384 5981938.9531250000
226218618.5089485049 6268969.2656250000
226522090.6888971627 6299902.1289062500
222262428.5702652037 5511691.0468750000
222388279.3977589607 5550810.2265625000
223331226.4281431139 5820119.3554687500
226416577.3697010279 6287402.8242187500
236374719.2090855539 6823128.8164062500
236560544.8030284047 6826537.0156250000
244742043.5414122045 6967679.4257812500
222230064.1121997237 5488847.0898437500
250693795.9083495438 6984305.9101562500
225866828.9322624505 6229360.1523437500
242495413.2778155208 6941457.6250000000
248162114.7578332126 6980239.8671875000
242436890.3141838014 6940280.6328125000
222043681.1984216273 5374551.5195312500
223923674.3770274818 5944683.3789062500
225684929.0362181365 6204825.3906250000
226377236.9656587839 6282752.0546875000
226257250.2242052853 6274250.5742187500
244961747.5365510881 6970375.2929687500
244771440.5601000488 6969087.2578125000
242488642.6748719215 6941380.0507812500
249216740.1313526630 6982827.2851562500
231033455.1758695841 6622091.4648437500
223396608.0706093609 5836769.5781250000
226336089.3003501296 6278854.7890625000
240184333.4212286770 6903648.4023437500
247380717.7424956262 6977713.3632812500
221961493.1938898861 5335183.3828125000
234899938.4748560488 6776783.9062500000
234815912.6427107155 6774515.1171875000
240764215.8086300194 6909259.9062500000
226176346.6304615736 6263683.3476562500
223491212.8769005835 5859218.9531250000
223404282.8675521314 5840790.8710937500
223962234.1712042987 5950700.2890625000
224001768.4676574767 5960031.6250000000
226057966.4580542147 6251038.0468750000
242964713.6798361540 6949554.0000000000
225984552.0245464742 6243565.5664062500
222296615.3465814590 5517693.4375000000
223558814.4967788756 5869886.2695312500
223591365.5861919224 5877272.6601562500
223855271.0206734836 5932250.1601562500
230573459.5930173993 6598966.8867187500
250439931.5260091424 6984060.3945312500
234938870.9326263070 6779809.7226562500
241004110.4870915711 6909298.5507812500
244234092.2394341528 6962428.2656250000
222237309.0207642317 5497516.8085937500
225784402.8359595835 6215543.3789062500
234779691.0785062015 6771953.8242187500
249497278.6383040547 6983571.1328125000
221977357.4068793654 5347246.6367187500
225735576.4463331997 6211791.2148437500
240485019.8551189601 6908084.3515625000
222200295.6743180454 5478757.4218750000
247854817.7533792555 6979472.9765625000
230164495.5449970365 6572272.8125000000
250137394.6056445539 6984003.3554687500
225956103.4422633946 6235806.3476562500
223953413.9023396075 5949502.7578125000
223904199.6059502065 5941954.3437500000
225669337.9638988972 6188656.3476562500
231493826.9851441383 6639286.2031250000
240093515.8413381279 6902539.7226562500
227644675.2946331203 6394280.4453125000
239528345.3569055498 6892788.6875000000
222079550.3377250731 5393237.6875000000
222123745.2383225262 5412501.9257812500
223762705.1833650172 5917210.6718750000
227769238.3353548646 6402505.0312500000
223749617.3889146149 5910452.9414062500
239262378.7648135126 6887049.5156250000
248775059.5967298448 6981781.6796875000
223537305.6793518364 5869290.6757812500
239109682.4971329868 6881850.4648437500
248951331.4852636158 6982094.9375000000
222129588.0137149096 5413701.7421875000
236269984.7214546502 6819905.5429687500
236141109.3425630629 6816887.6562500000
238726531.5977346599 6875011.9023437500
239461212.2277687490 6889314.1484375000
235868156.1698893309 6807634.4921875000
244065976.4645513892 6959670.3125000000
224880789.9474236667 6083182.3281250000
230388125.7050861716 6586747.5546875000
224855396.5550867617 6080841.7265625000
225351865.5786797702 6143150.7343750000
248627086.1221126914 6981033.7617187500
231468899.1762287617 6638427.3437500000
235714402.9228709340 6800923.5546875000
233863073.5080917776 6739502.3242187500
235620720.2764670849 6800366.4023437500
224685859.9917386770 6056383.2148437500
235662961.8586100042 6800794.3281250000
223277137.0896395147 5775188.6484375000
230294324.0682601333 6580492.3125000000
233701982.0799228251 6728848.8242187500
235237722.2700660825 6789114.2968750000
233600880.3273797631 6721949.7070312500
247218467.4493471086 6975388.1679687500
224776215.4073649645 6068150.5117187500
224743808.2350301743 6065062.6679687500
223260615.6202884316 5761206.6953125000
223193513.5701986551 5748790.2265625000
247971283.0381750166 6979716.3789062500
247153776.6658751070 6974113.0664062500
248734027.2260151803 6981682.4804687500
233972333.1677234769 6743322.5117187500
238856244.4766823947 6878123.5585937500
248989848.6833014190 6982207.0976562500
223113933.0967915356 5722300.7421875000
238834665.8279231489 6876715.3828125000
223217341.1796082854 5753501.3828125000
234729944.6250662804 6770876.9648437500
225280452.7494974136 6139168.6914062500
234564044.9366670549 6762782.4843750000
238910321.6600298584 6879264.0000000000
234623041.7266150117 6766523.3125000000
238628374.6510559916 6871286.1523437500
223136568.9797805250 5734859.2343750000
244257440.1528773308 6962769.2773437500
238208881.0642431080 6860261.9414062500
223082155.2095177472 5701439.2382812500
223217037.8531286716 5749069.0585937500
234320079.1987040341 6755165.0156250000
234183360.6660630405 6749959.5000000000
224954091.6848923564 6091556.3945312500
225625817.2112088203 6178544.5390625000
225113193.8409053683 6111487.2382812500
225668204.8068080842 6179877.7460937500
233514880.4856311381 6717489.4414062500
233421583.0018737614 6707338.8242187500
233653559.1951946318 6726349.8906250000
248460653.0342251658 6980623.3867187500
230027479.6992281675 6550483.8476562500
233645071.7233129740 6723254.6445312500
225189672.8183863461 6121429.7890625000
225111114.5372430384 6108613.1875000000
225158032.3202366829 6119681.7968750000
229898681.7005539536 6539665.8945312500
230004110.0539765954 6545384.1250000000
229787077.6577254832 6532218.2421875000
223049179.4088504910 5683402.0546875000
244126492.4570327997 6960717.8945312500
225578384.3774272203 6164949.6132812500
222946565.1027202010 5634179.8320312500
222974561.9660626054 5648414.8984375000
223002168.4552012980 5651938.6406250000
222823616.6092137098 5579938.8007812500
225527124.5498436391 6157528.2734375000
223029985.0518649518 5658869.1093750000
222916816.7685875297 5626810.9882812500
222939487.2059867382 5630936.9453125000
222910050.5233457685 5612792.2343750000
222903719.1410830915 5599308.2070312500
222844378.9855823815 5595849.3398437500
237784135.8789236844 6847501.6992187500
238120162.4180332124 6856124.7695312500
237957900.6610026658 6851830.9765625000
237865109.8312112987 6849427.7460937500
237801711.8841121495 6849279.5468750000
237607518.0316775143 6842120.1367187500
237308017.6561420858 6834847.4960937500
