230548710.0482044816 7582.3817601758
233473782.6053419411 8909.7051684215
231202415.4769636095 8022.3148404849
235807506.4676416814 9742.2431382388
239303444.3986783028 10809.3062522411
233042678.9603318274 8793.8793799236
229236820.8658913672 6733.0904252501
229654000.1155989766 7064.9995561124
234252085.7953400016 9157.0607876070
230518370.5712025166 7570.5609186174
235956667.4155987799 9808.8371346976
233413662.9500726163 8907.0693396508
244943383.8284214437 11851.7257690430
235713806.8630129993 9718.6639146060
231634684.4882483482 8221.7056693264
231375311.6162996888 8121.9248301280
231768181.6229167283 8316.3540072334
231559030.7597576082 8185.8775870097
236196880.5981805027 9876.1241982963
228423305.2458094060 6027.6809712032
231559943.2236790359 8211.3525149119
233253141.2358168066 8868.5012091577
241091918.5621115565 11261.7838277817
230252007.4189718068 7470.8939474107
228356738.3394749463 5833.5943447927
230867476.4798455834 7824.8653796208
235165503.1253004074 9536.5982614543
233184240.4287949502 8859.9355048120
235525565.8821595907 9659.8654752757
229953327.0751497149 7302.1098299581
230654436.7340930104 7689.7006912786
229021922.9202792048 6596.2423319193
242960792.1433586478 11641.3960571289
241988748.1919156909 11475.0088577271
230280273.2329007089 7482.0476699429
242645273.7356192172 11588.5701942444
240743715.2613894343 11211.1089315414
236713800.9099783301 9989.1732093543
235737604.0615924001 9735.2188685920
229859204.8595807850 7213.7147144310
243101387.4315770566 11671.6337738037
238063777.3510472178 10460.6515381336
235308908.9864514172 9569.9735530402
240147940.5329905450 11072.8533663750
250326736.9793418944 12050.9011764526
242991088.7993440032 11667.7132720947
240896851.6215133071 11236.5188894272
236450631.2054924965 9912.8651864324
235749690.9519410729 9738.0739030093
231315820.1243244708 8040.1311758715
242322801.9400497973 11517.7169914246
232776315.8081013262 8694.1913897350
232665793.0501011014 8598.0354138195
242850493.5111255050 11637.4755554199
235269534.3546205163 9566.7175737407
232169907.9967808723 8482.5106348884
230573606.4889521897 7679.7160981852
230154911.6779548526 7443.6877864445
241242666.6852381527 11315.9148092270
242480415.3819330335 11547.9547080994
233169689.5318937302 8851.3134594738
231019006.0098343194 7905.9760400546
232226672.0592762530 8482.8103861702
231903544.8445503414 8382.8436636818
229615866.4479573965 7036.0687451245
230733630.3822612762 7749.3609514059
229023229.3263193071 6627.7489008280
231303571.8405977488 8035.2009785068
234025210.1452406645 9129.2292783801
232153089.5062614381 8446.5904040229
231659877.4470632672 8255.8925769222
239407449.1020904183 10850.7049174309
229382240.3897914290 6877.1404580558
231731161.4545229375 8262.6917521446
230792627.0448328853 7818.1655939179
228313955.9859371483 5808.0657011846
229585129.6269575059 7006.6243326546
239382661.4808411002 10847.7011942863
243305980.9170064032 11692.5765571594
231883074.6250820160 8325.9509162200
241102071.3970196545 11285.6770925522
229814741.3461873233 7140.0080895138
238017561.6374278367 10434.6603786945
229441155.8429276943 6946.0582433225
230425345.7302539051 7555.3073167624
233114372.7810964286 8810.3448256209
240086725.5845889449 11040.3442072868
235185380.7829406261 9539.2645011928
233640300.0962654650 9026.5436376575
243671549.0153269172 11726.3483924866
235655991.3473123610 9714.4946793765
250113320.8630823195 12043.0041503906
233894607.0190107822 9074.5425171647
241267454.3064873815 11319.2556295395
234032501.2741202712 9140.1650966890
229093460.7988584042 6724.1841008545
241392195.8054538965 11332.4591550827
240681426.0601810217 11178.9387311935
229273855.8288932443 6853.2711778165
238558173.8219050467 10609.7774326801
244973192.2578188181 11852.2831878662
228927116.1253629327 6505.6822142013
243793326.7587612271 11753.9717483521
242704469.6764871478 11592.4626693726
236919382.0375688374 10052.9398338050
246200671.6293869913 11889.5239562988
229374429.7338587046 6859.2558602775
230397448.8788245916 7525.6107936460
233076368.8004441857 8795.7579033789
245735828.0184961855 11886.3389053345
238768031.3337136507 10647.6435725689
233746741.5940165222 9038.6091775477
228975086.0830511451 6587.5461716028
230145315.1233896613 7320.8603258687
228939417.6757888794 6569.0297593446
234273841.2485822141 9164.0137310419
232891757.6272062361 8742.1640118477
243896641.1745574772 11772.7628021240
228667413.8150372505 6272.9798806588
233722903.2332153916 9031.9936574940
235431866.2775309086 9636.2862516429
239802934.3477263153 10959.8120341301
228526137.3490884304 6098.6473458268
232589352.2215006053 8575.9489447367
240921639.2427627444 11239.8597097397
229726413.4311343729 7100.5825415100
228460613.7561509907 6033.5659230210
230963644.8771831691 7838.9410114842
232482337.3276068866 8568.7965628398
241563379.7312951684 11376.6972723007
233390164.5360405445 8903.5936177191
228391845.0295289457 5916.9071226696
230570681.8989742994 7651.0176191153
237565196.2549211383 10230.9785468578
230697483.9733805656 7694.8095970904
243184547.2592596412 11680.1836891174
232412953.7093146741 8549.9565111888
232341307.5360070169 8536.2247893107
232093869.4199212492 8428.6901194346
230511220.0017174482 7560.2890016126
239543792.6913782954 10883.5798087120
245254815.9982002079 11861.5021934509
231125322.6751575172 7934.4640780049
243186244.4218298495 11682.5153083801
246955734.1062112153 11942.2815475464
243325142.5474780500 11710.4214057922
232138859.6181979477 8429.5025313455
231182690.9314327538 7943.1525014197
232704826.7991266549 8642.7236956474
239989196.4562005699 11013.0580554008
232670574.6199539900 8621.9779671743
244609106.0360892415 11850.1211624146
238608061.6175622046 10614.0183727741
239748983.2736189067 10951.1620707512
228763702.9399070442 6371.2889070781
249980508.4906467795 12031.7247085571
232700283.8247180283 8635.4599684593
228568345.0961336792 6204.6542218002
231001250.1376258135 7861.3197212969
228746005.6157046854 6327.1799707683
231557170.2114284337 8127.3118172246
236796619.1879684329 10018.7065532003
238631992.6246249676 10615.4570543766
248672339.3021068275 11993.2745590210
243674720.5522226989 11734.0645942688
243590006.1929628253 11720.7497177124
239319318.4958998263 10819.2217414379
228807104.5198898315 6422.6937264772
239316743.6865046918 10817.5297648907
228997764.6779875457 6592.3722829195
246584459.3681297898 11924.6908493042
246996339.1362390816 11942.6880874634
239357655.2451571524 10824.9745783806
241065079.7532064617 11253.4477500916
232064304.5755734146 8394.9248069082
235398504.0478057563 9608.2959367554
228900880.3349076807 6472.8207845064
242495672.9551036656 11556.9150657654
232959341.4247488976 8776.1903733131
233534318.5402928591 8961.3286209881
241887194.5078750551 11466.2723617554
233149951.3534587920 8832.1147129950
246800888.8397720456 11930.1046066284
235083356.1760889590 9503.3016053955
233591464.9462309778 8979.9492083606
235352928.7588932514 9588.5638109233
249530196.1579567194 12029.2587051392
244553941.4594026804 11809.3501586914
233507037.5095953345 8960.1533396854
233799411.5235899687 9054.0475445568
241632103.3653531373 11395.6152992249
233097529.3250374198 8803.1571625587
232839313.4220934212 8697.2414978859
242604751.7695873678 11576.6642951965
241820339.1200622618 11451.9973220825
244305666.4263356328 11798.2467765808
233339486.0264457464 8893.8600323615
241760599.1547095478 11443.7674789429
236907948.8630761504 10050.9742556904
240682638.7477600873 11199.4575324059
229244689.9316814244 6767.2088619014
242017096.5537799299 11484.1738243103
244391384.0324169993 11799.3167762756
234887948.3202710450 9426.8588973801
241665394.7886619866 11409.4944038391
241891308.9704542756 11474.6200561523
243493337.8693468571 11718.1373023987
240545144.2011477947 11160.2613902092
242005692.0924094319 11479.0707092285
238639970.5340495408 10646.9705514908
240304931.0185660422 11098.3654055595
241445876.0123662055 11364.9534034729
242926271.0324619710 11638.2510681152
242077059.3825333416 11512.5071487427
239892390.5472283363 10995.4969134331
239917469.5528005660 11012.9223628044
236698982.7453476191 9974.5607134621
236531130.7040415108 9946.1055598776
237157281.0991700888 10125.5530572454
237234888.0214879513 10175.5232405663
242819577.4359195530 11625.2366943359
242807178.0157230496 11624.5330123901
236583222.4842525721 9948.7138438742
234914609.0945731997 9449.2991156716
235612609.3081091046 9685.2225990812
235125539.4611532390 9523.6491807024
237308671.3210245669 10198.7537794113
234309444.0035735965 9198.3050653855
238869049.1139605045 10722.9763998985
235783486.6922740340 9741.3988705198
238954403.3355640173 10743.5214786530
239480166.6284757853 10868.3867716789
249282427.8815084100 12027.7456741333
240148018.5266757309 11080.1044573784
234463646.0363682806 9268.4333994905
234503228.7619769573 9285.9060709993
238805295.1588879228 10701.8780345917
246658182.4389177859 11924.8909912109
240347914.5841646194 11110.5721468925
234290995.8276938200 9169.5556381219
240039659.0318392813 11031.0968852043
234716705.8873140216 9373.4591777842
236424526.1142400801 9893.1695366423
246737090.0777669549 11927.8396911621
239021344.2671062946 10750.9791946411
235827016.8510037661 9749.7657642881
236259030.8099964559 9883.1663110703
240326278.1546961069 11106.6736865044
235842835.1959611177 9771.5467758696
239182241.4907570183 10787.3137044907
234778526.4234837890 9391.6432979624
234866723.9833747745 9410.0372469942
234726128.6951563656 9379.7550166170
236137683.0234929919 9838.4055061857
249242472.2484760880 12007.7248077393
247627491.6914477944 11971.5831985474
247620196.1075954735 11970.6743698120
234658832.9454002976 9333.7862499277
249242476.3632759750 12021.5538864136
240243132.0843084753 11093.8927884102
241238940.5563965738 11302.1314420700
248103178.2691806257 11993.2264556885
242352732.3534699678 11520.6507873535
246857144.9814339876 11931.8838653564
238769974.4852561653 10674.1884446144
247580293.8408819139 11962.3811645508
237643265.8946607709 10313.8575544357
237042265.3968490064 10087.3765248060
237371692.6068280637 10225.6156978607
240976874.7243271172 11248.5518913269
237165811.5383165479 10148.6157512665
237570210.3035429418 10307.0388793945
247485148.0602115393 11960.0782394409
241199586.8704964221 11293.5495986938
240780431.0301432908 11218.6004476547
241108328.9136941433 11293.1883306503
247278827.3324827552 11957.8735961914
247870336.9844971895 11990.2245712280
237792088.5107378364 10360.5169868469
239610802.1251200140 10907.8232636452
239587448.5698477328 10899.0342755318
238436935.7607975304 10588.4151506424
238427044.6767551303 10584.9454221725
241208671.0779570043 11295.4825239182
237690417.7480818033 10345.0328116417
237794559.5434553921 10370.6301527023
248979344.2517678142 11997.1916427612
248746502.9670844078 11995.5829238892
238129505.2176119387 10488.6923666000
238079637.5719537437 10466.6866140366
238388641.0015662014 10559.5066804886
238323252.1767694056 10545.3188295364
237907963.9027979672 10424.6043004990
236985143.2622981071 10074.3348369598
238225660.1950029731 10511.0591554642
237875377.2760426700 10412.2090578079
245687259.7188923061 11861.6280174255
239489200.3545136750 10869.7692670822
246265229.1145328879 11897.9224700928
246314270.6658060551 11898.5756912231
