708455993.2018507719 186436.4733584253
708578202.7134587765 191010.8522025561
708578202.7134588957 191017.9711833214
708637510.0718277693 193472.9132551537
708638360.7155435085 193519.2619549618
708638360.7155436277 193519.8491131649
708748064.6755034924 194502.6322669224
708795875.6937590837 194842.1831158088
708919701.3240917921 197860.1958358274
708830198.5496979952 197512.9500965164
709460912.3480232954 208274.6085979650
710188962.7486634254 218873.2021831879
709438420.9498206377 208249.0074687907
710413412.3894041777 222704.8529175143
708180405.1537066698 177856.7973705526
708180405.1537066698 177858.8225170369
708159066.0694063902 177786.3046337361
708244730.4627932310 179221.3538891072
708351871.6572921276 184333.4669895498
710340405.8401660919 220366.4896018119
710709253.3358757496 224711.3993093977
711390637.1242132187 233065.5539382077
807911578.1995832920 478577.4127325118
852401908.0874691010 557969.4323158264
708956042.6473307610 201297.0695155994
709984055.4666752815 216295.6444221861
709421928.1994880438 207703.6911430270
709891785.9468724728 213892.3728314764
709957049.0918024778 214147.8493806045
712322447.1896164417 240617.9269121005
712379120.7429966927 241272.5482806279
708313153.9184128046 180724.8559908429
710839851.8395284414 228302.0196132488
712233691.4544984102 240401.1385832455
711888233.4273508787 238690.2310217931
712526358.0718476772 246388.1076589902
709373959.3372462988 206333.0457175234
709981169.5730395317 214360.0279503982
710890931.2298897505 228318.5034999675
708559196.4359400272 190393.1622316455
712932362.1711249352 248478.1228377209
712614573.3718588352 246626.5119427522
708469263.7393258810 187534.8646326093
709084360.4846979380 201813.6551188538
709307093.6168341637 204104.9179986203
709947657.8064500093 213999.2292186688
710787995.1230497360 228242.0849208659
710787995.1230496168 228238.5290126628
711511594.6449490786 233956.7181193507
711143926.8933527470 232514.1232402003
709367665.9075096846 206220.0162409138
709247353.6078115702 204054.2210295135
709497032.3444831371 208320.2613891670
709817560.5202486515 212171.4397521238
715203339.6843838692 266524.2030107030
727953623.1146897078 312263.5366826617
709130874.6897051334 201825.8282272080
714995068.3353294134 264972.0231022113
714642488.3725981712 264001.8607944720
710909587.2661271095 230191.6624679188
711831157.0890364647 237015.0112978206
852632130.4213714600 559327.5192298889
708334493.0027132034 180797.3738741437
708373210.7415920496 184416.3702488272
712379120.7429966927 241272.5601214482
711824560.1883476973 235005.5118175647
712379120.7429968119 241283.9823626592
710947570.4945598841 230274.4226894206
708334493.0027130842 180789.0861544171
708373210.7415920496 184410.5058689443
708334493.0027132034 180794.8610567609
708334493.0027133226 180801.6299595619
709084360.4846979380 201806.5142497132
712901961.6516339779 246688.9362990246
710787995.1230493784 228233.2935390300
825473971.6565968990 514273.4756445661
709888385.8072108030 213713.1291894591
710619836.3475124836 224515.3119152612
805430902.7632415295 470270.3419529744
709865682.2570313215 213628.5973696127
709891785.9468723536 213891.6073285467
709084360.4846978188 201803.0724772522
709170388.6996947527 202344.8950188840
711707406.6836348772 234354.9611660554
708433870.2401067019 186106.9545271201
712923237.8114128113 246768.7814940833
785728921.1488374472 438855.0032699280
785759811.5421499014 439824.4567001038
710785475.2372267246 226118.7806570898
712411395.2757377625 241556.7909886152
709613640.6515281200 209821.7907963451
708803267.9798852205 195237.9504276053
851499622.4024293423 555498.8896369934
708781488.7650717497 194654.5078009204
708802417.3361696005 195187.2269719378
720057098.5229281187 290679.5472064689
829460642.9534471035 516427.9036898003
721696531.8379173279 296480.8950911388
809705922.4568732977 484012.4246684462
805609158.7668795586 475448.7156039402
828387830.2372891903 516220.6139349514
717649831.6998037100 282144.1796864010
851221082.0679886341 555056.1508674622
851295074.5409247875 555414.2436408997
716711135.6254373789 274853.8267818385
715065186.5161094666 266107.7379604527
777647953.5074452162 416771.7051963173
850395352.7191011906 554933.1992988586
717871714.2787876129 283153.0530601777
728978581.5073657036 315597.0615041321
717285047.0000184774 278026.9305336005
721607021.9750106335 296269.2138635665
836797387.3533132076 534163.1940536499
840843052.2487192154 534968.1819325723
712215480.6783615351 239628.9774953234
719361370.0374093056 287963.5484018028
712999319.5924448967 248719.2889423394
712424424.6283091307 241556.8417022401
716926071.2697327137 276077.4938547141
719013909.6690111160 286612.6260620579
755593487.8105028868 361285.5026854400
831470340.2516317368 517144.5495053306
716384953.2667875290 273318.4418114200
721325764.9685468674 295180.6465723813
717218968.9861779213 276946.9714807263
721600503.0507025719 296216.2433532644
713688863.1587908268 256731.3212791309
713248601.6701647043 250681.9177328967
720730098.2806701660 294055.8891917281
720378980.5353381634 293408.0986534171
815739299.4856705666 493345.7534114271
728645309.8679955006 313480.8736007176
731964108.7866290808 329409.8013659343
712211278.7603967190 239321.4192285412
712211278.7603965998 239321.3193187588
718551665.4054685831 286495.0314184567
718176193.3432110548 285704.4359594723
819304937.1354398727 499170.8859938737
819001828.3561367989 498591.9945754167
804703717.2978885174 468156.8482439406
804431852.6464879513 467038.6382329352
771118512.3355984688 390302.5530587584
713381444.0581115484 253247.4028651589
717454010.7685009241 280073.2295266530
715048638.9264252186 265695.4922901639
715322384.5748934746 268176.4368864708
712508019.7478338480 242558.5402643480
713614202.1953072548 254485.5274677672
852125778.3936977386 557661.3761329651
713971579.2961212397 257162.8819217049
714223544.3215928078 259220.7867581807
715761738.5715612173 271875.2341878526
852334670.9806048870 557829.2820167542
748410669.4057812691 357066.6616175398
747932438.0460103750 355700.9757451043
713981412.2092550993 257464.5608790242
713981412.2092553377 257492.7831690633
713906846.7667493820 256843.2578054927
724331746.3903131485 301813.5792200406
732308587.5873551369 329501.3357008621
814782711.0201543570 492804.7978805974
715721189.6348609924 270503.1332788959
732364851.5570557117 329623.5242992267
717257013.3505853415 277256.8666450134
715143254.0261148214 266347.9956446611
788899128.6281337738 440078.6943838783
716500911.8737225533 274117.9831619009
731215546.7610214949 326064.9362190515
715951500.2557830811 272527.1182114750
715552695.1958155632 270193.8107350655
731853963.1974450350 328580.5758021809
731771030.5974935293 327771.5995863602
731933118.2358124256 329316.3517836258
841093352.9228941202 537293.2961696647
841004884.9570473433 537123.5594753288
731649053.7802360058 327694.5966871902
731050251.5317575932 324382.1256363653
731649053.7802361250 327752.7441481277
726522571.3248864412 306316.8489415552
730041177.1437726021 322501.9888988491
814930406.9389559031 493210.4288907498
726008915.3048322201 305831.4093992263
725637814.8721597195 304268.2455684692
726490074.5502378941 306232.5179638937
729861609.7780798674 321073.8953096876
835990699.3876481056 530839.2559890747
731065826.7318208218 325639.3092473783
719717701.6457161903 288296.5799036063
773524352.5250353813 395201.0540285810
824553548.9736427069 507585.9173520394
824710253.0482813120 507799.8471005745
714306999.4409093857 260229.5558157004
725758400.8611272573 304776.0854610726
725381554.2825809717 303629.7432979867
714475443.3092994690 261319.4801920690
730595640.2064603567 323559.8709587529
714306999.4409096241 260257.6049575843
798244827.4842875004 457708.4408598058
722341961.0405825377 298117.0716323148
719731989.6080521345 289654.8641605782
795296871.6982054710 446466.5694110701
814104379.9292004108 486297.1425117403
731625876.6548293829 326074.1583312675
721328904.5309668779 295724.5034167723
850156124.1563930511 548698.0131111145
726409621.0762153864 306107.2481479123
714614255.5372421741 262257.3530645408
729652780.7177621126 320839.1287510768
714306999.4409093857 260224.6431953870
714306999.4409092665 260224.1921758689
714306999.4409093857 260224.2112188376
768678205.6918687820 382605.5991403865
722572715.6412882805 299692.9897886704
722314216.7645428181 297979.0073667954
825202101.7723747492 508822.8580260873
722535463.6351537704 298761.1262460192
794483171.4818857908 446174.2653806321
802283708.6819351912 459944.1371558011
772419029.5849936008 395077.8131836068
824080084.4702738523 502559.4318947308
723727059.3353257179 300713.2157927449
846876424.1367386580 538384.8018302917
796356180.7211762667 450909.0205352604
734905858.6328353882 330153.6348402617
818621269.7921687365 497473.0619387627
818526282.0161801577 497295.5746340752
849824710.3319900036 541616.4368896484
849990193.3077018261 542009.2855224609
849687384.4846441746 541473.8601074219
849597375.7076205015 540190.8399963379
727325332.1962385178 311108.2365475446
726731078.9576050043 310371.8083103448
849614205.9924350977 540696.0202941895
849205271.7094577551 539613.9244079590
801843852.5471197367 459703.4791588187
792106060.2973719835 444089.4911773612
791392121.2010450363 440791.9478327959
791468564.9470561743 442068.5889460772
761378326.7882145643 370842.9822593270
800154744.5303426981 458876.0789859100
736235933.7071756124 330873.3542555613
755992796.3733651638 365267.7467634223
784588680.1665278673 421632.1262521967
763380681.8113619089 376561.8052903665
737077218.3644429445 332117.1525984738
739792689.0081686974 332426.0298780880
739901137.1522413492 332519.9232191524
740209880.2591338158 332693.8842113378
740418383.6995329857 332756.8019338604
740021961.1910395622 332544.1286069695
743240729.5634397268 339480.3162308477
744508966.6033129692 345319.5907386529
744325483.9926073551 344230.0182666542
744440270.1813731194 344411.9672006356
744646251.2825866938 345581.2247196423
751181810.4877382517 357954.7083844901
744151680.8748579025 343760.2648690926
741144384.9632233381 338640.6837120566
740491359.9638025761 336742.7079525504
744020949.2124853134 342259.5000680672
743282007.1609950066 340872.2945296803
742991833.5121682882 339233.8854211556
745762443.6330467463 348113.1708044471
745304497.5474597216 346539.3901266517
739671799.2702355385 332190.7052086196
743673873.3553582430 340955.6456977090
743281531.8403238058 340592.3167182168
762978541.3952108622 372214.6499567032
762922822.5278939009 371063.3496332169
762550082.3965543509 370976.6838121414
766234287.2554683685 377377.5697136931
766725538.9524582624 380339.9475599341
766419458.9903312922 380162.3685499243
769975563.2088583708 388227.8816967010
770029801.5658646822 390073.3260173798
768761451.8767284155 388162.6501231194
768704653.5058238506 383148.0620894432
767854376.4995638132 381413.1528677940
768499072.8140962124 382496.1643381119
767604588.6154456139 380407.5539991856
768228683.4117814302 381827.1118516922
768499072.8140963316 382528.7985544205
775577633.4299743176 402520.3336768150
775554411.6661939621 401748.8871283531
773910567.3464411497 396845.9309639931
774155818.0690926313 397779.6154732704
771931867.6713831425 392406.9925799370
774490093.8007214069 397876.2789292336
772061598.4301551580 393162.8429908752
775354771.5226769447 400556.6629538536
774835517.3881335258 400294.3633713722
771360243.1634154320 390840.5793538094
773607980.0391776562 396727.5040955544
774586165.6388092041 399974.3033127785
776746178.9151031971 404032.4047756195
783151112.9197037220 416986.1257276535
782842085.7897057533 416880.8110957146
784535802.3076090813 418212.8606920242
783993551.8066611290 418150.5696001053
783614950.9964923859 417082.5995988846
