63910774.7765171602 2349171.6992187500
59794727.9170176312 2267769.7890625000
58986447.7102388889 2237286.9140625000
60241973.5549585223 2280070.3984375000
62454397.0040648207 2330815.8906250000
63220598.6217813268 2342246.0234375000
56628477.0367260501 2087602.8476562500
56508237.0499269143 2056200.9375000000
56520820.9916664287 2062473.8007812500
57558769.3251511008 2163837.0546875000
59505074.8080477864 2257666.2539062500
61872025.3302802294 2319050.2031250000
56500832.1123125106 2046558.1601562500
63907095.6405568495 2348566.1171875000
58354998.6049789041 2211032.4453125000
60911656.4307167083 2298321.9531250000
57394557.1245801598 2154550.0703125000
56572783.6139818132 2073785.5468750000
60806644.1019007191 2295758.9492187500
60050798.0290871412 2275974.9453125000
56569848.5925412253 2071908.4882812500
56801765.4969416857 2106394.3632812500
56413022.1961794570 1991765.4609375000
61343314.6640886441 2308311.5078125000
61050634.6907597333 2300287.1132812500
61415055.4651953131 2308964.3554687500
57325057.0707222372 2148009.8593750000
60473403.5693218485 2287885.0078125000
56792059.8200588673 2096591.7070312500
56597456.5547968298 2080955.8203125000
56417397.4963395372 1998990.6171875000
60446193.1481987983 2287171.9375000000
61327102.6247252300 2308289.2109375000
60029755.4752466977 2273923.0429687500
60284286.4350730255 2281179.2578125000
60714413.4327144399 2294097.8515625000
62903094.6541662440 2337805.3164062500
56953820.8063420951 2125638.7929687500
57874430.4712856486 2185284.3828125000
64550757.4853155911 2354412.3867187500
60445255.8303395957 2286208.8320312500
58107117.2982723713 2196188.7656250000
61133136.5729925931 2305478.0546875000
58655949.8236835748 2224157.7929687500
60054278.7703506500 2276418.0507812500
56402209.3019045815 1990919.5546875000
57489976.6276604235 2157639.6953125000
57533885.2890156135 2161002.7382812500
63647770.9927228540 2347654.9570312500
59276864.1012462825 2249245.2031250000
61950152.8673197702 2321299.1171875000
58934592.6392461509 2236812.6953125000
58384257.0118142366 2213577.5585937500
59938196.9275785610 2271560.4531250000
57847427.4357118681 2181377.7187500000
60844542.3647406772 2297165.7773437500
58424843.9891003892 2217436.3320312500
56940961.5166993067 2117562.0000000000
56841176.3818188906 2115672.5585937500
56519964.3134169132 2056752.9218750000
58030984.3431064412 2191137.9453125000
57714788.5415125787 2171050.6171875000
58883910.7988065779 2234947.5429687500
59070116.8827898353 2242780.8984375000
60167361.2724352479 2278242.3007812500
58110618.7681499645 2200020.7773437500
59408415.8225423098 2253737.8437500000
61845128.4180779681 2318521.9296875000
63995221.6801491678 2350291.8945312500
61602918.8599015996 2317469.7812500000
57798282.3032537252 2177664.1562500000
57749351.0892532244 2175687.9726562500
57228978.6188290194 2140176.5039062500
58032518.0780968070 2194153.3125000000
59946176.9168680012 2272268.8281250000
57942247.1337630004 2188412.6523437500
60691792.0557626262 2292025.0468750000
57915550.1445846185 2187391.1992187500
58332173.5474168658 2208960.3750000000
57598447.4326648712 2168188.4570312500
60360900.7171661332 2284458.0468750000
61800118.6769970804 2317534.0000000000
58700976.1738533303 2229710.9726562500
62783931.7213020623 2335159.9531250000
63572944.0394614190 2346103.3554687500
59916530.3824671209 2269084.6367187500
57431877.9367715865 2155047.6601562500
57805692.8159485087 2178384.4453125000
59392931.3142772764 2253419.7617187500
56443140.8093983456 2002069.6250000000
59646323.2689063102 2263169.1562500000
57371167.8972048163 2150313.6289062500
58681493.4182049707 2224986.0156250000
56489337.9485757649 2041423.5078125000
57268757.6052528247 2143964.0937500000
59488413.8437273949 2257069.1328125000
58600978.0970588028 2223460.4179687500
62864457.3804912716 2336711.5546875000
57975903.7175742984 2189810.0156250000
56554926.0698245093 2065871.1601562500
58619713.0171502903 2223930.4843750000
60425565.0931862742 2286005.6562500000
60990131.1041624695 2299927.7578125000
56462930.9863564298 2032489.4023437500
56448671.1830463484 2030916.7851562500
57308119.2103506029 2145905.7929687500
58809905.3259686157 2231713.1562500000
56428302.8380211219 1999776.6132812500
60630343.0401390195 2290431.1093750000
58225091.3388291672 2204093.4843750000
57959210.2057336047 2189373.6289062500
60903676.4414272159 2297926.8593750000
59152950.1849369109 2243921.8710937500
59553719.1000128761 2259718.1562500000
59053394.3508745432 2241189.0156250000
58158993.8008417040 2203041.3359375000
57748861.5070207641 2174385.0273437500
57812877.1592309549 2179295.8203125000
58352462.7577254921 2209107.4453125000
59680995.9208539128 2264611.7656250000
61439421.8856848627 2310618.6679687500
61193544.5343782008 2307118.3359375000
62760571.0705754459 2334782.0468750000
59642602.2970969379 2262168.5195312500
59718473.5136582106 2266413.3007812500
57720437.4772717506 2172171.7148437500
58395548.4117592350 2214531.5000000000
60313521.8670129180 2281216.5585937500
63535125.9206747040 2344389.7734375000
60809499.4817449674 2296364.4492187500
58261899.2458448261 2206698.1445312500
56526079.8331340551 2064484.3359375000
58782730.0805893689 2231338.4804687500
57685999.5588848218 2169662.5117187500
63418808.7037995756 2343415.5546875000
58508745.6279367730 2220959.2695312500
60111555.5219405293 2276611.1210937500
56487828.5995603800 2032894.2890625000
58375378.1777772233 2212230.9921875000
59863203.0788395405 2268777.7656250000
60976495.5312882364 2299022.0351562500
62350647.8835668266 2328995.2070312500
63613723.7916443720 2346131.3710937500
60357869.9437121749 2283050.7968750000
61536077.5228580236 2314796.8632812500
56690694.7135568038 2095405.5351562500
63085953.5059453622 2340316.5156250000
61895237.0142966658 2320205.7968750000
56615340.2011488155 2082969.8203125000
61460486.0635663643 2310899.3671875000
63911298.1244471148 2349202.3945312500
57714864.1112104803 2171050.9843750000
60045593.1466757655 2275048.7109375000
61496967.7427678257 2311980.0625000000
59529216.2863425612 2257869.3125000000
57740286.5615582168 2173646.9218750000
61295650.9402639568 2307293.7578125000
61370594.6110669002 2308779.0703125000
57548888.2555980086 2161746.9609375000
58604754.5914577469 2223505.1250000000
56798544.0973731428 2100085.8867187500
59453688.8071306795 2255780.9375000000
58930833.2085728794 2236675.9765625000
56799603.4049978927 2100363.5898437500
58658923.9280539379 2224553.3164062500
62326742.2444185242 2328347.7421875000
60216191.1787812710 2279459.1484375000
56659348.0776155218 2090968.9140625000
59318194.1674311310 2251805.9765625000
59256621.5967839211 2248419.9335937500
60591844.5825656578 2288060.0703125000
61519828.2635356188 2313749.7773437500
58144172.1393781379 2201018.8945312500
57830550.3961041346 2180321.4140625000
57095288.7381673604 2132745.9960937500
59673015.9315644503 2263903.3906250000
57264934.7796951160 2141000.6289062500
58093936.9433682859 2195608.4765625000
60333742.7489590645 2283047.7070312500
58916326.2576270849 2235117.8320312500
57175081.3565951809 2137134.5703125000
57509314.2983173355 2159227.5898437500
57462209.4555136189 2157532.0078125000
64306817.1131675318 2353390.9335937500
57532721.4932365790 2160197.0195312500
61175527.1215557083 2305513.7460937500
60783709.3129543662 2294196.5390625000
57210787.0091644675 2138403.4375000000
56676363.6952536404 2094183.5117187500
60413508.0219810754 2285407.5039062500
60085780.1585950553 2276422.7460937500
64401555.1971741617 2353435.6054687500
59705808.2120845318 2265465.8007812500
60689722.7227459624 2291264.4648437500
59448014.6262595952 2255716.4062500000
60749064.9227152243 2294114.8750000000
58286214.1288803890 2208312.2890625000
59920309.4381367266 2270670.1132812500
59977634.7051327378 2272610.7617187500
61305011.0702246875 2308285.6523437500
57125565.1226183325 2133184.0937500000
62394249.9234298468 2329899.3437500000
61084865.4623935521 2302180.3750000000
61303307.1069202721 2307524.5703125000
57858386.0465188101 2182030.4140625000
61121498.7910369784 2303157.4179687500
64057418.7513037175 2351918.2109375000
60359277.2742080986 2283740.6210937500
59093192.8621262759 2243618.9921875000
59991585.5291632116 2273029.9101562500
57225136.2684433684 2138575.3359375000
59615690.6645684391 2261962.7421875000
58011607.4182019904 2189958.1484375000
57324920.3298166171 2147912.5664062500
59190917.3465900868 2246912.3671875000
62668874.9216892943 2334529.6757812500
59464164.8009468466 2255852.3046875000
58999706.5230401754 2241068.5039062500
59342483.5359378606 2253368.3867187500
59303546.2560086250 2250869.2734375000
61967580.2836423963 2322630.2187500000
59404971.9294880033 2253450.9609375000
57675318.1264415160 2169182.6367187500
62784404.9755314812 2336081.2773437500
60037613.1573862880 2274340.3359375000
59431491.8018787503 2254575.9375000000
58824270.6520197242 2232973.3281250000
57340034.1121398434 2148453.2343750000
57037963.4711713418 2127610.7968750000
58770889.2015882730 2231319.1093750000
57696571.9044957310 2169679.0507812500
57286757.4336392954 2144645.9570312500
62848763.6403970569 2336101.1660156250
57138615.1058489308 2135444.1523437500
62017502.9234936088 2323737.2988281250
57655215.7866599411 2168446.8203125000
57189474.1823026389 2138289.9531250000
62420769.9615693539 2330089.6132812500
57390652.9088866115 2152479.3125000000
61922055.5209823698 2320746.3593750000
57672505.5729982853 2168465.3828125000
62857027.3471148163 2336292.5156250000
62022452.4001299143 2323907.6796875000
62001117.5648805797 2323613.9765625000
61870266.7039669007 2319017.6210937500
62267246.6820782572 2326728.3085937500
62025766.6302113682 2323928.6484375000
61977839.7252086028 2323013.3945312500
62262886.2167066932 2326312.2460937500
57304786.5470183715 2145542.0585937500
61981153.9552900791 2323034.3632812500
62260203.4965955019 2326166.9140625000
62168337.9045643359 2325570.2656250000
62125606.8584373668 2325413.0644531250
62389321.2446974143 2329038.1269531250
62266200.4467881620 2326333.2148437500
62378487.0983818620 2329017.1582031250
62066543.0181675032 2324576.4511718750
61835349.1166904345 2318259.8378906250
62235458.5449906141 2326155.0449218750
62100599.1500465125 2324775.5898437500
63360508.7437392995 2342502.6738281250
62665908.3898219615 2332555.8242187500
62654209.4914532900 2332377.6542968750
62069857.2482489645 2324597.4199218750
63838803.9721840546 2348289.5136718750
62589091.3189868033 2332275.1269531250
63151313.9991045967 2341036.8066406250
63627184.2098519057 2346823.6464843750
63502496.7942117602 2343848.8066406250
60598337.6048922241 2289122.3320312500
63070691.4949135631 2338078.0761718750
63026626.5834644437 2338061.9667968750
64287037.6130757779 2353182.0683593750
62220319.4337374792 2325641.3457031250
