460472295.5649256706 15958604.0664062500
460639769.8505100012 15964940.0234375000
460885327.2299345732 15967584.4570312500
461030049.6641508341 15974391.9023437500
461481346.7717163563 15985916.0859375000
461223344.6933265924 15977905.1093750000
470308849.0072199702 16156665.6132812500
471508200.8830587268 16175051.5000000000
471579136.3248970509 16175964.3906250000
479578713.9187401533 16256883.0429687500
479657081.2724481821 16266632.8281250000
479824851.4650193453 16269183.4921875000
479878241.4497189522 16271915.2578125000
487260044.3515109420 16330609.0312500000
429764796.9949112535 14055548.3359375000
472421487.6709493995 16183412.6484375000
472643053.1060270667 16184795.0703125000
428987839.5142192245 13962436.6250000000
429179897.5615822077 13974011.4375000000
428943996.7165577412 13960121.2500000000
429153782.3767933846 13971784.5546875000
429406953.7670607567 14013869.0156250000
429488230.7502160072 14035986.4257812500
429023558.5508018732 13967719.2148437500
429076494.3856703639 13971483.7851562500
428924877.1870958805 13952943.5000000000
428866431.5755984783 13939189.2187500000
428939161.8976320028 13953001.6640625000
428886044.7178633213 13951726.0039062500
429273921.9865827560 13997430.5859375000
429316877.3292293549 14009689.8046875000
429234575.5522953272 13992850.7539062500
438961375.4818195105 15001134.6523437500
461032351.7663501501 15977429.5000000000
429200111.4884892702 13988704.4726562500
438930997.8306580186 14999243.9843750000
438734542.6216658354 14991040.9062500000
438849189.1151372194 14998715.5390625000
438812636.2769674063 14991339.7187500000
438564326.0652526617 14983511.3398437500
468959992.7904701233 16136563.1093750000
468728952.3420457840 16135100.0859375000
468884302.9626648426 16135667.3750000000
430612652.6916089654 14137061.2773437500
430617524.2289384007 14153244.5156250000
430375972.5960441232 14120883.3671875000
430776080.2019446492 14153337.8242187500
435697606.0933224559 14726425.7656250000
435795309.5606018901 14733458.7929687500
435656287.7468780279 14724500.6796875000
438275596.4221028090 14951653.7148437500
438107882.4969611168 14937071.2031250000
438325302.2985426784 14964476.9179687500
438293750.1323210597 14959745.9531250000
438197077.2967969179 14951452.4257812500
438351686.2759554386 14964864.9101562500
445731572.7283686399 15374797.5390625000
449182813.8472200036 15535024.5156250000
458933578.4597945213 15914947.9843750000
459750050.4430574179 15944567.0312500000
460312823.0398949385 15956065.8359375000
459931357.7796541452 15946430.8164062500
459564776.5269272327 15933871.8242187500
459895404.8045213223 15945123.9726562500
468387359.8183423281 16125823.0468750000
471132050.3254783750 16169254.4726562500
427273188.4449847341 13590485.9218750000
438278715.2863236666 14955693.4179687500
438442554.3696107864 14970820.7734375000
427080275.4182612896 13541080.9257812500
427217353.5884115100 13575506.3710937500
427096492.0502455831 13546672.5234375000
427172988.3606351018 13562281.3203125000
427119790.4266313910 13551181.7539062500
438165149.2582304478 14944429.5273437500
437944783.9120361209 14934178.8710937500
470887133.0688004494 16167636.6835937500
470939511.6084626913 16168113.2148437500
470541881.7811297774 16159313.6835937500
435696739.0694130063 14725514.1171875000
448607076.2112080455 15523173.7812500000
459237889.3675578833 15926892.0156250000
468661036.0893142223 16131029.6015625000
471210893.1325558424 16171335.5117187500
470553952.9679059386 16163341.3554687500
480714968.2021852732 16274779.8515625000
459169065.3865047693 15923928.7656250000
458951933.8065365553 15919395.3593750000
458755208.8618843555 15908575.8906250000
458759955.9592208862 15912982.0390625000
447986397.2044280767 15489386.1328125000
458553807.6372078657 15902655.0390625000
458441968.1134794950 15896684.9531250000
430283601.1571645141 14106677.7460937500
430435904.7547138333 14133573.3554687500
430240157.9831085801 14105609.4179687500
437868004.5684934258 14923333.0312500000
448107541.3439482450 15497656.8789062500
447965804.3568283319 15488074.2460937500
447880035.1080432534 15482884.4570312500
447971853.9699648619 15489340.2695312500
468454622.4884527922 16127396.4687500000
430193654.9882861972 14104151.8710937500
430370454.1435075402 14107697.5585937500
437343718.5740442276 14867472.2109375000
447740515.7721082568 15478277.6601562500
447672725.4277446270 15463723.9101562500
470397888.5175080299 16159084.5976562500
470081251.8601945639 16154924.6210937500
469597041.3977787495 16145946.5976562500
469355984.6009227037 16142904.6523437500
486757825.2306823134 16325709.2968750000
486589413.6525165439 16324332.6953125000
437356008.6675050259 14872586.2070312500
446061023.8204289079 15393453.3984375000
445966695.8798190355 15389551.6601562500
458173140.0333960056 15878988.9140625000
485691773.9335644245 16320306.2031250000
427343973.1025574207 13593845.4414062500
427599521.8707910180 13636748.3320312500
427722983.1291150451 13647472.4296875000
427542582.1767423749 13626313.1523437500
486531926.1448143721 16323284.0703125000
437221155.1481786370 14858473.5898437500
437270554.4750964046 14867284.2890625000
486509775.3018358946 16323059.0625000000
467941549.7366268039 16108092.0585937500
447143682.5560688972 15441582.6406250000
486224396.5821963549 16323035.7734375000
485798099.6935630441 16320677.5859375000
442223488.3112608194 15179260.0742187500
442472966.3972793221 15198910.7500000000
442324565.8316592574 15190538.6054687500
427674844.5235556960 13644249.1640625000
427733362.2882227302 13661482.7539062500
442400139.0510871410 15196103.4531250000
442321255.9016862512 15183777.1328125000
447041599.7814638019 15440052.9531250000
457767209.2282925844 15868229.3437500000
458035115.7485628128 15876213.9921875000
457508595.8063929081 15857562.1093750000
458237308.0077714920 15885612.6953125000
466806883.4867407084 16081800.7500000000
467112881.0806195736 16092507.7539062500
466859238.3417215347 16087262.3203125000
437052283.0021795034 14849016.1523437500
436880964.4121251106 14830656.5000000000
437007560.7812072039 14836552.6484375000
436831619.4863869548 14827301.1796875000
436813767.7399882674 14824845.9609375000
428554188.5928664207 13846438.3515625000
440514606.9911222458 15063896.8789062500
427920771.4618895054 13690439.9179687500
427880871.3606941700 13684896.1406250000
428007301.6374840736 13714145.5507812500
427921050.0917830467 13694724.7382812500
466090507.6605070829 16069241.2265625000
465282410.4773814678 16049075.3593750000
428096865.0369499326 13753673.1796875000
428235531.8743373752 13778225.5742187500
428632508.3022516966 13865254.5898437500
435827822.8263843656 14741253.3828125000
436149105.4514771700 14767667.9218750000
440288860.7318715453 15057668.6132812500
446881478.1169398427 15434169.2890625000
446558471.5674775243 15418757.6367187500
465545853.8629487753 16057470.6445312500
466460202.9716430902 16072894.6835937500
485209383.9618223906 16312877.3906250000
436160690.9266818762 14767689.2500000000
436272525.5486451387 14778398.4257812500
436464508.7256339192 14789797.4765625000
436523636.1640836000 14795163.5156250000
436020341.3353166580 14759429.5703125000
446342817.7994673252 15407587.0625000000
428776137.7356286049 13883682.3437500000
446021339.5302177668 15391798.1484375000
465968572.6597690582 16064723.7695312500
466468918.9693945646 16073490.4570312500
466637529.0829067230 16076201.1289062500
466631263.2643195391 16074574.5273437500
428629279.3327996731 13860401.9843750000
428054989.0994198918 13733961.6796875000
428526927.8648269773 13838341.7929687500
428445073.8005660176 13829980.7382812500
428435253.6982141137 13816576.2070312500
428059213.9044453502 13739008.2109375000
484754530.4109227657 16306779.8125000000
484737808.8466858268 16303255.0703125000
484904613.5866289139 16308093.8828125000
428328295.7280302644 13800372.8476562500
428311812.6663128734 13788000.0117187500
484263395.1306627989 16299077.4531250000
484077323.4841580987 16296335.4921875000
483650580.0978693962 16291025.5234375000
483546078.7512760758 16288974.1875000000
482697787.7750335932 16283223.2109375000
482953437.0335300565 16286461.5781250000
433589905.5226353407 14480909.2460937500
433453777.0317340493 14462878.8242187500
465090006.4139562845 16032358.3398437500
463830751.8746526241 16003257.4414062500
463549342.2560510635 15993678.3632812500
463797074.4972449541 16003034.6132812500
463597182.6821089983 15995931.6601562500
463450360.6529308558 15992980.4414062500
463286222.7479822636 15992706.5507812500
463262947.8531478643 15987351.1562500000
482030363.3716831803 16279767.9453125000
481871927.8778494596 16278020.9609375000
481609054.8548347354 16276241.3046875000
481623347.3993747234 16276497.3593750000
445089556.8695291281 15330850.0625000000
445185755.6046326160 15340356.1875000000
445226176.1598696709 15343506.2773437500
444991872.3863408566 15327602.0625000000
444865393.8851815462 15326633.5742187500
444628169.3559482694 15315050.7929687500
444768449.3646532297 15317204.5078125000
433775661.5287555456 14491362.7929687500
443477909.5841190219 15245034.1562500000
443658128.9465199709 15256296.6523437500
443303813.5353720784 15238645.9335937500
443174273.6482594609 15229765.3125000000
443274330.5743450522 15232253.3828125000
443040872.4303373098 15224108.3515625000
443153465.5046758652 15225831.4257812500
441510840.8869988322 15126805.3046875000
441322343.4457212687 15119393.1132812500
441673178.2283644676 15137590.4960937500
441432166.2258439660 15124291.7773437500
457187649.7783544064 15821890.1015625000
440964287.7021397352 15099512.9257812500
440851065.8805767298 15090564.3398437500
440809327.3442793489 15087543.7265625000
456683867.7687320709 15796443.6992187500
440729885.9657376409 15081451.3515625000
455872174.2962615490 15762617.1796875000
455805032.3896160126 15757622.6835937500
456483398.1103357077 15786920.5976562500
455975548.7737727165 15766844.1796875000
456528304.8206657171 15788854.3085937500
440405211.6108111739 15062707.8476562500
456306919.9882001877 15779524.8593750000
434094369.6850918531 14504275.2812500000
476427638.6488482356 16196154.5000000000
476049804.0141746402 16193150.1562500000
435354954.3331234455 14677983.3593750000
435279815.0463657379 14648338.8046875000
435156034.0493560433 14632029.9414062500
434968977.9090749621 14616694.4804687500
433204624.4650161862 14403967.1015625000
434710981.6114330292 14584457.0468750000
434359094.0725623369 14549959.5937500000
434675451.5520161390 14569107.9843750000
479246325.3530408740 16234940.0312500000
434395067.5899988413 14552630.9218750000
434313059.0110992789 14546811.9257812500
434514955.9733033180 14561263.9492187500
478997093.1433655620 16223472.5546875000
478371254.6363613605 16216341.5859375000
478760382.7596184015 16221957.4843750000
478379641.2658864260 16218201.3359375000
478206366.7172530293 16214740.7500000000
478073627.9236841798 16210338.4843750000
478109887.4538493752 16213357.0390625000
477037153.2167846560 16204186.2421875000
476564488.0063953996 16200780.0703125000
476465209.8479495645 16197322.0781250000
476101189.8207340837 16195781.7031250000
434200887.2671301365 14532123.1640625000
433340510.1479820609 14428412.1757812500
433265027.3678158522 14420895.0898437500
433446568.4924454689 14441737.1484375000
433215992.3408839107 14416838.8281250000
433135568.9304459691 14400507.6484375000
433111756.3869305849 14354977.3007812500
432966797.2326081395 14342695.9765625000
432918319.9158296585 14340292.7148437500
432987962.0899387598 14344579.0937500000
432872589.6785864830 14333364.9140625000
432846005.7431008220 14297800.4101562500
432859601.2525188327 14301297.9882812500
432832370.7097618580 14281443.8945312500
432775667.4620700479 14265905.8437500000
432655618.2070322037 14246428.1015625000
432448661.9282130003 14226474.7656250000
432293568.6292271614 14206617.5703125000
432232478.1746694446 14195576.5273437500
432121989.2991839051 14183554.5429687500
432059720.8040270209 14177215.1289062500
432067201.2420786619 14180137.0039062500
432011050.2811209559 14166226.7265625000
455295882.3696042895 15630579.5156250000
455095061.5853217840 15608376.0078125000
454496095.6574909687 15574194.3828125000
454754827.4379549026 15583052.0664062500
454604361.1335303783 15579680.9179687500
454567740.0894706249 15574927.2539062500
454325725.4496265650 15564367.8632812500
