349353037.7230449319 470626.6150482316
349400201.1263456345 474860.9439192433
349700970.4187252522 497754.1051021037
349700970.4187251925 497708.3233638224
349892277.4200509787 502590.6445961711
350193939.3536382914 511020.6187588521
351044001.3475142121 546619.6338295438
352372317.4670028090 595038.7776047289
352023553.1825498939 594274.8698959150
353942675.4128286839 631760.6237562075
353119921.2728719115 625476.1634290591
368182801.8446075320 800404.5124066155
348276986.3214634657 404817.0003057588
348427013.2839506269 411197.5312200654
348384933.6522570848 410700.2570875753
348306622.6371830106 405967.5227361787
348306622.6371829510 405967.4628072847
348475253.2291150689 411421.6260815561
348839266.0783001781 443017.3533405457
349053416.6756667495 451890.5817412534
349218711.9702606797 465589.5099620023
349970519.8183161616 505619.2622681079
350186221.2321714759 505998.4258736786
350193939.3536383510 511130.1002041646
350492474.9457276464 520021.0020112940
351891209.2535762191 582465.5622379840
353443674.9571841359 629000.2826128975
355570004.0904109478 669894.8409446639
348306622.6371828914 405967.4334112275
348384933.6522569656 410700.2276915181
348365672.0786728859 406208.0196670983
348553138.1257067919 418372.9476119149
348561715.7079759240 425972.9985738862
348890583.5065922737 445269.6046354789
349035622.3797253966 451515.8935514558
349196583.4283307791 465352.0698260963
349218711.9702606797 465606.8722666898
349254824.8972097039 466052.2936783303
349448112.8222271800 482452.5237789173
349353037.7230449319 470512.5603607316
350193939.3536383510 511052.4322354146
354977263.5918507576 662254.1234525740
348509472.8035694957 414392.5282076467
348492986.5631366372 413220.2957857717
348547001.6607996821 418114.6153658498
348884561.5499208570 444590.6639907230
348839266.0783001781 442952.2420124207
349254824.8972097635 466053.7448502053
349395396.4333978295 474830.6741232891
349563772.9599528313 483897.6957279090
349550033.7419295311 483825.8556480152
349519643.7253117561 482630.5213439781
350584397.6629579663 520394.0482557290
350421024.3150751591 517017.2493792125
350834353.3592585921 531513.6448451378
350971462.6896637082 537364.8249946334
348798586.8633918166 439289.9304948319
348715669.8540869951 437335.9984275368
348986410.0784173012 450796.8281698623
349700970.4187252522 497755.2154536662
349576723.1268113256 489908.4761431334
350684146.3697395921 527126.5176706263
351271655.9047823548 554014.1793840290
351980476.0177639723 583877.8512607203
367956957.4917663932 795477.8417523187
417335210.3407436013 987864.6995849609
348547001.6607997417 418117.2096041311
348739086.2993997335 437964.8596940506
349104368.0206606984 457804.8142171470
349163866.4563686848 458329.9517647591
349276953.4391396046 466291.7289314237
349245890.3721343279 465981.4592342344
351205842.5419268012 548117.7087672376
367421552.2662380338 788709.5466639225
353841889.9738628864 629647.2528296709
349149781.0224841237 458050.2684306302
349276953.4391396046 466291.7054939237
349062145.8359684348 452200.8382548490
349245890.3721343279 465964.0866756407
350971462.6896636486 537330.5378852584
352816793.4226042628 613839.6036396758
352578051.7623566985 605985.5470829741
348531912.2423925400 416356.0352877248
350682519.7232173085 525800.5096058398
350684146.3697395921 527171.8545846888
351596628.4275895953 569308.7761414372
351559123.4525363445 568675.1592338146
351821807.9333993196 576968.8720457614
348492986.5631364584 413172.8968599904
349386461.9083223939 474774.6238588807
349386461.9083223343 474758.1321596620
351435786.3283805251 555449.9170282246
354585576.2715188265 656831.7676882520
353715836.6794759631 629276.6588241234
348547001.6607995033 418067.2164400686
349058458.9494847059 451912.3502594796
349089324.2378422022 452575.4149684873
348942725.8025997877 450162.8319489327
349276953.4391396046 466291.7157478300
350414880.5691279769 513232.7261460223
350414880.5691280961 513252.0073960223
360912685.3065284491 742464.1539150111
349166531.9197068214 458517.7727557388
351006918.0353914499 540368.5776267149
351006918.0353914499 540334.2905173399
348839266.0783000588 442918.0154499207
348983127.7727441788 450796.7561026015
350726253.2630306482 527330.9802860119
351821807.9333993793 577003.1591551364
351561841.2342718244 568988.9181332388
352877484.8948858976 614568.9711721316
348704400.5375180244 431532.3797135819
349245890.3721343279 465979.9611873594
351561841.2342718244 569008.1993832388
350601681.7951844931 522597.9028575369
358318739.8225626349 714418.3899197530
360834451.4082573056 735471.2548008587
348654371.2559312582 429954.8172091115
349023405.5489767790 451426.6064706412
349095002.8656804562 457507.4936158028
349341382.7217860222 466796.7711418536
349276953.4391396046 466387.5345954862
350360508.3551793694 512415.4541270682
351115155.9646263123 548014.4691977599
351801864.8243333101 576100.2860877574
360014447.7531755567 729162.0958892512
348654371.2559311986 429855.4793184865
350973267.7672603726 538973.7824713090
350980875.9847661257 539256.1897670128
351773542.7640745640 569751.8132875324
360870861.4880337119 741312.9795008532
357293077.3818590641 692878.6530963480
350372698.4837577343 512900.7108989418
351448872.5283140540 560741.3695196272
405563947.4515153170 922255.1209160448
348973167.5572211742 450730.9068683777
348973122.4932698607 450551.3018891183
351307325.0725260377 555191.4021730521
388725902.2230342627 860784.7687344693
388307448.9568767548 854829.1664440774
379510672.9666856527 819610.7456940238
354031205.9444442987 639709.0263625756
353892494.0653881431 631144.4811507836
349166531.9197067618 458455.1433612076
351487132.3915905356 560940.4998984435
362552827.1685346961 753142.5342511360
349276953.4391396046 466274.3431892362
351207824.8301801085 548376.6255762489
350912491.6222397089 534290.0363629074
349166531.9197067022 458437.7810565201
349166531.9197067618 458472.0076190201
351305591.2487083077 555151.9257407286
350787524.0191336870 527683.3441572399
350787524.0191336870 527649.0570478649
357857734.0141759515 695258.9983405769
352484189.1180412173 600911.1162146763
351773542.7640745044 569674.0857484699
351801864.8243334293 576209.4306190074
355929568.7998376489 672791.3858509224
353993037.0899925232 634126.1780420914
351926270.4433029890 582977.3593909801
366718143.1496089101 785707.5611902897
359159426.3601018786 724629.1516296077
351488479.3148574829 562253.5746972919
351926270.4433029294 582748.3803870738
357665841.0784901381 695143.8436755240
411285419.7939503193 933003.8327750564
354100622.8980975151 643899.8994318023
357494235.6470661163 694843.7516422570
352959837.6645240784 616088.1872735918
352758547.5230273604 608137.0535084964
366305952.3565566540 782189.0171286289
365941715.0944789648 778359.1391150181
365531382.4004800320 774299.7874909048
365757525.6203139424 778111.7273108189
352758547.5230273604 608139.7165944339
352748708.7551935315 606276.0575445071
365476994.2247370481 772518.0925467436
365040498.7542485595 769266.3164236967
358967270.7241135240 714986.9195191413
352748708.7551934123 606255.7484624758
356451492.8047918677 677669.2887555659
354415006.1593323350 645892.9061360061
359120917.3431372046 716284.1224308065
360540452.3394328952 733872.7515645258
354537171.1592751145 646528.9586126581
360540452.3394328952 734765.7188496820
356571759.1871101856 680302.7801877558
393913205.0762056112 874520.7607144564
361445688.3067725897 742873.8543900955
382342515.3465968966 837762.2847774010
396686488.6148183346 911546.7890759110
360463451.3168829083 729648.8863309156
357544049.9768093824 694946.9584849030
356825603.6293063164 686732.8736703485
411567616.2815617323 935138.1929168105
410650945.8399959803 932664.6519278884
357893301.0792667866 696309.6360245497
357375170.1361894011 694302.3797621429
362743157.0686489344 757151.1776197534
356713045.0950890779 682491.5231337249
357943768.2434189916 708884.0050686687
355834107.3465113640 670536.2583372295
357182505.8237681985 689194.2145899385
356506469.1078314185 677972.1749891937
356506469.1078315377 677974.5222792327
356025022.7217311859 677427.6299028099
357111071.6847017407 688835.3465139270
356771003.4355313182 683193.0378386825
417240834.9993851781 975085.4328613281
363048388.2288949490 758130.9658948164
356647030.6242620945 681857.7617580481
382013179.4022563100 837650.1347581309
357927489.1991137266 702513.1994177924
389298771.1921168566 868093.6999425292
381835512.1121574044 822000.0199233890
415605639.1812230945 962935.4505615234
410019551.6811218262 932351.2808827162
