543612302.1444377899 1001998.6764831543
531372665.4262455106 896274.9572874085
533665157.6518465877 921351.9333549516
526293497.1865910292 834387.5304960697
538726655.9689117670 964883.4435497300
547395337.1728980541 1022343.5058441162
548177965.0932306051 1024919.7497406006
534187630.1326779723 926347.9531675355
534193554.8179179430 926821.2129331605
535920389.0147799850 941114.7926078812
555350887.1783716679 1049553.9530334473
548583069.2764906883 1027185.0046386719
537345513.1691926718 950891.2056699769
550997969.8609546423 1038941.6272583008
541478384.0883750916 985041.9898681641
534843926.3304978013 931165.5392375962
527739563.9961967468 855574.5109188930
535908421.3275953531 940362.7982078568
537362820.1208380461 952636.9100592225
545813497.6378469467 1015320.2693939209
534622706.5892783403 930556.8940610588
529863411.3601816893 884827.0460908501
527772483.0525878668 857320.8239148037
539163148.5758633614 967780.5232673661
537111086.0557358265 949984.1732641236
534040374.7301738858 924326.8153501527
533802394.7523019314 924173.1883970277
540765257.5372141600 979893.5757751465
547080836.1544473171 1020484.5816345215
530195714.7711889744 887671.6143891900
532879622.1951968074 914866.2999360650
540440374.4548277855 977519.8380809800
529781641.3965785503 879671.6777997987
537488316.2425763607 953208.6281705872
535273665.7271322608 934992.6137265861
549225149.7468240261 1030751.3333129883
535352313.0921805501 936320.6623105705
543073137.3836576939 997562.4837799072
526444004.7970330715 836112.3100695102
547348760.3533411026 1020749.4938049316
536855059.6555731893 949085.5367246644
534116616.3710736632 925700.3513608949
535633375.3593152761 939604.0546775834
536821646.7543234229 945829.6539304345
559884256.8470789194 1054889.0095520020
545441949.1340845823 1011159.0705718994
533801977.1520543694 921597.3531344025
541416276.0890042782 983276.8540115356
534998551.1527746320 932795.6258725822
544261653.9825894833 1004987.0731201172
533313070.4307097793 918213.6911081672
548692044.2062770128 1028085.4760894775
545672257.7277107239 1013253.6856536865
539919855.9267427921 973017.9214092271
549437671.7760934830 1032137.8591918945
541781879.8311098814 986979.7097473145
525971310.1342291236 831433.1990881562
536589988.1760880947 943598.5059257523
528655387.0239405632 868554.4447796718
546384605.0282886028 1017205.0740509033
551006074.1253473759 1040023.9188232422
542227505.6483508348 991029.4818954468
527315611.8343649507 844443.7876612246
554854182.6023567915 1049456.9374084473
540151752.4578329325 974883.8223014848
532981403.5482453704 915085.9119840638
544280987.5738009214 1005324.6182708740
544626314.1684134007 1007843.2997894287
542163999.9570045471 990216.7885131836
532395823.1168268323 910508.3378034608
538066550.2670851946 959610.6336309998
537531156.5007826090 955042.8524299638
534089408.4077665210 925683.9263273255
532696734.6537205577 913728.3941770570
542336268.1194356680 992879.2737731934
532536296.8819001317 910708.1515604035
531765833.6271419525 902156.3007752984
526074776.0126637816 833296.1618557572
526079698.7055016160 834176.3020136730
531991034.5029010177 906550.0523927300
529480068.3703558445 878483.3361574189
531776403.9194000363 906480.5818116753
544237130.4557825327 1004423.5674896240
529746049.9691223502 879434.7407720177
529739940.2508224249 878952.3398778527
529739940.2508224845 878961.3928105920
539253361.8372503519 968883.9464241044
548108454.0491359234 1024095.5563812256
532576207.3270446062 913303.2656065003
545037147.7360634804 1009302.3707733154
526599679.1965380311 838664.7399475948
545583189.0442208052 1013250.4611968994
548770911.6762827635 1029011.8567810059
531415408.6880733371 897451.2539829477
550670235.0287916660 1037584.7179565430
546751640.4931517839 1017492.8484802246
527683163.0416275859 849071.3346414058
543858720.9441421032 1002010.1456146240
534016971.1788394451 924294.3369996636
542758475.2545940876 994978.3654022217
532565802.2347843051 912999.3518312066
528285233.5935213566 860118.9217045681
541925908.5154117346 987425.8999328613
532299997.4869450927 908733.8769319146
541184900.2725630999 982380.9549865723
530315813.9319872260 888436.8965241998
534047631.3322088122 924330.4783418267
531495105.4941210151 902009.7824189751
550274505.9101488590 1036855.9380493164
534903298.7412720323 932040.8523282707
534384297.9100636840 928500.6864677445
535920389.0147799850 941159.4275718705
526544028.0518056750 836614.1047214954
541073783.3825680017 981391.7413635254
529721588.3608658910 878927.7039077370
529218949.1032400727 874751.8759191125
538607399.7934669256 962029.6056991593
554029776.2781529427 1047875.1638488770
525971383.5701452494 832009.5643934696
525820893.3507103920 831275.7168364017
545482564.3436969519 1011991.4430084229
525820893.3507105112 831296.7209867924
542139764.6539381742 989326.1534538269
537247579.0201892853 950255.0250526444
538364355.4390100241 961456.7924985588
527460742.2295784354 844991.5231186450
537904810.5969232321 957634.7795225159
551529531.1961143017 1043040.1771850586
550057720.2425719500 1034679.6604614258
535165190.3878979087 933549.8438831345
535165190.3878979087 933618.6944690720
536299020.7073596716 943159.5903922319
541073783.3825672865 981198.4817199707
548765346.5791053772 1028320.9606933594
549537937.6420772076 1032540.7631072998
544818082.4328663349 1008967.8991394043
537907694.1972614527 958420.7602058427
537829404.0545871258 956259.5365464776
535165190.3878979087 933567.7477832810
544283665.9508061409 1005584.9243621826
553030059.1892209053 1045296.5004730225
526397998.0774325728 835798.0471043079
547470099.0489112139 1022559.4235382080
549537937.6420772076 1032581.1154022217
534408536.5599620938 928656.3852439896
534200814.1400926113 926864.2168394105
541676223.9263554811 986068.4731140137
549691867.9711894989 1032753.0326995850
537531156.5007826090 955098.7338996903
544771789.7940093279 1008402.2360076904
534477929.4140332937 928772.4705625550
526989302.4130218625 840434.2193873302
532559447.0926069617 911009.9330030457
539418277.5384728909 971105.7485557572
542724152.1772395372 994677.2030181885
540243527.9079233408 975036.7282310502
534356034.0994431973 926927.4072690980
553447626.4922322035 1046334.7888488770
527227201.4041794538 843569.4432922900
528579980.4816048145 867164.0167068928
536711525.1882181168 945076.3477836625
541154246.4884570837 981593.9109497070
529409911.9521566629 878455.2709691613
533206744.1369234324 916937.7150983512
533292433.0846230388 917525.8744077384
527113092.0741965175 842269.4806092159
539030662.7356375456 967614.4537178056
546215244.5264106989 1016662.9226989746
548510663.6879123449 1026400.0182952881
550168438.8613280058 1034965.2765502930
526599679.1965380311 838630.0551331417
533391446.2864539027 919517.9819516838
531010453.4329176545 893677.5261350648
540422979.3740609884 976257.5555343628
541592026.1573365927 985167.8336944580
532287060.6457421184 908579.4852998345
543373461.5041871071 998917.7630310059
552910704.1156677008 1044893.8155517578
531247412.0047321916 895767.7556550591
529714381.7072597742 878582.7135961144
544520867.2164925337 1006128.1373748779
544126896.4924144745 1003731.1689910889
536004586.7837989330 942302.7288871781
541431012.2736375332 983430.3465576172
538322031.2566437721 960720.2676216142
559129721.9106154442 1053572.9899139404
542599645.8517003059 993849.5577697754
543436418.6968381405 999469.2710571289
550688289.0298895836 1038044.4419403076
529285462.7572410107 875917.9791295617
527868838.7861648798 859722.0434593647
535223192.4993431568 933721.9082558081
545784219.4430726767 1014452.6092224121
527718645.5732882619 851584.1929916828
539967086.1474225521 973028.8280292527
546215244.5264106989 1016662.7105407715
544042698.7233954668 1002543.5156707764
536421228.1476420164 943497.6027027146
539845378.1069447994 971634.0070453660
528426954.5261815786 866187.8821380138
544126896.4924144745 1003732.1611785889
539834278.7556494474 971157.8835407273
548204553.7483373880 1026246.1899261475
549169286.6814990044 1030693.3618011475
542013443.7934572697 988173.0696716309
527681174.0398858190 848306.3869022815
546618731.5314464569 1017398.0529632568
544520867.2164922953 1006092.6322479248
529023857.8091561198 872055.9688272565
530626891.7436618805 891199.4604520500
530183187.6688557863 886220.8619546592
545161046.0613056421 1010665.1341552734
542101216.1375545263 989174.8315124512
531120892.2608793974 894625.7028156297
535242779.3750281334 934907.0934259980
541905220.3507251740 987423.0299987793
551952816.4369759560 1043247.8611450195
526829552.9201486111 839723.8727116077
542793019.4056262970 995096.6052551270
543981411.3712034225 1002390.6693572998
532290029.9591507912 908588.0587251275
549311751.9871237278 1031319.9207000732
539997709.0177217722 973854.0534034745
535815161.5644880533 939677.8359428422
554277992.1761962175 1047939.8352355957
542912303.8180239201 996140.3962707520
543507833.3415483236 999949.6562957764
547480948.2010015249 1022607.3499450684
539997709.0177215338 973668.9195076005
527683163.0416273475 849029.0677804439
538709864.5062491894 962932.2257483094
530183187.6688555479 886177.7163552940
527506277.1559027433 846033.1736508608
540269755.4369689226 975347.3599333952
544030365.8187854290 1002509.0233612061
560941836.2713384628 1056330.8033447266
557503872.5373289585 1052234.3336486816
560825521.1723494530 1055114.8760986328
526340873.8417470455 835777.7311863392
535839400.2143863440 939753.4749656693
544030288.9532350302 1002460.5510101318
541726833.1771748066 986132.0718994141
549739059.0359771252 1034659.8590393066
528353145.1885424256 863991.3149027228
541874880.9612826109 987189.9904479980
540754255.7085374594 979195.3730850220
542037858.2638694048 988274.3594970703
544090025.6608675718 1002608.0838165283
539023605.8581516743 965582.6510260194
543200263.7916568518 997742.8165588379
546853037.1373453140 1020002.7218170166
527639334.0791051984 846175.6217431515
555481508.8753001690 1050067.0274353027
542912303.8180241585 996201.0538024902
541292991.8819047213 982485.8135757446
528241436.7017261982 859853.6293038814
542333946.3097403049 991449.0608825684
528334902.2304315567 863657.8268692880
544030288.9532350302 1002431.2724456787
547785975.2377760410 1023838.6468276978
558086602.8538218737 1053478.7753906250
555523456.7904219627 1050523.8919982910
554612295.6911648512 1049398.1293029785
530972223.2953532338 892126.0894262744
560852188.7177075148 1055602.4583740234
552513685.8117071390 1043373.4281921387
551128671.7526041269 1040287.9389038086
530755698.6188238859 891883.9370443909
553266445.6551556587 1046238.7264556885
551337101.4542803764 1040843.1035766602
557066003.0096894503 1052204.8021545410
553212377.8499451876 1045369.6488647461
555247191.0484430790 1049464.5113220215
556024902.8507667780 1050903.9337158203
553667847.8405184746 1047423.7369232178
551855030.6152139902 1043181.7406616211
553529459.3654683828 1047108.6604614258
552581705.3539632559 1043912.6136169434
556898711.5768949986 1051752.3451232910
556708912.9822345972 1051152.4836730957
557785625.3974167109 1052705.7470703125
556885055.7511700392 1051730.4370422363
562217694.0615833998 1056572.9520263672
561759793.7525328398 1056557.5718994141
546647434.2519962788 1017472.8154449463
