845917386.0742101669 35149.9545260084
845917386.0742102861 35152.6433377874
845955174.5853151083 35480.6043196333
846343992.6879529953 36331.9028103969
846892225.1656043530 37858.2759689871
846632548.9535905123 37580.0504365448
1023297640.2481253147 108941.9778323174
872248012.9506093264 51337.1648029982
871523698.3951793909 51011.3277281223
846486074.5731796026 37239.9685747581
846985183.5385485888 38193.8804903625
846572706.5366973877 37532.2223190848
846967694.6531488895 37897.2475776259
845917386.0742100477 35146.6026163709
845917386.0742110014 35157.0426602972
845917386.0742102861 35150.8815012586
845876300.3830688000 35110.4883108896
846242477.3452794552 36027.0956109188
846050702.4338533878 35725.2835037432
846708659.1311497688 37622.6834277693
846886634.5513274670 37636.2207697290
902640125.7969774008 67921.9482040948
852770990.8468401432 43492.2830566407
846130309.0847959518 35726.1958267412
846130309.0847959518 35739.9096138201
846130309.0847959518 35735.3922984324
846130309.0847959518 35742.8459980211
846708659.1311497688 37623.7912787978
847185932.3466149569 38309.3112359707
846244681.3424915075 36096.2707836351
846130309.0847959518 35726.2118875704
846130309.0847959518 35734.4758741579
846130309.0847959518 35726.0657570086
847192964.1252864599 38309.6125474636
1013058109.9476761818 103992.9117352103
1012728398.1334505081 103768.9669567679
852307545.5404632092 43250.7022690239
849684294.2380481958 41566.0891348317
848811307.1258268356 40965.4205079281
848307574.4170452356 40594.7401799464
847865592.7652804852 39827.0772583992
847839433.6297705173 39281.2986191236
847665007.7671504021 39240.5351921513
851453139.4200044870 41706.2581679883
849529112.4499022961 41291.8163784339
1001824643.5750547647 97801.2921341085
847954242.4804927111 39898.3929369643
847422486.1617962122 38906.4864634299
896005584.8199232817 63369.3488729916
847352871.6642024517 38807.2246376424
1022426562.6224334240 108712.9420962334
847422486.1617962122 38914.2895988249
847294050.4139971733 38541.8922294401
847659966.4089741707 39205.5266381695
853101703.8190909624 43566.9292765620
847255984.6873829365 38489.3536714935
847937480.7450393438 39829.9764747941
847377678.0589169264 38861.9572376036
847542979.6482783556 39201.7874454879
847665007.7671504021 39241.3724724247
847261026.0455592871 38527.7141351127
1008752528.0638629198 102290.2298723459
852113978.8132851124 42008.5259270308
892806759.7830215693 61394.2116166674
870243542.6600186825 48440.7252501159
1022831093.4637942314 108769.1267504692
1022210328.5222249031 108322.8034644127
878325409.7631696463 55082.9580807152
874476492.1823035479 52261.0544325293
878045185.5350171328 54939.3908720376
899082038.3911679983 63481.6493769686
997404520.1489828825 95611.3408164484
895512560.6175074577 63283.2352357792
895459053.4019752741 62567.4590302065
872868512.0267109871 51643.6593320174
893436547.9477953911 61947.9542100349
893020907.6512075663 61546.2204195181
912460905.4694558382 70946.4741175839
882289757.6818443537 55511.9531066547
877367736.1030743122 54685.0340676116
869689406.4196888208 48014.3279746144
1022111291.3253116608 108150.3466420174
885822222.4536468983 56977.3488825230
885919526.3991023302 59388.5465892138
919205877.8635627031 74535.0748612789
918737403.3831870556 74323.1222245602
855612380.2144734859 43741.2740638355
910492704.2805466652 69574.6064529462
999845762.3712481260 97344.4924063317
882795339.8984408379 56754.4205772294
882597359.7153853178 56437.5535036190
1004579418.4880971909 99209.5516158014
916453007.8645064831 73204.7738997967
1021958886.4313018322 107876.2186350822
1021608128.2238345146 107757.3687672615
914264322.4222409725 71991.8903963150
1022054859.4800491333 107879.6298260689
915115748.2278318405 72821.0626437844
871091183.1158334017 49943.4985846524
900815123.1578918695 64279.0152581810
911172501.2041947842 70092.9077689492
905620125.5068310499 68697.2346588953
921090375.6086492538 75554.6318302406
920567193.8508713245 75209.7812401308
857424029.0199708939 43941.4333385276
1004345422.6255853176 99139.8109396547
1003942403.9924387932 98821.4739559740
857667432.8485112190 43952.1015402125
857325564.7378723621 43769.6286947178
857334988.3087935448 43861.7360839294
895207286.6103743315 61970.4004105649
910275077.2406862974 69446.8561165438
890134502.0694150925 59475.9940020458
1011532675.4770818949 102326.6061138846
1011759050.1943185329 102402.6412625052
1012536181.0062376261 102775.1151728199
1012720127.8075443506 102991.3766588734
896059278.1901654005 63382.1880961269
884660514.0548948050 56869.1699245850
1008098792.1963585615 100751.1354070127
863664995.0923638344 46083.0856864769
863546732.4625730515 45902.6432255524
863749172.2946304083 46170.1341103111
863612181.7548489571 46063.7145297042
863276457.4664201736 45831.0242508464
862394098.4555714130 45494.8336951303
861945904.5917077065 45228.7020270395
890933006.2878963947 60426.8967523500
861290696.0216319561 44649.5199772882
861407308.8700423241 44803.5239293146
860987532.6909744740 44290.6134348082
861407308.8700420856 44803.4436556863
861290696.0216317177 44649.4397036600
861148898.2109787464 44619.6803652810
860676813.9234139919 44119.4858161973
865571668.0627017021 46251.3715079517
867020579.3537278175 47714.0608377246
866384395.9150617123 47351.1503762988
866062974.5973211527 46926.0088400279
865582508.5390728712 46839.8476736878
1021397046.9679152966 105467.1895098686
1021345598.7782790661 105462.5505023003
1021134136.5369355679 105418.3171954155
901068649.0506100655 64417.9344545114
901244100.1470564604 64444.3808828104
901403062.9211227894 64478.7883172739
901867413.4315978289 65678.8672931860
901591004.8718754053 65291.5424555014
901019086.1236279011 64328.3232503861
923540182.7695815563 75922.7742817106
925105932.6126003265 76997.0980192345
925541799.4454603195 77165.2529812974
924881931.1466882229 76968.9481378716
925312126.0055209398 77068.8935160708
925673871.3947339058 77173.3413090777
925633383.5928702354 77168.0921719146
925324646.1296076775 77107.1765770984
925838016.5002189875 77240.7081411031
925974750.2645746469 77407.2971236852
926548135.3190010786 77412.0529172567
926614260.2388029099 77753.2711267543
929679046.3463443518 78083.7765695284
930606782.5299566984 78516.4359420582
930015672.7272783518 78120.3626560632
930332113.5291297436 78287.9217590753
931331206.9952477217 79281.9629088107
931161119.3677388430 78528.0509599510
930394423.2265886068 78311.7830376092
931715510.6883088350 79408.4596909645
931676419.9007078409 79343.3049319151
931906653.7279812098 79644.3397863272
931723581.9308090210 79498.9119708154
932401649.1785078049 80375.3264103744
932239762.5712232590 79989.5797367904
966711820.7554740906 89974.0427103806
992149624.8286912441 94049.7136611906
934330742.4481992722 80429.2086510509
934870412.1402677298 80445.2195954323
936253113.4879463911 81376.2460940052
936765236.4777207375 81774.5638395716
936923107.2971405983 82025.2550109047
937067237.2108547688 82425.9809239525
937061537.5197240114 82168.1895020623
958456878.4959050417 88553.6398847639
953146009.1893448830 86903.1621454298
937061537.5197236538 82162.1902602334
937061537.5197236538 82159.4138396401
937061537.5197236538 82147.6969988961
937061537.5197238922 82162.6610253472
937061537.5197236538 82152.4935744423
938837929.9223916531 83403.6433329005
939050335.7046064138 83675.0574373621
939481350.7120367289 83910.2940408606
938890036.5562667847 83494.5089203734
938895398.7793364525 83497.0651616473
939412314.6790802479 83787.5030145068
939332168.3309704065 83748.1500558276
939666516.0717294216 84058.7622790951
939412314.6790802479 83769.2350663561
939412314.6790804863 83788.9410027880
964484055.4285234213 89568.1113452397
964489456.2468897104 89742.2458667241
954415515.9256322384 87229.6818118792
963061361.4958252907 88980.5652067445
941648524.2240954638 84294.9623064417
978497558.1052290201 92274.7171066999
942839293.2264961004 84369.4805132467
967187917.9505128860 90644.4551120419
979633875.6443500519 92710.6952530146
945670284.6528711319 84844.3969347794
945656185.0929317474 84445.2122767288
956889143.3753207922 87729.5237894654
971920685.2427462339 91260.9678961355
948000006.8690087795 85743.6620921213
947837162.6719672680 85608.8002146799
947837162.6719689369 85610.1299342234
947830631.9285061359 85574.3859862406
948095657.7472563982 86065.8465260584
948222670.4429546595 86229.3613893110
948201956.7644745111 86098.2704965193
953098632.7820978165 86562.2469173670
947846206.4729038477 85691.5878919680
948478289.0070153475 86303.2375001032
948064604.3117594719 85778.0561036188
948514302.9176571369 86421.5249051172
978328773.1548875570 92216.0797443986
982018258.7774851322 93383.8013415635
997947240.4639008045 96164.2939348221
997555822.8288915157 95991.7003221512
989686050.8746097088 93657.5579071045
976324748.4999697208 91541.7899834514
976214107.8786851168 91519.0945284963
979918440.1107648611 92920.3692742884
980404028.3906755447 92990.1864797175
980227356.1751033068 92959.2758695185
980227356.1751019955 92957.9053403437
980227356.1751018763 92953.4904538691
980459417.0070649385 93044.6500061899
980913575.8775149584 93204.5498000681
993988883.8651283979 94619.3086445332
994221887.7603857517 94740.2120296955
986000898.1856087446 93405.6746384203
988298736.7454246283 93587.1867004931
995492351.3708107471 94805.0283987522
987842948.8083649874 93479.9120911658
989200850.5365061760 93615.3174101412
988727571.3143715858 93612.5660559237
996350776.2788168192 94836.7720682621
991495325.6306439638 93778.3570936322
991649669.2986088991 93787.3245924115
996177628.4914407730 94815.9928242266
997130130.8556125164 95175.8283764422
996472267.1844038963 94928.4822041094
1003635969.6156412363 97990.3934293091
997035411.5463480949 95030.0852314532
