313137869.9371131063 277579.0928342864
314097196.2726039886 305386.9118552962
316882536.2861097455 350285.2137676626
312468296.7227087021 235423.7181057511
312580529.0597768426 247087.7945115808
312641110.0483973026 252098.5718117673
315292060.1044970155 326901.9880824313
320305294.3780781031 382351.5824894235
314722415.8245313764 317295.5508074760
312626397.1140666604 251398.5243089972
315003078.1374558806 322207.7891078219
312587408.9771053791 247659.6824510340
312853081.0220289230 264818.9843275473
312966427.8993399739 269590.2595821545
313265632.1464622617 281346.8140906999
312772779.1088068485 259996.6257896209
313023794.0245608091 272999.7264236733
378625067.1827085614 605284.6171264648
378928116.9760518670 607843.6730957031
312733689.6367991567 259071.2584398566
313657834.5617018342 292889.7914329330
314391814.5099682212 310728.9287065938
316592287.7017058730 346162.9027325064
312879336.9155677557 265519.6631237194
313377414.0440045595 285457.1398516605
330526871.2195044160 446207.9462367892
316744733.9236212969 348810.3283386379
322932894.5397009850 400433.6166793108
322325277.7891834378 394999.4209141359
323350412.6312763095 404555.9277144670
312546128.6926065683 243917.7831674460
315441256.6404549479 329188.0676960386
321160871.7556059361 385143.3971940242
319978301.0056183338 379348.8098606393
312602121.9114362597 248359.7299538041
313119854.4655659199 276223.4594896808
314365462.2444610000 309627.5173286134
348541450.2735186219 508205.8414657116
326731672.3010944128 422005.6853095293
313693598.8179554343 293994.2499742284
312813991.5500212312 263893.6169777829
341965051.3483363390 477726.2584478259
334259348.9532464147 453223.9117043614
318321957.5839279890 364293.2426153421
314627310.5285877585 315259.9861903414
322716278.8996276855 399417.5890552998
312483009.6570395827 236123.7656085212
313910219.5959906578 300152.9383597001
318718559.4308131933 370766.8333746195
312436744.8706576824 230863.4073420344
314789511.4301736951 318444.1756234393
319514218.7923048735 375781.9521458168
379921008.0686561465 612791.9981689453
312619517.1967383623 250826.6363695441
312422697.4253920317 227282.5875822632
312712580.6767277122 256522.6476805136
313367508.4570009112 285047.5526475683
321387917.4571126103 386519.5829689614
326125807.1396956444 416607.0376198217
325920072.6253550649 416581.1744911596
377959721.5168903470 602865.2718505859
314664240.7271777391 315798.2182076722
315709193.7710877657 334393.0370660052
313236500.9568739533 280925.2416124120
314574501.3123041391 314657.4804737419
320261685.7430358529 381501.4723972604
325489448.2020362020 410007.9868866801
381242503.7112225294 616030.5094604492
312592481.8738051057 247788.3345040856
382139472.3064028621 617986.2194213867
312407895.0015303493 223667.1779753296
317524276.0789080262 356781.6750470623
382424640.7301853895 619159.5888061523
312403291.7637255192 223202.4512373535
312430136.0297107100 227721.9837709991
315998175.7381287813 339087.2360406145
313222194.9078703523 280790.8406260982
312652061.1939355135 252482.0409889603
312842790.7246803045 264767.2697508261
314547637.8046381474 313519.6358307302
312395927.9441827536 220026.4378191559
351600400.2983363271 513435.2412102818
351054535.0251013637 510430.0003545284
313269454.5710361600 281497.1295518652
317775125.2407178879 358887.9958495721
320253381.1993405223 380355.4033313319
323982692.6339446306 407884.1000274420
312387353.6804021001 219080.1402021972
312415333.6058492064 224106.5741640655
312388489.3398638368 219587.0416304199
314206789.0899828076 307275.4062484205
329485343.5612468123 441784.1972445846
315496230.9373573661 330236.1216273531
367158844.6872782707 560816.6750968695
329745759.9016690850 444460.2119686007
320215045.3284149170 379725.9439895675
320963554.4666571021 384688.7837551013
312512863.2456929088 239927.1816109661
329608043.9400374889 442544.9613582492
312429381.0511150956 227687.3939238368
329725454.4624922872 443282.9390193820
316676430.0942685008 348006.0038937479
313095868.1997147202 274221.3405694887
312560841.6269372702 244617.8306702161
320308124.1608364582 383358.5044716072
358984140.1974710822 530071.9616381526
358474125.1363896728 528044.3958498836
379429439.3475239873 607860.1923828125
312477631.5213159919 235807.1872829441
314589256.5265418291 314762.7477083430
313507069.5712051392 288951.6450055251
336273623.6803519130 455789.6394225955
312660735.1443535089 252533.7555656815
312518241.3814163208 240243.7599365432
313411105.7449429035 286024.8141216943
318630710.6287889481 368529.5845075846
328553880.5907139182 433399.9155959487
315270527.6605100036 326880.6088309512
328727112.5967379212 435853.1171703935
321328422.4629514813 386345.6625969037
329608296.2454550862 443111.3195201755
330082643.1304448843 445939.4308444858
313862573.9686080813 298833.9265764803
330194541.3086267114 446150.9364978671
312372551.2565403581 215464.7305952637
316559803.1829976439 346030.4789806753
316719162.4722256064 348214.0113443285
323211536.7134618759 403923.8090376854
312527576.1800237894 240627.2291137362
314573034.9955860376 314091.5237701833
325641193.3416207433 413817.8328564763
314415932.8770111203 311266.0318878591
316253116.4421730638 343394.4193806872
327578390.5241616964 422876.0056214631
313103177.7027435899 274665.8097944409
312463143.2402527928 234984.3219170151
312503528.4470854402 239543.7124337731
315679887.0081863999 333681.2258401141
368820192.0534550548 563416.8706222177
312453494.2988469601 231808.3084988175
313924072.0223735571 300855.0136160478
366889596.8718894720 555140.7515957355
367041230.4433079362 555604.7873623371
323126354.1068342924 402551.6312499046
323603705.4649223685 405403.7519899607
313076921.8092047572 273965.1309982687
329978209.5979390740 444697.1866485476
325515804.1352211237 411526.8819318432
358064453.1274588704 526650.6219190359
330046761.3690790534 444714.5832440108
316372804.5832272768 344247.3932335293
375538034.0001602173 592834.3706054688
314607896.3801356554 314832.8157523349
313515559.9782133102 289169.8636827245
313151239.3665997386 277591.2582317516
313096985.6617786288 274304.0269790813
316246839.3028655052 343209.5470757708
317086521.0779060721 352352.3921136409
329684002.7286623120 443248.9347891212
314658934.8041040897 315275.4667048678
351485573.3500730991 510947.2680810690
316121224.9393262267 341887.7019186243
316514169.0474008918 345973.4928826839
322410342.9380187988 396178.7154857442
372590474.8884394169 569602.8155299402
325174227.2904105783 408522.5170030612
314128867.0015778542 305739.5703400075
313748607.6811650395 296030.6273245439
319055774.8392305374 371427.2330442667
329071938.0448470116 438660.7137922645
340437238.5365843177 467242.9955864549
340136609.9969113469 464678.0644798875
312938148.2136875391 268889.5807859823
328070158.9805062413 429835.4405387640
368186851.4101991653 563408.8310416937
356332924.7664222717 521769.2133039236
314620740.4478477836 315129.7988734469
316811946.5830179453 349999.0899311453
316848440.7812379003 350152.7900158316
316059107.8755849004 339252.9722508416
325673141.4616181850 414210.4087714553
328242734.6651420593 430479.7707330585
326471187.9831638336 419151.9761050865
329096049.7025398016 439688.9820913672
312923435.2793569565 268189.5332832122
320026419.1806197762 379459.8676640317
314020203.6048261523 302449.5218780935
328402677.4088161588 431644.4274980426
328332885.1301977634 430875.9155961871
313634468.7114002109 292527.0603610054
314269943.8413251638 308470.6749930009
327725322.3827775717 426166.2061637640
379743298.4484131336 608515.8171997070
317122953.1904057264 352387.9989601523
315784504.2044059634 335511.9337182269
317112643.4087725878 352352.8291781768
316978377.2549533844 350570.2638279349
313293582.4283980131 281956.9701427743
327244338.8441611528 422157.9805784523
313665347.6980206370 293292.1747178808
315703036.9167240262 334345.3018822894
314507366.1986293197 312993.5718301758
313577431.1167742014 291202.0273636207
357294442.3462122083 523597.9329539537
357068066.0458604693 522703.1385968924
361637622.8026444316 536514.3567767739
329578945.4133332968 441789.7706503272
315720570.8837834001 334544.7161889300
366886206.8879093528 553310.4977212548
366446845.6059951782 552788.1657510400
313785775.6795170903 296649.3713961616
345251678.4548941255 483283.6141597629
345293401.3574118018 483577.6568843722
319076862.8309209347 371530.3666936755
319815732.2239426970 379096.8397978544
315838367.2625607848 335657.6015496477
325601131.3619881272 412561.2255775332
360630772.3886956573 530107.2982469201
327601470.4846204519 423248.4546547756
329592586.4348900914 441791.8297600150
313552177.1998999715 289869.0702710003
312793855.3957080841 260768.7974907085
312918306.5340862274 266203.0555291101
353742078.6813630462 520853.0895246267
325432710.0136458278 408856.5078130960
319325829.5695503354 374974.5287626982
317357324.0698983669 354597.1564736143
312785693.2624552250 260695.2768322155
312721047.2555305362 256526.8564773723
317428759.0588217974 355147.6998696104
312775402.9651065469 260643.5622554943
314551899.2101424336 313855.8356776461
317456487.9531252384 356409.8997651041
371557040.3910418153 567915.1865875721
319020379.9705799818 370802.2716317773
314226635.6881996393 307317.2995465621
346471074.2379965186 486662.8946909714
317694254.9033464789 358704.4519559070
318253006.7862995267 364065.6218248010
318331297.1593742967 365701.9627252221
316748579.2297461629 348858.2630542582
318003562.8674664497 363081.3761754632
378453592.6249648333 604543.8660888672
376188503.1602712274 593020.0451965332
318270916.2641404271 364138.3206353784
377589677.5751881599 599130.7377319336
376505440.2121512294 594978.2004394531
362441710.9782969952 538778.6304911645
377683058.5857015848 599850.5241699219
318454898.8597096205 367946.0440240502
339561766.9085101485 461065.6622303128
377325442.6441444159 597517.3666076660
376920043.3016077280 596806.5740051270
315119706.3336286545 324646.5843029469
362851414.2308173180 540950.9874060154
346979495.4812955856 489429.6305682063
320096603.8595657349 379556.0822835267
360682674.6044054627 533397.9117597342
314959206.2044445872 321436.1144862399
315927411.6123545766 337772.3008599505
318442551.3344105482 367262.2871270776
377138811.0182074308 597339.2855529785
314754146.9987870455 317387.8086824641
314760183.0653710365 317584.9653721079
314936509.3699300289 320604.4994782433
378429962.6396366358 602872.8870239258
317223819.6745456457 354168.7495837435
377487540.1959049106 599064.9208984375
327929663.6836716533 428346.3415404558
347134258.9360471368 490553.5030134916
361311024.3715016842 535907.4779719384
372639028.7681222558 570502.0112915039
348125149.7776834369 496452.7838601470
376266239.3405759931 593650.1578369141
376852094.1745404005 596617.2424926758
322559768.3096922636 397504.1844465733
375121807.9353302121 591290.4749145508
371744375.4319202304 568935.2143554688
319173586.0469452739 371779.6998942420
322541858.8318510056 397431.1305937767
322161491.4459233880 394693.2930693626
321596235.1587327719 389401.8179574832
373193561.8357435465 582046.2528381348
373733899.9196941853 582898.2943420410
373004428.6560190320 576262.6986541748
372716078.8592313528 574257.0137176514
374550359.7092127800 588140.9241638184
374859757.4881158471 588410.1337585449
314721162.8098971248 316684.7448006049
374410295.3069168925 585287.6781921387
374342332.5609796047 583062.7402954102
321421700.0726984739 387247.0066559091
363951192.8466414213 549782.2225079536
321558585.9177420735 387878.8758792877
372959383.4964700341 575727.2150573730
321844256.8413388133 391217.2952485681
321759088.8347911835 390188.3374579549
317194538.1178213954 352494.9040775895
320997059.0525548458 384938.0929622650
322119332.8741159439 392720.6781083492
