200076512.3975076377 812061.3520507812
200452053.3110540509 813373.5703125000
202580249.8129907250 814636.3256835938
202629369.4372583330 814684.6015625000
181620540.2573376596 426808.7820136938
182313913.0675159395 473104.9005886599
182542297.1289950311 482156.6178127810
183665489.3433358371 525997.5277203008
183758632.6666808426 526792.7097583994
196169030.9367093444 799534.7763671875
180997419.7454849780 360872.1361136809
181429887.3126637638 418882.4445082918
181559979.1844930947 423585.2017714754
182423928.0632086694 479906.0973049685
183420665.5373177826 519067.9427593633
183586114.3157377541 522777.9305969462
183305058.1126401126 515544.2323778555
190550115.1239781082 712282.7477698326
192427921.3790625930 746155.3069839478
194034730.7465979755 776083.9882812500
196174004.2922115028 799765.1079101562
196557061.4034869373 801375.4663085938
180947356.4312821925 353728.5687115565
183557047.4457933605 521038.5111864492
190671749.0595085025 712866.3080267906
195245635.8299999833 793069.9663085938
195716986.2724711299 795818.2534179688
196562607.3744198978 801694.7421875000
196521657.3132551014 800713.9545898438
202491711.9033006728 814162.3701171875
180904638.5336189568 353715.7821097746
192340561.4287851453 745466.5777301788
194025824.4836719036 775967.4869995117
195343814.0830669403 793873.9848632812
195093557.8439725041 788536.1770019531
195256276.9602976441 793439.6655273438
202121974.8886396885 814140.9301757812
181063986.2606640756 368456.4734294787
181043967.0827164352 361590.5200229064
181591789.8143723309 424812.4999067704
183566042.6678349078 521849.3008492872
188862859.3981952965 667869.7150556771
194690666.0518942773 785099.3625488281
194567843.2227752507 784812.7424316406
194771220.7869609594 787448.1271972656
194668003.6459704340 784975.2619628906
194845278.5519972146 788344.0366210938
195474281.4961150289 794465.9448242188
199991010.6363787055 809056.9428710938
181525099.8650759161 421351.1133773103
182527893.2678968608 481177.3906601950
190925565.3376187086 717368.2296457291
200322438.5640812516 812246.6918945312
200411238.2612926662 812423.9360351562
180883977.2857295573 347032.9729531184
181287557.8797725141 404318.5538642183
181678571.9329549372 427964.5250785127
181654133.2534109056 427500.2906234041
182437948.3051777184 479908.1098238513
188365736.0839690566 653362.6211225716
194735330.2381473780 787220.5583496094
200491495.2796585560 813446.1235351562
180962367.2394965589 360631.2696957961
192548543.4204143286 749360.6197834015
194436875.9661688507 783738.5852050781
194299213.7301404178 780410.2082519531
194211392.7275731266 779018.8217773438
180951829.6878918707 353759.1777167693
194246965.7554664314 780281.1208496094
194161632.3968695700 778103.4269409180
190217220.6021464765 702697.8478674889
194323296.6210393310 782145.8986816406
193981234.8053291142 769988.9398803711
194364582.9181983173 783464.6403808594
191124839.7429507375 721072.8741739094
196189665.8982536495 799791.6284179688
196516922.5566932857 800683.0722656250
192254291.7677591443 742995.4898395538
180870416.6326569617 345958.2313285246
183155664.6393102109 509960.6847704336
192081721.8845680356 741836.4937458038
194726064.1253136992 786633.9108886719
195402732.6759109795 794192.0000000000
201086743.6348651946 813529.2612304688
181318210.6382979453 406659.9863631502
181575079.2817189395 424577.0017592683
181784725.2326153219 428859.8591739535
182409446.1916429102 473751.1628023669
183614943.7079181969 523241.7636471211
183300803.0015498698 515474.6547411367
195190932.0949162245 790936.6103515625
195848636.4250420928 796533.8476562500
194014052.4669059813 775427.2155151367
194197354.4778951108 779007.2514648438
183245224.8798738420 512864.2462938711
190480490.4341170788 708352.4982123375
194347702.9782410562 782650.4240722656
190856456.5644494295 717312.6980719566
181409779.0179983675 417094.7895400301
190586868.5337370038 712818.5194525719
181612517.4489710033 426422.6424300447
183187791.9129852355 511312.4044969961
183781250.6233219802 526825.4935406133
195937478.0484138429 797667.2431640625
195919226.2747024000 797597.3129882812
196350631.3523415029 800617.5781250000
202495674.6001213193 814433.5703125000
202001097.1323018074 813901.3134765625
183767139.4125353992 526804.5844878504
183881223.2887059748 527244.2245285794
181603667.2645722926 425234.7665190101
181448854.3277846873 419742.7398421541
183536037.4414099157 519127.4165829107
191665077.3404674530 732797.3853494897
182379129.4507401288 473206.5754610583
182595408.2017398179 483195.7091778666
191909532.7056692839 735172.5528356805
189748120.4187916815 691109.6699958146
190271704.2103675902 705165.2292089462
196127897.4307952225 799305.8710937500
195998438.3249135911 798547.7646484375
201119795.0442806780 813699.6425781250
181287373.0509127080 400814.3965194002
191854377.2831625640 735018.2740213647
192524435.7537306845 747129.0389807001
191933599.1412694454 735437.8440954462
189740892.0915061831 690735.1139960289
196217399.1901889741 799885.9462890625
183133160.9001797736 505515.0441650137
183013913.5838853419 498495.6434226915
188771632.7136487365 666255.0723321168
182388904.8909150660 473327.4298922106
183086246.7659381926 505296.4004417345
188788551.3566735387 666779.7351541789
195567798.7302129865 795427.0424804688
196244369.6968757212 800110.3037109375
188966283.5280080140 669084.1186364051
181408974.1882682145 413743.5928847566
181373070.5695641935 412081.0484816805
183019683.2136419713 501170.7814782545
188528980.8865119219 661053.1589607922
188488133.8777720928 660112.1642744271
188499006.5847890377 660131.6896650521
192006291.4675705433 739604.9129431024
182838600.8352812827 494103.5810708686
182817972.7059507072 491260.6364351794
190172829.4501598179 702352.9147620201
181338393.3162232339 411342.4814803377
188583555.2472019792 661364.9762558667
196195025.7006610334 799799.0917968750
182629111.1940260231 486395.3363863513
182900310.0313574970 495509.9426579492
190851742.2437881231 716074.9981665611
182989663.7840100229 496799.7404743716
182948774.6395238340 496341.8094644233
182978179.6776709259 496409.4624168560
195096779.6847748458 788832.5485839844
182722581.4125430286 489528.1788147524
189994754.5177959502 697625.5039954185
192235378.2804960310 742270.0650980249
200042403.6394119859 811178.6010742188
195100507.6289961040 790208.5131835938
191982645.5788004994 738028.1665039062
191831368.3824730515 734802.2188455835
191902937.5890099406 735042.2144510522
182976225.2082604468 496364.7840118393
182676278.0917424262 488130.8758706733
182679457.2518900931 488584.2586831733
190459391.5015967786 708222.7188696861
189931672.9292037189 693328.7174811661
191549973.0529305935 728818.2273235321
191747625.5510743260 734745.9390604272
191046767.9004140496 720352.1323142052
191498301.2987613678 727523.6597635522
191834802.9392574430 734905.5733988062
189811196.5912386477 691895.1276374161
191368660.6226483583 727381.4473612085
197439705.5380803943 802398.6591796875
181252382.3553071320 383510.6882454082
191317670.2978388369 724951.8644537926
190705402.6769914329 713592.5196509361
190967504.1072351336 719581.4474005699
190820986.3379710615 715358.8063673973
197703634.9901517034 802439.2622070312
197534406.3820527196 802401.3706054688
197154107.5305033326 802350.6132812500
189872405.0237831473 692889.6220221817
189633922.6493303478 685752.2791646421
191263867.8950895369 723211.5313849449
191155642.1977297366 722217.9836740494
190302343.6693156064 705338.1037268639
189934263.7637738287 697509.3083014786
189977659.1530854404 697590.6801886559
190430545.6830196679 707217.7936682701
181284764.6689413488 390890.6338313743
190367975.3401556313 706619.1008813679
181244763.7018966377 379961.4312442355
190018875.7680599988 698940.9949193001
190229134.2391230762 704205.2824378014
197112330.3553598523 802039.5429687500
181223395.2932563722 372684.8271793500
188161246.7810056508 646948.9778494891
181247356.1901994050 380338.2513736859
188655743.8041988313 662030.8890849706
188113087.4939071834 645899.9747366961
188260160.8934042752 648573.0898337420
188044740.5365415812 640302.3414888438
188068981.4807707667 644955.5364351328
188190050.5834912360 647345.6663565692
188311275.6382247508 652711.8037772235
199824422.7084445357 808284.1469726562
182306311.5302828252 444079.6481242314
182126417.1176894605 435134.3617358804
189649966.1108036339 685800.5231165942
198271741.8778774440 802544.7529296875
193595797.7177487612 758674.3154907227
182165343.7365521491 436936.3097859025
188739417.0377386808 663094.7103256909
198343108.2189509571 803001.8569335938
182211988.7935887873 439918.6147227883
182258917.3603781760 442891.9125171304
199397436.3223126233 805871.1748046875
199520937.5231044590 807253.4404296875
182126246.8199409544 435033.0957904458
198520546.9252452850 803075.6435546875
199493764.9368263781 806967.7133789062
199405743.0264145732 806218.0971679688
199597800.6293651164 807524.6406250000
193762983.4219710529 760415.7485961914
188948696.0740320981 668407.0811000224
193784152.7555586994 762483.0324096680
193715544.2072110176 758939.2025756836
193845645.4528053999 764180.2819213867
193735988.7817496657 760063.5859680176
193572409.8455734253 756939.4717102051
199395420.9697238505 805755.1738281250
199421380.4621284604 806803.3500976562
189736990.9431530535 685893.8516984411
193371461.9419284463 749780.2249145508
193383990.3283309937 752063.3490600586
193427238.0257684588 753559.6626586914
193437706.1922942996 754893.1519165039
189384295.4762479365 678091.8405451830
189028687.6249893606 670089.0609692391
188729456.3512735963 662330.6013474194
189363134.0140297711 678044.0519709643
189626557.5978467464 681085.1089930590
189066366.0576594472 671030.2207484599
189208293.1291981041 673926.5507077631
199085331.8667847514 805333.3398437500
199125034.9430132508 805607.2846679688
199223649.3679695129 805621.0522460938
189347780.8953204155 677455.0250086840
189021406.6969500780 669697.9160609599
189112921.5480511189 671031.6645961162
198998970.5075068772 804711.3862304688
198817598.3581011295 804105.9506835938
198585348.4291700125 803082.6748046875
198988120.0228959322 804241.0820312500
198704858.8544902205 803675.1157226562
198650844.2730732560 803533.2675781250
198666301.0957562625 803669.9492187500
186807719.2871357501 528994.5299915578
186828121.3465655744 531153.4430391788
186963079.5156275928 535711.4809803274
187008917.8725934923 535891.7600451708
187683329.8903022110 569907.6553989947
187990591.8991669714 576598.8496301472
186599641.9677286446 528149.7802889347
187894520.5350871980 574789.3380648196
187601175.5980749428 566886.4241091311
187976346.2932829559 576129.1894815266
187607978.6342383325 568588.6629396975
187999024.4869804680 580465.5622211993
187921011.3042497933 575021.4856441319
187575351.8475284278 561787.0320192873
187828544.0084814727 570175.0353631973
187865052.0456354916 574768.8497349322
187587724.7588594258 563008.1511707306
187225044.3109945357 546249.0878902972
187591846.3714238107 563505.2876955569
187296974.9250999391 552026.9865719378
187249077.4517882764 550940.0201412737
187397205.0261482298 553848.9942623675
187408963.5508655608 557031.4276119769
187496304.9230841100 557055.3290089369
187210359.2848510444 542947.9196163714
187237932.7415475547 549748.6766354144
187009249.8269040287 537368.6292721331
187036013.4603172839 538683.8419796526
187190319.3437791765 542285.3769215345
187057417.4434943497 541910.6159054339
186950677.4405822158 535267.1752642896
187069458.8551416695 542026.8082890511
186794900.9872595966 528822.8914597034
186872763.1518386900 534436.0170533657
