842470635.4659891129 3646108.7340698242
842410894.5506902933 3645537.7435913086
843064239.2274814844 3693119.3795776367
843044609.0746356249 3686644.7767944336
843770512.3335528374 3736416.1138916016
843545859.0096598864 3722963.7459106445
843435089.5624467134 3719470.2166137695
844386094.1386513710 3777163.1217651367
844329670.9402977228 3773336.2767944336
859075959.1873884201 4436467.0496826172
859087385.3911706209 4445222.4876708984
840918145.5227981806 3497456.4492797852
841817752.0149849653 3597723.2609252930
841681841.3883011341 3572319.9276733398
842042967.0148564577 3609552.6242065430
842107174.4704504013 3626003.7728881836
842700221.0580266714 3665033.7247924805
842926739.1883434057 3682107.5833129883
845090834.7295602560 3822181.3506469727
850063856.9712272882 4075775.0003662109
848834308.1914514303 4030666.4884033203
840982827.3740253448 3507829.1499633789
842475857.5300979614 3653475.8026733398
842223679.7874320745 3630632.6532592773
843637641.3843708038 3730583.5708007812
864625032.5572410822 4634473.6927490234
881562864.1268013716 4980978.7167968750
843275587.0919119120 3706077.9779052734
848294359.2904058695 4001496.0435180664
864594939.1090220213 4624082.6230468750
840924807.8272820711 3502383.8826904297
841632926.1123645306 3566213.7335815430
843074604.6921137571 3693571.3624877930
843599874.9545938969 3725390.4932250977
844678833.7892150879 3792523.7059936523
844084417.7052141428 3750647.8355102539
844790356.5026808977 3801883.4212646484
845937934.7761833668 3872790.4152221680
845083794.6779925823 3820725.6939086914
847169608.5701340437 3948097.4915161133
848914909.0781596899 4032494.3195800781
847555115.6949499846 3968606.8139038086
846927574.3703770638 3932379.1860961914
852121070.2466439009 4171936.3989257812
843819375.9127700329 3743559.2571411133
844707365.0308389664 3792685.5108642578
845533409.5908644199 3847686.8831176758
849052260.8957543373 4048429.6275634766
849548841.3316336870 4063619.4598388672
857701811.6350926161 4384509.3277587891
847877702.4592533112 3982200.5847778320
848784548.6628257036 4026271.2908935547
841513741.7228945494 3560921.7117309570
842890261.9175496101 3669991.5238037109
843678554.8179329634 3732540.7844848633
843096791.7816756964 3696879.2718505859
859191961.2159545422 4450686.5726318359
841475306.7759326696 3556826.8623657227
841769783.1362172365 3587864.5153198242
847611656.3949831724 3970244.3113403320
841189701.1682971716 3525325.8034667969
841210669.9767057896 3539411.9182128906
853698491.3305411339 4248789.7858886719
852446896.6840218306 4192743.9667968750
857846722.5424926281 4402658.2813720703
840994527.3282511234 3510615.3455200195
841061726.2296296358 3521683.7892456055
846557161.0680989027 3916998.0579223633
852430062.7715932131 4191486.5708007812
854129183.5411453247 4261933.8276367188
949247763.2840276957 5456392.6911621094
968347968.1508374214 5611559.8559570312
846079157.8410619497 3877372.6620483398
846869821.3993090391 3927145.5835571289
961105566.4756426811 5587911.6923828125
841670927.3256919384 3568332.6362915039
846119601.2138565779 3881817.5733032227
845421970.1663104296 3845863.8367309570
848129857.3318035603 3993912.4251708984
848738536.4592168331 4023238.2181396484
858244958.5623967648 4419185.9532470703
958986957.8362766504 5551765.4482421875
945072126.1968961954 5435754.9641113281
845555989.5793061256 3851174.1625366211
846544320.6397600174 3915401.5896606445
858626806.4615713358 4428739.0592041016
845140621.1289335489 3825548.5263061523
845406335.8719463348 3842618.5681762695
846324199.2183352709 3897759.0128784180
847220369.7391384840 3952292.8761596680
846449951.3672941923 3906306.8910522461
942489864.1949421167 5424951.6628417969
845838054.5603282452 3860620.7654418945
847064014.5634723902 3946293.7033081055
845286945.7654860020 3831788.2631225586
845096455.6674480438 3825531.4882202148
845008202.1583311558 3811762.9792480469
841929134.1775180101 3604214.9435424805
846405277.9335573912 3902666.1117553711
841748452.7816556692 3577300.5473022461
845597352.7231818438 3854094.1423950195
850209054.0043405294 4085579.2916259766
853680185.4568357468 4247880.4943847656
932826133.4192698002 5361255.5671386719
865135072.3962073326 4641071.1009521484
841970295.2819807529 3605909.7611694336
844777988.4634127617 3798441.7904663086
844867531.7788357735 3809253.4437866211
844650492.2178601027 3788303.5884399414
844519873.2660862207 3785315.2453002930
853602413.3058586121 4245350.5075683594
844834024.9146525860 3807583.6542358398
845051155.7363492250 3814686.3890991211
853932999.0324341059 4250638.3210449219
893771887.9489820004 5084617.5065917969
842636103.8945581913 3657292.6805419922
849245041.4917709827 4051137.6151123047
853958085.0178551674 4260735.5891113281
852742832.1290239096 4206712.1419677734
865370377.9388363361 4647699.9468994141
863001736.7361378670 4565773.4643554688
864990408.7345085144 4637443.5316162109
865046832.6850856543 4638632.8485107422
863486404.8385595083 4591795.6484375000
893668736.4369395971 5081638.4792480469
852642674.8387742043 4196311.3040771484
967976265.5168510675 5607271.7846679688
894374655.2891377211 5093401.0485839844
863288124.9539692402 4583630.7410888672
849620723.9890313148 4068505.6629638672
849248395.4632127285 4055655.2198486328
850128328.7078074217 4080803.2419433594
859873265.3283693790 4460781.6672363281
844996243.8208018541 3810075.7470092773
848563226.4802532196 4011485.0111083984
854540262.3251230717 4276202.9976806641
923778516.7101427317 5356532.8193359375
923443278.7377883196 5351803.8481445312
931493649.1808689833 5361254.5920410156
893952578.5718058348 5089184.1237792969
848428354.3080301285 4009237.9593505859
967643553.0366631746 5606743.6713867188
893781732.6293243170 5087369.0036621094
965205051.8341501951 5591766.6772460938
857817030.9649705887 4387385.3333740234
950647828.6640868187 5504988.2944335938
860141527.8087935448 4468198.0773925781
868861740.8839759827 4715953.3162841797
967991607.4262137413 5608938.8315429688
870540857.5269520283 4759304.2279052734
870409468.1625497341 4749633.2308349609
859396042.0966428518 4459781.3940429688
859990997.7663422823 4466770.3280029297
967457612.8899765015 5594496.4819335938
849867682.2283818722 4072521.7231445312
861129952.8973351717 4506779.5168457031
854951585.7498217821 4288051.3946533203
859740902.0977650881 4460609.3825683594
853348048.5424295664 4237038.7369384766
853016063.1532267332 4223786.5723876953
854748521.9982042313 4282574.1090087891
860313117.0428175926 4475746.5098876953
861305018.7704044580 4513650.3100585938
860821405.6256210804 4503761.5541992188
852873256.5643141270 4214008.1060791016
862346852.0564577579 4555376.9775390625
855447729.0356884003 4306481.9429931641
857220782.0416167974 4370856.7947998047
863649947.0599479675 4596354.5009765625
855917135.2923518419 4324099.6973876953
851066692.5187803507 4129124.2429199219
851385506.0555975437 4143967.0853271484
855611753.5258929729 4316570.2364501953
861762235.0212829113 4525252.4447021484
860487679.7464559078 4492453.1224365234
851280230.0595796108 4137323.5317382812
861549364.1717897654 4518388.3535156250
855713190.8304440975 4317712.3721923828
864473592.1400264502 4622603.1136474609
864081827.7651969194 4614264.3348388672
855071776.0312381983 4303881.9193115234
850720231.3555685282 4112693.4216308594
850702774.2749460936 4107087.5772705078
850881069.8713607788 4121734.2285156250
850842960.6399258375 4120046.3076171875
850797088.1783652306 4113542.2415771484
856027104.3747400045 4328403.3455810547
914465153.0688061714 5217955.8793945312
940910008.9335606098 5409871.6154785156
914056369.6544497013 5214412.3017578125
856103161.9576627016 4338010.3021240234
862142203.6069451571 4544559.8826904297
861790225.3117253780 4539010.0643310547
853309463.9903521538 4226862.2026367188
857344064.0068626404 4378706.3950195312
952901785.2145508528 5513428.6093750000
936671983.0935165882 5393790.1403808594
861234469.1080875397 4511263.6942138672
919206655.4665492773 5278130.9060058594
870418064.6710201502 4754873.2039794922
850590900.7003175020 4101342.5305175781
857242673.7024151087 4372114.5499267578
855767434.6465381384 4323962.0772705078
868517344.2097994089 4715924.8250732422
868277300.7884852886 4707205.7044677734
862158806.5654838085 4547077.4481201172
858031846.4210124016 4404033.9630126953
852228389.2340528965 4180904.5280761719
851500158.8498604298 4147175.8735351562
852276442.0687084198 4182409.1168212891
903607348.9913884401 5150362.7785644531
862597590.6114238501 4559153.8734130859
852617990.9862638712 4194559.7989501953
857670374.6086194515 4381234.0394287109
852227235.2175498009 4179187.1593017578
922610100.0550246239 5311719.6774902344
951215805.1430948973 5511185.7177734375
882021161.5549074411 4987095.6259765625
858195533.5353099108 4409169.6135253906
871499395.0285536051 4776994.0675048828
871507866.1013004780 4779309.2471923828
863153953.1030564308 4577694.5408935547
872157994.9997255802 4793763.4060058594
871625597.2564681768 4788021.9919433594
891083081.0995988846 5051098.8876953125
862665769.7857148647 4564110.9571533203
871194471.6764611006 4773693.4732666016
863262532.1038516760 4578801.0665283203
871151776.6440281868 4768414.7320556641
893227576.0153352022 5074827.2202148438
893163747.5009942055 5069752.0620117188
862473485.2360646725 4556581.3546142578
874016045.9201211929 4836593.8737792969
880948572.4579643011 4969438.0302734375
875013149.8321180344 4863498.0146484375
856792929.3406376839 4357540.0364990234
873288116.0231508017 4830936.9892578125
880429222.0372493267 4963020.2753906250
880479960.7812744379 4967343.9931640625
892279002.0073488951 5061652.3872070312
877296340.3095544577 4896994.7980957031
877852038.1502591372 4909423.8999023438
867170197.7269781828 4682058.5848388672
867125141.2133694887 4674035.0775146484
869332782.5981092453 4743706.2957763672
868003032.7126922607 4698077.4234619141
869091002.7247694731 4720037.2681884766
893837763.1496173143 5088025.5263671875
878521075.9169602394 4928618.5002441406
872979334.0479503870 4823438.5429687500
878209595.6797722578 4926442.5129394531
866589099.1339956522 4662890.9541015625
866325564.9510188103 4656530.5083007812
872699491.4315114021 4814854.3668212891
872420448.2302583456 4807120.3233642578
866827769.0601302385 4663235.7979736328
882157639.9664072990 4999149.5708007812
876114010.9854071140 4891287.0598144531
913558071.2863293886 5206834.5856933594
874922955.0658153296 4848052.6928710938
874699850.4656791687 4847721.3022460938
867760282.4048231840 4691490.6434326172
877399086.4166454077 4904304.8037109375
878719004.7522070408 4933179.2712402344
892261535.6956582069 5054209.4672851562
868212112.8683840036 4699973.6732177734
881469591.9460052252 4971872.7927246094
867746477.8298606873 4686820.0665283203
894854063.1712793112 5093817.6335449219
894757182.3691415787 5093472.9328613281
882103947.0484257936 4988082.2658691406
903326051.5577176809 5141000.7895507812
879684673.1233729124 4960244.8930664062
879590877.1238919497 4955539.2431640625
879248967.1428793669 4949965.2392578125
879247716.4480165243 4934328.1945800781
915085788.5435528755 5240244.5349121094
915209396.4797079563 5241369.1501464844
896468758.0629820824 5105068.3261718750
896665779.0882946253 5105385.8798828125
896361902.2883434296 5097759.0615234375
897991391.0608965158 5117690.6420898438
897606994.2491163015 5116239.7788085938
886738400.9294723272 5024475.1130371094
886378503.7415403128 5018290.2448730469
886031762.9617819786 5002727.8029785156
899026731.2145811319 5118018.6210937500
886094067.5941330194 5007604.8103027344
888590745.5418223143 5033191.1198730469
888629360.0403867960 5034859.7634277344
889674589.1075453758 5044290.4428710938
889922999.7151389122 5046393.0161132812
887797032.0107350349 5026816.8513183594
901221790.0749666691 5130514.3491210938
900773960.9157028198 5127498.2807617188
908079072.6749014854 5156010.4018554688
910342846.5399347544 5179767.5761718750
910161902.6753982306 5175660.7299804688
910201063.2105104923 5175943.8891601562
910059873.0188531876 5170843.8149414062
