222011878.1100209653 2025759.1152343750
224705875.0412248671 2089798.5351562500
224615312.5195454359 2088208.8798828125
224758620.4886254668 2094259.9003906250
225114582.6215490401 2099729.5527343750
226218178.9256880283 2116468.4082031250
231371737.5200489759 2189304.3193359375
231437343.8761939704 2192845.1386718750
237667571.3926660419 2233972.6611328125
237773811.4700440168 2234350.1220703125
250472387.8432605565 2246190.5927734375
237650712.1403832436 2233845.4365234375
239233130.7081351876 2235604.9257812500
213167715.7895632982 1659714.3820800781
223992467.2338175178 2070076.1582031250
225963388.3888790011 2113769.2060546875
229889191.5249258578 2168443.3505859375
232106705.6524936855 2198393.1230468750
235813247.0623808205 2226773.0722656250
237971670.9213544726 2234681.0097656250
251573046.5517514050 2246331.0273437500
207888521.6643501520 1319981.2977294922
208030267.7099265456 1330769.5474853516
208057026.2996130586 1332508.4962158203
208204229.5431346297 1341075.5291748047
221737947.0255931914 2016983.5415039062
221635164.0942735076 2016960.9907226562
222034877.8749060929 2027539.8608398438
224507471.8502179980 2088003.1064453125
226134900.0006528199 2115827.6289062500
225821850.6746830046 2109630.4316406250
228493679.7975464761 2150371.0019531250
237160781.9653142095 2232079.0029296875
237368382.0145618320 2232735.9414062500
237234163.6028689146 2232506.8554687500
237506950.5849118829 2232823.6132812500
212658349.6163138151 1632421.8120117188
220877994.5972864032 1978911.8754882812
222207255.3690841496 2030116.1352539062
205725241.3311414719 1080786.5834960938
212843299.0372933149 1645850.9956054688
213782017.0091428757 1676003.9384765625
213882152.3192096055 1679313.4655761719
219902972.7355054021 1951439.4941406250
219572925.6684208512 1937894.2167968750
220334445.5629027486 1968502.7841796875
220375190.1107392609 1972780.2231445312
221919699.4437440336 2024607.7387695312
223999360.2434759438 2075596.4663085938
225912331.2647888958 2111493.7685546875
222266688.1671659946 2031223.8305664062
208778538.0987602770 1383317.7420654297
208754924.3299357593 1380788.4278564453
221811196.4532702565 2020806.7114257812
224173758.2069234550 2082160.0996093750
224403991.4459455013 2087833.2929687500
237544258.7643728256 2232849.8105468750
220293135.5374891460 1967091.6240234375
219946528.8149783313 1955427.5712890625
212931041.4106070399 1646442.1635742188
205787377.7084646523 1092724.8209228516
212311916.7999578714 1606177.7769775391
212797806.9427382946 1642790.8227539062
212536043.7061747015 1627055.1706542969
213566473.1559285522 1672818.9667968750
219745028.0251736045 1949159.2490234375
221087266.5820820332 1994072.1665039062
225723266.9194912016 2109392.5419921875
228009909.5492401719 2142927.8974609375
251862130.3137578666 2246890.8300781250
213272798.0582544208 1664534.5146484375
221355031.4682573080 2003700.3823242188
225549683.9394139349 2107023.9697265625
225492648.6062237620 2103808.3496093750
232928052.1010366976 2206671.0087890625
233156452.2400716245 2207178.9599609375
205620675.9243190885 1077588.2159423828
208498913.8067314923 1362789.2780761719
208892949.0827757418 1384193.6219482422
211495059.2195071280 1562999.1525878906
212570211.6567790806 1630457.7135009766
221909251.0206591189 2022201.9858398438
225239768.1236521304 2102863.0566406250
225165439.3283883929 2101187.0292968750
236919700.2291952372 2232000.1406250000
234708421.5400226116 2221011.9531250000
205482331.4735605121 1058888.6528015137
205547021.2675236762 1068483.8141174316
205396727.2653037906 1046111.6165771484
211632534.9688491225 1573833.7900390625
212749246.8117734492 1635104.1457519531
234533273.6263149083 2219498.7841796875
205473140.1824547946 1058109.9423522949
225110326.2443190217 2099562.2998046875
229871407.3237888217 2166686.7949218750
212953270.4043897390 1649641.2944335938
205958653.5720295310 1095610.6253967285
207980473.8795750141 1326234.5460205078
213053689.9758623540 1652301.5839843750
224365673.0422740877 2084955.8383789062
236728485.2403851748 2230536.1289062500
236713983.0001633763 2230153.6435546875
236546972.8211790919 2229407.5722656250
236848711.2512434721 2231698.6806640625
212751006.5113489330 1638114.2492675781
219449929.2854284644 1933025.7861328125
249779595.2135644853 2245195.0488281250
224121639.3380517066 2080195.0244140625
228542809.6008653641 2150783.3173828125
229656846.5033230484 2166533.3476562500
235479716.4522552192 2226346.0273437500
235813904.8595905900 2227306.0039062500
235396374.8034832776 2226099.2236328125
250321185.5024543703 2246014.5166015625
221414034.0625790954 2008029.2358398438
221589035.3588923216 2011249.2192382812
205441348.9302686155 1053294.2909851074
208645088.5208891928 1371688.9693603516
211235533.7887078822 1547872.1330566406
212680222.5934239030 1633983.2792968750
219507614.5947249234 1937686.0141601562
221620525.7308992147 2015111.8178710938
221559673.0279515684 2011016.9619140625
224920499.7551968098 2096534.2832031250
234919135.8718957603 2223212.2958984375
234398515.6223059595 2218479.2656250000
234768309.1383098066 2221967.0166015625
232800166.2566194832 2205497.0957031250
250981488.0949204266 2246263.6669921875
250487085.5277140439 2246198.4570312500
219920275.3831161559 1954191.9331054688
219295596.6331484318 1925672.3559570312
232890976.5685286522 2205640.2724609375
223102371.4129450023 2044200.7661132812
229242456.3290574253 2163355.9853515625
250211897.1162981093 2245501.6220703125
222915757.7538205385 2041886.9086914062
222353578.0319898129 2032800.4174804688
211894496.2904883027 1588080.4552001953
222464652.2573726773 2035696.6010742188
212185637.3387518823 1605624.5559082031
212397444.9851066470 1616658.4982910156
206081400.3566065133 1102002.3062133789
246607201.8222489059 2242815.2031250000
211327737.3446428478 1551357.7493896484
212402414.3842776120 1618522.7216796875
228944158.3396071494 2156632.1250000000
212390315.0057696700 1616629.7241210938
212326212.1009692550 1615583.4287109375
232739198.3731876314 2204610.7236328125
227846892.9336159229 2139740.8613281250
208390578.5436570048 1354054.9161376953
223302610.2041397393 2047223.6752929688
232308125.1366301477 2202287.4042968750
241661262.5652637184 2237135.0517578125
249761744.9943163693 2244971.1845703125
249046649.5314397514 2243883.9365234375
208378545.5190618336 1352062.5982666016
232649242.5071853995 2204270.9072265625
249271154.0933320224 2244700.9765625000
223508255.0871194899 2056089.9526367188
223576385.5895828605 2057843.6210937500
206181016.5552441180 1115428.0978393555
208252451.5979559422 1345611.2557373047
208247414.7907977998 1342832.9229736328
206294244.3037772477 1126485.7222900391
208133728.6169339418 1335865.0357666016
208311838.8238072395 1349732.5587158203
219183939.6885858178 1923553.5043945312
206239596.3507973254 1126347.9372558594
230293979.2102590799 2174892.2021484375
219669184.5115042329 1942661.5385742188
219242764.9122274816 1924713.9018554688
206083804.4277303219 1103614.9898681641
212058613.6103472710 1600261.8985595703
227895566.9087791741 2140440.1582031250
249091305.3064422905 2244177.3681640625
211587058.5308991671 1569482.2722167969
223607527.0559993088 2057902.8955078125
229489793.6215237379 2165676.6562500000
206085424.0758717656 1106497.3914184570
206047729.2616706491 1101566.1659545898
206534634.3947253823 1155498.4981689453
211854707.6991955340 1584325.1564941406
211565830.2721454203 1564802.2785644531
230287792.5532833338 2170928.2773437500
248778315.8395608962 2243565.0644531250
228588589.5874914229 2152554.1484375000
228226551.7124244869 2148092.2744140625
228720047.2473621666 2155360.0205078125
206755706.8461115956 1177238.4838867188
206557933.8527252078 1162149.2690429688
241114695.9412604868 2236335.9677734375
246199180.2124243677 2242614.9677734375
206806981.4125351608 1180271.7491455078
245314282.0487741530 2241493.7802734375
230116919.5846092999 2169397.7485351562
233850488.6654026806 2210128.9179687500
233794890.1416406333 2209170.8867187500
245192271.3171836734 2241164.3671875000
206627281.8158552349 1166033.2779541016
233860154.9028790295 2210204.7685546875
245590905.5905611217 2241958.8603515625
248312887.5404045284 2243424.0117187500
233700281.0933004022 2207714.5400390625
211601577.3589661121 1570833.2802734375
244940776.3450416028 2240648.0400390625
248809303.1526212394 2243720.9687500000
248164796.3771075904 2243414.4775390625
247459977.1736738384 2242993.3789062500
230476670.5919601917 2178132.5029296875
247160948.0277484953 2242821.1298828125
221077689.0296711326 1985433.8588867188
233720540.8684619069 2208094.4404296875
211468708.6904515624 1561454.8994140625
230389242.7840913832 2177048.0048828125
230439963.1692441702 2177482.7666015625
245553393.2597668469 2241590.8837890625
245528525.9595501721 2241538.1718750000
227410627.1120758057 2121392.4248046875
231186083.1123915017 2185567.1289062500
241960637.9291903675 2237251.9960937500
211759274.4669623673 1577548.7163085938
206418863.3612432480 1133456.8774414062
241647507.1885363162 2237076.2949218750
241516674.8468723297 2236857.1816406250
206446004.1150425673 1139592.3663330078
241366357.7052969038 2236806.5058593750
220947547.4710445702 1979931.4960937500
227434446.5837773085 2123587.7880859375
210245288.8971722722 1468579.9815673828
211229102.0311675668 1531281.8740234375
210993897.0881110430 1520024.0634765625
210395427.8421581686 1479201.1292724609
210740485.1969930232 1495978.8826904297
210604103.9664629698 1489144.9051513672
206509946.1685628593 1147622.8786621094
210979926.9542624950 1511995.1585693359
227531543.5732939243 2124433.2050781250
210823635.0778653324 1505442.6632080078
210780009.6280125082 1498777.4114990234
206909288.1732131243 1185754.8161621094
210674955.5894129574 1495814.6842041016
244495435.1166852415 2239022.4365234375
207008832.8880061209 1190629.0518798828
216307520.6865133345 1778240.0312500000
216500495.9439232051 1788583.0043945312
216207828.2834813297 1774837.2934570312
216176863.6553950608 1772244.1850585938
216690264.5672434568 1794958.6142578125
216683543.6510160565 1793531.3203125000
210233443.8176156282 1447557.6862792969
210098167.1162904501 1437104.4490966797
209541043.7462867200 1400937.1667480469
209498090.4845533967 1397900.7485351562
209998753.2936633527 1435019.4315185547
209900886.4419814944 1426232.6427001953
216038378.3050397038 1756427.9487304688
210073797.4584690928 1436061.9520263672
209787522.6413839459 1421199.8768310547
209597098.6844000816 1408786.4335937500
209472502.8073466420 1397447.7100830078
209356931.2544403374 1393281.8916015625
209313468.6899211705 1388261.8031005859
207192351.7478522062 1203840.1354980469
215927067.6353259981 1752640.5571289062
207396239.5402897596 1218641.7219238281
218621548.8951694071 1873196.4643554688
244186336.6602624357 2237971.6152343750
244168394.5807079971 2237891.4550781250
216135609.7770110667 1765921.2133789062
244054850.9387598932 2237822.6845703125
218528644.2867256105 1867497.7004394531
218418211.4883167148 1866673.0803222656
218378071.7038012147 1863382.5183105469
243909482.6251930296 2237530.0498046875
207633777.9530393779 1221573.3145751953
207799539.4576463103 1251289.9624023438
207746556.8320365250 1231029.9157714844
217928049.4532358944 1840116.3583984375
218104729.2315343022 1851012.8144531250
218190450.3486275077 1854511.8349609375
207668994.5141648352 1223190.2677001953
207638360.2557103038 1222472.0742187500
207671712.1360761225 1223303.1531982422
217884504.6678699553 1835287.3271484375
217789572.8910592794 1828550.5734863281
217733147.3262179196 1822784.5895996094
217610587.0374191999 1818124.4548339844
217416404.8408387601 1809632.1875000000
217414288.1808398068 1803851.4282226562
215894674.9742780030 1726139.2595214844
215808587.8648380339 1717055.2612304688
215659709.0056456029 1703600.3090820312
215162220.8285478652 1680553.8002929688
215538081.4961086810 1696826.5610351562
215385002.8891228735 1683439.7089843750
215415903.0628729165 1685376.7011718750
215167676.6958433390 1681913.5200195312
215406890.6433371902 1684043.9023437500
