459469222.5330440998 4016433.0214843750
466923971.6237519979 4143423.9453125000
465916463.9407269955 4132511.2207031250
463195191.6972825527 4092682.1162109375
462251836.7341479659 4070471.6611328125
460808541.2752986550 4046046.0761718750
468651214.6994554400 4157644.6181640625
463323583.6120267510 4094039.0214843750
463233767.5498805046 4093645.7851562500
457856255.2165889740 3966434.9218750000
462642005.6512743831 4082784.0693359375
461452384.3433505297 4059028.1611328125
461930997.4141376615 4067057.7695312500
461685203.5500601530 4061062.1796875000
456593826.6730681062 3908154.4072265625
461930997.4141377211 4067165.9921875000
459822067.8105050325 4024033.2197265625
467936323.6534281373 4154100.5556640625
466325897.1428314447 4137610.6210937500
462251836.7341479063 4070162.8906250000
465494895.5498165488 4123255.7421875000
463677398.8093540668 4098404.3183593750
475174321.0936582088 4192923.7587890625
467936323.6534278393 4153716.5283203125
464454049.3861298561 4111021.3916015625
463823633.4354620576 4100746.2128906250
459469222.5330440998 4016388.2421875000
465590855.4408082962 4127478.7910156250
467525783.1449729800 4147826.4707031250
466513185.8301463723 4139467.2197265625
457467700.0174893737 3934236.7724609375
464747507.7751959562 4115952.7265625000
472088517.4323281646 4178989.0751953125
460970543.7709692121 4049994.0556640625
460687547.0088784695 4044122.2763671875
460687547.0088785887 4044872.2646484375
456957707.8664113879 3919580.5722656250
459256019.7057258487 4014936.8740234375
457510101.3214395642 3946409.9462890625
469078678.2637723088 4162036.1777343750
463595200.9410585761 4097695.4277343750
459598759.7098684907 4019626.7031250000
462300474.9438878894 4072244.6367187500
459232709.4371122718 4013323.7763671875
466325897.1428313255 4137565.9375000000
470101863.4929745197 4168969.6718750000
464894498.8856553435 4117167.8769531250
470815829.2981355786 4172709.0869140625
470602868.9652522206 4172145.7763671875
471550374.9417532086 4175711.8144531250
457469466.8707203269 3935678.0927734375
464268385.2807303667 4108812.3417968750
459886802.2956657410 4028054.5419921875
461252326.4256491065 4052644.8076171875
463149882.3946378827 4091859.2343750000
466881574.3752782941 4141067.4501953125
459885035.4424350262 4026564.3974609375
464999953.6689610481 4121123.4042968750
461891836.0916462541 4065797.9892578125
470101863.4929744601 4168914.0742187500
458948280.7325867414 4003901.6572265625
466325897.1428316236 4137750.2949218750
467401146.8228656650 4146984.3115234375
465332937.7432584763 4123185.2861328125
458134694.2544313669 3972751.5996093750
457890515.9263598919 3966820.3134765625
466658881.2171289921 4139683.3115234375
458115725.9247771502 3970508.9052734375
466277396.1052601933 4135070.9589843750
457043594.6257690191 3926038.1005859375
458106574.5011113882 3969788.1044921875
458642887.5745607615 3996658.5087890625
465332937.7432584763 4123186.0732421875
461930997.4141376615 4067055.7382812500
456694873.0930032730 3918876.0791015625
461134080.9830119014 4051764.5146484375
466247278.4943746924 4133728.9941406250
464068941.5425466299 4106193.2958984375
462293459.3989270926 4071569.3525390625
464999953.6689608693 4121091.7402343750
461086989.3489219546 4050741.4667968750
458593279.5398176908 3989259.7050781250
459885035.4424350262 4026571.3017578125
459190231.2695600390 4010064.9316406250
459207680.8796365261 4010444.3291015625
458610565.8335796595 3989474.3857421875
458444884.1604487896 3985748.1064453125
458130139.3758733869 3972738.6337890625
461645838.8772999644 4060029.6298828125
460145119.7622740865 4032976.7724609375
462854693.5829294920 4086015.7548828125
459685033.1544524431 4023508.5097656250
462320803.9116216898 4075903.1074218750
456648609.3637455702 3908160.6601562500
466885135.0067216754 4141862.6875000000
462412892.3513281345 4076986.0488281250
463269955.9547463059 4093692.9687500000
468218613.7324090600 4157370.7705078125
465831713.2517023683 4128339.1562500000
462429426.7472470999 4077695.9501953125
467238658.0434256792 4146417.9111328125
467535217.9631465077 4149909.6455078125
461722031.9225749373 4062613.5283203125
464491501.3291100860 4111365.0253906250
469932109.4305379987 4166742.5957031250
461930997.4141376615 4067047.8574218750
461708923.7717060447 4061188.9111328125
464068941.5425466299 4106196.8212890625
471366703.9102716446 4174064.1992187500
463442794.0513017178 4097577.1328125000
462086576.8809797168 4068933.4345703125
464142517.0112513304 4107458.2226562500
476146903.0146616101 4195860.9716796875
461214739.8805767298 4051964.3535156250
458611803.5844853520 3992845.5839843750
458802998.8146787882 4002408.0234375000
473541116.2652239799 4188250.2626953125
464693164.8321567178 4115480.2011718750
458022988.8325887918 3969061.2988281250
464142517.0112512112 4107343.9628906250
462682079.9865210056 4083267.7451171875
474305615.4661383629 4191245.0361328125
465567159.7023584843 4124135.8671875000
459886802.2956661582 4028240.7138671875
469129194.9250468016 4163078.1992187500
468676734.4483668208 4159534.7236328125
459095143.5651845932 4007269.0048828125
464323687.3024063110 4110300.2656250000
463388057.9531033039 4095795.9248046875
462251836.7341479063 4070165.9912109375
462572616.7690159678 4080069.9375000000
463696436.7758962512 4099345.5917968750
463442794.0513016582 4097573.6875000000
470531954.1214793921 4169397.6552734375
462954233.0011740327 4088753.9072265625
468202657.0158298016 4154748.3291015625
467569080.1398541927 4151254.4824218750
467603339.5791307688 4151606.2421875000
462318279.5488432050 4073127.7744140625
460195042.8921063542 4035665.9648437500
459631727.4478207827 4021801.2158203125
457206305.8080468774 3932395.4443359375
456957707.8664112091 3919574.3417968750
456876155.7996330261 3919031.3896484375
459847754.4091649652 4026274.9033203125
461391814.1784663796 4056212.8925781250
459619620.6383866072 4020220.9414062500
461615013.4743418097 4059292.2099609375
458216134.4939929247 3977545.6806640625
467238658.0434256792 4146422.2705078125
459886802.2956661582 4028248.5205078125
463087625.3858454823 4090390.2138671875
470772611.9981837869 4172302.7626953125
464307152.9064875841 4109562.4765625000
459145738.8188217282 4007299.7548828125
463998147.5946931839 4105262.7773437500
464323687.3024063706 4110590.7656250000
473423172.3053967953 4187847.2685546875
459876628.0333767533 4026529.5693359375
466234017.9175333381 4133412.2939453125
471672726.4841177464 4176574.6357421875
460799169.7590290308 4045119.2919921875
460345795.0269539952 4037214.0419921875
468820608.3083292842 4161462.3789062500
463840167.8313809037 4101505.4980468750
460051200.9644756317 4030608.5556640625
475844180.9502476454 4193587.8007812500
466259831.0998080969 4134973.7636718750
457803470.1449165940 3960733.1386718750
457146772.2160534859 3927907.1376953125
461853195.8280901909 4063028.7841796875
464179415.2460222840 4108726.1386718750
457170533.3413414955 3928007.0175781250
461839118.1888392568 4062890.3710937500
464439810.1018181443 4110858.7089843750
463595200.9410585761 4097694.4511718750
469819967.5198394656 4164824.0712890625
463981511.2249640226 4104616.5908203125
462011398.8192203641 4068545.2392578125
468676243.8769966960 4158917.3808593750
473250827.4772964716 4186502.9423828125
473250827.4772967100 4186811.4228515625
458411473.6493190527 3985021.9248046875
473864336.7457674146 4188403.9033203125
466494133.5700265765 4138410.2343750000
470602868.9652522206 4172083.2158203125
466601195.6064837575 4139627.4082031250
472218843.4880883694 4179826.8789062500
461258865.1821115613 4054763.6240234375
467603339.5791306496 4151574.7050781250
466291756.1314040422 4135655.3437500000
461720587.0553424358 4061412.3330078125
460461246.0591913462 4038330.2441406250
475126216.4514464736 4192122.3554687500
471366703.9102717042 4174236.2812500000
458191654.2092478275 3975001.8564453125
457609915.5387721658 3951967.3232421875
457510101.3214395642 3946409.8867187500
464609707.5940409899 4114010.2958984375
466425253.8779912591 4138071.1738281250
472902826.9199721217 4184564.8476562500
473467239.5576222539 4188210.9345703125
460500613.9944243431 4043427.9941406250
458534628.5278102160 3988671.1640625000
457510101.3214395046 3946408.9345703125
457789394.5727831125 3956099.2333984375
466309362.7469125390 4136881.2441406250
460876971.3450765014 4049138.3652343750
471432487.7975003123 4175485.7910156250
458282033.6621514559 3983119.7187500000
469259235.1844823360 4163884.2724609375
459513021.0646691918 4018198.2041015625
462786141.7623197436 4083487.7392578125
467524720.9306739569 4147718.5761718750
472938953.9089497924 4184659.8515625000
461330024.3938322663 4055116.7646484375
462310472.5870401859 4073033.2656250000
471492347.2689098120 4175565.4687500000
460414648.5521925688 4037339.4062500000
475347399.2882766128 4192943.8759765625
459598759.7098682523 4019616.6210937500
461870951.2574289441 4064347.2724609375
459454727.7851876020 4015438.2275390625
464505876.1448416114 4113818.4804687500
465914448.8322376609 4129128.7783203125
459454727.7851873636 4015366.6201171875
462158776.7329900861 4069284.3964843750
471699629.5071668029 4177452.3085937500
472938953.9089496732 4184619.9707031250
462170508.1606922150 4069511.8212890625
467063535.4031420946 4146369.9599609375
462158776.7329900265 4069279.1933593750
470602868.9652521610 4172077.6591796875
458468514.4955964684 3987813.1044921875
467603339.5791306496 4151547.2500000000
467649864.9018380642 4152010.5703125000
465914448.8322374821 4128998.1748046875
457836834.9526664615 3961563.5214843750
464427518.7516057491 4110635.7910156250
457642275.5845785141 3954463.8291015625
464609707.5940410495 4114142.4189453125
470559493.6375619173 4170701.5166015625
459558580.5344704986 4019225.8066406250
471265942.1294205785 4173156.8906250000
463880404.1702837348 4101549.7080078125
472938953.9089497924 4184868.0488281250
457642275.5845785141 3954464.8212890625
472781942.8490837216 4183755.2910156250
463941991.8088854551 4102934.1083984375
461880390.9743701220 4065593.9443359375
472658350.6484529972 4182344.0400390625
469879826.9912490249 4164911.7275390625
472780148.7809531093 4183097.8300781250
462249631.3946371675 4070002.4658203125
461870951.2574289441 4064339.6220703125
473097099.3115091920 4185746.9843750000
472590922.7874801755 4181359.3623046875
472399242.4499656558 4180408.9716796875
