374137304.4746265411 152213.0256137848
399851124.2510275841 168083.6576690674
375171488.2221367955 153258.9518299103
396861327.9868986011 167343.8990783691
385107198.3595652580 162130.9665222168
393712409.6088932157 166235.4265747070
402505198.0242422223 169043.0075988770
385102015.7478558421 161966.5975952148
388322093.2652699947 163941.0063705444
383438069.2863194942 161534.9489440918
380221306.4801083803 158800.2800827026
379033693.4310323596 157896.6417045593
380466529.6114485264 158968.2058792114
375505726.8531484008 154557.7583560944
381769450.6415174603 160004.5849990845
387214088.5250576138 163286.9017105103
395452776.4171407223 166766.3457489014
379823883.6378362179 158650.1079463959
374820848.2128216028 152215.5718708038
386220195.3619405627 162964.8835754395
380185457.5697830915 158670.7873649597
393828914.0061206222 166522.9275207520
393712409.6088933945 166235.4825744629
382034582.7249076962 160012.0802307129
400296852.8025754094 168395.6427917480
390713366.9373289943 164852.3335342407
378339123.8142207265 157220.4820346832
399974732.2550649047 168198.0048675537
382643429.0969817638 160331.8538360596
405017409.0047452450 170185.3850555420
370630196.3844654560 145570.7765979767
370645748.5525279045 146310.7815189362
381319618.6228045821 159835.2333679199
376915063.8776149750 155939.6102237701
380571725.2119405866 159178.5924148560
372929074.9960049391 151208.3692932129
389433386.4735051990 164342.8532180786
382516911.5716413856 160262.5166664124
381257140.8235380054 159803.2739639282
393062233.9368480444 166078.4964294434
397450414.3143526912 167554.2393493652
390290592.3845863342 164675.0064773560
382125463.3732285500 160120.7580718994
385836253.0454264879 162598.6390991211
379644119.5832934380 158160.0097732544
372745615.0004473925 149878.3431243896
389078790.6216202378 163994.6895523071
381064046.8065762520 159579.7438430786
391442356.5233374238 165449.1521377563
398136307.7470873594 167764.1317520142
387232742.9629791975 163425.2231216431
379591436.4594075084 158060.0062656403
372217532.7489292026 149390.6974878311
371845937.4167530537 149115.4520807266
386853282.7779943943 163208.1866455078
371680160.0787636638 147417.3988094330
400121967.7816675305 168207.8256072998
400853114.6302480102 168726.5352783203
375177003.3896279335 153381.9960803986
406923583.2121606469 170371.7777252197
375403213.7559456229 153424.2509479523
403081319.4628829956 169242.7304992676
394332937.8540120125 166566.6569519043
403562333.3453850746 169444.4866485596
372570657.8931325078 149411.4572706223
398900832.6465412378 167842.9795074463
392954970.7231410742 165854.8433837891
398537336.2288056016 167814.7401275635
399117156.6721333861 167924.7950744629
408191403.1602243185 170534.6952362061
378103959.4372186065 156827.6124057770
378655151.6107334495 157514.8929843903
378675045.1207855940 157630.5721225739
371816998.3111320734 147873.8997735977
402909967.2613283396 169162.1142578125
380366969.6231849790 158939.2119598389
394681400.5876554251 166609.2485961914
377523280.9820345044 156810.3151645660
392075972.3673677444 165494.9500427246
390159166.3993791938 164664.1773529053
407306377.7711215019 170379.9262237549
376254691.6369899511 155192.3709201813
379490887.9529716969 158032.1747226715
384670777.3150663972 161675.9849243164
395805661.7302887440 167148.1411132812
374830362.1356408596 152298.6088714600
385761045.6765742898 162355.5712432861
371432237.3206831217 147352.9054012299
392170581.8918135762 165686.1202392578
382135461.4549906850 160236.8359680176
376570631.9824150205 155914.2937564850
392865172.9822334647 165719.3609924316
389289144.8981904387 164182.6024246216
402755512.2556133270 169043.5567626953
390770656.9107751250 164973.7958831787
384967521.1474519968 161686.2047348022
372916890.3465213776 150293.4842987061
395792976.8509201407 166944.2002868652
391117453.2069043517 165033.3923645020
377513447.7448582053 156100.0341587067
402011572.0732637644 168797.3680419922
380667683.4827699661 159335.0908889771
373895203.3214360476 151873.2387847900
405845584.8635874391 170356.9048004150
382646420.0998233557 160870.7475585938
372745615.0004473925 149878.3991241455
383356015.0139179826 160877.0988769531
393699044.3835902810 166090.8971252441
375910259.7417902946 155167.0509738922
377062023.8805413246 155987.3079319000
412173307.9316104054 170846.9491424561
411934857.7326494455 170783.4586791992
389798330.0999072194 164441.5520629883
374917807.8842549920 152437.1715412140
390153395.3969075084 164457.2509841919
404574880.9464238286 169914.9279632568
397935260.3894295096 167566.2339859009
378121213.2916277051 156842.8514041901
384222921.8560405374 161604.5021362305
385740170.2751264572 162217.0850830078
387625156.8765580058 163531.3856811523
375086667.1703457236 152455.9392547607
371830015.9815735817 147875.8787288666
371360330.1868292689 147033.7739849091
