589722138.3973445892 1178843.9103597766
590199637.9958733320 1207005.2751302561
592344028.0930818319 1344430.4775545821
588539223.2152584791 1089407.7400194872
588651426.4716964960 1097511.7560498025
589130905.9312555790 1138348.4351735660
589650453.1863564253 1178607.2711996203
588356015.3905129433 1071749.4699258511
589056883.6381202936 1128944.0725738173
590568426.6517796516 1237198.4850728996
596845020.2233223915 1521899.1591265090
644700960.4343891144 2370706.8616180420
612267574.7744036913 1944979.5589844235
590686545.0169794559 1247744.1174944788
590991895.3095041513 1263848.6026012748
592193936.8223582506 1334903.8454044994
592839740.0961178541 1374403.7063456038
595562842.5878944397 1488358.6119795523
598037718.5077722073 1573249.4321798293
626387397.9256967306 2176167.8568638917
614869946.9992607832 1971784.3452285689
709790940.5726498365 2950629.8520507812
612932227.9039115906 1955045.0465417490
589252348.3436518908 1147751.7487241575
588856752.2127845287 1111457.6430294318
644351608.9907965660 2355132.1084136963
622716523.0705370903 2088041.4004925429
610560363.6808967590 1906338.7006645917
612774519.3539816141 1951569.0267663584
607291930.4236805439 1853637.7833463524
626719902.0482130051 2181216.0631169435
645347634.7450400591 2387650.5093231201
609751381.0660295486 1900118.5983801347
622870508.7757898569 2094669.2074145433
589418631.9527716637 1158462.5733236438
617332710.2686216831 2036559.5976603478
708797659.5608772039 2934020.5029296875
612560125.6429209709 1946328.6834351071
588691392.4694703817 1098551.2073293002
594998429.4118742943 1465536.9053450308
678552741.1432729959 2681750.1111602783
678921113.8659232855 2690173.3264923096
588517335.7536965609 1087951.1994493906
645210175.4992692471 2384909.3413543701
626197392.1207820177 2170783.3987213671
591981030.7431863546 1325232.9993385074
612690350.0493768454 1949116.2781259068
623493087.8879567385 2108044.8482769667
595470194.6875312328 1487643.5436715491
625076526.4968314171 2141975.5967973657
607733933.5303384066 1863071.5707345468
596579022.1155725718 1520324.7684884295
600001223.9600969553 1636401.1141501358
611977379.4992495775 1936970.8908936032
615849427.8151314259 1996124.8991407454
605883924.0369570255 1801540.6023606521
604491578.0824017525 1768906.8034770128
592116044.2353605032 1333112.1942847965
598893672.8713150024 1606101.9953597700
600009670.0908610821 1645888.9532860210
644778059.4244085550 2374767.7187957764
697277489.0566983223 2835050.1773376465
697369062.2192339897 2837388.7369079590
607836151.7372219563 1870025.7627758619
588162644.1645351648 1046642.8259209251
595788372.7201188803 1494309.8804129965
588776689.0217880011 1108478.7094481536
591550845.3456685543 1301457.5854951460
651229477.4132928848 2438161.4637945015
589920518.0824681520 1198126.9326362973
613326640.3877050877 1967643.6882568845
589497574.2378603220 1168594.7594397101
590321845.2715922594 1223291.9679792058
590934330.8570715189 1261790.4147725292
592211028.8403590918 1339723.1366784160
608291410.3929873705 1873356.2011552316
644441402.2021099329 2361000.1420135498
626020257.9333928823 2165715.7210592814
611931561.8391050100 1932189.3768860349
590811285.7606037855 1251533.8377382606
591925645.9704531431 1323545.4341590423
594023768.7110044956 1429229.1495415575
595216548.2417858839 1475668.5095681555
654615957.0114114285 2465630.4865586236
630873880.9268035889 2228596.2869068384
630365364.6196854115 2219612.1290131994
591430387.4175719023 1294713.7789110560
588196568.2997096777 1050608.1541848243
590449621.6621320248 1231660.1462042462
592140859.6588267088 1333267.5922340152
595251407.5855720043 1478609.7844385586
633300452.5080779791 2276961.6025468297
612644325.2001208067 1947031.5593565651
615348682.5237827301 1987290.4181549768
615255375.3819452524 1985983.7527802209
591476138.2840495110 1297013.4593205638
643974328.3865730762 2353930.0555267334
693191766.2771532536 2793386.1253967285
588401077.1253813505 1075496.8255014126
592030999.9423745871 1326505.4004765337
591665529.8037555218 1308270.6444980223
594574159.6424075365 1445781.4628793679
590356816.0394419432 1224416.8137681065
590973449.1191837788 1263402.6462078746
591202679.9645123482 1282186.5037888438
599374119.5755182505 1620112.7099617412
625691770.4319348335 2155371.2287816163
612049523.4335098267 1937594.0389038571
590667033.3710880280 1244894.3780341409
650324780.1667656898 2425080.7320191339
626052092.7928382158 2165967.5585240480
591993626.3780081272 1326014.4136027806
593936331.8809461594 1426920.0459101803
700083325.8290551901 2850632.4071655273
706977535.7912015915 2896594.5753173828
624631482.1735844612 2134487.4338029809
611661473.2945522070 1924348.8866151602
602584099.2014442682 1720738.8997720189
593231408.2420181036 1394016.1547028152
625646865.2323378325 2154009.0945347901
602327242.0003994703 1710408.8535643525
589968425.2775889635 1199651.0641076695
611827978.5973401070 1931736.9642195324
601332735.0072784424 1681728.1941289483
610716052.3636081219 1916735.4565434679
589465636.8266731501 1160944.4662854588
599149142.9544417858 1611341.7475108225
591721277.7575994730 1310758.1202860307
644849182.7528350353 2378820.6855316162
595801091.6574610472 1495260.1471157211
644997828.2592630386 2384277.6697540283
592709477.8751393557 1367529.6500514308
598956620.8225950003 1607633.2091582930
623821757.3057494164 2112136.5212177429
617739648.3653019667 2050280.2818797082
617504985.1170915365 2041965.9278147668
589167865.7317205667 1139330.4666848728
641643515.0655767918 2316320.3600896001
644628756.2326290607 2365542.9767913818
598684115.0386809111 1590095.5260720877
644773030.4870995283 2374614.0922088623
633194871.3738293648 2274590.1633836217
625947761.3470906019 2155423.0598363038
603844270.6553045511 1753546.3104393121
589349808.7459934950 1155863.2767069107
638921289.3524650335 2288066.5052916259
638413501.0852025747 2284760.6605650634
603560647.8944382668 1744383.6365067151
600652557.4518456459 1659936.4048170364
610363724.3258581161 1906314.8101791346
594879285.8764277697 1462508.8612832434
603272144.1041601896 1730412.2821536597
696604158.6075603962 2822719.0874938965
618570819.7824621201 2053271.8534815758
591577786.6009806395 1303579.5463192314
597285260.2420805693 1554639.7544158734
596301161.3565779924 1516235.8753980435
597836687.2508409023 1566263.6053674258
643730220.2498044968 2349640.9309997559
594274239.0444165468 1442428.8546533070
597456431.0954539776 1560081.2973035611
588202895.8117280006 1055849.1381311272
589771271.9954432249 1186140.5124005442
598833929.3726537228 1600992.9207896311
597381716.6319134235 1556429.0465091504
608576341.0514547825 1880206.6756371560
594437907.2705520391 1444004.7281789191
608743845.3385668993 1884179.7060380441
602402477.4345227480 1714149.2089656300
604049212.0135080814 1764776.2517046568
688613224.2474806309 2765546.7397766113
688861563.7914323807 2768707.3603820801
595360130.3541768789 1481214.1763262234
627909665.5092424154 2195796.0476597901
603908300.2555688620 1757822.2485842344
622888339.8008219004 2099450.2953730598
604153459.1239296198 1766645.2107303676
599632513.2756009102 1625230.7998836925
625034596.4533356428 2135813.8184465356
661656666.8282631636 2566173.5304565430
653453831.7147511244 2450142.6748657227
662067042.5289736986 2569162.9457397461
605963004.8945820332 1808660.2221378919
600878349.1632139683 1669608.8770278555
707404080.8976777792 2928623.4953613281
617212453.8558695316 2031462.0451883525
593309615.6773663759 1396297.5902751526
597267646.5720448494 1551890.2766822614
609080325.9308609962 1894699.6111588937
602486098.0100214481 1714258.1150124974
593763806.8905919790 1416094.2217258057
696986169.1292732954 2828554.6469726562
589909758.3605885506 1192443.4571809601
615929385.4846373796 2004490.8360165060
596452684.3327898979 1518489.9544910230
593461090.6314496994 1401664.6908630459
596259166.9959805012 1508112.6043954364
595989621.6719032526 1502220.1538086405
598172484.6306834221 1579641.7245056836
601169005.8746296167 1675325.0331252676
599249075.3830343485 1612601.3775733626
617281376.9323443174 2031479.1257670373
594260269.1380277872 1441342.4999837663
603635559.1360267401 1751207.2673220274
616850346.8012096882 2028724.4778744373
616652830.9150614738 2019838.6914974842
622428642.3643258810 2083936.1843042877
603120529.4296873808 1729744.8041456577
709087356.2115520239 2944925.0375976562
709209401.9420393705 2948157.3813476562
625955937.7864468098 2155816.3568638917
594060953.1312854290 1432492.7877976305
661472595.6620346308 2538390.6984100342
660783452.0790892839 2531355.1369018555
674928434.6731427908 2657843.9486236572
603889426.1558856964 1757454.7073244688
595061538.5930937529 1468700.3420152075
598507867.8521550894 1589411.4889051097
704366196.6559150219 2891282.0906982422
595193740.1583442688 1473283.6725816138
610676340.0158190727 1914240.0263943861
599632695.7895103693 1626406.9061425244
592619367.3095155954 1361933.5630152980
621970226.5174415112 2072949.6753948866
599776482.0696665049 1626428.5838042414
603718673.6596598625 1752179.9753298399
708996210.4532512426 2939751.2761230469
687193116.1007695198 2725186.9179887772
611234317.0635063648 1923842.4802910935
608289191.5120496750 1872246.0079293710
627343667.5106149912 2185352.8020067532
627389828.5156075954 2185712.0427294094
615252781.1307203770 1976304.8283329506
631965742.1774773598 2251595.5379563756
605911922.0140818357 1806026.0277409193
606464319.2979891300 1828518.4547733900
669060909.5730261803 2593232.2438049316
592456321.5411864519 1351584.7875178615
605728330.0466461182 1800247.5639197093
606970277.6350769997 1849039.2805790540
607385075.0818908215 1859266.8499149915
602033220.3607560396 1699305.6042169041
665126515.2203955650 2571321.0967712402
596168946.9439556599 1503350.6679880924
591854452.4758534431 1317098.0595282232
658695127.0783568621 2509462.7274093628
606398553.3287146091 1825830.4603843160
592083444.5971120596 1331191.3955767909
681307921.5893284082 2698826.5834350586
593070363.2741050720 1384769.6063525116
602284515.8401172161 1709064.4643166966
658027913.2649806738 2505365.9868698120
657992078.1962101460 2503434.4063644409
669322007.5390976667 2612426.3917541504
606341209.8129330873 1824102.4266328078
606177515.6986365318 1820934.6827058059
592285716.8219754696 1340200.2305987636
608339323.9538334608 1873612.3034615975
591886989.1080886126 1318662.0016902247
621175227.7916293144 2065834.1295164255
620388064.0610100031 2062886.2801511912
651843533.6203083992 2448544.9798374176
631706728.3777778149 2245457.2130967565
652902628.6912338734 2449102.7324447632
684708260.7152225971 2704547.3356173038
603616919.7935047150 1744893.1873625976
702251653.9691256285 2853147.8591613770
624336612.0169725418 2115777.9306584839
600671974.5788136721 1660206.1657548985
607470997.7071020603 1860740.8367585402
601415185.5772303343 1683950.6482863287
604862137.1129336357 1781257.9122771483
608785666.9819191694 1885013.9007267219
605469747.7224757671 1791057.3721970778
602370438.4653289318 1710538.4511602453
603358097.0724018812 1741215.8728340201
599884093.9224783182 1633383.1668986222
629967583.2550101280 2197207.6468232684
650239276.8517436981 2404902.5112548135
673566167.7301951647 2625457.4128417969
643362437.1297799349 2345405.4671173096
696207582.3262639046 2795530.1009216309
642249640.9951386452 2331909.6249542236
641427500.7912836075 2315083.8366546631
654266428.0430985689 2463991.2750549316
657055070.9585890770 2488019.5308189392
606730671.6958169937 1832833.2484334570
703909797.7145067453 2862350.2724609375
696208859.9474358559 2798893.6159362793
597977081.3246127367 1572001.4535028897
598038095.0456347466 1574458.9280264922
651174031.9804950953 2428238.7356719971
598356235.4090430737 1583621.5425384587
640350857.0321154594 2310317.0057830811
640185849.9991896152 2304330.3447723389
654125777.0272765160 2458456.4207458496
653931528.6282298565 2451822.5968322754
643270742.6519156694 2336158.7376556396
643167648.6368603706 2333941.6723327637
686549092.2258348465 2711424.9355010986
