883103350.3796551228 14304662.0839843750
874566661.2208211422 13632216.6171875000
874268089.0550591946 13620206.1152343750
874303160.2962086201 13625999.6484375000
940121727.8742843866 15122905.1777343750
933936716.9797384739 15119720.7070312500
933850374.5983508825 15118871.7578125000
879118746.8950663805 14058783.4335937500
880062546.8780924082 14152230.2695312500
874627066.6178539991 13737025.6601562500
881523990.1479911804 14226950.1640625000
889958048.3645788431 14541771.8847656250
879509629.0684822798 14103213.2128906250
875162396.4876253605 13813721.7148437500
873580201.0343478918 13554782.7363281250
873605570.7132650614 13560334.7519531250
880710194.6563798189 14179011.7148437500
875302421.7887556553 13815054.4746093750
926088286.3696290255 15073786.3417968750
877912894.3285723925 13987842.6562500000
880780507.5077134371 14183497.8339843750
879612697.8397871256 14114875.9941406250
877737350.6530470848 13970434.5820312500
880102303.2652686834 14154892.2988281250
876347338.8733731508 13909887.9785156250
882979985.4766862392 14295970.6816406250
874977347.2640681267 13805072.0605468750
874239443.8345880508 13611488.7988281250
878616757.7718708515 14050363.5429687500
926572456.5988142490 15082757.7675781250
880235664.1584903002 14160739.6835937500
874726171.9935905933 13745175.9433593750
880350346.2837150097 14175490.6210937500
874808786.4098083973 13756792.7871093750
945881910.6193714142 15146675.2500000000
925936471.7542976141 15073713.9667968750
881096935.2722808123 14202349.4726562500
889383473.4024728537 14522921.8593750000
875131943.8274679184 13812629.0488281250
875767890.4269448519 13863415.4843750000
879797110.0120830536 14133668.0742187500
875855755.5972064734 13866480.3203125000
880257142.2643393278 14162337.9101562500
926094817.8000365496 15076160.1660156250
877252945.6256958246 13949457.5839843750
875588512.7869063616 13860565.4863281250
887440688.9372614622 14454086.7929687500
884241440.3101195097 14351419.5097656250
879722639.2051703930 14120713.2812500000
930443740.2631473541 15102385.7851562500
930535065.7775597572 15108213.8652343750
875426015.3326098919 13816067.1718750000
876784045.7702894211 13927116.1933593750
876314942.9952964783 13877212.1894531250
877423436.1222370863 13964399.7753906250
933687397.6385911703 15111961.3417968750
930475941.9570305347 15104356.8964843750
889056325.2171319723 14510085.5058593750
878701721.6549967527 14054531.4160156250
929886804.5012177229 15101930.8027343750
929917887.1165486574 15101985.7949218750
928871486.5363615751 15094722.2480468750
874752075.8961540461 13752912.2285156250
876788463.0239520073 13927397.2832031250
875432947.7114431858 13859484.6992187500
928497845.2864243984 15090334.1132812500
876035917.6476832628 13873568.6269531250
875733669.6415214539 13860945.8710937500
876188153.0708812475 13874046.5605468750
874761431.9947850704 13755478.8671875000
875927514.4050911665 13871002.9335937500
876495674.7123348713 13923688.4804687500
884831280.4238998890 14378987.9472656250
875432947.7114430666 13859187.1445312500
908123305.3350223303 14921993.1933593750
873729834.5785268545 13573755.9199218750
877754132.7162736654 13982737.1679687500
877839425.0653856993 13987003.9980468750
881495851.0452014208 14202436.7832031250
874941156.5596382618 13764316.5566406250
874941156.5596382618 13763985.2871093750
880907974.9642125368 14183786.5566406250
879212206.5234874487 14088051.4023437500
874398016.4906589985 13629421.2089843750
876788463.0239516497 13927391.1816406250
876979985.7637104988 13938257.8632812500
929549483.0239113569 15100726.5175781250
879369532.1734619141 14100185.0312500000
937787099.0874556303 15120193.1250000000
879242396.9211649895 14095681.1230468750
874941156.5596382618 13763990.5117187500
885347215.6376250982 14387321.3222656250
885044847.9180859327 14384424.4003906250
890064599.9637861252 14545211.4394531250
889172893.0976369381 14515974.6777343750
889172893.0976371765 14516487.7910156250
889404625.9866985083 14527032.8554687500
890053475.3164769411 14542363.5410156250
940681698.3297891617 15125009.8496093750
877968771.8313987255 14024158.4746093750
881986798.5180239677 14250305.1289062500
885486675.2823760509 14391381.3671875000
873791017.0381370783 13576044.8730468750
878817236.5675375462 14057417.0917968750
873965132.1359583139 13592674.9179687500
873822799.1002126932 13585026.7871093750
884006301.7209503651 14333990.5136718750
943265762.4912655354 15138453.1484375000
881658567.9014312029 14228365.6914062500
879456602.1321653128 14100798.1132812500
945235775.3939535618 15143846.2695312500
881516775.4424299002 14207272.2539062500
877945596.0515439510 14008208.3203125000
874052886.2265242338 13601534.2851562500
883825168.2976356745 14331447.0761718750
876337864.5120805502 13886401.4394531250
942932307.9802924395 15137727.5117187500
883462763.3459166288 14314809.9785156250
942020479.2032672167 15135696.6542968750
880959128.3608831167 14193833.2968750000
881724831.9085893631 14248416.4843750000
882132510.8860236406 14270159.8867187500
941546641.7105201483 15134960.1777343750
891651006.9480652809 14589950.5820312500
941457197.2697943449 15130509.8613281250
882624752.8060984612 14283051.9589843750
882184867.4284873009 14274911.3671875000
919024527.9007080793 15038097.3613281250
878518071.0861895084 14039806.1699218750
882792830.6052887440 14293366.0839843750
941141139.1478950977 15127767.7675781250
878283131.4622787237 14025516.8808593750
878459027.9145510197 14036700.1875000000
882718087.2874217033 14289267.1679687500
882406403.5814981461 14282118.5625000000
941252630.2082751989 15128574.9355468750
945577118.0708988905 15144427.1093750000
945403960.0046621561 15144092.6679687500
878769166.7457883358 14055404.0371093750
893910329.9974688292 14646913.4882812500
919835372.7766250372 15051165.6425781250
882579120.4906250238 14282407.9121093750
919719932.6226954460 15048414.3574218750
882579120.4906245470 14282153.1191406250
882846288.4953073263 14295453.7910156250
889832118.0639674664 14541470.0390625000
885255128.2739841938 14385601.0917968750
876292990.2434784174 13874411.2343750000
885354732.8322759867 14388409.6523437500
890670220.7417030334 14562679.0976562500
919304546.8894184828 15043786.6503906250
927584013.5629935265 15087406.5097656250
912592878.8110806942 14982124.7968750000
945065528.9071583748 15142896.2734375000
928585605.2255852222 15090731.5566406250
928591826.9133334160 15093666.4843750000
887922065.3773084879 14474347.4609375000
944423399.1440165043 15141517.9589843750
924559701.4003148079 15071924.4550781250
923733675.3012123108 15066826.5332031250
924126504.9619680643 15067579.0957031250
890880690.2509251833 14567972.3730468750
940308306.2020777464 15123187.5839843750
929241658.1196490526 15097150.8847656250
917384553.8392142057 15030349.6347656250
917384553.8392138481 15030333.5175781250
917512540.0029027462 15031161.4257812500
917539432.5984252691 15032582.7421875000
917574820.1961439848 15035881.4648437500
887043886.4475193024 14450293.2539062500
913688456.0045493841 14998202.3671875000
888554336.4589328766 14499344.2890625000
888554336.4589326382 14498899.8398437500
913875672.7762171030 14999286.0058593750
943543241.3200905323 15139985.2011718750
888016566.4202777147 14484935.2812500000
945282173.2247333527 15144067.0898437500
908614805.1863555908 14941114.7011718750
908771118.5925841331 14946625.2226562500
910004332.3825004101 14966444.3691406250
886147121.1910285950 14419259.4218750000
886566990.3488856554 14435897.9414062500
908140804.9471814632 14934488.6640625000
886271352.1133332253 14427756.6562500000
913560611.8470944166 14996311.7421875000
884414709.9396897554 14352084.9707031250
886774233.5795340538 14441382.0937500000
885861118.5190782547 14414558.3671875000
885580850.5911781788 14406335.5273437500
884606108.0689182281 14358583.6464843750
914756241.0128487349 15011200.2324218750
907269871.3225812912 14918070.2343750000
883631885.4429795742 14326511.5078125000
906905966.7994376421 14915441.1113281250
906528852.5015281439 14913724.0878906250
906528852.5015280247 14913563.5214843750
940409275.3045556545 15124157.4667968750
886795400.9988324642 14442550.9082031250
887529335.2166372538 14462259.2187500000
891535113.7851552963 14584537.5800781250
908324264.0419931412 14935089.3339843750
908622980.4992579222 14941616.8203125000
898777800.6087765694 14769343.3085937500
904070715.3057420254 14877502.8320312500
939650687.5016536713 15122103.8730468750
905364926.8322066069 14900404.9589843750
905828609.9306492805 14907171.1914062500
905448293.6201443672 14906249.3750000000
906160373.8801406622 14908761.6855468750
902694507.6668437719 14847569.2109375000
902873512.0473263264 14855925.3378906250
902824282.5545616150 14854437.3925781250
914301442.9430664778 15007328.3046875000
902224776.6022663116 14838496.5937500000
901028188.4133005142 14814386.3632812500
915027804.1709414721 15017279.6796875000
915150536.3316184282 15019093.1230468750
914015376.2114174366 15005671.6250000000
915449781.8293559551 15020669.7910156250
888867543.4051908255 14509025.7382812500
888179823.1152272224 14487316.9257812500
897488522.2025221586 14743772.0859375000
924448042.2536195517 15069789.0156250000
924419756.0543956757 15069091.7343750000
904751118.5808871984 14888297.3085937500
902645165.8291510344 14844946.0839843750
905035266.4426739216 14896412.0468750000
892212898.5614924431 14611254.8027343750
891710643.1755439043 14595556.8027343750
890380624.6647964716 14557240.6210937500
891826370.4959852695 14597413.7675781250
893078003.6357822418 14636564.9453125000
892367362.1944572926 14618071.4511718750
903679985.9428261518 14868999.4941406250
892754063.2146121264 14629376.5371093750
896827835.5818566084 14735200.0781250000
896845037.9537873268 14736037.5332031250
893277670.7825523615 14643066.1894531250
889585576.3945542574 14529463.0800781250
890194916.5473477840 14551046.6074218750
893400064.8735008240 14644293.4687500000
916976688.3988624811 15029982.5859375000
891969460.5556919575 14603326.2050781250
894370409.7992733717 14671374.7031250000
888317830.9025875330 14491798.6621093750
902065780.1324379444 14829607.3027343750
894065848.5086909533 14661502.8085937500
890964341.6731089354 14571535.1484375000
890379540.4501849413 14552107.9726562500
894685187.6255226135 14677859.9003906250
901245672.6481323242 14820414.9511718750
914526810.0768578053 15010243.8105468750
914538172.9483728409 15010285.2812500000
914916690.0494273901 15012599.2949218750
910205195.5628767014 14970344.5703125000
911091422.4854061604 14978045.5996093750
899768681.3371266127 14788125.5351562500
900856293.7076367140 14810471.8652343750
912782965.3653182983 14992351.0898437500
911172608.4814097881 14978974.8144531250
911172608.4814096689 14978942.9316406250
908853930.8339899778 14948138.8886718750
908911180.3130400181 14953685.3125000000
900165705.3182450533 14795923.1269531250
911172608.4814096689 14978934.8417968750
910708155.9264267683 14972407.1933593750
909333370.1593297720 14955537.6074218750
909475706.1688687801 14961803.4414062500
896406196.7648054361 14721094.3730468750
895578167.0873645544 14704041.8652343750
899354119.7011963129 14785295.1718750000
898872124.7472848892 14775206.3359375000
897646006.8214653730 14749137.7167968750
899468559.5793056488 14787465.0507812500
895479702.2340630293 14696416.5000000000
895429396.3839484453 14695872.5625000000
895860466.4186793566 14707287.0761718750
898894146.5539994240 14776879.9375000000
911322321.4844198227 14980476.1503906250
895133990.3824422359 14687448.4277343750
895204925.0834093094 14690530.7285156250
924072823.0576406717 15066940.5292968750
922291154.8813664913 15060751.3515625000
928079564.2355113029 15087885.7382812500
922380465.9300161600 15061066.8203125000
921677816.6212972403 15056170.4394531250
923086748.5774301291 15065285.5351562500
922065373.7981439829 15060042.9941406250
920903219.3514100313 15051708.2753906250
920975871.0261986256 15051807.2402343750
920903219.3514099121 15051677.1972656250
923587062.0806610584 15065445.7636718750
919513781.7864911556 15046848.4042968750
918339307.8213983774 15037839.4746093750
919379833.3616757393 15046214.3691406250
898609356.7521694899 14766975.5214843750
897615809.0431178808 14745565.0585937500
