90218732.3673997819 49933.6390398443
90674201.6032424718 51796.1320716413
88587172.5966218561 41250.9054685710
88784844.7327458262 42557.0973298391
90299853.6374813318 50536.3473375738
89975523.8439243585 49021.7094744146
90540169.8178591132 51443.7600925863
93674891.8735782951 60519.8308410645
88739390.5570847392 42253.9848374827
88021143.7290424854 36271.8598978808
89604037.1439761221 47186.8798503280
90931089.3277113885 52713.4991427930
88426264.6134176850 39987.9270117581
88221821.0392494947 38085.5942885764
88059153.3200623840 37173.8795521548
88128227.9569122642 37687.8532485459
88443970.9265512228 40339.0249900287
93620575.2382315397 60350.2047882080
91024765.0982028395 53101.5588653982
89660976.4887069613 47708.4865245223
90762222.0487155467 52220.2426222265
88518312.6844448447 40789.5195793733
89385274.6942826360 46193.8977482505
88631615.8971528858 41440.8087783372
91708610.7338936925 55275.2490169406
92906643.7616099119 58687.0158882141
89339953.1714845598 45954.7795848250
93033583.4756467491 59201.4964332581
93150967.1817057729 59453.8135261536
89235999.1713712960 45282.0152563564
88852721.2072199732 43082.4278649194
88441243.2136724889 40300.4159202045
93754350.6240791082 60610.9248695374
92558237.0740229040 57828.6026268005
88318958.3266696632 39388.4863547748
88226910.2556425035 38586.8937871596
92888818.6001369953 58672.6889533997
88495339.2502675802 40501.9007081492
92875594.7442254275 58652.3980903625
92645261.4394287020 58017.8538856506
93732350.0098374486 60598.1776428223
92715316.2413642406 58318.9793739319
88311037.0169584453 39012.0548137976
88671514.0826106519 41728.6543024024
93360232.7525977641 60002.9118690491
88280120.5057954937 38984.8496561982
93964087.3389200568 60907.5936584473
88954820.0128705055 43652.6583682895
88349195.1426454037 39498.8233525893
88539595.2635529041 40816.3700391948
88403085.0879855901 39813.6473814128
92379323.3839671463 57263.6248245239
91932129.7672680020 56121.2530755997
89258945.1681214273 45392.4802991077
88157835.6187926382 38072.9200907685
93039503.0614926666 59236.3836555481
89821479.6789725572 48220.2940386236
93262741.9533116966 59701.7863807678
95413364.1252554059 63005.1497650146
88858544.2509757280 43082.5336481398
88715342.5809050947 42170.6531695975
88590115.0341734290 41342.1023455886
92741595.5909892023 58348.6224937439
93500942.4411452562 60200.6118202209
88654589.3313301802 41728.4276495613
92816901.8663369566 58649.7479820251
90074235.4766467661 49624.4177721441
88761898.7359957397 42446.6322870879
88611397.6132814884 41368.9528054101
88750859.1229616702 42445.1600829512
89074571.2162008584 44364.6109747402
92558799.6111691892 57848.3325462341
89080077.9066909999 44454.2038623691
88973581.7741757035 43658.2507441193
93353277.7414575219 59983.1819496155
90122635.9508021921 49705.4914930761
93507897.4522854984 60220.3417396545
93829840.8091235161 60899.3031311035
90141123.3963471055 49728.0902187526
92969448.2595571578 58935.2581672668
88369099.4782014191 39701.7101345249
94375297.1289834976 61883.2612152100
89731045.9198791832 47914.0209276378
93580079.8144718707 60295.5876464844
88372168.5768226385 39786.4422238134
88923080.6426231116 43467.5076175965
88773805.1197117865 42555.6251257025
88321686.0395483822 39427.0954245990
91340910.4465008974 54199.2372714551
88703445.6843086481 42170.5453730254
88229637.9685212374 38625.5028569838
94101796.2288146317 61132.5606842041
92503429.3688488752 57732.3437004089
88422282.2909271866 39922.5121750906
92968364.6708659232 58900.3709449768
94531214.5126312822 61992.4487762451
88510812.1300582439 40727.2424453720
88249883.6898197830 38874.5126583837
92325911.4187523574 57225.8692621589
88684078.3395734131 41813.7071701810
89459147.2914432734 46791.0822429061
88631643.3345800489 41617.9626068100
88843919.6415005624 43043.8167817434
92529592.3690652847 57827.3195266724
94628705.3119173348 62293.5742645264
88846647.3543792665 43082.4258515676
94529736.3802630603 61987.1152191162
93591527.5108184367 60331.1452484131
88833353.8624847531 42725.5896620750
89486593.7387956977 46797.8330623806
93443862.8111307025 60113.7153778076
94621750.3007770926 62273.8443450928
88899082.3593726456 43278.1704149386
92403315.1552094668 57509.4342432022
89308595.3574957252 45912.2870311141
88930802.3837796748 43542.3213704750
92234612.7910407335 56930.9282646179
88990853.3347513974 44049.9149908535
88723663.9681800455 42242.4013459524
93029926.7487290651 59171.3709068298
94227632.4292957485 61665.8313446045
93822885.7979832590 60879.5732116699
89097517.2129509598 44475.0760174915
92443610.9520159513 57689.3267831802
91292298.6493743807 54074.0619943440
91495867.3638011962 54658.4904535115
89246792.7358622849 45386.9585093856
95071340.9236905277 62836.3934783936
94769415.0004648268 62491.2742156982
92981806.6990822852 59077.3778924942
92175462.4866415113 56922.7985696793
92087787.8796866387 56638.6119241714
89341757.3010062128 46069.4225246608
94130141.6300096959 61364.7058563232
88643540.2311764956 41618.0704033822
93730871.8774692416 60592.8440856934
89289322.2960128635 45873.6779612899
93027059.2911140025 59170.0878067017
94776370.0116050839 62511.0041351318
89651798.9789587855 47703.0118083358
92753954.0305143297 58490.7422189713
89163074.8544128090 45072.2625254989
94368342.1178432405 61863.5312957764
89140128.8576627225 44961.7974827476
89434158.7338023335 46602.0884990096
89139152.8154457211 44940.9233142734
93977505.5088112503 61116.7330017090
92315640.5482545793 57225.2475976944
92625315.5143192858 57991.7758111954
89192563.8626560718 45157.5420461185
93970550.4976710081 61097.0030822754
92672131.7330175936 58310.8496789932
89013799.3315014988 44160.3800336048
88837279.7377392203 42752.8418932101
88827280.0096440613 42725.5876487233
92444279.0644496530 57724.2140054703
89421018.9720583856 46384.1185085475
90651299.5111801177 51670.6829482913
94220677.4181555212 61646.1014251709
88868086.0613316596 43227.6253865883
88583747.5856219977 40909.2084198631
88613079.3342011422 41396.1050035916
90398599.9776055366 50667.9338779720
90256719.1733320206 50317.7089858055
90281707.7309729457 50499.8087401390
90458892.0294571966 50878.7277900251
90045441.5672356933 49487.6598575152
89833937.3452205509 48518.0197466314
89858754.5310603082 48707.0134905279
89898323.2591343522 48788.1151140630
89684256.3756148815 47768.8401401080
90917707.9165281653 52643.8640643628
89109566.9149342626 44539.4833829887
89606170.1051872671 47302.8897570074
90060344.3606291115 49589.5305498540
89696733.4295655489 47905.5980547369
89042312.2975277603 44224.7853857502
89066234.3364948630 44356.1245969757
90423588.5352464765 50850.0336323055
90617829.1256176680 51641.9887905717
88487877.9899897277 40415.7448809892
89043288.3397447318 44245.6595542245
90147511.6685971171 49748.7261033696
89969952.4080520272 48986.8222521245
88983237.3887730390 43738.0659338459
90505011.1297249943 51207.7033890188
90493793.1424897015 51121.7745299339
90529999.6873659343 51389.8031433523
90791087.5048096031 52389.8972852528
91003172.9163263440 53011.8630750477
90787269.5339163691 52336.6199310720
90295575.9475615621 50501.4601152837
90102167.7876999527 49705.3521269262
90535919.2732118815 51424.6903656423
89191587.8204390705 45136.6678776443
89987597.0820455253 49067.9238756597
94983801.7772221863 62618.9636077881
91898967.0461893082 56012.1511156638
89545667.8233041763 47067.9284298122
91717355.3655284941 55300.0863275528
91779982.3318683207 55721.2076425552
90230581.4529609382 49979.8534410894
90236501.0388068557 50014.7406633794
92393044.2847117186 57424.3606195450
92143290.4662851840 56778.9487536033
89215509.8594061732 45268.0070888698
89817995.1881283969 48190.8815325201
91970787.7624361217 56159.6330721457
91112885.5236774683 53493.3422376513
91026593.8544748425 53195.4209062457
90826518.8151148856 52569.5019681724
90476844.3644571751 50937.9709137380
91051582.4121157825 53377.5206605792
89551219.0204043537 47102.8156521022
90373966.1676108092 50658.1621521413
89245386.6123959124 45349.0808098018
89715116.9912820607 47911.0727709234
90373726.7999159098 50623.2749298513
89096876.4815121740 44466.4615947902
89810459.3895786256 48190.8536299169
92250105.6225396842 56977.7047884543
91128715.1251853555 53581.3038206100
89650491.7096733600 47606.0901812017
90927125.2956165522 52698.7867612839
90923143.5825608373 52691.9268018603
91164089.0589752346 53662.3775415421
89773311.1538026631 48112.4820159376
89925586.0357742012 48828.3097837865
89882806.6453781873 48712.4882067144
89761688.0648964942 48020.0526649654
90343852.5187577158 50617.2816923559
89946599.8303305060 48903.9366911352
91176991.6963815093 53697.1253976822
89907202.4740576595 48822.8350676000
89746590.9693023860 47979.6907264888
90975401.8668127060 52814.6083383560
89761448.6972016245 47985.1654426754
91230941.9964345396 53767.2940759659
91807503.7493535429 55849.8969888687
91635423.4505502433 55265.4685297012
89488474.7702741921 46877.6796434820
91391100.0304543972 54498.6708917618
91359611.6148308367 54382.6820459366
91378197.3930481225 54463.9230356216
91549625.3241622895 55048.3514947891
91306292.6047887653 54165.7322797775
91813423.3351994455 55884.7842111588
89425887.4854526371 46390.9601915777
90785401.5410746485 52307.3095806539
91911740.5827450156 56066.8839654922
89511159.8913908601 46951.9395839870
91862883.2491256148 55920.3206644058
92935811.6208867133 58707.5301513672
92612292.9131919593 57906.1147155762
91346708.9774245620 54347.9341897964
89362227.3286741674 46076.2642076910
90221364.3503748178 49945.1755774468
91102723.8903619349 53465.3149747849
90014438.5588623434 49095.9694149196
90713215.4709010422 51810.1507337987
90952468.7691910863 52717.7279652059
91603935.0349267125 55149.4796838760
90695581.0447221994 51800.3608940542
90176257.9624420851 49774.2767173946
91569099.9151035994 55117.9865732193
91484688.6570357978 54643.5752344131
90717669.5759662539 52009.1188248098
91511641.7788444310 54841.8996591568
89519963.1858977377 46993.6684893072
90658014.3950748742 51739.3863495290
91755965.1989402771 55608.6972970963
89366527.5432892293 46108.0315944850
92268935.6083754152 57033.3784189224
91272388.4805543572 53934.3224277496
90657987.2498023659 51723.5688541830
89245280.6932560503 45313.3277834356
92030476.3887857646 56407.1870348533
89242396.9845950902 45306.4861004055
90975520.8558849990 52875.9205444753
90717642.4306937456 51993.3013294637
92243699.1557091326 56949.1606836319
90482949.5464576036 51085.8885744512
91974973.8021871746 56266.8502054214
91731641.0828136802 55465.3047113419
92005514.7359621525 56317.0880365372
91498086.7737490386 54807.1518030167
92071349.0737397373 56502.8618395408
91555544.9100082070 55083.2387170792
89280124.3386081606 45479.0776996836
91254754.0543755293 53924.5325880051
92343161.9657397866 57237.9480981827
92606339.1776923239 57856.0257265647
91890909.2218940705 55977.4032595237
92115309.2971718460 56651.3124246597
89643323.3599226922 47571.2029589117
91725939.4423169941 55393.7874765396
92041276.0037674159 56471.4198846817
92299201.7423076928 57089.4975130637
91019693.8392442912 53013.3213709593
89398754.4283364117 46203.7793043554
