273665923.3547167778 5924147.8320312500
270696311.7825596929 5799866.3437500000
269641248.3075782657 5730541.7089843750
269043255.1363641024 5693741.4765625000
273589439.3240755796 5923215.1406250000
269727010.3908131123 5735518.2207031250
272065023.8524850011 5867395.1933593750
270772398.0452745557 5809199.3339843750
271267958.5739552379 5834593.8281250000
270952646.2135832906 5816718.0664062500
282315837.5516396165 6081757.2597656250
270872929.4383330941 5811351.4375000000
271352552.1064306498 5840136.4980468750
273059527.7160410285 5902665.3847656250
271953719.9441819191 5863493.0332031250
268890437.1289521456 5680236.1992187500
270724895.2034074664 5801875.5488281250
279844145.0918453336 6057257.1992187500
277018452.2487388253 6018693.9785156250
273035597.7033557296 5900924.8242187500
270370017.7486314774 5777222.6035156250
270437554.3160679936 5785672.8242187500
278212407.0190891027 6034787.5429687500
274975959.8021122813 5969276.2617187500
272764205.6432737708 5892875.3339843750
271096314.2690474987 5823337.1679687500
270548277.5476341844 5790390.4550781250
273785524.7259827852 5929552.1054687500
273149572.8100301623 5905487.3574218750
269328178.3005081415 5707877.7324218750
268779523.2600166798 5671274.7324218750
270289496.9907495975 5775192.0312500000
270945737.3146204948 5815462.1855468750
269147185.6060992479 5702186.6347656250
268956447.6532524228 5689094.5058593750
271122813.9843058586 5823470.2226562500
269756426.8557726145 5740925.5195312500
271381112.4368855357 5841140.7988281250
269228285.5295600891 5704682.8652343750
273967063.3279206753 5933527.3769531250
276457131.1933092475 6004374.9550781250
270494655.7580953836 5787650.0156250000
270950462.6372453570 5815846.5742187500
276787896.5031789541 6010575.0468750000
270132264.5846650004 5762746.3105468750
269728783.9130346179 5738292.8964843750
280508056.2916275263 6067069.2382812500
270260936.6602946520 5774187.7304687500
270603763.8785969615 5792142.1093750000
276019296.4279149175 5995193.4785156250
275414762.4964303970 5983242.7539062500
276796903.2068548203 6013006.0703125000
271856380.6569114923 5858179.6386718750
269472157.6092799902 5716944.6093750000
276374367.4581108689 5999903.0195312500
268913466.5082985163 5688724.3496093750
273068518.4203560948 5903035.1777343750
276442014.2390024066 6003076.7460937500
281951415.9369966388 6079922.7050781250
270921902.3067904115 5814842.2734375000
276935814.6159236431 6014427.1171875000
274091374.5527562499 5939581.8125000000
269326936.4304091930 5707213.2988281250
269964711.8680775166 5750936.9667968750
271684112.3967235684 5852436.3007812500
275754534.5099760294 5991873.8691406250
276678680.2351931930 6010062.8632812500
286184099.8679822087 6099413.0527343750
276553538.3176903129 6004787.8359375000
283755717.4331958294 6092628.0371093750
271272995.8499354720 5834872.1855468750
269560617.7932695746 5728018.8261718750
282502809.7777519226 6085274.6113281250
269416505.0573205948 5716051.7324218750
282464385.9095734358 6083195.3378906250
273077864.6580573916 5904436.0468750000
273893752.1011579633 5933374.9843750000
276659279.8369126916 6009331.5234375000
269269834.9883818030 5705236.1074218750
269927798.3752446175 5746117.6347656250
283485403.5869296193 6090458.4863281250
277395151.6342253685 6025427.5644531250
270638445.2508341074 5797564.4121093750
276391057.8191056252 6001548.1953125000
280405885.4155180454 6067044.8945312500
271624488.9784537554 5849702.1796875000
280788906.7108029723 6067945.1503906250
269408677.2006137371 5710533.1542968750
273253845.5038841367 5910140.3085937500
274942818.7965309620 5966855.5019531250
269182785.9595199823 5702589.4472656250
270526274.8759572506 5788928.1503906250
283188659.1823574901 6088637.5917968750
270215991.2007454634 5764001.2246093750
268646079.4965385795 5665824.4863281250
273099544.7285935283 5904555.7792968750
281854225.9751474857 6079680.5585937500
273421808.4012585878 5916987.7324218750
271351685.1900355816 5835848.7421875000
269306894.8327867389 5705621.2558593750
273188106.4520384669 5908227.2890625000
280793179.5496033430 6068011.9257812500
274969042.8062662482 5968716.6855468750
270013061.3282569647 5753600.3632812500
282977313.7944064736 6087806.3300781250
268802395.0210984349 5672283.9882812500
279717115.6571229696 6056585.5234375000
276858681.7874400616 6014168.2714843750
281709803.9358815551 6078073.1191406250
280567519.9435269833 6067539.2285156250
275697889.9705750942 5989892.4609375000
288879519.6961306334 6103049.4199218750
269568010.9989759326 5729111.3691406250
269683667.9538360834 5733347.7011718750
269201192.3002224565 5703562.1953125000
271073820.3730992079 5823243.0253906250
275499240.8579663038 5985761.4296875000
276043938.4033583999 5995355.0761718750
273584714.2652590275 5922829.9335937500
280266107.3712168336 6064982.7109375000
270914659.7366901636 5814774.4785156250
272985569.6219190955 5899993.2460937500
270575203.5481420159 5791137.8085937500
275906082.9097427130 5992795.0214843750
274044210.1654224396 5937852.4179687500
270433912.8441556096 5778190.8261718750
270957602.9999548793 5820070.9570312500
269581892.7318987846 5729361.8242187500
275034326.9269177318 5971855.2871093750
273448032.4109938145 5918897.4980468750
271140957.7558563948 5827732.2558593750
269805383.9401625991 5741169.4902343750
269881509.2564325333 5746020.4960937500
273236402.7793447971 5908952.7265625000
283585508.0499524474 6092468.1582031250
282778426.6836196780 6087078.1347656250
271678470.2396622300 5852078.1953125000
289138936.4267340899 6103075.3105468750
276140837.8246997595 5998762.3808593750
272230176.1225294471 5874998.9941406250
274986729.6594718695 5970188.7558593750
279123922.5127542615 6049672.1015625000
273752345.1880761385 5929057.3417968750
275255286.9958235025 5976724.6171875000
275289620.5789274573 5977967.7265625000
282653624.2769095898 6085823.4277343750
277344300.5466632247 6022681.9472656250
277130389.7162865996 6022107.9550781250
275191463.8163897991 5974228.3867187500
282862071.6858887076 6087101.8886718750
269139831.4984228015 5702031.7089843750
285021126.3548960686 6094627.0410156250
273804473.5004365444 5930035.9082031250
275594764.0486772060 5987348.1621093750
276970619.2549877167 6017582.2480468750
272712013.3212223649 5890314.6425781250
272663856.5093533993 5888461.2910156250
271475933.4095429182 5843844.1523437500
276382618.6449227929 6000704.4531250000
275346200.8769980073 5979237.4902343750
271345684.6907082200 5835352.7187500000
276564586.4446770549 6006273.3027343750
269533769.8286613822 5726217.4199218750
275084800.5955905318 5972577.3417968750
273832664.8873573542 5930908.9511718750
274059876.5329869390 5938495.2968750000
269117643.9550994039 5697369.0683593750
270090155.4368885159 5756031.2324218750
284669009.9852353334 6094223.5371093750
274299870.6189537048 5946111.0781250000
276203708.8646574020 5999880.7832031250
276093530.7591269612 5995610.5742187500
271196296.9810075164 5828901.0019531250
282226000.0657315254 6081663.1269531250
278560004.4291650653 6040850.6679687500
273208909.4346091747 5908848.1718750000
282105960.9101569653 6081444.0449218750
271574645.9727977514 5844415.3125000000
281191548.5556537509 6072887.0742187500
281422859.3793673515 6076216.8320312500
281843697.2264814973 6078680.5761718750
286987478.1990933418 6100316.3222656250
274201283.4460688829 5942861.5214843750
279052664.7361792326 6049450.0859375000
269707968.5456657410 5734493.1757812500
272868279.4711904526 5894913.3593750000
274505596.2231512666 5953021.3652343750
280264643.7456634045 6062789.6367187500
272349119.5463133454 5879774.3925781250
274350859.1625428796 5948012.2617187500
274791186.0519149899 5961662.0058593750
272794839.2364777327 5894254.5468750000
280838433.7535203695 6068222.2148437500
281624035.4358864427 6076905.1679687500
281361771.7522108555 6074111.5507812500
278630268.1421735883 6041308.4726562500
271237361.7390832901 5829783.7949218750
272335789.3987869620 5879131.5136718750
275273972.0213683844 5977757.7792968750
274364189.3100695014 5948655.1406250000
276635880.6421326399 6008473.9863281250
275225100.9846193194 5975266.8496093750
279509017.7437653542 6056210.2109375000
279221570.4664275050 6051653.4179687500
274424460.5585533381 5950157.4062500000
288137383.0090371370 6101584.4277343750
274337353.8699521422 5946613.1152343750
274411130.4110269547 5949514.5273437500
280101409.8430085778 6062458.7226562500
281221200.4847424626 6073331.2539062500
278715819.8858084083 6045796.6289062500
279454165.7449517250 6054717.3398437500
272212311.7162683010 5873438.6445312500
279202257.9007377028 6049767.8593750000
272151393.7073265910 5873201.5429687500
281229356.4228836298 6074075.2460937500
271743552.9971950054 5853968.9863281250
280900804.6487774253 6070771.2812500000
271993381.7167706490 5864647.1367187500
271782530.6139619946 5856418.5273437500
278929631.7584162354 6046149.5390625000
274206016.9339559078 5943753.9394531250
271832771.0149529576 5857542.5605468750
271933060.4528738856 5862472.7265625000
271932774.4803935289 5861735.1582031250
273320727.1567930579 5913692.0859375000
271811090.9444168210 5857422.8281250000
274225987.9445811510 5944181.7187500000
272943055.5703083873 5896739.8769531250
273472431.2125784159 5919480.4082031250
273434702.2634673715 5918254.6191406250
272455706.4844089150 5883361.3867187500
278539587.0198913813 6040190.2460937500
271933523.6079077721 5862817.7539062500
271605389.5377700925 5845463.1035156250
272085612.8783860803 5868390.7812500000
273430846.5322062373 5917713.6328125000
274740672.7787890434 5961251.4179687500
288538712.0068396330 6102488.5371093750
272308607.2942674160 5878586.0351562500
279857654.1768037081 6060044.4101562500
279263306.6352071166 6052195.9570312500
272274350.4647361636 5877132.7402343750
274865543.9967506528 5965081.9609375000
274727342.6312627196 5960608.5390625000
278941757.4311728477 6048428.4921875000
273739015.0405495763 5928414.4628906250
272403718.0744777322 5880427.8535156250
274561231.2196685076 5954922.1171875000
272112965.1670283079 5869147.0546875000
287189140.4456656575 6101165.9160156250
273302144.3356034160 5911212.2675781250
272951125.2571650743 5899298.4375000000
274698251.4594108462 5959693.3085937500
278589672.8343163133 6040876.0664062500
274848717.6910178661 5963932.0117187500
273600813.6750614643 5923941.0410156250
275153030.4681001902 5974091.8554687500
280972209.2227084637 6071013.3671875000
277815995.9272266626 6029602.1054687500
272541919.4399659038 5884901.2753906250
274811867.0594540834 5962503.8007812500
274950068.4249423146 5966977.2226562500
278519034.9350737929 6040067.0429687500
287064823.7994732857 6100460.3378906250
277724940.6187103987 6028132.6601562500
280850718.8343525529 6070085.4609375000
281146721.1370059848 6072683.4062500000
272623281.5919946432 5888012.1367187500
278397807.7449129820 6040019.4882812500
278278989.6490476727 6036739.2773437500
277881837.5585062504 6029977.3359375000
278066140.5573301911 6033127.4843750000
278000364.6418148279 6032953.5156250000
288839532.4035731554 6102766.0410156250
284684050.5703318715 6094531.1308593750
285889292.3887906075 6098517.2832031250
284268845.0590507388 6093925.4277343750
284371781.0954523087 6094030.3144531250
286478108.8467936516 6099945.3769531250
287177723.1517719626 6100814.7441406250
285992228.4251922965 6098622.1699218750
273712070.8874880075 5926024.2285156250
273680194.3224458098 5925640.0429687500
277642490.4491398931 6025972.1171875000
277616101.4315656424 6025661.5195312500
277953467.1862725616 6032210.1875000000
278269310.0413401127 6035614.5117187500
273823494.5372300148 5930098.8652343750
277894823.4817409515 6030626.5078125000
273710665.4218189120 5926021.1855468750
286688878.8959596157 6100130.7910156250
286830942.4605632424 6100307.2832031250
285594363.8405385613 6097512.2910156250
285839657.9400835633 6098208.6621093750
285446245.6934503913 6097240.2207031250
285113940.6598014235 6096204.2011718750
286227865.0270488262 6099438.2011718750
285345922.4653195739 6096424.0097656250
285052510.7261256576 6095380.8378906250
