626822664.8278348446 231095.6742267609
666918323.2036592960 252831.4138488770
667052787.5554704666 252912.8963928223
574097953.6812133789 80195.7358940403
584339811.3967012167 144877.5981806889
602941113.1563038826 194131.5610249229
602595750.3855677843 193102.8916065879
632351218.4532797337 237670.2390594482
641698386.1535056829 243917.2608489990
645459542.6151376963 245693.0344238281
645723732.3293148279 245952.1448974609
645565805.8718997240 245896.3609619141
666702848.4136563540 252746.3770446777
667356558.3651934862 252943.7617492676
583921687.1135120392 143639.0558815747
574190421.7598642111 80928.0538695689
573958947.9831408262 79921.7504258911
603683167.5371398926 195635.7133839317
626281684.4966459274 230502.7752399445
626637200.9176521301 230868.4511737823
630927879.3605220318 236280.4575500488
632466616.1207222939 237685.9561462402
631589768.3831601143 237049.1417922974
666990149.3650478125 252890.2297058105
645657217.6286315918 245913.4754028320
645856734.2003986835 245994.4804077148
602607875.2767258883 193126.7065785117
665156737.2055895329 252090.9331970215
665781297.5827778578 252415.3343200684
577899387.5238586664 112343.2037836565
665449569.8789783716 252182.8734436035
574838028.9637310505 88740.4157057569
574746780.8532518148 87951.9442804145
577377689.4667605162 109559.1571723177
577498636.7332640886 110589.2587333136
603023122.5551105738 194404.8042500205
625977901.1378800869 229838.6375017166
627017627.6037807465 231227.7214679718
665496421.4686239958 252300.5755920410
667309965.4447138309 252925.6684875488
584461013.0822904110 145207.4068636670
584086459.1099603176 144296.3904731273
630639435.9348587990 235945.5138397217
584822592.5636051893 146141.7778311670
584562455.6091271639 145481.5217955112
584462505.2075942755 145328.4143583774
630668049.3965809345 235977.0381622314
574785055.2355046272 88006.2592140079
577193781.1677541733 107921.1794262368
577253239.4210717678 108624.8997381880
602763151.3311796188 194066.8421681114
630935596.5910136700 236566.1779632568
632472184.3739886284 237800.9471588135
667393175.5144830942 252955.4495544434
574690241.9443265200 87828.4861403272
574993693.9381345510 89765.3484775290
583969468.3325551748 143741.9369303733
665971212.6766774654 252534.3116149902
632151166.3179602623 237589.4820098877
574198568.5162476301 80930.0746245688
626051478.3321304321 229915.9845447540
626460497.3927421570 230619.8222713470
631896812.2491559982 237415.9019927979
643961005.8690006733 244908.5954284668
574898209.1571604013 88863.8062709138
603119133.5303041935 194770.4141285606
603133155.6162630320 194898.0910084434
666479568.1410566568 252618.7369079590
584603110.1844314337 145537.1270031559
625956228.0670700073 229080.0777606964
631683490.6982889175 237111.4167938232
631511783.3251519203 236984.2928619385
577627118.3134890795 111431.1497998788
583065096.5069096088 138975.2249440846
584283549.5486803055 144690.2534734218
641873042.3049796820 244041.5432128906
641955279.9563567638 244114.2381591797
582984010.6820653677 138132.2516308238
583010894.3472951651 138974.6956310679
642028571.2048026323 244254.6673583984
667861339.4475594759 252970.6450500488
574980784.1368147135 88877.1722458914
644941969.0126628876 245650.1174316406
583112756.0362988710 139333.6654125263
642056163.6581050158 244284.1694946289
673427549.3131030798 253069.0818786621
673184798.3938863277 253057.4339294434
577586089.3721238375 111024.0945478036
644211437.1030650139 245228.4553222656
577459272.8748958111 110519.2202344491
641985717.9717311859 244144.9712524414
644507933.1907193661 245478.1209411621
641496650.5119342804 243807.8108520508
577382540.7988005877 109881.5856705262
577292136.5572310686 109311.1791754915
626148906.3368709087 230018.5165157318
626350724.4099073410 230535.3981380463
582935823.0960941315 137712.9823955630
626546736.3514854908 230800.3452510834
642432288.6615196466 244394.9579467773
604257031.2347772121 196584.9122753832
644179856.6684997082 245144.2051086426
667784649.2893074751 252958.4626770020
672892889.8633141518 253015.7483215332
644381264.8214974403 245415.1105041504
644305831.5095744133 245233.9529724121
574684329.9029185772 86220.4795848891
630540489.0073370934 235713.1537017822
583128248.1214820147 139419.6926240211
603593228.0655910969 195585.3541057799
672906139.8795887232 253019.8777770996
586351421.2468043566 149728.5702225975
583102096.7329906225 139331.6317352389
577060132.3405181170 106427.1699803033
586232899.5468873978 149612.3227876161
583590683.8654369116 141511.8575735686
605157505.3799440861 197550.2686016150
672793799.4725148678 252981.6944885254
577161874.9351263046 106962.6868519121
627779442.6876504421 232110.5248699188
627607516.0407314301 232049.9673900604
577115249.2895648479 106868.7040409379
632407443.9735805988 237683.5272064209
605015291.8222024441 197522.3303779103
604912030.5045298338 197188.3150071315
583269222.6491672993 139895.2570599874
582986935.5546131134 138527.1238693332
605468707.3954205513 197818.9946526513
605204077.7731089592 197648.3519066796
577089335.2356820107 106682.9804051080
628279053.0067722797 232834.3187389374
628718654.8241188526 233027.4029369354
641766218.0734590292 243978.3010864258
642937164.4415524006 244558.1516723633
574550445.2762995958 82662.9961499885
574459200.9352141619 81751.0665845588
574660773.7150287628 84766.7626606092
627871815.4000408649 232312.4954051971
574656988.3171188831 83968.6581035697
574635747.7619731426 83799.6137329914
604543828.2678182125 196850.9022686705
585373338.4041382074 146779.2315055017
583536528.7392780781 141034.6793998812
583317478.7443609238 140195.2243217562
583452055.2366342545 140481.2616349791
585339911.6825273037 146639.9430797460
574534419.8843243122 81821.8575630948
631775336.0922279358 237246.8674468994
583370214.7196199894 140310.1607662250
583299552.9508447647 140094.5946868991
602494595.3740850687 192580.6105892882
642919892.0854327679 244506.2735900879
641220885.5176374912 243355.3229064941
641375300.0262234211 243445.4140930176
629431090.5240764618 234057.2813224792
575807453.9244219065 91473.5122832523
605098712.9662424326 197547.7433691761
575766047.2796009779 90794.5634815015
575865659.6582349539 91698.3943630934
575711760.2054809332 89911.9411312819
629866780.2271038294 234673.5886840820
630356061.0540384054 235198.5954132080
576093190.2297029495 92823.3171538106
576023826.4423248768 92593.9031400040
664973844.9389930964 251479.2207336426
602177508.0273804665 191224.8999863006
629121124.1037323475 233669.4321403503
576402488.8433153629 93745.7002575506
601979465.8660014868 190996.5467999913
629169090.4310574532 233769.3202323914
602181709.6895948648 191301.2542470433
602359676.5435018539 191840.8167241551
601775002.2994937897 190337.9361236915
629625810.8731021881 234495.4613189697
630116907.9168987274 235031.4758911133
630365002.9018007517 235329.5074768066
630030255.2035409212 235028.9450073242
602235217.6271702051 191536.5760086402
576744937.4050754309 96831.4130816717
576700473.9608983994 95200.5791585537
601707905.4447360039 189754.8361048148
576882567.0829850435 97773.0187268663
576899689.1786493063 98362.0850275528
576891494.3523199558 97773.2834566046
576892677.0615234375 97837.7752248120
576764135.7264521122 96861.3538911749
576836048.6577568054 97696.2612368834
620022919.5852683783 219811.9047315866
598080142.8066693544 179814.5799783035
620399531.2123359442 220200.7742363699
598212527.0150732994 179887.1700814529
601451275.2118273973 188985.6126993344
598303559.2476130724 180281.6997483536
601577585.3917261362 189585.9880350278
621105076.2599724531 220710.8008096367
581555897.6928980350 125358.8260984538
581590196.5394625664 125736.2168387925
620165107.6804257631 219885.5089185983
620668894.8017421961 220466.4574049264
597981736.3240623474 179416.4488614365
619710362.6938847303 218887.8889387399
640447306.7846050262 241739.5815277100
640398268.1759314537 241606.2768402100
582166739.2153496742 128696.4329128144
581819236.2523005009 127167.6732524782
598283202.0006929636 180256.7170859142
598489545.5042856932 180562.9773321911
640741064.6354281902 242133.8359375000
638404827.6893496513 240043.1119689941
638703916.0968968868 240082.2088928223
582799974.9726498127 130991.3594790897
582821810.2513779402 131150.6318179569
582460614.2513020039 129082.4866506559
582782829.6524069309 130748.0134205864
582317439.1570184231 128801.7814678689
582729226.4297935963 130513.8223014807
582665345.4991406202 130420.9095797585
582469350.2865968943 129314.2810140913
598802537.2418625355 181166.3141432567
617872431.6703213453 215803.9420483857
598912020.8789377213 181702.6168051525
617654214.8481446505 215436.5062381271
639480084.4911060333 240676.4105529785
640045880.2865746021 241000.4435119629
639232400.8784101009 240624.3896484375
639126145.3581597805 240503.5581970215
639130023.6744871140 240511.7621459961
617712959.5322946310 215490.6807681564
639512178.8653717041 240732.5687255859
639137659.0259368420 240587.0952758789
600083121.1913717985 184281.6678648643
600207209.8972274065 184884.3636427574
599431533.7766449451 182829.1707964006
601002116.3032290936 186606.5571628595
600776388.1072696447 185904.1457738402
600301499.6067609787 184968.3519255878
600836553.7688174248 185922.6332431818
600619757.1498450041 185807.9556308771
600868724.5049408674 186200.4371105219
618519680.5654588938 216344.5822324995
617756580.9239331484 215699.4463931564
618003820.6594909430 216014.7179770712
662383900.1085475683 248921.9396667480
662492960.9339748621 249025.8066101074
663289357.9619479179 249244.1782836914
661875748.0728210211 248643.5352478027
581390444.5600960255 114529.8372157074
581427119.8847547770 114541.4310366023
581313385.8405979872 113993.1087832316
581173998.0318056345 113085.5132298335
581352812.5932824612 114349.6083448991
581518360.5106741190 114959.2582301959
662224082.4676764011 248862.0028381348
581441613.1227900982 114806.5544948443
581283807.9740461111 113986.3444996938
661146748.8242989779 248068.3388977051
660837179.6994208097 247897.4077148438
661250665.9352139235 248085.8672485352
660616128.7742078304 247847.2741699219
625157758.8876504898 223554.1545063009
624919761.4459643364 223312.6771503439
625331724.9393951893 223642.7138935080
625104400.3160955906 223446.4014087667
625129577.6937906742 223447.2189899435
624197768.3275337219 222383.4115057936
624584339.2438269854 222964.2670398703
623872710.4277640581 221997.6251452565
623983422.9303740263 222142.4309040060
616240237.0182324648 210758.6167924036
612493574.7928806543 203701.7353760228
657288414.6732380390 246212.8157653809
657245795.9431183338 246112.9145202637
658174255.8396360874 246413.5093383789
657828299.5778075457 246380.0493164062
657545359.2646574974 246330.7129821777
657624349.5358166695 246344.4019470215
658653245.7748124599 246468.4699401855
616734855.4555090666 211567.6746960548
659413912.4732673168 246541.5325317383
616971137.5588456392 211893.4028376699
617091193.6408609152 212084.1610852149
617004132.2559224367 212018.5408154395
616877360.7366745472 211662.9961071876
616486594.7507385015 210943.2568189801
616576721.5741242170 211272.6549826465
660452961.8153110743 246804.5264892578
660438039.9621698856 246588.2958068848
613328828.7102202177 205443.7655283436
613562271.2499030828 205771.7483302802
614027149.0352934599 206396.6543528065
613586749.6089037657 205818.5097910389
613864012.4010945559 206154.2513987049
611832307.8998749256 201748.1976044521
611426908.4450455904 201145.9489472256
611380325.1860843897 201086.7264283047
612267682.8802313805 202354.2098114834
612006061.8034780025 201988.9970734463
611482074.5705718994 201209.4651066829
612216801.2955477238 202064.2207521796
611631422.8815279007 201465.5995976496
