110473115.4471013695 6116.8126614243
111131288.7530369312 6770.3306378275
113376346.9521311671 8152.8387821354
115008653.2744121104 8891.3869885295
116909511.9942704290 9598.1586160101
117264285.7808226794 9718.0877585784
117494321.6686529517 9790.6357976981
117369751.0808504075 9723.6984264441
121093638.9336100668 10693.6067924500
121355566.1243149191 10699.0177421570
117844180.6640107483 9801.1937743835
110222297.3758252561 5540.8812782014
110465682.1021145135 6105.6001722962
111350322.5053554028 6866.1954914778
111189045.4943183213 6855.0443657786
115484142.3252224028 9103.9607454105
117437212.1662369370 9732.8261324540
117137787.9559705406 9691.7919623442
110252135.9780535549 5626.4314690384
111092490.1757603437 6761.5030259043
113464313.9708471894 8221.3733223239
116911050.8831941187 9615.4114435129
122571932.8044331968 10707.1699447632
113504078.1874760389 8233.8422639649
113380607.6463972032 8163.5256179487
116785978.8787543923 9530.3029853515
116619039.0463082045 9496.8797295066
115397722.3436822742 9063.3225599094
116761355.1151421666 9515.1918140240
117047040.2115214020 9622.2093813680
113048353.1137353480 8027.5375124235
113479914.4803283215 8223.4494320368
115291240.1843680739 9012.6045980752
120011273.8176334649 10503.1090621948
120963063.8917389065 10689.3871955872
111041631.2193130702 6747.0362895876
111311738.6621814817 6860.3894306868
113516621.6791236848 8247.0793453669
116850705.2243819088 9536.5035187290
116890334.4021548480 9549.7525051050
119799141.9372073710 10429.7604169846
111168867.8274786323 6780.6127210408
120063222.2728962153 10506.0240497589
120978000.4856731296 10689.4090232849
110653404.2648519427 6319.0051698602
111047725.3402196020 6753.2890706807
116672074.4200990051 9513.0760329068
120901117.5323329866 10670.8729209900
110204873.9848783463 5537.7451991143
111008302.6011793166 6745.5842217356
119825467.3193641007 10439.0998897552
120896726.8376926780 10670.3701591492
111004760.6578039378 6741.5530308634
115482845.0485411584 9100.7002601638
119839734.9272616506 10447.1114635468
119812601.7317280471 10435.1037750244
120686531.7433378994 10645.9047317505
120746592.1155565381 10669.6942100525
120563511.4676365107 10636.0888481140
120367411.2629918456 10572.5437622070
120820298.9644705355 10670.2093086243
112925709.6010336727 7921.6637661075
113216405.1172100008 8067.9377171015
115386314.6643825918 9058.3116880222
120042481.2751374692 10503.8499298096
120164457.5364779830 10528.4873561859
123458045.9252388775 10712.1728134155
110282078.2126462311 5655.7273028029
113200239.5964253694 8058.4565827949
113068099.8278737068 8033.3479730105
116599224.2883401066 9478.9353553466
116630332.3788038790 9508.4990455322
116501547.3547517508 9453.2305024080
121620130.6148469597 10701.1392364502
113110179.7336187065 8042.4494656539
113402867.6999658048 8172.2619705623
116391211.1378486603 9426.3967258148
110482883.4766732603 6202.8182911590
116477841.9986569136 9434.8814954273
110908227.5369929820 6639.7723735720
113175613.4333263934 8056.0440079188
121216723.1899165660 10697.6314620972
121806033.2575413436 10702.9316253662
110387093.4999291450 6002.6787789017
110533058.1917278022 6211.4786441475
113264765.3529008180 8141.2670666194
120083115.9632430375 10523.8136177063
110882844.0702205300 6549.1425550454
120205089.9547780752 10535.8081531525
110989938.4399448484 6648.3926387602
120082204.4268832505 10515.6285533905
121261654.3043802828 10698.1378631592
121789856.2471183985 10701.8981399536
124294176.5698810071 10715.2285041809
110363923.8657492250 5869.5380579738
115460837.5895905942 9079.1830049320
110901152.5442669392 6559.8457134240
115705723.4051124603 9150.2592353011
110794258.7958523184 6535.6086280816
110934101.3405906707 6647.2606349760
115096835.8782246858 8925.8064971664
116072786.9482486546 9285.9040828915
110340451.5768243521 5761.9944569676
110400270.6753189415 6092.0662453324
110460502.6126505584 6102.1735614023
111086053.2447617203 6754.5712274816
116236375.3063943982 9351.6723573441
110539742.0908467621 6212.4227890708
120210254.0537090153 10544.6650295258
120400365.2966469526 10586.0458946228
121491278.5549383014 10700.9876785278
122205247.6704782546 10705.2349395752
112955999.7201830298 7959.5074359989
115653370.8599891216 9110.8687445307
116355443.8203549534 9395.6649212651
112952137.3601018935 7943.4195045447
124020561.4355245233 10714.4760475159
113166115.7053904682 8048.1895790854
110284156.9691843539 5757.9029562473
113169510.4757702947 8051.3121537184
113256938.0405662954 8118.4497956093
121137242.9908424616 10694.7612915039
121237254.6146524101 10697.6685371399
112937557.0448940992 7941.1743859267
115107504.7278524041 8939.6021948322
115935319.1251911968 9234.0026484244
115970092.7917837948 9240.0639161253
116087146.6244356036 9292.5314632626
120474730.9524353147 10613.2010841370
115804901.4304489493 9205.3511485243
116472758.0986331999 9432.7989881271
110555908.4240606278 6228.8686890341
115168613.1961591244 8965.7929966659
114727085.5375363976 8783.9617885887
114939455.6643218845 8884.3612232557
121172911.2942391485 10695.1835670471
124146675.2345582247 10715.2090835571
110721142.3034780473 6429.4077186324
115683036.0371583849 9134.2639073515
115858881.8424527198 9223.1624352122
116210331.0169601589 9330.3262485871
121939947.1962568909 10703.4730072021
123248671.2843803167 10711.5431175232
110588354.7870691866 6309.9953198172
110755917.3436100334 6439.0324400240
112937338.7547396570 7932.9893216109
114858184.8911691457 8798.6946302154
114863315.6610549837 8825.0954538151
115664814.6663527638 9125.4904526854
120469445.8448805958 10603.7377204895
121426243.2325007170 10699.3437385559
123723924.7700332105 10714.3071823120
113061414.5019217283 8030.5618523574
114377864.2626180351 8578.9159516759
114905340.3469797522 8853.6118675037
116193276.9204169661 9327.1608320856
115025221.8220470399 8919.9916473194
120333149.3984347433 10557.8322296143
116098477.9441948831 9299.3514467860
121556448.3498366922 10701.0247535706
122654300.0482528657 10707.5000839233
114265534.1278519779 8566.0890476024
115161805.7087780088 8964.9980489821
120940635.3354260027 10673.6880950928
122080039.2341101021 10705.0518379211
110703537.3077613562 6411.8406091505
123638890.1523443460 10712.6180877686
114246299.2032788694 8508.3731593324
120137734.4770125002 10527.8382873535
112885593.8612377793 7903.6359264171
114930076.4130304903 8882.3776031234
110344527.0783046037 5775.0947031663
110361591.3136471063 5866.7425037508
110348982.7500979751 5866.7424971072
112582491.5395843089 7686.6676022190
112726964.3344657868 7796.4474246977
114370449.5696949959 8577.9986772008
116306157.2024639249 9373.8856016779
120395443.2512112111 10578.8016052246
115936838.6304118633 9235.1971174860
116106109.9629437029 9319.0886522913
113598861.6696176231 8256.7913814671
115816891.1327627450 9217.7002686644
115810331.1951307207 9208.5283555174
122558118.1208344996 10706.3943138123
118786355.8275309056 10117.8997135162
120299734.9718177468 10549.9866142273
112769703.2391842753 7812.9655277049
114925737.0080808848 8860.2296839887
116086452.9995140284 9287.3336016946
115779063.5738509893 9192.9608626338
118979692.5076316148 10167.3443717957
120390438.3866783530 10578.5682487488
112677885.1195997149 7715.2828827491
119335136.6226159930 10273.7970256805
110715449.3574593514 6426.1484840387
119049708.3437318504 10206.6095561981
115183381.3762676716 8969.4300125660
119476007.3336378336 10279.9389057159
112796158.9655891359 7820.6465988746
119048594.8657830507 10186.6357526779
114382030.0881072581 8593.9806408121
119232040.5342712253 10258.5651912689
118935652.6300378889 10151.0937223434
114216431.0429396927 8505.9773506357
115665984.3814331591 9127.3015072054
119208588.5777139068 10254.4245471954
115661493.3308892697 9116.0589223808
115328140.6549585760 9028.7190504974
110259923.6352512687 5647.8222090213
113712033.8105325997 8313.7221696081
110452785.8996862620 6093.0022566637
123565221.4029429853 10712.3495330811
119556789.4361274689 10343.6607761383
116032872.5508835167 9261.6767060272
119184128.0207906812 10238.1648588181
110655109.9422546774 6327.6950222403
110344501.6571247429 5767.8215692102
110312489.5745740682 5759.7529714110
122521883.0038530678 10706.3763160706
111553902.6859203279 6965.1461516706
118998740.8431628197 10179.3528409004
111718761.6853396893 7063.8082491247
111626134.9915341139 7060.1593502265
119139721.4460959285 10218.4420742393
119436324.6292626709 10277.6760425568
110672879.7466625124 6341.9150809199
119529527.9614364058 10335.8090915680
110609344.6862420291 6313.3589984030
111546164.0432888567 6964.4685279218
111617283.9641776085 7026.4495741216
110378901.5131652355 5981.6027352235
119175573.0661849231 10237.5370049477
110367735.4285177290 5873.4366584718
111308519.1614697576 6858.9022855846
118629261.0890531689 10031.0279420614
118852625.9967110455 10121.0321297646
118879738.8228767216 10143.9956650734
111507651.6284362078 6962.5331693975
111569046.9921097457 6972.7470712233
111432263.4808140099 6944.3958503095
115120944.6405961215 8949.2938321875
110371900.6500164419 5874.8127220161
113679707.8669117838 8270.3435072081
114891696.9957567304 8841.4659376461
110526797.5849137157 6203.8988543600
113964394.6003069133 8411.6697186010
114825312.5666046888 8793.9485293638
119494935.4796122313 10309.0570030212
114671605.5701043457 8740.8774517786
114610015.3639829755 8682.6901241415
111397127.4095669687 6871.1991106969
114585801.8170838803 8679.4153728094
123687107.3657155186 10712.9486503601
114338851.8519919664 8568.1433006536
122892602.5156014711 10708.5106010437
114509926.9895038009 8657.1768966925
113962370.6240288317 8403.5975388067
113856938.2121729553 8381.7592082249
113905907.8172537982 8395.2792576330
113848897.3820057958 8379.3604534643
114482664.8109857589 8656.6550880682
113821004.9318311214 8346.0476558453
123113535.5177391320 10709.8791847229
113823800.4493332654 8351.9341076577
112627390.6789368540 7695.6275452191
123012869.5005702674 10709.7977714539
114047080.9035911262 8414.5308915183
114047920.5231104195 8453.6491757438
113800592.1854830235 8345.9757290885
113772769.1405021250 8321.7309000802
119749587.3591454625 10358.2936134338
119767137.1859140992 10363.6209602356
119696945.3882291913 10351.5043067932
112564713.8807912618 7617.2367142255
112400577.8456625044 7509.6174460056
112543368.2393806875 7617.0811194780
112527064.5394921750 7603.0255690219
112479613.4543106258 7594.8405047061
112416071.8838479668 7517.6896257999
111880626.5850758702 7132.3190646514
111774374.3748255372 7097.1326012155
111917040.8178875446 7187.5877921423
111754657.2425322831 7081.7858341737
112128050.6206739843 7311.0595408084
111939596.0870347321 7203.6633829656
112048172.6622925103 7272.6131359041
112225905.0202466846 7328.5186934732
112298485.2944269627 7419.6662512424
112118128.9732678384 7310.9360821201
112111805.9303542674 7310.7945272450
111965351.2860827148 7220.8538959911
111954779.0616561770 7204.0663947725
112176885.6379906237 7325.4911471605
112101143.5511839688 7305.1386962198
111935905.0141053200 7201.4759380771
112176703.0559432954 7317.1052114928
111865928.7205025554 7117.7209587551
112250461.2827864885 7391.2977449859
112275734.2880068719 7398.2915539244
