657282707.0146319866 227575.1370139122
661201912.5593938828 233959.2449893951
663326188.6281522512 236602.8158416748
664610669.3040431738 237907.1411094666
663231398.5128811598 236443.8928985596
665092863.8081390858 237998.9098167419
673348632.2826963663 244037.9320411682
655504314.8395699263 222926.3364539146
657629640.3326374292 227946.3921980858
670775599.5728276968 243018.9794044495
663326188.6281522512 236630.2148284912
665092863.8081393242 238002.1175804138
662024458.0444365740 235109.8706665039
661557899.5442665815 234234.1808414459
661868716.3912050724 234848.4945011139
661230549.6575949192 234060.9648590088
667083984.6113289595 240193.9261245728
658010379.4563846588 228918.6417021751
664020509.6801323891 237021.8894042969
658734230.9638178349 230133.7318816185
670768602.1046385765 243015.6606292725
672096217.4619017839 243715.7883605957
666512120.8888379335 239527.7992591858
656883905.2576414347 226556.3834128380
664264491.8765860796 237145.1505393982
663981284.0196322203 236919.8923301697
667896923.0059034824 241060.2018928528
655054533.7945780754 220070.5946650505
666456241.5570631027 239411.4797439575
664282609.3282458782 237473.5926780701
660163514.0377713442 232297.5335922241
658347569.5141788721 229640.6791777611
660188538.9644169807 232391.1091194153
660258097.0123883486 232518.7606272697
658439426.4182822704 229870.6042265892
660709555.3339295387 233084.2780399323
660709555.3339295387 233094.6660404205
664282609.3282458782 237463.7129173279
665579983.9983094931 239135.0666503906
656778237.8143657446 225964.3949713707
659373344.9999608994 231228.9114527702
660521308.7965980768 232669.0156288147
665197239.5302921534 238786.4870605469
656694314.2013996840 225924.1874899864
654028439.9452496767 215075.9243922234
661526660.7101980448 234172.4880008698
659579519.8635424376 231544.8493189812
654679596.4984772205 217679.9686884880
663810134.2265319824 236840.6415023804
659825660.6231532097 231888.8168525696
666275886.3374357224 239272.4941177368
655132880.6047996283 222192.7202124596
668730434.6041045189 241617.5015449524
656789586.9268869162 226354.5555167198
654316442.2802402973 216750.4245142937
660349680.1605193615 232629.1811594963
660864722.5015990734 233246.8903141022
659571994.3037438393 231429.8172144890
666607137.4278519154 239931.4400749207
658918466.5527181625 230649.4551711082
668730434.6041047573 241630.4732856750
667429198.7540853024 240539.8478889465
668368465.2872202396 241488.7841682434
662226567.8327717781 235180.9601745605
660258097.0123881102 232510.0259470940
662419073.3818006516 235550.9457397461
662419073.3818004131 235548.9680786133
657190850.1105285883 227325.7225852013
657791591.6385611296 228341.2847380638
659487936.7154108286 231415.9262843132
672625034.7202724218 243821.0283546448
666070917.7350745201 239141.0452194214
660163514.0377715826 232313.5056991577
662382768.6057214737 235537.1785278320
663218980.5719959736 236224.4825592041
667896923.0059038401 241063.6146125793
661020265.7881786823 233682.2874469757
659783575.3248553276 231786.6415266991
657282707.0146317482 227571.5087790489
667586712.7780736685 240712.6447029114
660074919.4937607050 232151.6462898254
660258097.0123881102 232509.7525706291
656393003.1195523739 225107.7186408043
668476028.9159016609 241504.1121406555
660929584.0802738667 233384.5943546295
662419073.3818007708 235553.8621826172
658596940.4422709942 230041.7341704369
659117729.8111566305 230727.7435011864
654787207.7801285982 219855.8339838982
671519184.3085700274 243504.1422424316
660258097.0123881102 232509.0338816643
668162000.6585737467 241275.8794136047
668210951.2632312775 241303.1684455872
674251471.5053098202 244160.6272926331
660557613.5726774931 232690.3975257874
660966027.8243851662 233661.1355533600
663912495.1209416389 236856.6615257263
655242529.9472662210 222500.6054663658
655536751.0067011118 223094.0035986900
656314574.4787007570 224824.0521979332
670272269.9811819792 242512.2749977112
655492795.3373987675 222579.0773406029
654464064.2599456310 217142.0169215202
655744213.3603328466 223165.0715765953
654881633.8362066746 219951.5917353630
659825660.6231536865 231890.9085884094
669273426.1660238504 242016.8554573059
657986295.5992299318 228480.1137328148
656577055.2796162367 225648.0978751183
656598373.7085560560 225759.0506873131
670391721.8995215893 242657.0415077209
659579519.8635423183 231536.1146388054
658843954.4291853905 230340.2964720726
668210951.2632313967 241311.1376228333
657181610.4434311390 226749.1079916954
656952840.0942385197 226650.5592856407
671267758.9267821312 243233.4373626709
671398207.6880029440 243401.7328338623
653921616.4278471470 214961.1914992332
657547738.8341593742 227712.2142081261
663026395.0586887598 236027.6144104004
655079210.2328996658 220145.0673823357
657683913.7485778332 228002.9087882042
657753405.8535267115 228150.2393698692
658010379.4563843012 228910.5652861595
659487936.7154104710 231412.3391261101
671231421.7572798729 243162.9694366455
659275243.8351451159 230915.6563429832
668476028.9159018993 241505.9320259094
659349195.6555235386 231127.7085127831
663026395.0586887598 236040.0180358887
659780058.5760790110 231678.9128146172
657693941.3202970028 228111.0430922508
659117729.8111567497 230733.0869460106
656091619.5030022860 224265.4364523888
656179784.5472375154 224691.2029318810
661201912.5593940020 233968.8678531647
658191791.2704308033 229081.6565794945
664175401.2720896006 237062.1505088806
657547738.8341593742 227713.1801505089
656952840.0942385197 226630.1929526329
659899786.4511030912 232088.1889719963
659438534.7863441706 231263.5958399773
654751209.2935731411 218408.5689921379
659746362.7523399591 231608.6106104851
658921889.6764461994 230711.4951872826
659215608.2362909317 230828.1413722038
662854331.5374712944 235800.6365814209
661797076.4533569813 234403.5159549713
670775599.5728272200 243016.6395606995
655896396.9574564695 223270.4889693260
658759419.2498713732 230320.4905714989
658668381.9920303822 230095.2544341087
658883137.3215199709 230366.6985068321
670241303.3633300066 242190.4002723694
661833381.2294356823 234420.5416507721
674167408.5617357492 244150.4029273987
656016557.7202323675 223756.9928870201
664245538.7806782722 237096.0890159607
667429198.7540853024 240532.9304084778
659768762.5697098970 231651.5277404785
665047703.1836842299 237946.2437553406
655079210.2328995466 220137.3550410271
670694832.6250082254 242871.2900123596
656043969.1027660370 224010.8104147911
658843954.4291855097 230351.8989500999
659275243.8351451159 230913.9905714989
658294436.1186534166 229498.6793494225
673348632.2826963663 244037.0496559143
673196422.9188792706 243959.9325294495
658668381.9920303822 230095.9131865501
670694832.6250078678 242870.2512550354
670391721.8995214701 242640.6832313538
656320980.4826099873 224898.3081946373
658397565.1263481379 229843.6512541771
656512193.7009412050 225502.7832388878
657959588.5698518753 228401.7487463951
657547738.8341594934 227713.2062735558
658191791.2704308033 229097.9282469749
657816664.9500740767 228364.9728865623
665092863.8081393242 238011.7438621521
665092863.8081393242 238020.4317283630
657540161.1663097143 227708.3107428551
655935081.9389120340 223594.8837332726
673746573.0270452499 244072.1006202698
660162998.2353129387 232241.7077674866
672547282.2569860220 243786.1678199768
658191791.2704310417 229098.5869994164
656245558.1773449183 224818.9746603966
656508412.2199738026 225172.7276206017
665092863.8081393242 238010.7163963318
658086512.3339222670 228962.9334578514
656789586.9268869162 226353.7255606651
671014971.1095042229 243030.2623138428
671014971.1095037460 243025.4197845459
658908073.6343861818 230374.1278700829
657547738.8341596127 227713.8650259972
658291238.0935213566 229242.5947356224
671234301.1351149082 243171.1615142822
671318081.8349905014 243257.2341461182
671318081.8349908590 243270.4205474854
670099862.6460285187 242166.7775268555
671318081.8349905014 243269.1290435791
