705749878.3845466375 4368126.1899414062
705625035.9461165667 4367345.1201171875
705846834.9868763685 4377593.5815429688
705977785.8058599234 4380006.1528320312
707014325.1762524843 4413688.1955566406
707562997.4075819254 4429653.2905273438
707845465.2462352514 4440611.4238281250
707966738.4221688509 4443741.1845703125
708204199.9495321512 4447865.5717773438
721866604.0393427610 4746625.4877929688
722163142.3469041586 4752219.0766601562
721950418.9841115475 4747038.1840820312
728711010.3630874157 4833602.1220703125
728702460.1606130600 4833029.5292968750
738601960.5260514021 4877520.8769531250
742059075.0664130449 4887977.9052734375
744614353.1556581259 4894753.6396484375
745791398.1166014671 4895163.4248046875
729593073.6336565018 4842095.7031250000
729019443.8117356300 4838279.0527343750
668145647.9188101292 2614189.8739013672
668488988.9939917326 2639737.9007568359
728724788.5040630102 4833735.2011718750
728846799.2250064611 4835765.2060546875
729373778.5699417591 4841250.3183593750
728802518.1176568270 4835041.1806640625
668362366.5967998505 2632809.8914794922
668510142.2826023102 2640800.1395263672
668401627.0173286200 2639660.5574951172
668679708.3403115273 2663366.0234375000
707306226.1135615110 4426286.7578125000
707193129.5584692955 4420124.2373046875
722129146.5760822296 4752030.4262695312
721433059.5262085199 4734123.7084960938
728504933.0756025314 4832136.1855468750
728850894.2044590712 4837251.4160156250
728953735.3432266712 4837537.7890625000
729249707.7223858833 4840299.5449218750
668563199.3250495195 2654628.5872802734
668752230.5173704624 2673475.0699462891
671875747.4271454811 3021152.1149902344
671455891.2139166594 2992464.4346923828
681565328.5314093828 3557898.3276367188
682205951.7779884338 3585821.7984619141
682506662.3819553852 3591559.8287353516
682071140.4173175097 3578790.1195068359
681936251.7324273586 3577412.1468505859
707032313.4265503883 4417398.4943847656
706874476.2578014135 4406631.1291503906
706943559.0303794146 4412770.5568847656
722237116.1580932140 4754387.6655273438
722020401.2741329670 4751366.3666992188
722296212.8031429052 4755934.9067382812
729130147.6022801399 4838565.9882812500
729133983.4633822441 4838769.3242187500
738704801.6648188829 4877720.3037109375
741526837.6197236776 4884129.9316406250
745205053.6533650160 4895080.5136718750
744544736.0207740068 4894301.3115234375
745830797.1953974962 4895744.9863281250
744213647.5777832270 4892889.2773437500
743988736.8406451941 4892458.4960937500
743749847.2800928354 4891531.6748046875
743434165.4645569324 4891049.6601562500
668903649.9764558077 2688815.0017089844
669239295.7499486208 2689947.0356445312
671255290.0554169416 2979377.8380126953
681716435.0949200392 3564961.4672851562
682092362.4433866739 3579593.7811279297
681789163.1220941544 3569481.6546630859
741790131.4944409132 4886589.0351562500
742189933.0054814816 4888077.3486328125
743103401.8504415751 4889760.4824218750
742425894.6704741716 4888991.3710937500
741823465.5442192554 4887816.3457031250
671499334.9998755455 2997344.1156005859
671573471.0903525352 3003810.9278564453
671553183.4115712643 2997585.2022705078
671399983.8478314877 2991626.9036865234
672251515.5344542265 3034673.1962890625
672285687.0518610477 3036041.6398925781
680904348.4659854174 3519157.9235839844
681172838.1832915545 3537260.8547363281
680982831.5622775555 3522860.1179199219
681058788.8291968107 3524941.8502197266
681155777.8282793760 3532251.6555175781
741558767.6601907015 4885215.5117187500
740421406.7878659964 4882484.8935546875
740718458.6474003792 4883520.6113281250
668615958.4376490116 2658982.2979736328
680738099.8292349577 3515373.7731933594
739569069.3518813848 4879538.6630859375
739795534.1533553600 4881084.1875000000
707277286.4974659681 4426172.8183593750
728222176.8805593252 4826230.6933593750
740145689.9353425503 4881196.0634765625
723159228.2103478909 4770344.1889648438
723111914.2439808846 4769057.8940429688
739303490.9102821350 4879535.4326171875
721984245.6198598146 4748534.4067382812
722459095.8139061928 4759147.6821289062
723608347.6891789436 4774686.2895507812
723015487.4697502851 4767524.4633789062
722966896.2079679966 4767393.3930664062
722690645.0545296669 4762796.4711914062
739640275.1733548641 4880215.2597656250
671131210.6837121248 2951889.2590332031
706219278.1765235662 4388760.8095703125
671013452.0904926062 2945286.6650390625
671010398.7724606991 2943865.2988281250
680259095.8066017628 3480464.3195800781
706097824.0679817200 4386972.1040039062
706306769.6130018234 4393848.8881835938
706573811.3829624653 4397714.9106445312
706562528.8229625225 4397599.3369140625
706403410.9072204828 4397418.3139648438
706942454.5955228806 4410074.4897460938
738336141.6334364414 4875207.4541015625
679993912.1891911030 3467843.1325683594
706680256.9538334608 4403134.7827148438
706717397.0921199322 4405468.4545898438
738088823.9332244396 4873823.2099609375
738060883.4159811735 4872654.4384765625
737845645.3034228086 4869578.3632812500
737972784.8191475868 4870280.9062500000
679937708.7230334282 3461974.3059082031
680075795.5956814289 3471751.6745605469
669807407.2107391357 2694142.3492431641
680273238.0577226877 3481270.2385253906
680235513.8357667923 3477372.3483886719
669996446.6179231405 2710950.4345703125
680209445.9993536472 3477280.2219238281
680158896.7890965939 3477203.2229003906
737215114.1231634617 4866221.8242187500
737367839.0554929972 4868260.6875000000
724247580.5806274414 4776258.2172851562
669974085.1068056822 2708216.9072265625
736522228.3804701567 4860361.0263671875
735852388.1255464554 4857270.0322265625
735644788.4257211685 4855466.8515625000
735651633.0413784981 4855538.4267578125
670101686.9636982679 2728102.7929687500
675358736.2078173161 3152903.4189453125
675466221.0513113737 3156203.5129394531
727420307.2354506254 4809018.5351562500
727890511.3366270065 4813688.4521484375
727423357.1426373720 4809789.8798828125
734969800.4244915247 4848987.9252929688
734869632.1809842587 4848931.7504882812
670654330.2416090965 2770577.7108154297
670730189.9985390902 2774121.7137451172
679492632.5090998411 3395414.4720458984
679573052.8298721313 3397304.9825439453
679169703.6087601185 3377758.0252685547
679246805.6949950457 3384170.1893310547
679022118.5375847816 3372603.5711669922
678912337.0093243122 3358609.5164794922
726624396.6865845919 4798804.9208984375
726413274.8728467226 4797582.3789062500
726374939.9788104296 4797561.3769531250
726676555.6094477177 4800812.2548828125
726988663.3589529991 4803677.5712890625
726731229.0419539213 4801479.9990234375
670811481.9464840889 2778908.0364990234
670648353.5906678438 2767368.7015380859
670750898.4094706774 2774831.8834228516
726915656.5676470995 4802162.4531250000
670804708.5648766756 2775325.2784423828
670805993.9018677473 2778761.4805908203
678838884.3947513103 3340435.6102294922
678851982.2701901197 3346317.0618896484
678676284.6730767488 3337465.2264404297
734502717.2996642590 4847239.4028320312
734580637.8251715899 4847537.5004882812
734200187.5693280697 4846425.2485351562
733385448.4106884003 4844157.8637695312
733052550.4444559813 4842479.8881835938
725946367.7212482691 4785319.6577148438
721343817.6911996603 4689519.0981445312
721395978.8234056234 4692160.4213867188
720493321.9271210432 4682639.8750000000
720355479.7226077318 4678299.9814453125
720432083.8278478384 4679614.6396484375
720272698.5834243298 4675560.0996093750
718790599.1787089109 4636346.4716796875
718716867.1060656309 4635144.7275390625
718004012.3210715055 4621705.5966796875
717798342.4500815868 4620290.8291015625
717013575.5088554621 4605843.1889648438
717206359.0415802002 4609875.7832031250
717382903.4309180975 4614022.3398437500
717519168.5053970814 4615780.5068359375
717341092.5710761547 4612910.2099609375
717850332.0932902098 4620349.1503906250
716818766.3688111305 4601423.0478515625
716458664.5730541945 4597517.9970703125
716359828.2262662649 4593322.2060546875
716102822.2126935720 4580030.0698242188
714854208.7404025793 4562578.0800781250
714569898.3062665462 4558752.6943359375
714305194.8917977810 4555062.3642578125
714309912.5852620602 4555345.3398437500
714285173.3749543428 4553128.0170898438
713551821.8622003794 4543504.9731445312
713647357.6798301935 4543734.1567382812
713153929.2476999760 4535124.5327148438
713237735.7493535280 4538164.3549804688
713338576.9813445807 4538860.7500000000
677223280.8618930578 3265682.3387451172
677208070.4527891874 3260478.3192138672
676862320.6173472404 3244247.5015869141
676760076.0795516968 3240368.3922119141
676872204.0972175598 3244841.3791503906
677008781.4639121294 3249222.7681884766
676921770.9797183275 3245530.8475341797
711723982.8452571630 4501362.8422851562
711139635.1305904388 4486583.2329101562
711150445.9493955374 4490531.8149414062
711393647.9284491539 4495888.3725585938
710998851.7830417156 4479616.5722656250
711102721.7735209465 4485318.8212890625
711003146.5488451719 4481187.6376953125
676672191.0929553509 3236695.4908447266
710702762.3675596714 4476017.9208984375
710661457.5589529276 4473466.3554687500
676036946.0279076099 3192600.7989501953
675949170.3010275364 3184773.3204345703
675791464.7247817516 3182387.2427978516
675732182.9301593304 3178529.4932861328
675730666.3283784389 3175860.7375488281
675684222.7061018944 3174220.1145019531
675699169.0714888573 3174872.8127441406
674880816.1233088970 3126135.2385253906
675022037.0297524929 3134769.7553710938
674804324.8428673744 3123090.7028808594
674522811.7411485910 3102658.2407226562
674437568.8645534515 3100463.7602539062
674054936.0328924656 3069654.7966308594
674086447.6273207664 3073318.9472656250
674053882.1651608944 3068951.5793457031
673940366.0124255419 3066486.1579589844
673791253.6953160763 3055462.0463867188
673838204.2486449480 3055911.9497070312
673750740.6019631624 3051476.4985351562
705031981.9377101660 4304491.5717773438
705114780.1195682287 4312979.8486328125
705420728.9996584654 4318985.9091796875
705452825.7126526833 4318994.4042968750
705040878.5700248480 4307086.0383300781
704332619.2893005610 4271536.0236816406
704440081.0324177742 4280164.3283691406
704236347.4722015858 4269861.1193847656
702879909.5079988241 4232822.9055175781
702751959.6306176186 4230466.9914550781
702915599.1058374643 4237259.5129394531
704122700.4518399239 4264393.8322753906
703029554.2941098213 4238960.3352050781
704050264.8467081785 4263988.7036132812
702721701.7791173458 4202191.6884765625
702576890.0595067739 4183181.0180664062
701733421.8105720282 4155257.7263183594
701669267.9534814358 4153977.4748535156
701786432.7666134834 4160561.9641113281
701987381.6812472343 4166010.1633300781
701891415.0083544254 4164241.8029785156
701760591.0534045696 4158569.1845703125
701714584.1492927074 4154667.8496093750
701943555.6442552805 4164426.4360351562
701296877.6003190279 4090673.2602539062
701038916.2739951611 4081368.1181640625
701350240.9682245255 4092813.9824218750
701109575.8815152645 4084177.9077148438
701014774.2185326815 4078176.5678710938
701176337.1491978168 4088279.3510742188
701435224.0590283871 4095485.3442382812
701414212.8827178478 4095265.1577148438
694937799.5255402327 3592429.7529296875
694993341.1847988367 3595439.9531250000
695097529.5881592035 3602085.3217773438
695392802.4476864338 3613115.1743164062
695241548.8565471172 3605724.5000000000
695632365.1997152567 3623962.7597656250
695945294.0990506411 3640389.0126953125
696256384.4236404896 3645962.4101562500
696295273.7500793934 3648895.5156250000
696921940.3000999689 3662407.2153320312
697009140.9437981844 3665962.2863769531
697960350.5175305605 3693716.5241699219
698019694.4038168192 3697140.2741699219
698344612.2547954321 3716490.0935058594
698365176.6206233501 3723045.9558105469
698935194.0566761494 3752605.8549804688
699190047.4640642405 3761037.5717773438
699480589.0154768229 3767705.7822265625
699475682.6328344345 3765377.6665039062
699558961.6762835979 3767878.7902832031
699457219.6809852123 3762842.3762207031
700205507.2484529018 3777318.7731933594
700317185.9900990725 3778580.1984863281
700357723.0907959938 3782113.9182128906
