592404040.3455041647 3080245.7856445312
594675577.7095776796 3196038.8229980469
594482489.4059158564 3192603.0935058594
595122153.6621668339 3218925.2125244141
595687926.2803124189 3239125.6762695312
596121841.3433432579 3264980.0187988281
603430224.3977972269 3559459.9565429688
612239666.8283246756 3773927.4207153320
610479475.0437653065 3724810.0936279297
602085233.7781673670 3513923.5305786133
610950345.1932700872 3744666.1974487305
622473776.6440738440 3964352.9323730469
590672825.3634316921 2896046.9326171875
591450680.9573456049 2987725.3745117188
591568648.4613449574 3004407.3374023438
591251410.1074593067 2956842.0684814453
591407985.2575558424 2986171.7773437500
591355579.5195848942 2968858.8352050781
591511214.6514847279 2996438.9145507812
591941963.3303655386 3038158.8648681641
592629487.3142418861 3087855.6284179688
593014262.1032041311 3102168.0891113281
599047211.0671474934 3408950.1279296875
615130707.3186303377 3826985.3918457031
614804495.1030157804 3819308.7160644531
591078783.3556216955 2930311.1785888672
591286964.4822220802 2964772.3732910156
591083213.7962064743 2938738.9560546875
591368948.7771996260 2976813.8784179688
592107763.7483574152 3055066.9747314453
591758462.0536127090 3021094.7243652344
591976442.4507628679 3040570.1375732422
594622926.0950914621 3195617.0279541016
595772845.1186069250 3262243.3999023438
597177197.1833927631 3326761.5083007812
595699046.6548868418 3253447.3803710938
596987314.5368773937 3313179.5815429688
599630080.2740703821 3428024.8860473633
599219582.7656911612 3419684.4700317383
601865223.8663672209 3512991.1406860352
601331390.2093005180 3498874.2420043945
601857149.9617590904 3509762.6458129883
608748964.6214299202 3684044.6519165039
608279926.4550442696 3670316.1105346680
590834030.3940091133 2919223.3557128906
591586323.1771651506 3007877.4125976562
591586323.1771652699 3007885.8374023438
591790984.6756907701 3026056.5665283203
591895203.4418547153 3033261.6832275391
594254540.6792123318 3176569.8236083984
594314757.9479236603 3182801.4709472656
593863799.1536386013 3157764.4792480469
596269016.1163487434 3277778.1101074219
598908474.6383399963 3402914.1147460938
600221354.1811554432 3455277.3235473633
604190100.4094851017 3583106.4749145508
607405501.1972379684 3661156.2443237305
591216811.7277303934 2951455.1905517578
591216811.7277305126 2951463.9161376953
591790984.6756908894 3026064.9913330078
591706095.7518095970 3016717.1861572266
637793540.9632089138 4151448.9687500000
719482104.0893924236 4616432.5917968750
590767750.2070825100 2900106.1428222656
590834030.3940091133 2919214.9309082031
590993503.4265773296 2924709.8867187500
592343923.4790529013 3070557.1008300781
592232350.3652849197 3060913.5991210938
592655830.3184473515 3091003.6638183594
592686445.4511035681 3094909.6391601562
596398665.3893212080 3280171.5827636719
596549186.2055814266 3292140.6328125000
634077941.5783263445 4095028.8640136719
590876726.0937988758 2922055.9694824219
592517975.2396723032 3085505.4213867188
592517091.2196856737 3084809.3609619141
593068229.9609413147 3112246.2941894531
622297798.6983255148 3964218.8952636719
609438222.3852373362 3695248.3512573242
591280273.5566394329 2959494.1358642578
591143724.4141683578 2944711.0724487305
617000976.4371393919 3848720.4006347656
610693047.3971203566 3736346.4562377930
622599376.9842641354 3969821.3449707031
591235294.9989469051 2956597.6074218750
619822403.7466619015 3911152.3100585938
607927257.9498353004 3665283.9889526367
590727805.2843074799 2898025.2878417969
594620707.2515403032 3195128.3482666016
594738192.1995705366 3201529.7370605469
685284224.4226094484 4413972.5410156250
697598841.2717862129 4540719.1250000000
684841102.6821719408 4413486.2548828125
591280402.8269555569 2959954.2619628906
593309074.6904435158 3124777.3427734375
594067990.5204398632 3169798.9345703125
594121784.8778219223 3171465.6654052734
594473307.8829367161 3186847.2183837891
619204263.6410214901 3888895.8093261719
623951780.8280190229 4000292.3903808594
623514549.2401660681 3988808.8947753906
626150333.4204739332 4013650.1828613281
606776136.7050418854 3638532.6884155273
622977654.0245823860 3976117.1850585938
590956386.6623895168 2922154.9604492188
600021269.2068310976 3448605.8374023438
608949785.0842773914 3693173.8937377930
617117405.2352683544 3852564.9245605469
614702910.5937640667 3801856.7253417969
622514008.8422483206 3967445.8830566406
719055431.8626699448 4613690.6113281250
590956386.6623895168 2922087.4252929688
592263313.6452051401 3062337.9448242188
592371258.5211008787 3073919.1591796875
593309074.6904435158 3124837.8066406250
593761360.3985720873 3152524.5839843750
594832863.0749840736 3209959.0899658203
616367525.7046364546 3835152.8464355469
601742840.8394404650 3507413.4819946289
622233252.6977595091 3958918.5710449219
590956386.6623895168 2922095.8500976562
593340110.6129239798 3132271.2907714844
595739328.1928396225 3254538.0505371094
608341473.2559986115 3678350.5763549805
603292941.6995056868 3550420.1919555664
621575801.0618193150 3955625.7758789062
617243075.7133212090 3865448.7033691406
593503169.2740950584 3138207.9492187500
593416296.5037882328 3136023.6086425781
593654981.8729583025 3145866.1505126953
593740965.1885851622 3150226.8122558594
600984104.4586598873 3485593.6826782227
609466484.9514063597 3698665.6859741211
619239877.4212541580 3893900.6271972656
606824004.6965497732 3643270.6864624023
610881057.9051190615 3740046.5099487305
610693047.3971203566 3736542.4132690430
592263833.5978938341 3062719.2274169922
593579355.1649594307 3141899.8032226562
593579355.1649594307 3141960.2670898438
595177829.7877072096 3223767.6024169922
600564145.3045676947 3471931.5945434570
606023322.1146258116 3628718.0004272461
606220139.2110484838 3633756.1928100586
593022654.8730543852 3109530.6179199219
595244863.3230015039 3233415.7127685547
609899848.8422527313 3724264.3917846680
609618598.4221024513 3717394.3375854492
628009589.6195919514 4038847.5307617188
603807305.8289260864 3566974.5103149414
606427450.9529585838 3635338.7223510742
604819783.4963634014 3600148.0756835938
594898676.5795999765 3213212.9566650391
620197221.8983966112 3918136.2214355469
622236834.5010868311 3963144.5144042969
594503188.7813570499 3193427.6501464844
596151467.0980900526 3268906.7041625977
602653301.9888504744 3530044.6803588867
603545250.6721937656 3566595.6530151367
602266297.0648430586 3519568.9830932617
594042771.2613066435 3165129.3585205078
593925299.3150990009 3162461.2561035156
594801718.0215116739 3208081.9274902344
594554917.7668377161 3194030.0723876953
595284549.8831913471 3234503.8780517578
602947558.1545835733 3548441.4398803711
602670452.3059104681 3536441.6549682617
605823745.1368492842 3627933.5971069336
595319198.7622791529 3237326.4464111328
595319198.7622791529 3237385.7608642578
602549299.8619641066 3526286.0455932617
599889363.5943796635 3436310.1135864258
619567877.9578684568 3903638.5363769531
596842269.6138762236 3303285.4352416992
602315063.8909333944 3523063.9275512695
621300698.6989585161 3944652.2912597656
595052961.1552194357 3214836.2814941406
603380190.5884965658 3556112.9376831055
606320985.5754112005 3634372.6876831055
613287203.2603427172 3779350.6794433594
613041374.5709298849 3776630.9675292969
602254044.1845133305 3514465.0250854492
603309559.3298249245 3552819.9288940430
600492960.4557508230 3458204.6229858398
599426268.2072017193 3421705.7158813477
605036970.6339361668 3604712.6215209961
599684396.7861988544 3429059.3930053711
604711070.6133211851 3599100.5087280273
603997837.6778006554 3576987.2172241211
602498898.8278362751 3525039.8014526367
604465117.9102931023 3589196.2025756836
631808994.2253512144 4081301.2495117188
599418942.1442357302 3421588.2836303711
599610230.5167353153 3426318.4194946289
602254044.1845134497 3514526.4723510742
598297435.1572067738 3378641.9928588867
598473965.3469989300 3388932.3236694336
687681338.0544602871 4444081.5458984375
687312452.8212658167 4443862.1689453125
627202227.2628638744 4032143.2302246094
626784702.2322585583 4019978.6972656250
599141105.3991935253 3410098.1548461914
598845849.7217428684 3398338.5816040039
620760114.7583075762 3924548.9702148438
617667593.2958228588 3865702.6286621094
606924476.1947805882 3644147.0565185547
605580072.5231041908 3608308.1283569336
597112755.3715101480 3317235.4887084961
596874157.7652676105 3309996.7482299805
598958671.1932854652 3403840.7150268555
599309002.5701897144 3419798.2145385742
598513926.2823518515 3390366.5087280273
605651566.8254300356 3611059.2852783203
663845686.3728156090 4295088.3364257812
719008422.1239503622 4606256.0874023438
618504877.3493576050 3878529.1145019531
690783182.4170176983 4454102.9169921875
616611628.5041322708 3837017.5205078125
598577412.5142648220 3394782.1005249023
598011444.4862183332 3363644.4032592773
597666372.8700962067 3349296.0685424805
609494113.1751253605 3701015.3642578125
597964642.5059666634 3362602.2826538086
597476153.6495540142 3338585.5018920898
597516720.2446783781 3345043.0448608398
597352798.2417451143 3331587.7816772461
598102590.2980260849 3369430.3314819336
596523730.7074948549 3283787.8261108398
597835023.4610041380 3355542.4823608398
596523730.7074946165 3283722.3163452148
597321691.5125708580 3328372.0984497070
597352798.2417452335 3331653.2914428711
694850142.5551669598 4487036.7641601562
616737039.5913299322 3845075.5432128906
683414846.8224350214 4411246.6401367188
607342114.2859592438 3650345.5205078125
629242453.3079963923 4066225.2778320312
628705004.8179250956 4056152.3278808594
596748863.7219502926 3294538.5248413086
607175166.3891601562 3650323.6601562500
718076622.8912043571 4605913.2836914062
633694154.8872929811 4086770.5085449219
625970690.2286177874 4013641.8952636719
718645400.1485196352 4606138.6362304688
617186864.6476414204 3858281.1154785156
625893987.6409428120 4001296.4213867188
685633953.8632020950 4418890.6386718750
618048843.7703086138 3869840.4477539062
688077842.5690261126 4447924.3249511719
697306593.8014546633 4509727.2578125000
635666296.6764711142 4104066.4689941406
706741755.3673920631 4569074.2758789062
613548045.8799673319 3789392.5778808594
613130269.0055049658 3776692.6867675781
613854456.7413235903 3791848.8415527344
667798039.6994603872 4351890.9328613281
706100233.0423206091 4553560.0527343750
652276161.7658199072 4277603.5246582031
690593260.3606380224 4454062.3808593750
717685510.3296009302 4574071.4760742188
618251798.1136295795 3870889.0058593750
717939089.9806711674 4576857.8950195312
681473838.7051094770 4401594.2304687500
637339467.4957921505 4145425.0070800781
717817460.5593799353 4575051.1987304688
637423527.0139242411 4147215.7395019531
637303856.9490318298 4145296.0227050781
637730413.1611058712 4151212.1774902344
665106672.7949223518 4342659.9885253906
717922345.1665979624 4575527.3715820312
717318506.0135529041 4571113.1025390625
717589887.3255999088 4573950.1933593750
664355909.1672177315 4300040.8137207031
635711900.9069293737 4120244.1257324219
616310312.2254952192 3833357.3413085938
672043776.0600999594 4371055.2937011719
618996076.2316120863 3878626.5292968750
619026243.4397540092 3886074.1340332031
636387801.0004328489 4144251.1296386719
635761813.2269972563 4131805.9836425781
615644921.6917957067 3828972.7424316406
638270361.7188067436 4156918.1091308594
631297001.4513798952 4072240.6601562500
638971526.0143735409 4164182.7924804688
638767486.9071599245 4161836.1933593750
639617773.4869396687 4180473.8129882812
639328288.1834154129 4174145.9458007812
638849672.4687231779 4162976.2543945312
677952401.5607848167 4389086.9321289062
643460107.3333164454 4188819.3144531250
660844142.9703680277 4294620.9975585938
660369387.2718960047 4289854.9492187500
643723663.9559062719 4197504.8652343750
643439417.5594552755 4187504.2055664062
643603782.6678255796 4189351.4277343750
643376527.8197680712 4187206.5366210938
643395559.5976356268 4187433.3110351562
635084379.5500062704 4104066.1877441406
646472030.7356250286 4206031.5795898438
645662921.1477746964 4198856.5180664062
