766549378.5679035187 5555645.8647460938
757098644.5935734510 5158649.6169433594
758671319.3307629824 5279994.8229980469
758671319.3307631016 5279996.1145019531
763194624.0590654612 5476748.5002441406
762659131.8540730476 5452401.4914550781
809045875.6500980854 6032100.6298828125
798052801.8301948309 5999699.5068359375
758582440.8912644386 5275483.9611816406
758408958.7450170517 5270550.1506347656
795685611.4826520681 5988244.6376953125
756944446.0044424534 5147028.7248535156
762688852.5819724798 5457935.2331542969
797230325.5462313890 5998743.5595703125
761825515.2449423075 5425743.1667480469
784450232.3069994450 5892301.8730468750
794386877.7961529493 5982886.0185546875
761830797.4605983496 5429154.9772949219
759197810.8860137463 5307670.5661621094
773872995.7690434456 5730895.9111328125
757170268.2261283398 5170180.4831542969
758671319.3307631016 5280005.2800292969
757461115.0186266899 5186771.6711425781
760234611.7076830864 5362232.1120605469
784718162.2953968048 5895556.2626953125
760646655.2118245363 5377681.9240722656
785211457.3495104313 5897609.0341796875
757115383.8763605356 5163088.3171386719
760296164.8637013435 5370490.7448730469
787971051.0418126583 5925241.3388671875
757377748.7763603926 5175932.5739746094
808687513.8823771477 6031472.7099609375
782588593.2048805952 5863911.3139648438
756969258.8291319609 5150236.9504394531
789568795.2687546015 5939225.4335937500
789986200.3753407001 5946590.1367187500
789915980.1796816587 5946542.4804687500
759833547.5673618317 5352851.0632324219
777351907.8755574226 5787517.7451171875
782664254.3129857779 5867625.8232421875
758972992.0435009003 5299845.1550292969
807171422.6997343302 6025925.3593750000
789986200.3753407001 5946724.4199218750
768512819.1919428110 5622294.3828125000
761819659.0935879946 5424946.5461425781
759425980.0486325026 5328620.6765136719
768567129.3489887714 5630448.8681640625
785241709.9009433985 5898087.4648437500
775549686.5222550631 5758641.3676757812
785135748.8553141356 5896693.2763671875
759637263.3878853321 5332967.7839355469
771239607.3387223482 5678386.7387695312
770531514.4086164236 5666952.4604492188
785834884.4849424362 5902261.5566406250
772473495.4883828163 5704015.3627929688
759681871.2546873093 5333014.5812988281
789896738.1123050451 5940946.1601562500
760673878.9612332582 5389513.9191894531
759786680.2675603628 5341195.9772949219
760054029.8619925976 5356985.9177246094
807291215.0981870890 6028155.6191406250
798279756.2005321980 6001585.4326171875
768976030.4897247553 5633115.4394531250
758919270.2496087551 5289689.0144042969
783423338.4007713795 5878854.1591796875
765246519.4156357050 5534964.7497558594
776971552.1487427950 5784452.8027343750
785468863.5886158943 5902231.5859375000
768989058.3279047012 5635133.9785156250
775443975.0055562258 5758189.7939453125
758694726.5600702763 5289399.5480957031
768989058.3279049397 5635156.3310546875
768691949.3212945461 5631540.6708984375
762127535.5824961662 5439612.6130371094
757794973.3958561420 5232614.8718261719
757904582.2527883053 5241926.1569824219
759280244.2831141949 5322643.6711425781
757857674.6349092722 5241601.0749511719
756994817.4930617809 5157228.8557128906
759681871.2546873093 5333011.3498535156
796581652.4072768688 5993517.0009765625
759742455.0575414896 5338081.8605957031
761757616.8186470270 5422507.7829589844
760469548.2476952076 5370770.6545410156
768236663.0706098080 5621314.8525390625
775575171.1191444397 5759213.8666992188
768188948.1454063654 5616568.2167968750
760166127.1343880892 5358480.8542480469
762500344.2797228098 5449941.6564941406
796581652.4072768688 5993468.4697265625
776069061.7108961344 5770346.9570312500
776571675.6713112593 5779948.9296875000
765661839.2233375311 5545625.7663574219
760054029.8619923592 5356953.2312011719
763558132.8973714113 5483753.8395996094
768060414.0116384029 5616268.1962890625
771461969.7639056444 5685057.3515625000
756783385.7124098539 5141324.5207519531
765661839.2233376503 5545625.9509277344
759724802.6828908920 5335402.9274902344
774512102.6731355190 5742743.4516601562
773174066.8001374006 5720000.8208007812
765238443.6768515110 5531238.8210449219
765281589.6566339731 5535581.3757324219
773026358.2517440319 5715174.8183593750
777051991.8835601807 5784883.3500976562
769288054.0711178780 5639204.1049804688
775292012.5786806345 5755174.9082031250
765661839.2233376503 5545688.6950683594
774811696.3664319515 5750235.1938476562
757566028.5841727257 5221733.5329589844
769400918.7434645891 5641686.4741210938
767793067.7393562794 5610369.2075195312
767105166.3415238857 5589601.3374023438
762046051.2836949825 5432640.5974121094
765936011.2149683237 5554841.9194335938
772556897.3772324324 5709653.5581054688
774258603.8824021816 5741180.0131835938
765357873.6674617529 5538218.7409667969
762047402.3497662544 5439225.8825683594
761425780.6000399590 5408432.7675781250
765542733.1692324877 5545353.5717773438
766803333.3340768814 5578828.6855468750
769780797.0464985371 5651856.7929687500
773495750.1002360582 5725399.2573242188
764729304.5450859070 5517672.8908691406
767587570.9751709700 5601798.0351562500
761244306.2448439598 5400508.3471679688
772160712.0409216881 5700584.5019531250
765826710.5795903206 5552722.5512695312
775717790.7989296913 5763020.8325195312
763408858.6944267750 5480563.1774902344
772810332.3685852289 5712014.1474609375
763488909.2830064297 5483059.8654785156
775243392.0820820332 5750412.4111328125
762263465.5046508312 5446898.6813964844
777056392.6605746746 5786437.2324218750
762197389.3363610506 5442867.2058105469
764302414.3870408535 5505446.6184082031
777374350.4949352741 5789496.9550781250
776282249.5918893814 5773404.6308593750
775843960.6005908251 5764456.4238281250
762814979.5815731287 5463522.4558105469
760939004.5507875681 5393401.5937500000
760923759.3381909132 5392390.1083984375
775652043.1179959774 5759942.5883789062
776282249.5918890238 5773317.1787109375
764060811.6180753708 5498552.9357910156
760923759.3381910324 5392407.1938476562
761672849.0507673025 5420004.1491699219
758115668.3310868740 5245208.4067382812
774088773.2587338686 5734415.1064453125
761605950.8001098633 5416824.1276855469
761185112.0078322887 5399983.0410156250
758184001.7439229488 5250476.0395507812
775401519.0932748318 5757176.0117187500
764072852.6685221195 5501792.9230957031
763968007.5204178095 5498267.0583496094
764301988.3417297602 5501931.7414550781
757415728.6009472609 5177561.9846191406
764766888.5988669395 5520367.9533691406
811769954.5112161636 6035400.0263671875
763919726.1971693039 5498023.1687011719
763586021.7190005779 5489847.4304199219
770810141.5327785015 5671633.4775390625
770778581.6821540594 5671179.8388671875
811344866.4886560440 6034912.5986328125
770778581.6821540594 5671184.8925781250
770135778.2131577730 5661365.4375000000
761747589.8338766098 5420903.8371582031
766943104.0105662346 5583835.9433593750
770135778.2131576538 5661249.3271484375
762023594.9242565632 5429527.8762207031
766943104.0105659962 5583818.1738281250
769998437.1890126467 5655556.0371093750
762969759.0883843899 5465171.0544433594
771140480.2744272947 5676655.1870117188
762676181.5804184675 5453885.0002441406
784087543.0448367596 5887696.3916015625
767788480.5582772493 5604375.1132812500
770995403.2363680601 5671727.2041015625
766943104.0105659962 5583826.5234375000
767229105.5717681646 5589742.8784179688
769553175.5962318182 5646745.3823242188
767389402.2564107180 5595335.5322265625
766943104.0105659962 5583835.1655273438
766943104.0105659962 5583803.5673828125
770995403.2363681793 5671743.7690429688
771024098.2034891844 5676592.0795898438
770287677.8763176203 5663473.6235351562
771939370.2691498995 5691750.6791992188
771977368.5034710169 5694338.6147460938
783642628.1514950991 5883826.8085937500
784287770.2167464495 5889275.9638671875
766943104.0105659962 5583818.4550781250
782797592.3854191303 5875002.8701171875
764384830.9908003807 5510340.7321777344
811047938.3994194269 6033742.0869140625
781594223.9375087023 5856087.4287109375
757367182.2905213833 5175213.0939941406
780707898.8412992954 5844468.1879882812
781979898.0384386778 5862632.6357421875
781413705.4720635414 5850799.2104492188
780540744.6254408360 5842250.3813476562
781024447.7448050976 5850037.9350585938
783155342.5095422268 5876722.0351562500
779747890.0405877829 5824113.6669921875
778596105.9000583887 5807089.2338867188
779785979.9294474125 5828934.9711914062
784319202.9609793425 5891850.6406250000
788361409.0940164328 5928840.6767578125
782081099.5247021914 5863295.4340820312
781712252.8986817598 5858332.8691406250
805118890.8213195801 6022394.9052734375
784179251.1508930922 5887838.7001953125
777311402.4176774025 5787089.2055664062
785332903.9771754742 5900419.2832031250
806675730.3268493414 6025561.4794921875
805635622.8845992088 6025293.1738281250
781959094.3277697563 5860097.0009765625
810272681.7614439726 6032685.6357421875
779219064.6963806152 5818444.9116210938
779219064.6963806152 5818428.8510742188
792894672.9460625648 5974624.1708984375
801361776.0411368608 6013865.1328125000
793952227.5192875862 5979306.6621093750
793728284.7592718601 5979303.5722656250
777634479.3616955280 5791774.3452148438
793094252.3290276527 5975358.8046875000
777831385.0400202274 5794068.3920898438
795366784.1661239862 5986458.4882812500
795366784.1661238670 5986454.4990234375
779059152.9804295301 5816172.0180664062
793979798.5256968737 5981066.3750000000
778423658.5405862331 5804074.2309570312
794500432.0091711283 5983312.3037109375
796110523.8534334898 5989308.4326171875
786904539.0712361336 5915345.5419921875
800191976.7340898514 6007329.5302734375
787849466.8395578861 5923447.6669921875
787601588.1980329752 5923182.6796875000
795517080.0860546827 5986673.6250000000
795295396.8691940308 5984852.0478515625
778037047.0557236671 5800245.0688476562
800191976.7340898514 6007311.6835937500
787568162.9767692089 5921254.4228515625
787568162.9767692089 5921254.5302734375
786251512.1805036068 5908886.6406250000
793282106.9988746643 5975529.6406250000
799295899.1845498085 6004508.8339843750
787450584.4361131191 5920884.3300781250
807367456.0922226906 6029089.6513671875
790395298.8459612131 5954498.0449218750
790789013.6759213209 5956214.0947265625
765030337.5530045033 5525071.0644531250
787568162.9767692089 5921228.8134765625
799685402.0818221569 6006975.5712890625
800721765.0398705006 6009924.1445312500
778724942.3345508575 5809582.0688476562
791530085.9735463858 5963393.2070312500
790789013.6759210825 5956173.8222656250
791310278.8661477566 5961141.2001953125
790056980.7357872725 5947836.2285156250
791985342.4236252308 5967058.4619140625
789289639.2761238813 5937760.8896484375
790649519.6629207134 5954771.9345703125
792484697.2846388817 5970413.4892578125
792828963.7741620541 5973848.0498046875
793968002.2389819622 5980125.4394531250
807189640.1801320314 6027272.0029296875
791530085.9735463858 5963386.4599609375
793466843.0400905609 5976308.9052734375
798722871.2868201733 6002121.1367187500
793466843.0400909185 5976322.8603515625
788178424.5319200754 5926379.3115234375
780187333.6350753307 5833240.3325195312
778756617.1415261030 5809766.2739257812
779214205.5077927113 5816960.0600585938
780481587.3945313692 5837076.8959960938
796883989.0178281069 5995568.6376953125
804449694.5797773600 6021028.0507812500
802534284.7227553129 6015148.2138671875
801034662.7069591284 6011427.2636718750
796396872.3463783264 5990247.3056640625
796471160.1326739788 5991994.0361328125
804350755.1509547234 6020903.0253906250
803027361.7259163857 6018483.7968750000
802747255.4756808281 6015169.8476562500
803919378.0698195696 6020833.9384765625
801535102.5555701256 6014983.0761718750
804834436.2230325937 6021337.1015625000
804579597.1986750364 6021181.6533203125
802967651.5948208570 6015280.9882812500
788891830.7897486687 5933106.7578125000
789083825.6105749607 5935400.8476562500
800202300.8517090082 6009482.5683593750
800299376.0856019258 6009493.1328125000
799176323.4642580748 6002347.4355468750
803833801.1803516150 6019237.9052734375
801058826.9837079048 6012598.6523437500
