536951345.4634846449 434840.1718139648
430704929.7656533122 96777.2193994836
433113597.0808170438 126311.1532279602
478083346.9409498572 319489.9726484547
508256677.0670568943 396401.7009277344
430778689.5229761600 97270.0292532973
432895000.5701007843 124390.0671328678
433894648.2510266304 130105.2390083739
433636417.3762223721 129830.4931449070
433594811.9691172242 129251.8649539127
478133754.1564351916 320141.8023298512
478598831.5380732417 321217.0971071017
479410476.4721054435 323009.1205053627
478755852.2341274619 321621.2273637545
508267930.6949557066 396828.9017028809
508085699.0713757277 396092.6874084473
544938265.9989998341 439041.8978881836
547346736.9407569170 439728.4480590820
431027927.7345823050 100885.5693880336
431062390.2881943583 102221.3080964403
526494863.0512775183 426996.3426513672
431054574.7130508423 101972.8222565965
430811893.9668173194 100188.1662507372
433337088.1748287082 127950.3246096744
433488943.3241525888 128338.5748062356
478683848.5102894902 321447.0098344577
525923723.9954193830 426643.2676391602
537678849.9980620146 435658.2852172852
543154989.5166417360 438057.2084960938
547197497.4856857061 439526.5925903320
433714295.3401541114 129837.8726443424
478494632.7562373281 321185.2076493991
479463086.9929365516 323576.6262617433
478803876.1474626660 322125.2721635592
478698743.5138595700 321455.8877946627
479138763.1208966374 322714.9760514987
458077824.4872820973 248745.8227123421
478288781.3098095059 320445.1132475105
478468607.3356536627 320685.2582626939
507896308.1315915585 395762.8619384766
508148970.2937548161 396395.0643615723
519151803.9775771499 417593.2612304688
521772121.6439008117 420812.9349975586
522482130.1269264817 422831.0494384766
546851702.6042027473 439490.5795288086
521802995.1959992051 421184.3248901367
432714760.9119222760 124129.4793948307
432301021.3438904881 119576.4504714980
443116022.3391507268 182939.4762222115
443308394.7415666580 183284.1469729710
459417839.5738710761 252331.7578070041
459228626.7911720872 251761.5025579806
459304268.8946555853 251895.7691595431
478705297.6717423797 321536.9213716281
526476409.8332986832 426658.8816528320
537825323.0142245293 435695.7952270508
543554917.8887226582 438364.1981811523
544731060.5498853922 438926.8740844727
443123240.9375862479 183238.0379897896
443346827.4804406762 183364.4912368599
443328472.5706827641 183300.7331802193
519079739.2439357638 416987.5805664062
537550844.2876183987 435543.7509155273
433585364.9293338060 128811.2569153719
432485902.9197195172 121860.3399749770
478657862.0030832887 321437.9533387912
504967366.9378625751 388035.3639831543
442157793.1822586656 178427.5057182317
504285661.0516330600 387095.1652526855
519454760.8165733218 418019.9384155273
442956837.8252935410 182277.5780638624
507604301.2721790671 394995.4583129883
537358355.5253229141 435409.2920532227
544012591.9883311987 438664.5554809570
477283059.8117586970 316172.9916910231
508259251.0278496742 396436.4276733398
519095834.1461347938 417313.6796264648
441871026.1828311086 176452.1998289991
457991416.3833476901 247656.6217352550
537914068.5705097914 435796.5316772461
441913928.0008116961 176943.6673888136
441837437.1577588916 176263.3086546827
442191946.4855686426 178514.4662474561
441509820.3668653965 174476.9902249448
457776862.1092944741 246720.6238104503
504090231.7552063465 386169.6405944824
503990474.7927231193 386094.3907470703
525141729.1393554211 425638.3201904297
524964338.6594541073 425573.7298583984
544341232.8482706547 438748.0606079102
457974963.1496596932 247627.7413985830
441262771.1454799771 173222.1011487119
504612673.9451444745 387718.5325622559
479845806.8870277405 324065.1931100115
456953412.1038706303 242674.3019669156
536512961.6097191572 434618.2545166016
508740623.6269254684 397427.9581298828
519394122.8962251544 417855.4319458008
480261815.2612181902 325085.5554498881
504015168.4468277097 386119.5209197998
434739903.8066775203 134806.4505730048
480355918.3063642383 325357.5416444764
434483466.1937795877 133177.5575371161
441747242.4065404534 176149.5892058277
456693779.5776854157 241162.8130837738
441694129.1645901799 175145.3129722946
441444550.9611293077 174446.7856474781
432029195.6196361184 110126.1391881211
504391163.6600922942 387330.8273620605
524151846.2766578794 424211.7821044922
434290101.0670369267 131597.7777824774
508009192.0601530075 395949.9011840820
434126222.5278236866 131144.4156914130
431996436.2208146453 109373.8249448044
440788526.1495698690 169587.5403112473
519637330.9921173453 418224.8460083008
519847617.6488768458 418588.5650634766
432192301.9767888784 112119.8566678269
476618189.3089448810 312199.6944001894
503728716.9825329185 384734.5864410400
519526671.8946883082 418196.7328491211
504167684.4816219211 386563.1425476074
503749282.5314121842 385301.6576690674
503491643.2109016776 384641.0606384277
503986915.5092942119 386057.9649353027
536509332.8856415749 434346.4973144531
518768475.2349871993 416798.7376708984
545894305.9984060526 439073.8485717773
548468989.0339050293 439799.5453491211
503791013.9585903287 385440.3732604980
457280967.5045060515 244260.8693205517
476425454.9283195734 311326.2966975524
457034311.6441938877 243041.4405941535
457027377.3204601407 242912.8657867241
518526438.3425003886 416365.4442749023
548342651.8320897818 439793.4225463867
523389747.8674729466 423618.7282714844
457178667.4969573021 243439.9814483452
457105570.9548723102 243126.0173370171
538422556.6011734009 435804.5198364258
475831561.6381111145 309788.8094267007
456046724.3660631180 238421.7315263923
467871624.0355845690 281348.7253598779
456210037.2537982464 239445.8784333866
455892779.2418050170 238232.9262895759
467438944.3849418759 280109.8660153954
523473204.5261881948 423635.2548217773
431779799.3428060412 103688.5866069794
431696864.9247753024 103600.2293041162
431845297.5218073726 107527.2232220871
439899855.1087146401 164673.9648062291
511542998.0139654279 402047.1957092285
520409392.2618625760 419068.4060058594
523457249.6369754672 423622.5474243164
455687879.8374192119 237379.8191883739
440021644.9680398703 165086.5972774887
454201147.3078475595 230232.3064492743
455672042.8579682708 237141.9091236766
510759590.6939454675 401235.9310607910
510274306.1597498059 399574.3969421387
436155418.1090421677 142696.7780134082
455657690.3839775920 236648.8325291490
509841839.2511127591 398792.9977722168
454500044.7592590451 231577.8260521393
436598164.2765958905 144757.1248348951
440126798.7065432072 165377.0091330113
439558554.8824932575 161980.6883932652
436646024.7695611119 144978.1844509840
454108222.3125045300 230199.8178120654
454559655.4163402915 232042.4273440789
474587959.9184877872 304987.1019852958
467576051.9790551662 281153.2666437163
453699886.2131251097 227766.4825586639
509705748.6097987890 398725.3900451660
468020540.7395182252 282971.6600763335
521515505.2636534572 420405.0122070312
435305547.2759377360 136497.0974046588
521151517.4466233850 420005.3659667969
435827073.0663262010 139504.3849717975
435633344.1253628135 138655.7732774615
453379652.3191245198 226550.5584863946
468282336.6091525555 283774.2320490876
505993121.4027688503 390396.8786010742
435309325.7815161943 136622.6314317584
435217856.0567032695 136012.4974595904
474991611.0500424504 306689.1059525809
475255228.5765310526 307524.6800707900
439311664.2156975865 159049.6151768890
509527936.2794069648 398447.4236755371
435412614.7262908816 136734.6917542219
467993391.1555993557 282833.3345300689
438908867.2174455523 156418.3574483123
439036626.4671874642 157265.7399556366
452613894.6621242762 223345.6498560235
452435572.4252858162 222449.3427271172
452060049.6830615401 220427.0776743218
451836452.3078162670 219615.3455805108
474936009.1554809213 306460.3500321708
438582181.4375218749 154875.8927610394
475150168.8381078839 307013.2835648856
438411084.5654056668 153466.2607725140
474932244.9655738473 306008.0487626395
438300961.4068191051 152952.2804258344
451696423.7492880821 218858.9481596276
438205098.3181518912 151786.1562854073
475515574.9405995011 308248.7013810477
475482395.1600807905 307885.1805941980
437876634.0262360573 149282.9735651966
506451651.5824366808 390988.4533996582
438178442.9737798572 151294.6859980843
450532448.3954852223 211089.3289710935
450872847.0875257850 213153.7971803602
450918909.0167282820 213591.0267387908
450807047.8813230991 213042.9981586393
449883971.6340469718 209094.3825122770
516152567.7939414382 408073.9103393555
535696601.9038897157 432759.3774414062
472637489.5502253175 296731.0951578293
515791274.8436184525 408010.3324584961
472151016.1342298388 294720.3983335171
472270578.9195195436 296001.9896349583
469883927.1069255471 287075.7219493467
516549951.2796887755 408660.7993164062
516989176.2545174956 409283.6569213867
472008240.8367471695 294608.8576841030
471699012.6846115589 293200.3584899774
471590085.3859705329 293086.3145932827
535685167.0697310567 432533.2558593750
448797856.0606898665 202691.3890900258
448625259.2259457707 201464.1088453420
471540531.0761705041 292744.5127344002
535139905.1478144526 431816.2825317383
470288390.4244896770 288636.8627572592
448702908.5843955278 201471.0266022328
448434124.5641624928 200874.5657257680
535710833.9984156489 432802.1746826172
516257643.8763747811 408578.0121459961
447158417.9993728995 194511.5431882814
447141678.3758057356 193290.7191173509
446533029.0338911414 190897.1507002786
446485588.3667684197 190395.5660530999
446790967.8726726174 192684.4972898439
446411513.0574427247 190392.5214774087
543103486.2501360178 436350.2767944336
515330387.1916739345 406951.4132690430
514926428.8482708335 405887.6763305664
515381022.1340926290 407042.6144409180
445609927.8999012709 185648.9677473679
445174441.7059216499 183611.0003313485
445370537.6303137541 184091.3812481843
514520734.2627618909 405030.4960327148
542725045.8461146355 436042.8639526367
464680139.0748612881 267632.9751524305
465254638.7149149776 270383.2178817479
465383193.0996495485 270894.6125503270
515063841.3804948926 406184.9903564453
514900111.3515896201 405833.6641235352
465053711.9937174916 268949.7770248143
465159771.6566588879 270373.7399764744
465534747.7773779631 271930.3325057713
465885245.6268813610 273291.2369857518
513806560.9893919230 402707.2486267090
463496144.7251501083 259725.0875730466
462937407.5405035019 257691.9457273435
463197546.5956006050 257718.9587063377
462721888.2778436542 256249.2861612175
462497768.7590121627 255903.3330209588
499304444.9366664290 364403.0338167585
499308430.6069936752 364629.1269181110
499248745.7762907743 364280.4461472370
496103696.5789852738 353283.3777623177
496301107.2102296948 354814.1233983040
502931305.9966079593 371790.1493181589
503318118.8970863819 373146.0201296213
502721917.3086805344 371281.0098558220
502963145.3809951544 372112.1589036735
502373473.7359775901 369666.6366563591
502384979.1311736107 370327.4746765972
502534201.3547930717 370825.3619371208
496363443.5951690078 355326.8320164680
497090828.4019875526 356771.9653186798
497365203.1814756393 357052.3595752716
496692415.2975271344 356101.4552478790
495668508.3641432524 351162.3992168382
495484367.9080774188 351025.0875102952
493342534.4712060690 345337.1022400260
492637991.7069053650 342804.8612023368
492555226.6392198801 342761.3956772983
492667788.6531996727 342995.0614793003
493031478.4972431660 343862.2934128940
490605572.7952911854 337106.0566702187
490264496.4616038799 335454.9663839638
490348326.9824521542 336091.2331595749
488176310.7880904675 328204.4901808903
487987707.3761225939 327820.9175926533
487816654.3653323650 327785.3989409611
487555529.1521641016 326859.1726721928
487245490.5503880978 325802.7688967392
487528963.4333319664 326534.0702894263
