213173611.7221631110 576402.3748779297
215345017.3140128255 587409.3193359375
198227912.2169083953 300281.8301860295
198771143.0998880267 324329.9866251573
199587386.8829016685 359563.0662610951
199790302.2775657475 362871.8816907826
209188725.8818939328 536555.1235961914
211331175.3083836436 560114.7110595703
213313515.8719483018 578236.7196044922
213210702.2276837528 577942.9547119141
215803620.6520046592 588302.2048339844
224674304.2905521989 595279.5739746094
224235820.4687983096 594937.5080566406
224792302.2835124135 595303.7082519531
224352272.0975756943 595237.6132812500
209083541.9354417324 535689.6361694336
208894920.5602762401 531107.7311401367
200805968.8692274392 383160.5771678740
203451772.0957549214 437639.3662337983
203662517.7105890214 442386.9767442103
209035950.1231883764 535625.7597045898
208924182.9530310631 533151.9150085449
209151960.8854739666 535764.8341369629
209411814.4943259060 539847.7951049805
213437708.8237010241 578895.8746337891
215805845.2254501581 588344.8886718750
224117567.9727051556 594455.5007324219
225112425.0806837380 595439.5976562500
225129156.6617684066 595463.9135742188
213549417.7281937003 579482.6082763672
224881481.3409384191 595375.9123535156
199527086.2023841441 356094.7430189076
203621207.4907898605 441448.9159006798
210133424.0516344011 546425.9351196289
213754852.8882872760 579794.3270263672
198335942.4203272462 307641.0205546354
198281212.5702488720 304525.8509546255
199027210.8708792925 334369.8883690462
200023065.2479608953 369949.7843091908
200251384.8829240799 376765.7709109075
213394055.4202826321 578429.2164306641
198405539.5319777727 309660.2083999012
199670221.6957651973 362817.6714857044
200606449.0583292246 382950.0431726575
200326992.8515783548 378434.8201514967
203204484.5190329254 434335.6716842377
203851636.2733173370 442446.3922729218
208978788.4219374657 533755.1893920898
208879172.8626681566 530601.7024536133
209297149.0990029871 538713.1410522461
210948941.6596261859 557264.5012207031
210930516.5458580554 557210.9421386719
199542451.6383766830 358857.5035169544
200532539.8859003484 382467.0133340955
200483496.4038137496 381750.5145632513
203501308.2173419595 438324.5656661713
209385459.5452530682 539783.9186401367
198364261.5594441593 308518.2224750743
215471094.8681096435 588227.6325683594
224118017.6303217411 594676.4650878906
211227138.7370719314 559235.5845947266
211342454.2824908793 560488.4759521484
210909412.4501670301 557147.0656738281
209436925.5899207592 539856.0446166992
211268124.9273194373 559311.5196533203
214655884.5574495494 584610.2145996094
216089842.1363166273 589302.5493164062
203829400.6438171268 442415.7809434291
199360675.4030043483 351227.6988695087
200705920.2057577074 383124.9734081083
200307048.0952346921 378432.5904909857
209674197.1345687211 543079.6878662109
208769271.8501827717 529865.7697753906
208748247.5628882051 529477.4404296875
208893559.5760955215 530870.3617553711
211285157.2792549133 559466.1311645508
216734111.1460387111 589830.9531250000
216521845.6683398783 589664.6735839844
224331076.0907934308 595080.9248046875
199450758.5312862396 355358.1884403145
214482142.2570262253 582937.6480712891
224143534.9163436890 594829.5556640625
214910946.6581190228 586310.8820800781
198397134.9444811344 308737.2194234300
200171933.8318682909 374310.2794558294
209352262.3713729680 538989.2904663086
214553627.4901652336 583884.2314453125
198645017.6457985640 316523.9980298970
203329691.9479343295 435570.2076568329
209186261.1973654628 536169.7469825745
209235581.6727836132 537953.8828735352
199532544.2409210205 357019.4836981716
199443095.6857369840 355153.8781621876
203370386.9362253845 436623.7012773236
203165454.8609407246 433581.4160918915
216257493.6990087628 589420.8662109375
198567923.3165005744 316384.4184314702
198518045.4458926022 312837.3542348836
198466699.6068688631 312262.1073963139
211108239.7681048512 557665.3784179688
211288942.4785588682 559547.4027099609
199439385.2681439519 352239.6620061817
211141532.9252548516 558870.1918945312
211326158.2359727919 560080.7360839844
215385223.4827703536 588008.7878417969
199865108.5180369318 365400.4481924661
199953996.9895246625 367951.6389605291
199995341.0790211558 368392.1891931817
203150031.4129230976 430982.6006622040
211098205.2164269984 557513.6383056641
214943998.2593753040 586374.7585449219
216535502.4661500454 589728.5500488281
198903907.7415082455 332033.0122325905
217144556.6006764472 590037.3327636719
201235842.5701906383 394504.4798453246
215010051.1346575320 586429.5490722656
201418823.7074119747 397615.1133835707
210718843.9176294506 554930.3466796875
215826211.1271949410 588818.4904785156
200000679.0609285533 368709.6186441705
203032794.0482977033 430628.3651885712
200161587.8165071309 371854.7234415337
203288478.7015802860 434753.1683578217
200092994.9782849252 371248.7472569235
210613266.7702826858 553958.5090332031
213427035.8117284179 578496.9468994141
201527539.0377259552 400705.3103440200
202984350.2324833572 428903.5329131806
203152062.4043452144 431847.4658965790
198682644.3104626834 318738.4195350893
199975216.9402915537 368063.3801347241
212411120.0493344069 569150.7136230469
214698338.2162807584 585217.0017089844
213820130.3070651591 580478.4494628906
212287977.6429513097 568955.3350219727
220688837.8996521235 591139.1794433594
199818247.0686540902 364184.2532002218
199928767.1497578919 367743.5700935647
209824132.8517599702 544203.5482788086
210386913.5767610371 550908.1945800781
214900440.7943734229 585929.9318847656
202883541.7810484171 425616.6605729361
202804092.5540404022 424776.1400231619
210759595.4915969968 554963.0272827148
198882042.9949929118 331622.0906017311
216905528.0383162498 589967.0656738281
209540940.1223150492 541490.7297973633
198852416.8595882952 330993.0300548561
198729538.3959063888 321842.8779652603
217200453.2183855474 590045.8100585938
201312558.1764941812 395700.9039719497
202698531.1847230494 422583.1017503042
201738483.2134137452 403284.8585646544
216299234.0350689590 589467.9411621094
198652436.8688728809 316557.6014230736
202669610.6886598170 422536.8857964773
215109807.5514773130 586579.8918457031
217106445.0813855529 589973.4562988281
198695977.4995798171 319651.2376840599
198797762.3543807268 327203.1145990379
216891608.8468108475 589907.3613281250
216908814.5796457231 589971.2377929688
209887557.3692266941 545110.5998229980
209782831.3920614719 543746.6296997070
198812526.7766084969 328214.9720819481
210661612.5568251312 554261.7213134766
202748276.5752343237 422977.7694939871
198705532.1477111876 321079.1981523521
202666970.3959485590 422243.7742547293
209851758.8302565813 545107.3896179199
215080360.9170967937 586567.9768066406
198872767.9823059440 331364.5389764793
210321989.2906058431 550406.1912231445
201494287.7868512571 399721.5951340590
202638809.8177029490 422219.4707879324
209665881.9275902212 542379.8616333008
212181470.3005358577 567578.6886901855
201462613.6297934353 399211.6041710768
201666155.0267815292 403074.2733147536
201435305.0474999845 399086.0987961684
201504161.9542019665 399779.6792408471
202509743.7474645674 416365.7786706412
202522816.5434386432 418827.8824304069
201890393.8530654013 405215.0931678657
202484994.4939148128 415240.7028356437
202218701.1078306735 411795.7867650036
202328250.5048227608 414868.0676399618
212906447.0600942671 575182.9542236328
202095510.9250180721 408335.7703176384
223713118.9009945989 594379.9902343750
201948986.3245707452 405538.2137513999
202144343.4364863932 411233.0662160759
213032224.7483682930 575299.7896728516
220988252.6742399335 592374.2429199219
223755907.9560763836 594443.8666992188
215916525.7917447984 588844.4880371094
215933731.5245796740 588908.3645019531
199042125.3147463500 336659.1192148859
199315143.9523788989 347025.6652328194
201766365.1248001456 403951.4195228462
212782424.5898798406 573494.4831542969
212966129.7666162252 575252.5789794922
201855380.7051429451 404136.9884725456
210208891.6026315391 548504.9775390625
212462428.3870274425 571130.9290771484
212586507.6437889040 572266.4805908203
214350484.7021012008 582762.8359375000
210432652.1760143936 551330.2351074219
199105360.5395351052 338240.4348370666
210246489.3645672798 548934.8725585938
199300518.1573802233 345929.6869223536
210454123.7235820591 551453.4600830078
213037041.1732828021 575325.0489501953
199089906.1313425303 336764.5543853873
199210785.2027044892 340902.8110552628
199173361.1382614374 340883.7566144103
214129190.3324803710 581240.7441406250
199299395.5463025868 344925.5268271388
201230127.9796768427 391109.1785570626
212928359.8965467215 575188.1595458984
199256174.3560274839 342500.8265687786
201079223.3637973070 388437.7636591439
201172028.4950598180 390869.8340937142
200976595.2543900609 386379.3365588319
199092853.6250233352 337180.8229782218
199218921.1151375771 341231.2498155425
199296761.4415557086 342699.2971788238
201067327.1348982751 386636.2692713868
221371709.2076511979 593016.7116699219
223081597.8917850852 594034.1303710938
221721713.7633329332 593110.2673339844
221713923.9633873701 593086.3596191406
223339162.0803031921 594238.3774414062
221554098.7941485643 593057.8937988281
210157962.1348793507 547901.1422729492
221414708.5123183131 593044.1723632812
209989889.6150669754 545329.6997680664
223436122.4140915871 594243.6591796875
223434156.5539883971 594238.5856933594
222838025.4279111922 593684.3041992188
222020180.6593590975 593155.9741210938
221772478.6225044131 593151.3879394531
222027228.4809104502 593161.5556640625
220930868.4531540573 592254.3383789062
220480670.6183981001 590831.7277832031
220806860.3209785521 591658.4445800781
220865252.3335064948 591845.6064453125
221592555.2717148364 593085.5012207031
223609074.7096475661 594304.4724121094
222676834.7640839517 593468.2653808594
222421369.0884262919 593402.3786621094
222507516.5254277289 593464.2600097656
222486477.8424277604 593458.1213378906
222668501.2539393902 593464.4526367188
222714391.4082858860 593599.4121093750
207445216.0691550076 488793.5115909576
208035867.1657362878 495986.1260223389
207785109.1192123592 494205.6571598053
207433661.5462887585 486265.7395725250
207673178.1388130486 491166.4789371490
207784857.2101412714 493279.9552555084
208637137.4985495508 506054.3995666504
208478328.8171412647 504349.4358825684
207900640.6954238713 495162.3207340240
208703187.7660481632 507306.5643005371
208690041.5561555922 506828.3368835449
208559375.6029284894 505886.4436950684
208412918.7874947488 502515.5613098145
208335904.5310380161 500927.3547668457
208142141.3280302584 497385.7334442139
207545052.6659781635 489492.3861484528
207271496.7344579399 484288.0376987457
208040303.0888164937 496968.1003875732
207704471.0432114303 492808.4476871490
206722704.0047440231 472351.4786338806
207106275.2951762378 478105.7577795982
207111230.6506190002 479018.4225134850
207260610.3222956955 479889.7459082603
207025989.3949743807 475463.7863440514
206882218.3725281358 474963.7491126060
206991440.5412121415 475378.1227087975
206543141.9471516907 465536.0041933060
207088773.3691556156 477189.2326560020
206545790.7409157455 468661.9433097839
206865732.2356769741 472862.2562980652
205627484.5543970764 447965.0329859564
205810107.0151744783 452180.0038547516
205741431.4362052381 448351.8209533691
206439102.7311452627 462072.7216644287
206248187.5967660248 459187.3278045654
205687539.8680690229 448293.7370910645
206237788.5152949989 459163.0890350342
206107483.9823778868 456363.5981903076
206272913.7052436769 459201.7999725342
206266263.2304049730 459201.5192108154
206073582.8991974890 456034.5701141357
206186746.6705902517 457481.5786285400
205998407.8360827267 454237.8683776855
205623198.7231265604 443173.5129241943
205559323.7429024279 442789.2156829834
