188770924.3967519403 1048418.8547973633
190455530.1925381720 1091310.6612548828
191089171.2685936689 1108666.7048339844
192269689.5721758604 1132390.8859863281
184885254.5865931213 913169.7713088989
186191023.6346027851 960330.2418212891
191607348.7799110115 1118360.6118164062
183222876.0253818929 838210.7640457153
186171427.6638200581 957365.3803100586
182593820.1460258365 797443.8303928375
182362224.7141261697 774473.3126201630
192637742.3415396214 1138502.2233886719
186213468.0795151889 960823.6591186523
182413167.8867075443 775655.7828903198
185006721.4887846708 918703.2404937744
183346448.2152615488 839070.0326004028
189175075.3937125206 1062369.6661376953
182792150.3255388737 810176.4252090454
186793900.5401829481 988533.1378936768
189773121.6263189614 1076450.9204101562
184526663.0018194020 893524.7579345703
192269689.5721758604 1132985.8488769531
192342990.7930452228 1133524.0451660156
182413033.1827279925 774896.8715133667
192637742.3415395021 1138276.3918457031
187380060.3812327385 1005693.4758605957
186883348.2760432065 989132.8620758057
182564238.1203316748 785307.3020858765
182722949.6967807114 799029.2380428314
186263369.3430361450 964363.0180053711
182740184.7185588777 807810.9032039642
192876820.1796536446 1140937.7265625000
188772070.2271394134 1049294.2532348633
186554281.6218888164 974884.2202758789
199193438.4409296513 1200341.5869140625
191196932.9669865370 1111978.6171875000
190978417.8016806543 1105503.4948730469
186932222.4881876707 994117.9747390747
192145771.1757332385 1128252.3828125000
186669748.5515951812 985152.5508422852
185298358.2120236754 925521.5666656494
185264987.4814652205 925234.8823394775
193473454.3803158104 1151586.1999511719
184869870.4101761878 909887.4209136963
194022878.0057123005 1163095.3410644531
186706892.8608681560 985770.7500610352
184462331.0225104988 891741.8116455078
193436310.0710428655 1150941.6491699219
188818519.1886975169 1052994.3892822266
189159143.6115210354 1061861.4494018555
189377658.7768269479 1067500.0838012695
183533306.4656287134 851876.8697052002
184671868.4677914083 901336.4290008545
188215907.2841549814 1034046.7380981445
190208908.4376909733 1084321.1505126953
188493359.3089497387 1040948.2147827148
199299727.0159727335 1201462.3916015625
190978417.8016807139 1105736.7663574219
185068736.7221653461 922884.4221343994
188674007.0715806484 1048152.7443847656
184945658.9048864245 917836.6593475342
191922457.4671563804 1123713.7253417969
184485462.5756238997 892360.0108642578
192230950.1095160544 1130817.4025878906
185164174.0701921582 924021.2401580811
184669014.1049710512 898339.2616424561
186916370.3064424396 991980.3266601562
190950311.2121393681 1104402.7407226562
191573823.1763494313 1117107.7077636719
190902877.0698640943 1104112.7602539062
199107635.7684735656 1199939.3759765625
184628331.9611232281 897160.9893493652
188106970.7074674666 1027818.6657714844
186566607.5717990100 975961.2775878906
193654825.2363486290 1157200.0515136719
193087316.9987642765 1142638.3144531250
190577302.9543487132 1095201.1402587891
186300513.6523090899 964596.2894897461
188159783.5372439623 1029200.6713867188
193871372.4597706497 1159678.1777343750
187316902.9289019406 1001239.4390411377
184831176.8294443190 904068.0705623627
186745289.2834117413 986596.6291046143
194499641.2076193392 1166905.7414550781
184709045.3538174033 903404.2687683105
184763976.1326770484 903887.6118164062
187000839.4996956587 994199.3776397705
183058022.5320456326 827242.5031490326
190617905.0389102101 1096289.9204101562
192959493.2044529617 1142493.3320312500
188215907.2841549814 1033399.4050903320
191587261.4996711016 1117261.7202148438
189110228.7059778273 1060667.4765625000
186605627.3820979595 976918.1450958252
182108834.7984227538 741886.8812961578
192859542.6938129067 1140714.0764160156
186760157.8293638229 986950.5226593018
184644876.3166468441 897566.1665802002
182872092.0662846267 814827.9391269684
192859542.6938128173 1140706.6364746094
187505276.2127467394 1008637.4429473877
184322558.8555542827 883929.0137939453
193267148.7123382688 1147073.2006835938
183759960.3002122343 862730.4668884277
185333751.4145728946 931723.9438476562
189110228.7059778273 1060900.7480468750
198835202.3547073603 1198793.9619140625
191953842.1065790653 1123911.7314453125
188926734.8057981431 1055426.0427246094
186400743.7023113668 965222.2865600586
192492761.4272671044 1137034.0471191406
182548307.6512883008 779052.0946083069
190233340.3009769022 1085063.4705810547
188038880.0311457515 1025534.8596191406
190214038.1656908095 1084787.6479492188
187331771.4748539925 1001834.4019317627
183862643.6462404132 866840.7912292480
187331771.4748539925 1001480.5083770752
191893797.2176508904 1123279.8613281250
190267611.3891203105 1087480.9316406250
188926734.8057981431 1055192.7712402344
182165617.2507941425 748009.0093612671
183307026.3379551172 838726.8358535767
190795818.1196544766 1100845.3828125000
186650222.9759106934 982071.4440460205
187855981.4364550710 1017590.8552856445
187727150.6276155114 1015897.5669555664
182073259.4679567218 736268.9973907471
185567031.1687673926 936476.4784088135
188926734.8057982028 1055787.7341308594
190397714.8024170101 1088852.1851806641
187331771.4748539031 1001472.7105255127
186409541.3055787086 974227.6261749268
188592938.5307604969 1044276.3886718750
190940021.3791370690 1104353.8295898438
183970808.8954853415 873121.7283630371
189271091.1671194732 1065579.9302978516
183199008.9856659472 835510.0998153687
189145249.9711039662 1061380.1270751953
182316822.1883979440 758410.6376876831
189489606.3324252963 1071218.6066894531
189328743.8712837398 1067185.4729003906
189328743.8712837100 1066779.2092285156
185539039.8823556304 933124.3152008057
190267611.3891203105 1088099.1308593750
182050912.1384817660 736176.4814834595
189328743.8712836206 1066538.1398925781
187062532.7415636182 997640.2056427002
194302131.5945086777 1163145.8190917969
194456117.6487708986 1165073.0344238281
192365266.5563661158 1133532.8474121094
191851433.8640468419 1122653.2524414062
190255537.2818175256 1087059.5390625000
187775069.6289933324 1016888.2065124512
192012082.3329544663 1127654.7814941406
182185689.0032646358 757534.1328010559
186406501.0363686681 967964.3839874268
184371090.2774098516 887115.5202026367
189933884.7279408574 1079845.6845703125
187359213.1684680581 1002654.4655914307
194337133.6045827866 1164881.9699707031
189224769.7426348925 1062461.3825683594
187948525.8129043579 1023243.3939819336
182928707.5547381043 821785.5950717926
193317457.4082268178 1149505.1394042969
191498249.6406352520 1116541.9150390625
193518188.2363589704 1153784.4526367188
188568305.9299229980 1043450.7229003906
182799658.0897603035 814387.6917514801
183111513.5465808213 830250.6799392700
190536293.6760677099 1092208.4531250000
187876107.9756180048 1021043.8606567383
187181618.8373600841 999126.0491333008
184854434.6469060183 907828.5080070496
188661540.9590910971 1046687.4926757812
187663727.7469908595 1013052.1222534180
182354616.7151556909 760269.5330047607
199269435.5338171422 1200496.8256835938
183494337.9112078846 849961.3782501221
183057007.8013401031 823271.5333480835
190873564.5134890378 1102170.0798339844
191629293.8068630695 1118432.4047851562
196522941.7777656913 1186405.5395507812
196472902.9786979258 1184828.9018554688
194608660.3125167787 1168072.3669433594
185299897.5208373070 930243.4627227783
191651569.5701839924 1118439.8447265625
185647597.0313155651 940920.7514038086
185864610.8272368312 946388.9288940430
185995607.6615130603 951355.0075073242
185746912.7588369548 941603.5200805664
186890063.3196337223 991098.6262969971
200759443.2542374730 1205922.1035156250
183498427.0123760104 850242.4441680908
183425538.6799901128 842992.4545974731
200186038.8596052527 1205031.2597656250
200853450.7768840790 1206448.0507812500
187475196.4895969927 1006907.7570190430
191407858.5855222046 1114067.3171386719
190134505.3596782982 1081672.5303955078
187563497.6969885528 1011976.8995971680
197769187.7785187364 1195569.8164062500
185527515.1377714574 932572.4656982422
196648469.7211648524 1188308.8686523438
201067843.4863740206 1206795.6718750000
185834867.2790738940 945200.5316467285
194491539.4177394509 1166275.0563964844
187970211.7976525128 1024212.9222717285
187232012.8607490063 1001178.6638793945
185833588.7138842940 944259.5709228516
183174016.6809596419 831336.5066680908
185889467.3264572322 948964.3258666992
196272765.2372190058 1183893.9079589844
195943852.7520332634 1182523.3923339844
185754490.5052051842 941722.5344238281
185795431.1629208624 943724.2693481445
187739531.1586470604 1015933.5455932617
183960342.9381469786 870011.6502685547
200200185.3765152693 1205916.2382812500
191688865.0702851117 1119697.6665039062
184484882.7391764522 892236.0419311523
184345855.5428605974 885082.2380828857
184409163.4159561396 889320.2208862305
183646425.8663461208 858644.8263702393
199917050.4341501594 1204608.9404296875
194830461.0507672131 1172731.6145019531
184061322.6274718344 874273.8888549805
198111665.0554187000 1196056.3203125000
183960342.9381469786 869770.5809326172
183488349.7822329700 849642.8142242432
198309366.1684169769 1198022.2929687500
185688600.0270135701 941007.6546936035
184192637.0670678914 881769.8952026367
183488349.7822329104 849024.6150054932
183793319.3462688029 865032.5287017822
198156637.0532571077 1196213.7255859375
183034155.5097735524 822854.1604766846
183488349.7822329104 849257.8864898682
183357602.9942135811 842062.7554321289
190870812.4876017272 1101753.1083984375
195931619.6459226608 1181913.0910644531
183617800.5845322013 854607.5204925537
196939015.7362104654 1191011.5419921875
197051012.1663526297 1193064.8847656250
186176160.5004476011 958905.3331909180
184108340.1454517841 875222.5420989990
198103889.1362696886 1195871.6093750000
182926135.2136063874 814928.3661880493
188401005.7646109760 1039143.7677001953
188163161.2141411006 1031491.8167114258
187998401.6808951497 1024829.8257446289
186110841.8115906119 956957.2472534180
183932033.5314946771 867062.1503448486
184220526.6948660016 883446.1602935791
196950482.6832264364 1192939.5273437500
187998401.6808951497 1024596.5542602539
188098631.7308974266 1025671.7769165039
186029667.1207453012 953291.9097900391
186002508.1990828216 953244.5878295898
185619283.5465388894 940862.4116821289
195565987.8643159866 1180319.6296386719
194990811.5232950449 1174983.2351074219
199501563.6778325438 1204242.6826171875
199949210.4478912950 1204742.8876953125
185485703.8349615633 932193.3158264160
195186439.7964535952 1177127.8913574219
195565987.8643159866 1181373.0710449219
183713518.3661887348 861618.8921661377
198951067.6955761909 1199108.3437500000
195460499.9455674291 1180117.9401855469
195169719.2190703750 1175872.7604980469
195355578.2950599492 1177827.3825683594
187747650.8546786010 1016030.3951721191
184130021.8745507896 875726.4621124268
187685259.2359808981 1013477.9119567871
183836418.8587983549 865447.4973068237
183763461.9889202118 864580.7888107300
196690542.1209383309 1189228.5957031250
196868253.0944356918 1189483.2705078125
188337073.9603821933 1034264.7429809570
197240276.2045479715 1193553.9892578125
196105732.6981450915 1183191.7770996094
195455808.3450621665 1178430.4138183594
198199020.4711646140 1196354.8798828125
183624926.1294972599 854831.9897308350
197345844.2772312760 1195206.6552734375
195156900.7674454153 1175215.4582519531
187707193.9886274636 1013684.0055236816
196743387.4630518258 1189275.7187500000
195459569.6157093346 1178510.7539062500
195325251.7834315002 1177677.6916503906
195820039.6611236036 1181702.4921875000
194458747.3223549128 1165234.4699707031
194964781.7380171716 1173432.5119628906
193846361.9097062945 1157674.0432128906
194769153.4648585320 1171698.2116699219
196658119.6056106985 1188746.8701171875
196612590.8900842965 1187187.5058593750
193169479.6409213543 1143936.7775878906
194651684.2660368085 1169122.6364746094
