587836156.4472874403 9306885.4912109375
587559930.7436490059 9304080.7890625000
587484648.1303479671 9294057.6748046875
587943040.6731997728 9322540.7392578125
579845730.0086989403 8032098.2509765625
584398327.9255603552 8836773.4746093750
584128130.9931958914 8827996.0664062500
587422830.4436450005 9291435.6748046875
587181914.5746706724 9255313.4443359375
621167390.3584941626 11837454.1523437500
625614938.4132392406 11987237.2021484375
625771927.6220318079 11989855.7822265625
646538516.2866233587 12470047.9853515625
579471230.2717756033 7867071.0322265625
579682870.6018123627 8003380.6533203125
583649747.1703246832 8746564.9443359375
583836274.9672406912 8792560.8769531250
594886218.5044443607 10048903.9521484375
609299461.3950839043 11206177.5576171875
609603415.4618060589 11214129.3798828125
609432752.7748092413 11208194.9150390625
610010421.5037534237 11241764.4736328125
621849195.5122665167 11863928.6982421875
626053258.1030491590 11992686.2744140625
625272077.1218537092 11976235.4111328125
625406481.1504706144 11985543.4404296875
625858826.0957659483 11991788.1923828125
625383893.7095949650 11985033.5634765625
644151521.5486284494 12437374.4013671875
671779034.1071932316 12656136.1191406250
677111119.8753002882 12660037.3613281250
579667653.6169768572 7988414.6494140625
606146474.5658916235 10966943.1914062500
609711791.2628819942 11228923.4306640625
620571854.1597024202 11796252.0976562500
619785073.3732353449 11785261.3398437500
636257217.0446423292 12264113.0263671875
645653994.6814535856 12461157.5322265625
645708556.2421469688 12463136.3955078125
658230030.4282015562 12570678.1435546875
657731600.6042083502 12569071.8115234375
676461573.4644937515 12659203.8603515625
643959197.4429894686 12434205.8085937500
644006030.5806200504 12435668.5058593750
587236518.7393742800 9263112.5410156250
594525246.3817160130 10017025.6728515625
595324010.7752642632 10081955.4873046875
606617693.9715117216 11017542.1474609375
643695123.7777920961 12431691.0312500000
620652802.9522331953 11809369.6718750000
620032723.8120449781 11792593.8066406250
636074430.3439871073 12262726.7099609375
636652484.4195876122 12273827.5615234375
644461398.8659819365 12443854.1708984375
594761733.0747817755 10039625.8427734375
594604280.1769034863 10020464.4111328125
594516290.1053678989 10016360.5195312500
594636297.2257580757 10030483.6933593750
606678882.4169172049 11019493.9121093750
636784874.4549665451 12278616.1435546875
609912916.1751787663 11236152.4365234375
587079438.9136104584 9236229.2285156250
609436549.4016375542 11213119.5888671875
579636227.7111917734 7985697.5400390625
595233785.4499431849 10080164.4033203125
609038320.9855334759 11180157.1572265625
671591968.0726029873 12655732.2753906250
579607564.8600810766 7979272.7783203125
579807982.7861750126 8021634.8486328125
606508086.4106754065 11003768.9667968750
625039953.3035717010 11972505.4667968750
657556750.6109644175 12566057.6396484375
658144749.7359672785 12569203.9404296875
671456584.2522442341 12655493.3027343750
580274733.8407588005 8092130.4931640625
579934734.5554488897 8057702.9414062500
579483269.1980946064 7885284.1962890625
579902635.0711357594 8049466.7412109375
595332999.0927050114 10088748.4365234375
595484833.1266238689 10096825.7343750000
621378283.3540340662 11853711.7949218750
579496673.0104378462 7903314.3193359375
636560131.9789015055 12273348.4794921875
670974192.4272487164 12654819.3769531250
610005096.1628662348 11237153.9658203125
643489566.1532237530 12426497.2412109375
587030536.9492144585 9220892.8359375000
606585362.1106123924 11011361.7578125000
676627091.9720414877 12659955.9580078125
624005360.1424850225 11939480.9257812500
641525530.0493789911 12380408.9726562500
641724427.4903718233 12383084.8085937500
676494507.3904716969 12659436.2724609375
582558005.3957573175 8509418.4248046875
624010446.6626639366 11940693.9531250000
606520673.4342350960 11009954.8037109375
606340315.6069383621 10999504.4042968750
623777488.5868448019 11929822.0595703125
657257014.2268185616 12562398.0732421875
582482045.1235072613 8506243.0107421875
582789975.8592193127 8510262.4062500000
586785725.9356693029 9178861.4765625000
586612053.8512047529 9146719.6699218750
653007380.2468599081 12519594.0947265625
623246563.3643436432 11909598.1601562500
586371623.9152007103 9114443.8378906250
586304887.2047646046 9103658.7949218750
623864041.9209312201 11932112.9541015625
623456897.7689967155 11922550.5009765625
652306554.2407538891 12512507.7255859375
606744649.7574777603 11024333.6582031250
619363066.9781577587 11745945.1171875000
623537740.0261995792 11925094.4423828125
642259830.8871892691 12389893.2578125000
606698572.1825171709 11020857.7402343750
606766010.6903932095 11024927.1054687500
606608867.5102421045 11016295.2148437500
623314252.0848057270 11915446.3388671875
641544031.5457189083 12382633.1748046875
582399250.1846618652 8496089.7519531250
607170420.7414119244 11044421.3144531250
622977057.3208588362 11906129.2187500000
622447479.8061445951 11883199.2402343750
594609071.6477284431 10022306.2011718750
622394102.8356233835 11873736.8525390625
622580810.1043598652 11887179.6679687500
592701508.5990498066 9809633.4443359375
619201594.2989150286 11737027.9804687500
652679469.5093274117 12518695.6357421875
619221584.5524400473 11745019.6132812500
635763744.0369900465 12248921.8369140625
622004658.2104029655 11864437.2656250000
607057559.4937459230 11041690.7226562500
607009447.1577539444 11040066.1699218750
618831993.2915848494 11721515.9804687500
618780420.5774744749 11717414.6132812500
585779611.0603365898 9034327.7968750000
585753889.1665580273 9021844.0839843750
585745596.3920924664 9021351.4433593750
594276179.2857617140 9987005.7167968750
594500971.4529726505 10009948.1982421875
585722454.2942674160 9020276.2558593750
585606852.9193949699 9008665.8046875000
608926135.3770109415 11171707.6464843750
640681369.1204541922 12361522.0849609375
652278413.9614169598 12511227.6982421875
652423540.5625983477 12513302.9365234375
652490601.0516735315 12515605.9755859375
606796941.3633505106 11027535.4003906250
640985705.5724095106 12370327.1982421875
640805534.3549306393 12364758.5136718750
652096586.3714387417 12510410.9121093750
618917595.7409552336 11724875.4453125000
618938006.5060005188 11729118.4707031250
640620235.9183725119 12360172.8115234375
585699074.8095581532 9010617.9980468750
585600262.9630972147 9002514.5107421875
618889302.9845631123 11722529.2929687500
640679794.6195110083 12360272.3945312500
669077997.8079773188 12635877.2099609375
619071659.5023783445 11736939.3339843750
640385372.8329184055 12352192.2714843750
652004188.3639624119 12509810.2841796875
619551987.7559154034 11760335.1103515625
619510334.0263719559 11753942.3056640625
669637767.3786075115 12645598.2958984375
584886333.2391761541 8910519.4208984375
640557054.4638023376 12353261.0361328125
669331074.1926622391 12638969.5205078125
669721830.9423024654 12647730.7021484375
676187757.2145448923 12657450.8037109375
583393449.1263393164 8682281.7119140625
670010099.3166422844 12649064.3427734375
675654515.4039509296 12657259.5302734375
594112049.2733947039 9965221.8554687500
593984559.0314289331 9952929.1914062500
593764942.0636539459 9930342.8437500000
635528953.0029126406 12235154.6220703125
581792910.9980527163 8378802.7031250000
675500363.0028129816 12656720.0380859375
593565873.4572783709 9898102.0175781250
669417351.6030231714 12643458.7285156250
584729482.9495899677 8881668.3935546875
584496088.6978127956 8845521.2666015625
593162204.1058709621 9864924.7333984375
592983646.6613851786 9840321.7646484375
592749271.8909044266 9820260.5898437500
592831439.7082871199 9829786.9052734375
583372828.3308703899 8671592.5058593750
596098312.3868951797 10109271.1796875000
584537728.4328322411 8848316.2236328125
607682230.7310405970 11066599.7802734375
582017632.2370982170 8423776.9902343750
639391931.2971037626 12324559.7919921875
581869950.7189364433 8395603.1679687500
639287323.5763705969 12323533.0390625000
639121278.7127177715 12318749.0195312500
581919647.6969925165 8401462.1435546875
607810197.7934632301 11072165.5957031250
607979250.3370683193 11090211.5527343750
607735695.3462939262 11071241.4414062500
582042125.6629291773 8424709.7246093750
582003266.3895528316 8415641.7841796875
581915305.5027955770 8400561.5292968750
638140962.0582288504 12285956.8046875000
592564554.3143445253 9769045.2031250000
592483873.1806528568 9762608.9824218750
583321166.5918953419 8647200.7656250000
583312148.0948011875 8637243.1044921875
635200915.2040281296 12207911.5205078125
634853562.3560111523 12199124.2939453125
583170211.7389810085 8610917.7744140625
583069500.8503226042 8575226.6611328125
581141236.9361566305 8108039.6845703125
634749153.3303610086 12192614.8310546875
582903585.3606814146 8564166.8427734375
634622925.0041726828 12180549.5683593750
615028719.0819931030 11439009.5205078125
614895857.1831253767 11431912.7011718750
581448517.6605273485 8177555.4316406250
581582462.8628787994 8184417.4257812500
581347484.9716386795 8155051.6660156250
632707265.7879594564 12118190.1474609375
632916656.0500539541 12123038.6318359375
632609208.2629985809 12110106.3261718750
582850407.4092577696 8530633.0292968750
632622220.5952496529 12115314.6630859375
632404956.1586006880 12108748.8974609375
632386966.9751752615 12101482.8027343750
632233420.5910195112 12097210.1796875000
656522950.2179015875 12539071.9531250000
615274223.9715489149 11447386.5527343750
615317243.9493627548 11450853.3339843750
650539740.9889053106 12470637.9658203125
615742119.4913567305 11464969.8847656250
656181425.7503285408 12532932.8593750000
581573653.8568969965 8180098.9140625000
581637057.6631313562 8195728.2207031250
655157676.5870196819 12523516.9199218750
655489006.4008551836 12526095.2636718750
655289811.4479142427 12524940.0410156250
630617830.4945000410 12028775.9541015625
631184583.7529395819 12045189.5087890625
592290939.9646667242 9685301.1962890625
592132464.5888546705 9672363.3417968750
591844401.1959284544 9617884.6484375000
630028778.1377925873 12001571.0361328125
592081572.3737963438 9661152.1386718750
615416639.1767675877 11454375.7099609375
615514819.0957707167 11456494.2343750000
630223602.6628884077 12011736.6455078125
581777100.8840172291 8210149.8125000000
629950022.3992639780 11997975.6191406250
630105549.5412880182 12006067.6767578125
591631901.5632302761 9597147.9667968750
591584509.3019770384 9574369.0419921875
617455741.2355182171 11546191.9716796875
617346337.3484234810 11541791.1630859375
617101496.1880149841 11532350.8271484375
616977772.3574287891 11524806.4882812500
616760654.3895732164 11514233.4023437500
616671505.0042046309 11513862.9560546875
591476204.8872535229 9573098.0507812500
616628397.6831016541 11505706.6630859375
590884126.4456228018 9500095.3955078125
612470868.5261399746 11242913.6142578125
613505464.8184469938 11291241.2705078125
613595298.8578176498 11297219.7685546875
613448470.6671727896 11287595.1152343750
590791836.3405238390 9473869.4580078125
613575274.7475033998 11292926.5957031250
613458572.5472831726 11288392.6416015625
613292439.4076904058 11280788.1250000000
591019658.1343580484 9504703.2783203125
613200056.3004758358 11275011.4726562500
590521451.3868155479 9427930.1240234375
590658011.6341019869 9441537.4990234375
602641729.3002506495 10500729.0068359375
602583932.3948590755 10485962.4453125000
590040723.5313073397 9340699.1435546875
604640633.3206744194 10613706.6933593750
604471901.8988790512 10582897.5869140625
604039211.9787710905 10565763.2568359375
604305300.0303615332 10575694.4560546875
604566165.2634661198 10596196.6328125000
604152859.8622295856 10574202.1953125000
604355195.1368782520 10579007.2470703125
602177506.8518923521 10380199.4765625000
601990686.8991649151 10348658.9257812500
602036345.4684537649 10350297.1279296875
601863617.3939486742 10337733.3544921875
601539060.2048218250 10293583.7919921875
601656488.6380162239 10302437.8886718750
601654579.3598349094 10300026.8730468750
601364730.7982808352 10269459.9960937500
601173791.2093000412 10254126.0937500000
600838915.4770758152 10205868.1123046875
600405232.7533738613 10163839.8662109375
600059007.6550559998 10126727.7226562500
600106254.9296711683 10131793.9521484375
