843335814.5384856462 27875.1696550625
843323358.3557626009 27873.0064637383
843347378.4123302698 28158.9574227441
843323358.3557623625 27870.3988020651
843323358.3557626009 27874.0935739520
843443732.1956412792 28769.7540149621
843458962.2481752634 28878.8961770212
843520730.7355477810 29498.9352401481
843682235.6515972614 30822.5601449724
843642038.2225213051 30599.0994600696
843682235.6515972614 30819.8573811176
844065126.3587032557 32193.4499967944
843773998.1794188023 31257.3064000987
843830316.5963749886 31494.4417285685
844122766.6546535492 32433.1848670113
843359615.7150396109 28166.9538402665
843359615.7150396109 28167.6512583397
843359615.7150396109 28167.6812466084
843359615.7150396109 28176.8789713883
843458962.2481763363 28887.4932457051
843458962.2481749058 28878.1869328206
843487032.7819795609 29253.9325607604
843594058.4344956875 30309.2572003181
843507518.1404991150 29265.7728882147
843614543.7930154800 30324.5664162046
843625917.2346410751 30585.4658458126
843697187.4221167564 30975.6460042738
843443732.1956412792 28761.8959901205
843458962.2481763363 28879.5531695606
843594058.4344959259 30311.9599641729
843646402.5931608677 30607.9093748966
843751748.7365983725 31204.2668098047
843594058.4344959259 30309.7031575020
843594058.4344959259 30310.7625408340
843682235.6515972614 30820.3033383014
843671177.0892934799 30693.2188712843
843830316.5963749886 31500.2853320253
843549523.4850295782 29568.5876317700
843590866.5327024460 30253.6396342409
844697563.9804434776 33223.2885850286
844382529.8433165550 32877.7199891423
843443732.1956412792 28764.4976256632
843458962.2481763363 28881.3630149187
843552589.5356941223 29774.0765643796
843723521.2479583025 30982.2674549861
843929018.5170159340 31855.6101838847
843872700.1000597477 31629.3866840869
844382529.8433163166 32877.4863389348
844705169.5502401590 33223.7259314870
843479447.6066957712 28900.0996977368
843520730.7355487347 29499.0068090316
843520730.7355487347 29500.5706827398
844057520.7889065742 32190.7062036296
843929018.5170156956 31854.5540382167
843830316.5963749886 31491.6979354036
844174223.0705163479 32445.3605152274
843872700.1000596285 31621.4906716666
844304221.8967273235 32542.4774366174
843929018.5170156956 31855.1908227702
843852214.7415401936 31618.1360397748
1057158318.7827726603 112332.2484264374
843872700.1000597477 31621.8759672663
843773998.1794190407 31257.9730159477
843443732.1956410408 28761.5058190695
843411014.1697851419 28747.0459473398
844304221.8967273235 32543.3231524084
843541216.0940672159 29510.4743709168
843545150.1416041851 29566.6293489251
843723521.2479584217 30982.4980300707
843970231.3146069050 31965.8784448123
843517538.8337554932 29442.2503528079
843723521.2479584217 30982.7781842053
1056884192.0715228319 112241.4064102173
844480577.3286392689 32906.0484477023
843541216.0940682888 29513.1771347715
844697563.9804435968 33223.4958299016
970657487.7430391312 82990.1682413419
843479447.6066956520 28890.7933848523
1057299914.9755591154 112481.7570590973
875890156.4046977758 45569.6359015815
875644373.4841206074 45492.3324500434
843723521.2479584217 30982.7403671809
843723521.2479584217 30984.8019132977
843723521.2479584217 30991.9171846293
844010728.7845063210 31979.7765931321
843723521.2479584217 30982.4788235468
843723521.2479584217 30984.7766766911
1000215832.8294860125 90769.0273042204
999212153.7819403410 90478.0738740446
967134333.9544930458 80052.8584493424
895249568.1578757763 56717.2466234928
894999511.9738109112 56659.2524599796
1025895724.7561417818 98024.1723704617
882361347.2809357643 49667.8437122232
997993318.1606547832 89972.3422839046
893470450.4123365879 53429.8940006235
1056848473.3844343424 112033.2785959244
990521774.7817260027 88648.6063365824
990701462.5547684431 89126.5847148783
967957018.7012596130 80220.3575971157
1043684868.5928833485 104957.0798449609
883963573.6098941565 51151.2616829072
883621146.8118206263 51065.8281823993
848510715.1537132263 37015.2967638866
912095177.9646087885 62014.0787711196
851144334.8356480598 38766.7144314377
893524532.0269740820 54420.2008385733
964317617.1933265924 78594.0440404745
913303082.1213096380 62360.7699742369
844976418.5657125711 33766.5308581609
845145205.8564718962 34112.0590979925
998974699.0332543850 90198.4494147779
998609073.4710669518 90171.7285361769
862201102.7551852465 39794.5960973958
846077448.9791885614 35268.3335042913
845145205.8564717770 34111.1788803050
845539755.9844505787 34465.8473071614
926616867.3793326616 66323.9938941855
844764868.4249910116 33401.2814889984
845145205.8564718962 34121.1590734439
851198412.0026972294 38972.8313179343
882379512.2908047438 50028.9951642094
845145205.8564718962 34111.9161230036
845145205.8564718962 34111.8369722082
882556334.3069366217 50359.6382492123
845734256.2381041050 34759.6774607017
849661534.8262318373 38261.1459866562
844764868.4249908924 33391.6786973522
847023034.6256810427 36359.1887188637
844764868.4249910116 33392.3817421774
844890427.9876121283 33733.2188705364
847543841.2561477423 36883.3188493871
926731816.7763952017 67765.7593416531
845172907.0332835913 34123.6786758182
847496035.5065311193 36717.8828882598
909415047.4422122240 61757.1360114204
844911374.8315196037 33733.4343675533
849524602.2371141911 37929.9634964055
850801056.3500666618 38596.3201270350
847725987.4232989550 36999.0464850091
846315306.0165697336 35641.6680826559
880890347.3289185762 49433.6384789757
880685684.1735457182 49374.4456780367
845145205.8564718962 34112.7594567253
845769735.9889761209 34996.4592742854
844689237.7314502001 33117.2952070700
851189043.7684831619 38800.4656224245
845594712.1117069721 34660.6770635283
847436997.9449044466 36708.3257301473
846510527.8247433901 35643.8214193494
844832895.0286664963 33455.9061623075
845545319.5249161720 34549.6864970117
845145205.8564718962 34113.9108808054
844911374.8315196037 33733.4455245891
845066726.0536186695 33834.4992496976
845066726.0536186695 33834.0783913144
845458952.5065015554 34462.9386442378
845145205.8564718962 34111.8787560332
850801056.3500669003 38599.4152142136
1002872669.4678872824 91333.3299339866
849035108.4128737450 37822.5119723030
849043849.2830513716 37904.3955977588
846062204.6168683767 35136.2972869813
848572976.4799495935 37580.6488578497
847671964.0996142626 36984.5308776037
845427141.3008314371 34422.4679574513
845066726.0536175966 33830.1117831485
846009582.7329456806 35099.8431902898
875197738.2154886723 45013.0840957427
845145205.8564718962 34111.5910850474
936363007.4032205343 71905.7866808321
844581972.9700635672 32972.1301275902
900975604.2166817188 58749.4457064705
846194400.4728928804 35437.6220643162
846228656.8051033020 35476.3439349796
847076348.2188113928 36470.4145561721
845339585.6758323908 34359.0472513749
892299165.2701833248 53295.6438778059
891647457.4504492283 52980.7076998437
847330747.6158934832 36629.2764604711
908827110.3189316988 60604.6146481928
908551102.6233481169 60370.3122258183
898115312.5501124859 57114.6367375484
897407697.7099368572 56780.9649849614
852635791.6471716166 39741.2585945392
846843091.0905064344 35969.7190260752
846794056.7848372459 35890.2865611403
846732730.8254277706 35890.2723781488
845653563.5731043816 34708.2908573910
1052626446.5106451511 108305.1099625742
900258577.7997465134 57738.5022397028
1052870958.0181996822 108379.6559067881
845416054.6889140606 34361.7014686262
879908231.1943763494 46454.9508513560
930503750.4561346769 68782.6878801096
975624291.5460325480 83293.7901617707
894374082.2873980999 55478.3221191369
893804948.7465627193 55173.1488784753
884236641.9805040359 51156.2862266556
997811517.8729295731 89342.6187054924
945754205.1295111179 72985.8137043764
945414089.3242378235 72659.9470204164
1056750965.0542680025 110716.8089342117
863750257.8207501173 43682.9053506558
863515933.1238566637 43352.2623552387
906882938.4650188684 58805.9319604958
905397466.9219344854 58771.4380350436
1056434185.8493549824 110450.8178033829
1056444074.8293068409 110490.4018945694
1056300355.8324968815 110219.3756856918
920266449.1011254787 64174.3068444027
919667626.9225733280 64055.3301226391
941645673.7849421501 72283.9305033466
966163403.1764007807 78733.2131133116
891039070.4698921442 52681.7662668559
890742623.9374037981 52487.8646053407
888713871.8757892847 51871.7346248989
888365885.9426997900 51726.7968347684
1041718895.2702257633 103253.1138373911
1042055903.0938048363 103344.6757384837
1010376880.9196181297 94005.3950294842
890082929.3861227036 51958.3339730443
907013699.7208275795 59346.0824533034
952738934.1566783190 74477.4553426756
1056089231.5959877968 109603.4537439346
922332843.5391049385 65976.0802302250
1056152406.0907639265 109604.5099344254
1055908396.3831743002 109571.8992090225
922301989.6238701344 65062.2836745230
922041902.6135625839 64796.7643213419
916613365.1485335827 63479.2881426050
915951801.1287977695 63278.3706336605
900141002.7968904972 57180.1528776596
1056059659.5624510050 109596.0915842056
1047901502.0979281664 105480.3752703220
872690706.2773716450 44366.9103566446
1030865920.6709632874 101818.3537388518
1031138835.5409404039 101917.5223561004
867444297.3113565445 44009.1127888648
877083131.9893978834 45920.0009841349
876490986.2515944242 45627.9882278841
1020585072.3533370495 96323.2707391903
1028589719.0765014887 100027.0501728998
1022787688.7681027651 96702.4997382325
1052213108.3596985340 105595.8552761078
1052440686.7535327673 105721.4984951019
949663482.2444894314 73315.1555536985
949415559.6305345297 73081.9982801676
950256819.7230529785 73465.2424858999
950316163.4380514622 73593.6212875773
950079741.6133886576 73380.8399666441
955456925.0966109037 74802.0204124146
954941844.3088835478 74542.5610999756
955304217.3189635277 74693.4560546194
955488217.5264337063 74849.0728785311
956279932.0336520672 75410.3849957882
956871369.4466196299 75437.7151857911
956899779.3310285807 75721.2239011823
958276929.3692920208 76932.2120276986
958200911.8622409105 76928.6972655354
957971651.9633550644 76560.1166342085
957971651.9633550644 76571.3590816444
957971651.9633550644 76550.4972408598
958191815.9836747646 76872.6652978359
959382904.5410590172 77510.4882287084
959856784.6049625874 77627.8739270268
959951520.2368772030 77683.6836257341
960491561.3648674488 77832.1688608228
961096228.3561913967 77968.9131702481
966881798.9913275242 79166.7283759264
966881798.9913274050 79161.9425902513
966040311.6936233044 78603.0016284937
968455047.7478040457 80403.3305048513
969032989.0843828917 80518.4696788358
966915911.5315717459 79187.7705194907
969974541.6645166874 80754.6825370469
969668156.4947962761 80665.4632987656
968783544.4192874432 80465.3956325059
970538761.4232783318 81435.4058030248
970538761.4232784510 81436.4465592504
977090000.8832938671 84334.1820932329
977184354.9852423668 84467.2368112504
977184354.9852423668 84462.5096023381
977619405.7305613756 84687.5771377385
978215515.8931797743 84996.6207609475
979048267.1596940756 85358.9820663631
979182131.9092855453 85474.3391816020
979070529.9414739609 85387.6079499125
980238158.5728454590 85867.7490574718
983366017.7068409920 87656.6603755355
980985145.7872073650 86082.0798057318
981243116.2023038864 86088.7648273706
981418287.4016740322 86261.0941022038
981661665.7965695858 86460.3293552995
981947664.1853276491 86510.4072574377
981344749.0732587576 86164.4586013556
982767567.9482471943 86760.9169148803
982656017.7229498625 86610.2236012816
