267652668.4589375854 4171124.1171875000
267886992.4324486256 4188102.5664062500
267890302.8617239594 4190241.2343750000
268566682.0517768264 4260588.5292968750
274651257.8544143438 4612112.9980468750
267585197.5572321713 4106781.0019531250
268798830.0974140167 4278639.1630859375
268425439.2874160409 4250565.2050781250
267709727.7903063297 4178393.9316406250
270645816.4828404784 4424309.0654296875
268690438.2970696688 4272570.1181640625
267880440.4416356981 4185848.9238281250
268732766.6231466532 4274097.2714843750
269767722.9762430787 4356709.8515625000
270639173.6802787781 4421750.8974609375
272324986.4015817046 4520248.6113281250
270598507.3243951797 4419025.7646484375
267894542.0104361773 4193889.6308593750
275415206.5485093594 4642404.5761718750
267938487.3557809293 4200350.6875000000
271215029.5912446380 4459055.2744140625
268223584.8456221819 4241532.8085937500
275954563.9671208262 4661082.8886718750
270112794.3075014949 4379271.4121093750
270188963.9505919814 4390269.0527343750
268326897.7282848656 4248938.6621093750
268802419.8898962140 4279273.9189453125
270507380.2950094342 4415064.3105468750
270395072.8159896731 4403822.7890625000
269463542.3610244989 4339014.7460937500
267778651.2239693701 4185115.8710937500
270173578.5984624624 4388408.3847656250
269132715.6125252247 4313151.4384765625
276601432.6641272306 4687833.1738281250
269603854.7936865091 4345217.8808593750
271172850.7690479755 4454700.5458984375
269349841.5187669992 4328210.4707031250
270658022.9130118489 4424917.9296875000
268831701.5629427433 4285019.6220703125
270979632.5176600218 4447170.3251953125
267540742.2453489304 4099804.5292968750
271533022.9180184007 4473436.3779296875
269242590.2179192901 4325996.0917968750
269866398.1040611863 4358290.1328125000
271636744.8267310262 4483199.5478515625
268746414.0037717819 4277277.9013671875
269478927.7131540775 4340875.4140625000
271783139.4206963181 4494459.5732421875
275390815.6450633407 4640538.2558593750
271111897.6626902223 4451865.2490234375
268587453.5336101055 4268127.2470703125
271663377.2529395819 4487932.3173828125
270724491.8624162078 4432829.7763671875
270463484.6283143759 4412633.1816406250
270692788.4514931440 4426095.8369140625
269380770.2668899894 4333321.5820312500
275947733.7150896192 4659833.9218750000
270109914.5704906583 4376216.8964843750
270848253.9700786471 4441240.4462890625
268986574.8171913624 4300135.0585937500
268151468.4817311466 4228867.8652343750
267543495.8192006350 4100785.8847656250
269672482.1220583320 4352933.1269531250
269628836.6618533731 4350255.5312500000
271645946.3598840237 4486109.0478515625
267466625.5848817527 4097556.9521484375
276735334.5643908978 4692151.3105468750
281844984.7805384994 4812398.8437500000
268006504.1271359324 4217103.8857421875
268554505.8217167854 4251509.6074218750
267470311.8829778433 4098980.1679687500
271517636.2711926103 4473137.2353515625
275391438.8174124360 4641396.6562500000
270348299.9675009847 4392380.5175781250
274108731.4657452703 4600316.3457031250
275382326.6039298773 4639661.2714843750
267972018.0418624282 4209257.8437500000
271689069.0776422024 4490321.9169921875
271546741.4623551965 4479542.1142578125
274168749.9244263172 4601541.4843750000
267565439.5641326904 4102900.5234375000
267566430.5213884711 4104378.5693359375
267606890.2777532339 4114564.8574218750
271931807.4052365422 4501608.5498046875
271877427.5402561426 4496728.2822265625
275202168.1426922679 4636430.0468750000
281738277.2955345511 4811691.4628906250
267536262.9078663588 4099309.1386718750
276809306.8109263778 4696386.4746093750
275472037.0395374298 4644594.9218750000
272175193.2171986103 4510493.9443359375
272918110.6112690568 4547326.8808593750
269949016.1366471052 4366190.6289062500
269984084.5878787637 4369499.1445312500
271923909.8227622509 4501113.8271484375
275113485.8007526994 4634139.2617187500
276048708.6404865980 4669799.3066406250
274498288.6782605648 4610781.0781250000
273388043.0991467237 4570400.8759765625
274005112.2513563633 4590941.2832031250
270267832.0896549225 4391597.3437500000
270369027.6028412580 4397655.7617187500
268977475.1700453162 4295368.8427734375
268122272.6762186587 4221792.7421875000
270014394.5386108160 4370115.6513671875
273583453.6229412556 4580698.6835937500
273393871.7221097350 4571117.8115234375
274346374.6870801449 4602903.0283203125
271351354.9180013537 4472818.0791015625
271302525.7303729057 4466349.9150390625
283660782.2914823890 4843088.7636718750
269869686.7146746516 4365373.5087890625
278271623.1080912948 4739429.9238281250
270022266.8865889311 4370687.6357421875
268924956.5224063993 4291396.4970703125
268938311.0930035114 4292641.8232421875
278321953.7888095379 4740911.3183593750
274431699.5957437158 4606589.8623046875
270048628.0841453671 4372164.9570312500
278224386.7056620717 4738624.8203125000
268872219.7880476713 4291090.4365234375
278394414.0628806949 4743790.1933593750
274980687.5852628946 4627997.1816406250
270368237.4698413014 4396827.7089843750
269114949.9215936065 4305795.4951171875
268939429.9223306775 4293623.9306640625
273193470.0869811773 4557258.7587890625
269054641.9369400144 4300944.6904296875
273243187.0557126999 4561737.6943359375
274942883.5733880401 4626980.5898437500
272289837.1767582297 4515961.3994140625
281299505.6240931749 4804529.6816406250
273906776.8350322843 4589441.1835937500
272044449.7932398319 4504089.3408203125
273186173.9474814534 4557113.3759765625
290294196.2240449190 4893118.1230468750
273362310.8048285246 4563316.5986328125
273568098.6989395618 4572069.1767578125
289771824.0174313784 4889918.1875000000
273730614.7855530381 4585726.9277343750
284367625.1009802818 4855595.9570312500
278180144.7727136612 4737571.3769531250
277893699.8360329270 4730646.4375000000
278792866.1026839018 4750524.3046875000
274937511.3314765096 4626092.4687500000
282966954.8772059083 4834362.0625000000
275106992.1511032581 4631632.6250000000
274749124.2243485451 4620622.8183593750
283510839.4957216978 4841505.1093750000
274663395.6189672947 4617406.8320312500
274751636.6379282475 4621087.8671875000
273723276.2256852984 4582646.9941406250
280571543.0266782641 4792057.0820312500
272755216.9998041987 4534117.3769531250
274328481.4076487422 4601573.1757812500
280720811.4998509288 4796484.5722656250
275285173.7873767018 4639084.2343750000
282852888.2328359485 4832602.9238281250
277823143.2860213518 4729111.5839843750
282260326.1611630321 4824988.5234375000
277694621.4892954826 4724893.9746093750
274102727.6504363418 4595013.0000000000
288696182.8927000165 4889060.7285156250
282005195.6121996045 4820135.4531250000
277580799.5150660276 4723577.0312500000
287994076.2277489305 4882344.8222656250
288232878.4203680754 4885606.8300781250
277762739.2306279540 4727370.4179687500
277932303.7221628428 4731400.0312500000
287580788.8479495049 4880441.1835937500
281176230.7823350430 4803256.0078125000
283232246.8093067408 4840567.2167968750
283050364.1001732349 4839316.0859375000
290008406.1334921122 4891577.1269531250
283956185.9360188842 4851700.4648437500
282418846.7534891963 4827955.9257812500
285488641.9889556766 4866127.8847656250
282973755.2886659503 4838332.8535156250
290140225.9541186094 4893016.3613281250
282290208.0840130448 4825923.7089843750
289953466.6200825572 4891116.5722656250
272089434.6795176268 4510071.9482421875
290340853.9874444604 4894037.2539062500
276346560.7571294308 4679339.2656250000
277470925.0243450403 4717088.2656250000
277272447.0480470061 4713674.5156250000
277222055.5194379091 4709966.4238281250
282545393.6854394078 4829675.1132812500
283706533.2691932321 4843968.9804687500
282644421.5659394860 4831071.3535156250
282247098.5717163682 4823809.5546875000
282077551.8303481936 4821352.2558593750
280303717.4211733341 4786134.4433593750
276198791.2491151094 4676434.7988281250
290127048.0747395158 4891646.5859375000
282369216.2428859472 4827632.4375000000
287596894.9363743663 4881976.8281250000
281853970.9648137093 4817885.5742187500
277260908.6926299334 4711076.2382812500
277018297.7788859010 4704530.2812500000
276605805.4714347720 4690590.3261718750
276831204.5475661755 4698056.0839843750
272647561.2084490657 4531277.8574218750
272419107.0530663729 4523253.9589843750
272439143.6603476405 4525527.6308593750
272510017.1090224981 4526906.8691406250
272537028.7354093194 4530151.3593750000
272228868.0443776846 4513027.1171875000
281326170.7302761078 4807920.9921875000
288179978.9309883714 4884742.3710937500
275740655.9010514617 4655199.6093750000
272804393.0275163054 4539758.3730468750
277138014.9372520447 4707481.5429687500
272859275.0648450255 4542169.2500000000
276968747.6765219569 4702047.1835937500
280815433.3322358727 4798756.4550781250
273045705.4866386056 4553307.7949218750
273212640.4633024931 4561062.8574218750
278869819.3015102744 4752992.9414062500
273136250.7362089753 4556856.1601562500
273382023.7146125436 4569231.4531250000
273201932.3423954248 4558982.7734375000
273295501.6267763972 4562664.7988281250
278856035.3512455821 4750764.4609375000
281292310.3313298821 4804321.0097656250
278882185.8686674833 4754759.6445312500
275453981.5927128792 4643721.7792968750
283716511.8199484348 4844717.4726562500
283672655.4661422968 4843908.0292968750
284341770.9820106626 4853725.7558593750
275583661.0870454907 4650015.8398437500
283953831.9493051767 4850472.6718750000
275659856.9354418516 4653684.4101562500
278497365.6029118896 4746941.0292968750
278644464.4786931872 4748176.4570312500
281125961.6125946641 4802789.0078125000
278391213.3699898124 4742834.0585937500
284036167.8488316536 4851861.7597656250
288176444.1511899829 4882567.3183593750
288061840.5828080773 4882431.7988281250
282578246.4051022530 4830154.1289062500
283782841.3858429193 4849452.1816406250
283728773.6496631503 4846396.1484375000
283310250.1661401391 4841436.8593750000
284505670.5152563453 4856940.4628906250
284689746.2120694518 4858341.3554687500
275515448.0674880147 4647115.6406250000
283183097.4861169457 4840284.8417968750
284248880.9415320158 4853469.9921875000
284630787.4619305730 4857128.5449218750
284851911.9862421155 4858829.8125000000
284217311.4089466333 4853317.0371093750
286765158.2850341797 4876846.8593750000
284943770.3390507698 4859011.8691406250
287094777.5681539178 4879306.0625000000
283519093.3995347023 4842729.6132812500
284975346.7896409631 4859146.2949218750
275415975.7454131246 4643643.9003906250
276420038.7158320546 4682328.5468750000
276414582.8622494936 4682160.8496093750
276486237.5131286383 4684440.7148437500
276432003.1594757438 4683702.6113281250
286456960.8760059476 4873869.5683593750
286465474.9080677629 4874016.4707031250
286232551.8984077573 4872814.5410156250
286365863.2714930177 4873105.7890625000
285958090.2812036276 4870077.9902343750
285670252.7028180957 4869008.9785156250
286516443.2211893201 4875505.4960937500
279174620.1863104105 4762493.1816406250
286152838.5069417357 4872595.8496093750
285643195.1339761615 4866933.4726562500
285803957.5685910583 4869662.4218750000
285323975.2839720845 4864770.4785156250
285541688.3422009945 4866568.5664062500
279759841.5261557698 4774545.4042968750
285143045.4745692611 4862872.4316406250
279869524.9453384280 4778898.1035156250
279616168.5195821524 4772153.3281250000
279913438.4915060401 4779267.8789062500
279103815.2649580240 4760299.6445312500
278921263.7605541945 4755748.4062500000
279713559.9236311316 4772688.9492187500
280119803.3546448946 4783106.2460937500
279282783.1439428329 4765303.7128906250
279426112.2797593474 4767988.6152343750
280364869.7671676278 4790520.5820312500
280396398.1302993298 4790947.5742187500
278065152.0909677744 4733330.7519531250
278984160.6103742719 4756764.9980468750
280076775.7880743146 4782301.7832031250
280616965.2251731157 4794117.7617187500
280712245.3497263193 4794715.6191406250
284976877.3518337607 4861345.5058593750
280962799.0534233451 4800077.1953125000
282068313.9031014442 4820437.3925781250
281486983.4095338583 4810781.0332031250
281515686.5415033102 4811051.4199218750
281054918.7826710939 4802429.0839843750
281308841.5404646397 4805628.1191406250
