298948846.3129411340 126365.7840270996
273954517.0766856074 43387.6534297429
273898354.3640577793 42521.8829524480
274494430.0480347872 47584.3567361198
281098571.5369486213 93785.8039348498
280960008.0060299635 92871.0605450049
281037564.9280033708 93386.5974865332
283176784.0416870713 100910.1367921617
283108396.0002209544 100743.5731969860
294366723.3138062954 123792.0865173340
299880354.2035701871 126563.2579040527
274017176.0246877074 44221.0727412663
274016684.4847912192 44026.0740535222
273913153.6304742694 43309.1431758367
274438362.7887256145 46825.7478799187
281028443.3421226740 93269.1754093543
281893054.1310578585 96717.3106365502
283467769.4925265908 101521.5813756969
283957886.4525501132 102369.0926872280
283371463.9147021770 101510.6558996227
274007393.6534715891 43917.0814921819
283660425.7360775471 102095.5940099743
283571733.7778266072 101631.0877538708
274318989.1457254887 46672.4271706901
283243311.9792702198 101438.6678014782
293860479.6626872420 123507.5475158691
300296868.6422684193 126569.4382019043
283330787.5425866842 101495.6744543102
283144610.6324815154 100815.6840368297
293791944.5844233632 123504.5448913574
293952676.3621200323 123608.0931091309
273825263.8288804293 39638.5975862034
281530603.6292210221 95716.6014995873
282852924.6162289977 99989.9675460160
282946591.0358955860 100732.7704626110
292607172.6682457924 121975.3811492920
292772351.3632160425 122064.6569061279
293433768.0487509370 123221.8465270996
282564923.9200066328 99231.1639452365
282330652.2962905169 99077.8432360080
282294769.6272361875 98375.9716549900
282669645.5526003838 99878.8702298191
282186661.6528078318 97577.7016354587
282345298.6514047384 99107.6198636082
274186517.5887426138 44962.3119057976
274307070.9410837889 45940.7789620720
281922080.4583154917 97325.1845454574
282189083.7254352570 98225.2033773661
273834324.0666542649 40537.0763634779
281223384.1117470264 94170.0358410254
294201315.6420938373 123670.9670104980
298360729.6713024974 126105.5815734863
282041711.6823261976 97405.1999571919
282183174.8637257814 97405.2021544576
273854584.8464776874 40537.9200487398
280978606.5576047897 92929.5551509336
281970022.1873115897 97394.3905699849
297945988.6026724577 125436.7483215332
284743904.8529913425 103940.4453394413
285039288.2203919291 104565.5080721974
274241379.6716799140 45784.3937785730
273733214.9335369468 33563.3424984657
274206979.4172102213 45760.4976052605
294673842.8053624034 123805.8893737793
298542628.5069670677 126182.3731384277
298708029.2105500698 126260.6114196777
273862211.1030570269 40548.9310814366
273856387.5504998565 40546.1443500780
284887600.4288694859 104040.4767888784
284880563.9315931201 104029.7452204227
294232758.3448053002 123701.5686340332
281175432.0716595650 94163.3867244199
281671484.4563423395 96434.3687420189
302986310.9214525223 126574.0102233887
281524025.3625747561 95557.5229168236
285176323.8965285420 104702.3062627912
293863716.9909481406 123595.3453674316
274013395.5510836244 43984.6904154085
274103336.2188840508 44862.0443036593
285093453.2568103671 104623.3591232896
284650753.2419988513 103843.2562067509
298411182.8523351550 126153.4997253418
299334659.5233131051 126484.8203430176
274099202.9177724123 44841.7850122713
281439406.9086869955 95022.6350078955
281328013.1402119398 94769.0870898739
298747935.0197157860 126323.1282653809
273870214.4259839058 41424.5710068010
297861926.0308282971 125258.5990753174
299274048.0692235231 126436.8709411621
281160956.5302961469 94156.6036968604
281015918.5591964126 93036.7393131629
284935605.9697548747 104124.5947323442
298937216.5640214086 126337.6418151855
294299462.4243008494 123704.9001770020
273763251.5909396410 33692.3380524360
285003814.9911208749 104424.6947689652
297977359.4905506968 125825.0431213379
274140027.3328058720 44955.8974085115
281522670.2915523648 95427.8848498836
284593238.1724250913 103669.1498959064
293092486.9052995443 122886.7193298340
284574092.3645121455 103620.4539120197
299022336.6822596788 126431.3479919434
281508471.9253869057 95196.4546986221
298092333.9971697330 125955.6318054199
298250855.7221267819 126043.6847229004
274138044.1132405400 44881.9129457735
281263269.4539674520 94545.6098232642
281252700.2426144481 94473.5078335181
293726112.9015219808 123440.8252258301
298639610.8439443111 126249.8758239746
281160242.0486702323 93855.0921001807
281101402.3551864028 93845.6466045752
293109716.1348637342 122919.3608093262
293666927.8502452374 123364.3875427246
299332381.8338639140 126470.4836120605
281238294.9202166796 94391.7019110098
284948443.0167757869 104246.4506558478
293094292.8009830117 122910.0743103027
299815078.5700764656 126560.9986267090
281126249.1428371072 93845.9609356299
281088501.7025585771 93782.9901104346
280892956.2761515379 91664.0929088965
293116364.0415290594 122920.7303771973
273792349.0163211823 34450.7097412788
299730690.6785804033 126520.2667541504
280911801.4311748743 92243.7675762549
294189335.1961703300 123615.1556701660
284490171.5169002414 103273.6910666525
280818378.2582873702 91350.6313667670
280907925.1606893539 92140.1317882910
280808616.0540614724 91118.6927471533
280902281.2636800408 92030.6223125830
284468540.2524081469 103210.2451730967
293215070.2990665436 123048.7438659668
292829839.4505406022 122338.7081146240
284428043.4013055563 103089.6930936277
284385857.6371711493 103075.2535132468
293147463.5751422048 123000.8699035645
299516551.2903998494 126509.1108703613
299328524.2642642856 126461.3366394043
292346733.8151199818 120859.9625525475
280749443.0456423759 90445.7724839374
284137969.4093358517 102392.6469439566
299338536.3007731438 126487.8117980957
273725365.3669363856 33541.7595848285
284339987.4304747581 102961.8500937521
291870510.3332482576 119992.4795508385
293552225.9445961714 123306.4376525879
284310744.1655181050 102902.6933554709
294365011.1458743811 123718.4265441895
292166959.9056445360 120788.2992835045
292243639.2778315544 120811.9436316490
291922924.0754272342 120019.4805121422
292304106.3056662083 120846.3712439537
292143884.8719193935 120551.4391150475
292008716.2162601352 120246.8255896568
292080325.9229713678 120539.2617468834
292249159.1572849751 120833.8075232506
291960768.7754127979 120190.5836615562
292353357.2825251222 120906.4062170982
292055331.6350902915 120347.3448157310
292174800.4167909622 120802.6668372154
273717109.9456891418 32761.8340527259
292418954.3673952222 121172.4269943237
274749292.3272879720 48283.8066725209
275030951.1590159535 48283.8227915540
275170453.2079703808 48318.5767226480
294796777.8285176158 123809.2442932129
273765652.3754411936 34100.5659654208
273795011.9916390777 34888.4031694003
273799633.8058952093 34889.1239945956
273776513.5070649981 34173.1510636874
278669406.4641934633 77026.1726514646
273824978.1623930931 34948.7923372455
295693432.5446357131 124243.6363830566
296898965.0541292429 124698.8907165527
278941331.1094988585 78679.6310912916
296963793.5194620490 124845.8723449707
278878453.5630630851 78408.8110225149
278895001.5478844643 78511.7106668302
278777283.4837722778 77792.7987100431
278915043.7396829724 78645.5436899015
278889156.6010960340 78511.6800271817
296048828.5628524423 124426.0682067871
296265523.5472747087 124537.2662658691
279065357.1703748703 79284.1605739244
295458645.2451217771 124016.2473449707
295247283.7402505279 123961.6442565918
296480620.5450134873 124584.6084899902
291809295.8118667006 118558.2593841553
295206835.8384937048 123872.3638000488
296207569.7552387118 124478.8532409668
279127346.8875979185 79576.9609414884
279238731.8605991602 79984.4549444267
279067096.2629628181 79423.6402322599
279177114.0090626478 79603.9215890714
278218891.4670780897 72945.1894130372
279243955.4507510066 80167.6783792325
291713386.4478616714 116859.3747901917
295510047.9762843847 124079.8395690918
297232582.8317955732 124878.1330261230
278115273.5012601018 72328.9550685547
291774847.9771999121 118242.8028144836
296509505.9705008268 124673.8889465332
295807938.9589084387 124273.3945617676
295924662.6589372754 124377.1703186035
296494227.1165888309 124649.5898132324
295960028.1863398552 124400.2914733887
278242264.7769466043 73510.5068340264
278048520.9344635606 71992.1600246094
278024492.8138184547 71873.6832942627
279369652.5456456542 80318.4276128956
275869858.3857243657 52574.7462859675
278137581.5382677317 72782.1315364502
279374662.9642848969 80506.5958715626
278302849.5079793930 73670.7698352896
295541593.7168083787 124159.9790954590
275994078.9013917446 53465.7517486140
276050534.6839045286 54248.0412521251
278338162.7602450252 73737.6834109990
275917291.0394909978 53305.7168517634
278130652.2614688873 72759.1376399659
277938113.9421319962 69917.1102461110
275833673.8377891779 52553.8221831843
277223921.4869951606 64496.5545224053
295594735.5210546851 124172.2881774902
275826967.2638981938 51739.1384616420
275757532.9088671207 50747.9931941833
275793985.7694715261 51606.8225589599
275819232.8649159670 51616.9494651072
279731978.6306573153 82647.9156980761
275745061.7730574608 50713.1728524938
279710573.2733788490 82503.0851626989
279902262.0735849142 82781.1576530212
279553180.8185659051 81867.2549081990
278446200.5660433173 73799.6684175319
275684399.6389318109 49825.0011052862
275659277.3341642618 49803.8505315557
277189365.0079033971 64410.5380944115
277290389.1054473519 64725.9288504747
276248692.9431287646 54767.3321519297
277182014.9382321835 64403.4492882591
275743152.7338433266 49900.9965209737
275655371.5994678736 49156.9889068380
276241916.6655673981 54750.9465260905
276253317.7715359926 54772.0809350413
277084181.0328941345 63462.5845852440
279692020.2522962689 82273.6712456756
279526876.4302656651 81688.5285898396
280647572.0145444870 86661.6585018113
280371842.7684841156 85546.9596451148
280379815.8070908785 85694.8939678147
280587872.9048462510 86456.9494350255
276217287.3822862506 54728.6636002463
276257079.2364937067 55638.3213982981
280024526.3012377024 83595.6913615116
280615983.2333688140 86615.2761352733
278477874.8611263633 73862.6560153626
280465389.4375167489 86064.5368621647
280596140.2263153791 86583.0666973069
279822706.6033644080 82723.9793276438
280661680.7761881948 86665.9802715257
280597982.0971587896 86606.8235332444
276474465.6104496717 56616.5507789952
276562962.8726087809 57462.7954216999
276431427.1893016100 56572.1030999225
276497303.4765789509 56809.1689443392
280086718.9334653020 83596.3267374882
280358092.3840842247 85048.3605230562
280451029.7300921082 85966.7389600575
279958470.7217719555 83536.5346232303
276393831.5036516190 56550.8658562702
280120865.0340712667 84334.9291840442
277326427.9623581767 65203.3992394310
277301059.4845886827 65121.8755577904
277298933.3369990587 65080.0152863365
276581800.2710410357 57593.4791752990
276636723.6675578356 57718.7366398867
276674914.2937648892 58498.9823903140
276726160.7635678649 59017.9271840151
277483699.3031376600 66114.7173788857
276894962.5047914982 60095.0807214779
276989547.0149888992 60835.3962074440
277852980.0724396706 69104.6610661846
276878255.0344153643 60039.2908305820
277771265.7509972453 68212.6146184307
277815442.3922981620 68563.8519598645
277745734.8418328762 68192.7315007549
277625041.5319932699 67184.2882667881
277709702.1720604897 67554.0763527256
277613870.5143600702 66872.0390144688
276926425.5467211008 60744.4430878457
277686692.1399124861 67534.2008034092
277710778.3356191516 67590.3254028660
276929923.0448207855 60791.3613461550
276850656.6186187863 59900.6944760378
276826910.2311864495 59879.4317807253
