47666703.4772109762 254550.6286621094
46327167.2025190890 203163.7192769051
46292344.8374332413 199659.6588788033
46490450.9648246467 210849.5941796303
47762099.0949145034 254795.0581054688
47563503.1325238422 254525.6123046875
47706189.8145537004 254589.3405761719
46685639.5520155430 214384.2539086342
46699960.1868954301 214388.0829796791
47468760.1506063938 254500.0305175781
46340052.5052488595 203283.9806107283
46370891.4864700660 210309.1216607094
46861776.4229945168 241829.8270874023
46903363.0275629908 245153.8959960938
47295365.4577373192 254102.8203125000
46490943.1259883046 211299.4145141840
46895285.3182106465 242156.5224609375
46950927.2813347578 245710.8082885742
47141356.2261602059 250246.9001464844
47035319.3956749365 249909.4070434570
47259862.2016276941 253948.9162597656
46463329.6281083375 210661.3950600624
46347175.1780926511 206465.0437260866
46351070.9335676432 206669.2881439924
46271399.8561519831 199385.7220234871
46858918.9401412234 238347.5923461914
47105653.5648365617 249945.4459228516
46334452.7572995648 203192.8539818525
47001665.5554404929 249130.4217529297
47146354.1759656295 253329.6186523438
47244005.2222621962 253629.8183593750
47679393.2899268419 254560.6513671875
46314263.0059098825 202936.8492207527
47117927.1754289567 250189.7509765625
47179315.6216772720 253490.7290039062
47159029.3231003806 253362.1677246094
46890228.0901782364 241960.7522277832
47027753.1021415293 249337.9033813477
47250424.7160017639 253935.7084960938
47226557.9977680519 253509.1259765625
47032885.8070790023 249346.6104431152
46984675.6690072417 245973.9442749023
47400361.9965624288 254216.1318359375
47413193.9289982617 254230.7360839844
46964116.7296953648 245946.0106811523
46928486.6858733222 245576.7340698242
46562096.3731895536 214322.5404739380
46751991.9258648381 217902.1379398108
46729013.7993579581 217577.6328281164
46857475.8501540124 219395.9195789099
46852284.2841967046 219119.8287719488
