214582644.3171725571 1241983.7348394394
215338116.1517188847 1280511.8558998108
215313213.7129167020 1275645.6508941650
210899171.8872991800 987658.8595310450
210865739.7370498180 987644.9863620996
233950698.0910828710 1571497.2836914062
234176550.2852596939 1572454.7280273438
217060592.3631343842 1343864.5108032227
215257715.2762349844 1273240.6999855042
215946300.1458314061 1303645.8909339905
215888734.2353076339 1303079.7390747070
215122679.6104445755 1265762.9292488098
216001971.2615188658 1307031.6738929749
216106915.2379590273 1313262.8665771484
212993415.1542596519 1160185.0892934799
215843378.0020958185 1301612.8357582092
216797103.3170948327 1331524.6093139648
214428724.0605024993 1236247.6105108261
216091513.5543480515 1309620.8495407104
217164079.2949042916 1346394.4806518555
223476637.5764193833 1517806.0991210938
217413602.3040006459 1357440.4414672852
215291648.4908321798 1274389.1023921967
220141078.4710835814 1438047.9764404297
216873733.3222050369 1337936.0140991211
218078708.2598737478 1379026.1459350586
219094440.3526774049 1413317.0368652344
219860778.8254281580 1434915.2712402344
219480079.3552773893 1425098.3466796875
215991787.0125626326 1305180.7287635803
220055777.8146315515 1437997.3624267578
217098251.5396591127 1345079.7177124023
224860730.5007558763 1533339.2329101562
214444321.8848878443 1238052.3777227402
216313864.3430215120 1317205.1596069336
211462758.8965735137 1047656.8357839584
212779646.7196907103 1142917.7562818527
215808861.4890051484 1299153.3303260803
210865079.4716411829 979662.4679256678
215880616.6000047922 1301655.0834999084
214486305.1479106545 1239493.3606939316
234232152.8605681658 1572737.2700195312
218199274.8755534887 1379687.2015991211
221463387.5762237012 1475921.2568359375
213064018.7554213107 1160884.9828481674
211372770.0436509848 1037672.0800771713
213646560.8600724936 1194412.9876165390
213764630.9921676815 1203441.9496526718
211690635.7387810349 1064061.5955801010
233842044.5018019676 1571024.2592773438
218249288.2795366049 1380146.2107543945
212294254.6432668865 1110253.9935903549
212803039.3701882064 1145707.5447988510
217814422.9389688373 1368599.3095092773
214796476.2449248433 1253001.1691045761
217681803.9605373740 1365347.6464233398
217672501.7848820090 1362909.4310913086
221527151.5100533366 1478595.5295410156
232964930.6815401316 1569314.4965820312
217995073.3294987679 1374248.4418334961
211694250.7006791830 1065448.9894094467
215562089.8166300952 1289208.6338539124
223309514.5129663944 1516110.8300781250
219899108.2379280627 1435791.1829833984
214613610.4459933341 1244175.1741094589
222488665.0950457156 1496293.6970214844
214103301.0486471951 1220415.5863409042
215323339.1361035109 1277826.6997718811
214421773.2912730873 1234778.8692998886
219674899.0231827199 1430019.9011230469
219729690.3519333899 1431828.2076416016
216506157.2559239268 1324462.0359497070
216456255.6546856761 1323313.4119262695
222802948.1253804266 1503245.0170898438
212691377.3973071873 1141495.3288946152
216435936.0486057997 1321614.1119728088
212481315.0110915899 1123107.5748891830
222827757.0262130797 1504188.2504882812
211546501.7839963138 1056009.5229482651
215175755.1275625527 1268914.7391090393
216519926.0339654684 1326444.6551856995
211403096.5629682243 1047341.2512197495
221783566.0830109715 1485061.1577148438
212264932.9174989760 1106721.7091360092
218349632.8132797778 1386138.1889953613
212482607.6142283082 1124388.9142446518
225970264.3472037315 1543453.8188476562
212580524.1939781606 1132519.2598562241
218015973.3351388574 1376238.0009155273
212831324.2745577991 1149186.9071035385
211768993.2718930244 1075943.7047414780
212613711.0970368385 1132637.1308202744
216246197.7182092369 1317135.6883888245
215979563.5775829554 1305029.2628517151
212861504.1097210050 1150465.2348012924
217839344.3136206567 1369901.5389709473
216366500.0744966269 1319789.8727149963
218259745.8520388603 1383233.5354309082
211578096.3953752220 1058996.3681020737
212878729.5978428721 1152958.8293447495
212891237.1070685983 1155986.4953151941
214277197.0368953347 1227148.8647832870
214051623.8858489692 1216229.8830938339
213393436.4796663523 1184273.3042364120
215269143.3845226765 1274106.0159339905
216711757.4074983597 1331485.2938537598
216098777.1995941997 1310743.1109962463
214307108.1185302734 1229409.4617900848
214372864.0695684254 1234445.9908428192
222690267.1023464799 1502835.4726562500
212238567.3193260133 1105330.8408575058
212642319.7609490156 1134896.6793422699
214679110.4713867009 1245948.6542205811
213665584.9929096401 1198641.7287969589
217897561.3121422231 1371185.8950500488
215378103.7475853264 1281004.1947669983
211958557.2586831748 1084217.7951269150
214700973.8485476673 1252671.7745704651
217592178.5266865492 1358860.2214660645
215551604.8907381892 1289041.9562110901
217940556.0690460801 1374038.3865051270
214689455.7624063790 1247979.0769634247
215678850.0435433090 1294931.2101173401
215661717.2364279926 1293856.8454284668
216027227.5859028399 1308981.9752540588
211518206.9090008438 1051926.9628353119
217695643.2805957794 1366396.5838928223
215595865.0376538932 1289957.7471351624
217298055.6399340630 1349673.0592346191
211194098.3792708516 1021189.3190456629
215197669.5544587672 1270687.4352455139
232683985.8347456455 1567951.1372070312
218510543.6066380739 1394029.5778808594
222527563.3203081787 1496779.6589355469
211178510.2660658658 1019804.1067762375
215938609.1701079011 1303163.2688636780
214886855.0666773915 1255847.8998622894
218372246.0513932407 1387783.2019042969
218639321.6957809627 1396553.0875244141
211729145.2308895886 1068134.6559047699
213902762.8094723225 1211260.6829509735
211277545.2312910557 1032054.5112377405
215202419.0701141059 1270735.3292884827
215056454.7850846946 1262530.2546367645
218766635.0425791144 1402994.6881103516
218737024.0357287824 1402858.6959228516
214603872.1987867951 1242865.7606544495
211249160.2045595050 1023955.4592281580
211055850.0670398772 1012025.4870144129
215018608.7254106998 1262085.7167396545
213923531.1714519858 1211666.9764080048
214910654.7245418429 1260338.9802284241
213874850.4127928913 1208607.9746074677
213738489.0863819420 1202951.8907537460
212092275.3951620162 1089642.6735820770
212064422.7159792781 1089135.6993169785
224032600.5548652709 1523646.6528320312
213561778.0971521139 1192236.5642070770
211751350.4003385007 1071676.4828252792
218944997.2315498292 1406566.6676025391
223788104.3427839279 1520419.6875000000
223841893.6775008440 1523101.3530273438
224486286.8632788360 1530083.0678710938
218602504.6003929377 1395445.1245117188
211730874.0171524882 1069269.1665868759
212092452.2734524012 1092442.5515193939
211891676.7765456736 1078565.3414077759
211117474.8930362761 1017979.7246853113
224815174.0402228534 1532306.5454101562
224596181.2425463200 1530959.5620117188
211825033.4018689692 1078343.2556142807
226629271.2761739492 1548543.9487304688
218460781.1896798015 1389246.5717773438
233005662.5123923123 1570294.5551757812
218611762.5532574356 1395526.5415039062
221082809.6363604367 1467400.3962402344
233372787.4693781137 1570990.6020507812
230038497.9733779430 1564524.9174804688
230060167.7290333509 1564772.6801757812
230773643.3461675942 1565237.2202148438
227007957.7316049039 1549191.2670898438
211560332.3991468549 1057957.8122091293
222465341.4957377911 1495272.2919921875
211586908.9870800972 1060599.7607231140
224359039.7051024139 1529828.1225585938
222165189.8441111445 1491672.6184082031
221289683.3626393080 1471371.2751464844
212097800.6938299537 1095757.6379919052
211663130.6952263713 1062465.6513509750
213136761.2790175080 1168500.3903875351
229657133.3837144673 1564290.5659179688
229438998.1853181720 1561849.3793945312
221480830.6403762996 1476551.4694824219
213793317.5894577503 1205380.5892009735
222117954.4521712363 1488718.0681152344
222201492.7273201644 1493054.6474609375
213653639.2685632706 1196320.1410655975
223268456.1281189322 1510536.8588867188
222275147.6534782946 1493769.2597656250
219199334.4622513354 1415244.3707275391
211105791.3769628108 1015911.7851864100
224200031.1370150745 1529482.2075195312
221724251.8104366064 1481947.0710449219
221215495.7314842343 1471018.6687011719
211541919.8271973133 1052328.5245351791
220716280.1364883482 1455337.4560546875
211394705.1387490630 1040160.2303609848
229111436.2311891317 1559166.9135742188
222972531.6943511963 1507021.9194335938
222909312.5960513949 1504650.5322265625
210915987.6912861168 1000379.7605282068
222597424.2900421619 1502706.3217773438
213086054.9182826877 1164045.9260320663
211903756.7268116176 1081209.1910972595
210982565.8688451350 1007889.8708797693
223633798.4664879441 1519933.2514648438
219046159.9264525771 1411701.4638671875
221928426.6018622518 1488050.9042968750
211489551.4590602815 1050807.8955678940
219390481.7399882674 1420424.5650634766
221681402.2850901186 1481234.5944824219
212311294.3701587617 1112941.8300771713
219329828.2736941278 1420114.0299072266
212372640.9414339364 1118836.5224599838
211241015.9945640862 1022907.7855367661
211104927.2564297616 1012155.1079841852
213201747.3155620992 1172653.7974004745
228977144.0499579012 1558934.8208007812
216952445.3527897000 1338185.6255798340
227607106.9412994981 1551655.2631835938
219361647.9431093931 1420421.8472900391
221364442.7626589239 1473248.0852050781
221402934.6523201168 1474540.6750488281
217253835.0447471738 1349038.4616394043
233063890.6133631170 1570982.4926757812
217395985.4066864848 1353770.9960632324
220573315.5102553964 1450845.4094238281
219562536.6059830487 1426786.5225830078
213600637.9669549763 1193974.6381902695
213513926.6559114754 1190218.1057500839
220599483.8545186520 1452523.6101074219
219577428.7557482123 1427241.1378173828
213196103.5047279000 1171869.1451787949
226019383.4803902507 1544048.8403320312
220844645.8013997972 1457922.8488769531
229273263.2407344282 1560096.3618164062
232451133.9575132430 1566621.8901367188
232653923.4746177495 1566700.1079101562
232920223.3087756932 1568701.2407226562
224126034.9231164753 1525710.9125976562
214189004.0012028217 1223815.6700592041
232655524.3307079375 1567678.6606445312
219527279.3245736957 1425898.2725830078
213335724.4717230499 1179734.3777227402
212301216.8891754448 1111001.1620092392
227790436.2301996946 1554333.1772460938
212326744.8205995858 1113205.8094701767
226286971.8004444242 1546709.4545898438
227286374.9387831092 1551466.4262695312
226033309.9039488435 1545528.5795898438
212577128.9447920918 1128248.8180150986
227260677.5209319890 1550413.1030273438
214102135.0400889516 1217966.2397689819
212409035.0356151462 1120439.9417943954
227284688.7323760986 1550701.3706054688
213301555.6107248068 1177837.6121215820
212432044.6087020934 1121772.5791387558
225556867.6097093225 1542198.2944335938
228581610.4695720077 1556968.2368164062
225675971.7392923534 1542967.7807617188
228646561.0363024771 1557821.8364257812
218279484.0735070109 1383315.5729980469
227894961.0776422024 1555071.8422851562
213186123.2818815410 1168766.7204961777
225405297.0935135186 1540983.1215820312
228308222.3116636872 1555924.4868164062
225397661.6455848515 1540970.0327148438
212212053.2693348527 1103360.7817144394
228315857.7595922649 1555937.5756835938
221036820.8282208443 1464414.8083496094
228580239.1325140595 1556621.5932617188
220441841.7385102212 1446221.3000488281
228916597.6970400810 1558295.8872070312
228326460.1416978538 1556479.0834960938
212824453.9327865839 1148500.6009283066
228052000.9033016264 1555291.5512695312
220685530.9087824225 1455260.2032470703
220642594.2155628800 1453220.3048095703
231711493.9285629988 1566487.3247070312
227723750.9579588175 1554276.4028320312
225170334.5814122558 1537939.5590820312
224920646.2250701487 1535752.2553710938
228120447.1568717360 1555909.2036132812
220398142.4518837631 1446129.4763183594
220207886.6213143170 1442017.4931640625
227492659.1801849604 1551516.3872070312
227628886.5646063685 1552268.9809570312
227633581.2809413075 1552750.8208007812
225091664.7922139168 1536912.9174804688
225043663.3638140559 1536253.8764648438
