235092893.8131088912 1597336.5678710938
215011797.0400158763 1016581.8985543847
221381307.8300403059 1315210.8125562668
230783601.6893445253 1546165.5639648438
215128043.7375135422 1020575.3213787675
215092227.5795396268 1016680.9302980229
223562462.9495473504 1378018.8463897705
230235091.2994472682 1537487.9833984375
230272308.6998329461 1538904.0908203125
248673524.7688160241 1630385.2646484375
251931918.9821203947 1634301.6699218750
237663599.2779816985 1612267.1381835938
252599555.1095289290 1634494.4892578125
214451289.2880167663 982599.2355685178
223597572.8701712489 1378334.1823272705
232543741.1429355741 1571469.7226562500
232797472.8219438195 1573892.0991210938
210870279.3645640612 593176.4069606744
213378862.3337109089 910391.7351323788
221716445.6248100996 1325214.4394550323
213308843.3116109371 899277.6872768956
213324459.6055758595 908942.5872641627
213265910.7131902575 898484.3481606359
212113091.2174306214 781980.8547351904
214295499.0680907071 977528.0255831457
223377613.3706864119 1376345.1665802002
238293725.4041411579 1614606.4575195312
238479787.9396286309 1614837.2031250000
238413158.9233371913 1614693.2851562500
249383223.6468296945 1633058.0126953125
222154951.5754508376 1339525.0396022797
214232954.7679345906 972951.9642056520
238093460.6251297295 1614520.1796875000
249114401.6816826761 1631289.5087890625
225694785.6166805029 1434250.0993652344
226582652.6671583056 1457885.9489746094
230298370.5859346688 1539216.3828125000
235789190.7334876359 1601460.7993164062
252633232.6124961674 1634500.9384765625
213356569.8821840286 909474.4949251043
230757078.9914524257 1543793.2382812500
232652457.0917779505 1571592.7978515625
233750360.1018570065 1586790.7680664062
215178857.4232005179 1021668.1676504612
223418999.3640867472 1376827.6880645752
215098733.8071702719 1019329.4412789941
215002974.6365160942 1011602.2308617234
233761643.9050192237 1588258.6450195312
215615309.1611952186 1021896.8281193376
223121008.6765125990 1368137.7514190674
223316371.7158315182 1374985.7111206055
223254835.0352309346 1370362.3017120361
210921966.6755093932 604004.9955877677
214133232.4414344728 963455.4799245889
214856868.7436198592 1008956.7520700097
221443622.8811073601 1317101.1491332054
226734608.3052465618 1464771.2292480469
229519386.4302470386 1524806.2314453125
214659560.6244903207 997448.4618585110
214903500.0494425595 1009291.1875548363
225752916.4264854193 1437208.7875976562
231884880.3774393201 1562684.8437500000
232850776.5751910210 1574139.6479492188
238098764.4800030887 1614521.6894531250
214988109.6173928678 1010280.9337454438
223265118.4331474304 1373593.8563995361
222922247.1178380251 1362334.1869659424
236342835.9216845334 1604035.2211914062
249161580.9732783139 1632678.2143554688
223512781.4487552047 1377748.0702667236
238219211.3501053154 1614580.1645507812
248650302.3034134805 1629201.6357421875
214331829.9571934640 978088.0536560114
221254705.5473693907 1309146.5369825363
223012179.3276504278 1366216.5082550049
221175202.9315651357 1308466.2222242355
221325603.2730472386 1311430.6639780998
226590061.5861520171 1458014.7663574219
210908123.7549611330 600278.2223104850
252463329.8614304960 1634454.1953125000
237386750.0593103766 1610319.5444335938
232694628.5398876071 1573327.3164062500
214258828.9740172923 973575.2785612941
222761487.8230209947 1359327.2462921143
225607023.7528774142 1433967.3190917969
227131805.3786387742 1474052.4548339844
227509009.7573654652 1480341.2353515625
235358756.4697163403 1599260.6528320312
233993321.8607537150 1590905.4042968750
251788276.3868211210 1634156.6347656250
252000147.6457467973 1634384.6533203125
222498898.4292513430 1350060.2951354980
229896048.1118266284 1532199.6289062500
227327955.1322671175 1478223.9877929688
211757180.3678643107 757081.2771258506
230092996.7952785492 1533201.4990234375
230125482.3065166771 1533801.8974609375
211820483.8267895579 767916.0639900996
211489337.2936533391 731140.3190927631
225958333.5205357969 1442911.6962890625
227197739.5833826661 1475481.7148437500
230207241.8906100094 1536539.4951171875
248816817.1444220245 1631018.1640625000
251197845.2586286366 1634135.3642578125
250577098.8758287132 1633832.5507812500
250907586.2806967795 1634019.3471679688
230579326.9681557119 1542256.3198242188
250687455.9345499575 1633952.7949218750
210980711.1465573907 615211.2709020987
211040643.2114143670 649641.2163144003
222336252.0050073862 1343251.3216857910
227138632.5777944326 1474716.0537109375
249703971.2055015266 1633210.9794921875
250073616.3050906360 1633379.8457031250
250240038.2917501032 1633454.8818359375
236854707.6898582578 1608180.3461914062
220529336.0663379133 1281316.2211837769
249801814.4815357029 1633341.2871093750
220566945.8008213043 1283460.3676681519
230644117.3860970140 1542366.0761718750
226903600.1903233528 1467183.3774414062
232698718.5773753822 1573473.3500976562
232145544.7045032084 1566007.8164062500
220651671.6460688710 1287534.9857101440
225462550.8250485659 1432711.2758789062
220637234.4785817266 1287384.1531906128
222707827.7865090370 1354982.7838745117
229764729.7931952775 1528468.9389648438
232058866.7406986654 1564979.5170898438
234207861.4189899266 1592157.9731445312
231459692.4936447740 1552863.9829101562
211881104.1571584344 770101.8948860712
215388870.9943928123 1021884.3600278266
211484425.4079343379 729057.8495125223
220976418.7560636997 1300788.6656417847
222328035.4714365602 1342784.6566467285
221999023.2250997424 1332309.8500061035
229672684.0977524817 1527627.4902343750
210955775.6701985002 613432.4887594596
214637663.6353500187 992412.3080856800
211880536.1080253422 769918.4559212275
222213955.1842570901 1342459.4259338379
234407370.8888129890 1593570.6665039062
222550757.9153732061 1351230.7282104492
211083274.6926989257 660313.1763149267
231765962.5387476981 1561597.9335937500
220820581.8758500218 1294964.5298995972
232279482.1922894418 1569083.3374023438
228903137.9041446447 1511438.4162597656
211667068.8567137420 749979.8989586508
214598083.6003018320 989710.9632083178
222381604.3125518858 1345804.7472229004
236991393.1049751639 1609025.7143554688
211234776.7414050400 680954.3431764252
214754755.9451799691 1001018.4896118641
211198708.9733729362 680820.3802712776
211569634.0642941892 742864.2690723103
222137202.0531359315 1337764.3205261230
236438498.6694467366 1604972.2739257812
232169694.9332937300 1567108.7343750000
228823646.4476254880 1507979.3642578125
220199772.9073377848 1263243.3165206909
232041025.9580442607 1564813.6025390625
214691890.0228291452 998122.2426636219
214690696.9906233847 998022.9965012074
234525184.4190280735 1593917.5659179688
226648662.3900356889 1460501.8569335938
211105595.6645474434 668726.4666970589
226380552.2589744925 1455137.2050781250
239923965.3809808791 1615206.8544921875
236843701.9927358627 1606909.9799804688
239871392.7170548737 1615174.6518554688
227327392.2960804105 1475873.8798828125
211557603.6379194856 741693.8323257130
236699497.2078477144 1605865.7841796875
220334799.3735768199 1271102.2444992065
225779981.5894719362 1441106.6000976562
224987976.3480414152 1415430.4575805664
226980824.9491967857 1468835.4323730469
211726014.7530761957 756012.8673386734
213616280.3713126481 921873.9486266077
211541029.3734347522 733298.9634401081
211015049.9653419852 629568.2799043872
225818376.1798529029 1441234.2338867188
225981302.2631146908 1444754.2768554688
220268026.9218016565 1265855.7497078180
211024159.6871990263 631086.4073782184
211030199.7936343849 640531.9076600291
247513438.3579108119 1627495.5375976562
211414068.6864921451 718312.8452085729
247381754.0988907218 1627399.4379882812
210981274.0615355670 627517.9691457965
247339439.4100584686 1627070.8129882812
211401576.1133637428 716410.4730448485
235544080.4038275182 1600332.0830078125
213706615.6615189910 934746.5839577543
246674182.4470676482 1621457.4843750000
211361000.3680302501 707895.7618384124
226183101.9077865183 1451285.7949218750
213752112.9991420507 935393.9404030668
228801979.2940489054 1506654.1220703125
213949209.2942879200 948105.7263956892
246748838.7590624690 1625981.9975585938
228981113.5759126544 1511467.7446289062
235629406.4145612121 1600547.8359375000
213789577.9697195292 938678.6977749097
235544151.8913005590 1600484.6513671875
228791376.4095804095 1504986.4414062500
228592351.2129342556 1500149.9157714844
247078499.9078954756 1626250.8676757812
211430992.5900610089 718762.6740076605
233200217.7193742990 1578178.3945312500
213456030.0275140405 912642.4862833249
213729171.3014103174 935233.9521218168
236382684.7768670619 1604108.8920898438
211372643.6329831481 709039.2283289495
211269775.4307256639 684347.0366695200
224847092.8150801063 1409708.3650512695
248417384.1946049035 1627559.6782226562
224995339.5876527429 1415920.7026977539
228900137.8353859782 1509106.7395019531
248355532.8757413924 1627548.2797851562
233318554.8370963931 1579666.4145507812
220080920.2038268149 1255286.0065437555
213226517.8378749192 880914.6188487636
219397101.9645792246 1223826.7055946589
219492024.5594410300 1225509.5836311579
225429634.3509837091 1427827.8365173340
219511580.9740318656 1226076.7048622370
248459183.7579667866 1627564.0883789062
219594632.3385553360 1233771.3445106745
219563989.9382446408 1228587.8466964141
225352263.5186448395 1426505.8057556152
219668540.3616345525 1236559.4516884089
211301447.6827708483 685493.4948575736
227956273.2256794870 1485502.2453613281
219829809.4995938540 1244716.8086220026
224267201.0162444711 1392492.7092895508
212785162.9782761633 841830.6703195034
212685307.8912268281 822191.2069167870
213237258.1809609234 885342.8924491035
224232951.0366570950 1387977.7061157227
211302553.7705928981 693261.7486672528
224195202.2590026557 1386538.5864868164
212723730.9889500141 832448.8307647484
224621922.0083308220 1406353.6265258789
224256226.7138432264 1389216.8854370117
228307819.0017235577 1492011.6652832031
219181118.5065272450 1202326.1830593422
224609197.7704146504 1406309.0618286133
228456840.0240489244 1495441.2360839844
225226588.3229043484 1420957.1505737305
219098849.8585131764 1196486.2883943394
212936911.0399102569 851170.7095431064
218806250.3125073314 1184760.9640477970
218822566.1425051689 1184778.5031102970
212972096.5002680719 854747.0397142919
228114993.6143076718 1487479.2316894531
212738487.8266162276 838817.1462878960
212974462.0577449799 861782.0921725009
218608109.4016799927 1172777.1338476017
212745495.9306033254 840474.2968063133
218528989.6261506975 1168567.9530385807
212848761.5216484368 849711.8877962802
218498729.1667212248 1164947.7479604557
218381195.4497140944 1160420.5655874088
245540158.5271877050 1620791.1025390625
218233851.2091110945 1149236.6493104771
218263055.2199625969 1149519.9047979191
217716299.3143736124 1126538.5976347998
217752913.3720560670 1129245.7814726904
217542727.0845411420 1117053.8926818445
217454605.9731227756 1112926.4871642664
245137681.9012629390 1620612.0971679688
217714975.8033821881 1125524.3006103113
217635779.3035079241 1122108.0818603113
244483055.4237535596 1618773.2128906250
244352819.1350276470 1618521.9023437500
216942561.7551056743 1080833.8220572546
217203086.6222744584 1097049.1374640539
216992731.7377575040 1085747.4100546911
217155551.7827014327 1095393.5911761671
216886573.9979569912 1080565.9788870886
216795282.3805111051 1065211.2992804348
244237344.0658763945 1617778.7543945312
244235007.9424574375 1617744.2915039062
217070815.8518489003 1088754.9780842066
216805817.6974926591 1073563.5589593053
216588783.6968347728 1057116.6791528910
244573102.2773499489 1619480.8461914062
244069730.1520448327 1616715.8247070312
212560550.5544824600 784056.9501715678
212600099.7962231040 793447.6107212901
216228698.0719914138 1030606.4750583507
216260918.5738206804 1034170.0420444347
216255783.0354509056 1033863.1104572155
216414349.0872934759 1045927.2211444713
246653430.6416219771 1621051.4443359375
216342122.2141677439 1039535.2084488893
212544791.2430899739 783803.0742879569
