213920519.3243691921 7152538.2578125000
236225729.3356117606 7661936.7773437500
237675259.9537726641 7664666.4062500000
247543444.9158644378 7674976.8242187500
207599237.7727528512 6525691.8046875000
208145433.6439713538 6709907.7304687500
204852007.3508811593 6044660.5390625000
206281277.5225478411 6407196.0664062500
206470758.0473081470 6443787.8613281250
209152323.3876652718 6833106.8242187500
235765934.5396307409 7660550.4218750000
206773945.5318534672 6503529.0761718750
206818084.7319132984 6508995.1972656250
209130020.6321797967 6830321.3906250000
210361052.5294345915 6925054.5351562500
217766838.3006432950 7299865.3632812500
206935180.6991560459 6519416.8886718750
216939442.4091818929 7288726.8789062500
221800404.3502150774 7454325.0351562500
247323686.5990057290 7674769.3945312500
255234075.2528488040 7675899.3398437500
206357474.0501333475 6427117.3867187500
206326877.5865598917 6417547.2558593750
206918514.1367948651 6514706.2949218750
204806568.3539376855 6040921.3066406250
231172422.4309318960 7623163.1367187500
231441761.3638024628 7626051.6914062500
231321642.2634902894 7625663.1757812500
206351527.0422496796 6426828.9960937500
234753164.1414183080 7648695.2226562500
208882567.3466402888 6802755.6015625000
235929439.1672387123 7661269.1953125000
206375475.4733886123 6429768.1562500000
206694336.9441931546 6486603.4628906250
206798364.5651421249 6505061.1425781250
214057607.0929263234 7159163.8906250000
206826777.5528540909 6509446.8066406250
208229576.0889362693 6725496.4765625000
210376252.7479773760 6926954.2500000000
231625294.1666848958 7627947.4296875000
235756033.7832588851 7660540.5742187500
218359948.6198059916 7344814.5312500000
222984920.1321777999 7489076.6914062500
219764074.0826156735 7395511.9140625000
223191648.6937575042 7493797.7929687500
225150538.0897742510 7538088.6250000000
240181204.5568135679 7668992.0820312500
240492196.3429851532 7669457.9960937500
204745852.3874071836 6016221.4609375000
214078689.4252333641 7160413.2773437500
216818507.3374715745 7286758.4765625000
230636920.3157713115 7619467.2031250000
204424470.7442225516 5893282.7011718750
209079865.2054348588 6829388.1093750000
221652047.2189263105 7451271.0625000000
229922212.7130270302 7610574.5781250000
230979011.7798030078 7623083.7304687500
234836838.8405083120 7653900.0625000000
204763091.5787070692 6022759.8730468750
214303549.2668974996 7169073.9453125000
226344989.6924694180 7557702.3632812500
206721172.3304471076 6496157.2949218750
206645511.1631178558 6482333.6796875000
206617073.8860942423 6475743.4257812500
214183819.3696543574 7164131.9843750000
221815335.8822085857 7456542.7695312500
226071512.6688283682 7553654.0976562500
236096415.7769146860 7661491.4726562500
237417234.5432210565 7664362.1406250000
204784725.1413137615 6029362.4941406250
223555411.4995020926 7501348.1210937500
230177821.3158155382 7614446.2929687500
204711119.3170439601 6015021.0878906250
209364952.4085572064 6850148.8984375000
230669476.0822441280 7620063.8242187500
254988339.6958854795 7675702.5937500000
237067055.3639839888 7663871.1835937500
206602435.9134525359 6468033.9003906250
208578330.6215742528 6765244.0351562500
209138321.1697781086 6832165.3867187500
216609043.3256446123 7276801.8125000000
233695554.4565518796 7643807.7187500000
210681267.4137325585 6933571.8671875000
216806306.9422653019 7284784.2539062500
205161779.3978703320 6125794.8281250000
205239590.2856999934 6138671.9843750000
205133233.3332281709 6120616.7421875000
205069107.7812998593 6109814.9375000000
206557361.9376589358 6461870.7968750000
210458984.0437186062 6933234.6953125000
210901851.8558471501 6933783.9843750000
214224676.5067151785 7166657.0507812500
213967155.6938232780 7156033.3554687500
230367807.7826433480 7616391.9882812500
223705313.9312585294 7502993.9960937500
216810482.3129859269 7285425.0390625000
219773706.2425819635 7395885.9414062500
230566306.6360243261 7619200.9765625000
216686740.7749511302 7279995.0351562500
216801937.5200684965 7284696.7539062500
239994881.7386965752 7668961.5585937500
216735314.4009866416 7281883.5664062500
225796632.6118046641 7550236.0625000000
225643000.2929504514 7545811.9023437500
230898031.5783811510 7621934.2421875000
208304179.3213165104 6738669.3242187500
240464701.4886218905 7669187.8320312500
214001597.9316425323 7156712.3398437500
210183042.3152405918 6912387.7656250000
219886671.4977756739 7398244.6914062500
223528202.4621159732 7501301.0039062500
219567756.2609122396 7388570.9062500000
219264441.7691689730 7377354.3593750000
204437186.5150018334 5895942.7792968750
204696030.8245513141 6003241.6093750000
204649118.3374419808 5981600.3984375000
211917071.3537164927 7035518.9218750000
217902879.4504557252 7324548.9960937500
235388228.3313842118 7658133.9960937500
204988827.2973537445 6083340.5703125000
204974297.4892785549 6082439.2929687500
208782799.6090614796 6791013.7031250000
208403372.0050292611 6748811.4179687500
208744196.8575928807 6788363.1914062500
208724363.4413597286 6785622.8867187500
213491151.7970647812 7129046.5156250000
206315673.3653240204 6409922.6328125000
219350573.8248527050 7379519.3476562500
204398396.1284452975 5866304.8105468750
240192519.9524202347 7669052.8281250000
237071428.5819376707 7663914.8398437500
204924446.7993355095 6065687.8984375000
245889813.7947469950 7673535.1093750000
209652237.5238201916 6871007.6367187500
239873183.9794180393 7668710.4726562500
223576182.5413764417 7502515.9218750000
236774645.7848500609 7663198.3515625000
246921514.5695514679 7674060.4335937500
217900794.1305653453 7318679.8203125000
246631450.0052868128 7674000.5859375000
223401188.8948597014 7497728.1953125000
209737982.1938197911 6877585.2460937500
209688091.3939720094 6875084.9218750000
204402793.7547311485 5869220.1601562500
208506742.6907001436 6758363.8632812500
208690374.2224486470 6777791.3515625000
211396839.2508900166 6994430.0156250000
212270943.5152916312 7051728.5039062500
236408538.7390408516 7662296.8125000000
208629696.0419187248 6773005.5039062500
211395476.7554066777 6992450.6171875000
213891921.4410840273 7151268.9882812500
215935337.9401368201 7247716.2421875000
219818280.1115685105 7396493.0351562500
221621711.8981708884 7450953.3398437500
246563641.0248891711 7673940.4882812500
253703072.1099541485 7675325.5937500000
208482006.6678602099 6756619.0585937500
213627925.8179638982 7136032.7304687500
219907414.2889860868 7398993.9921875000
226836983.9889261425 7562751.9921875000
226746680.0296896696 7562533.6523437500
209749357.1184909344 6879368.4335937500
209887506.8697926998 6886748.4453125000
253940006.6595565975 7675450.0078125000
209778695.0745813251 6882720.4296875000
246973597.5836056471 7674184.4765625000
215455221.7850921154 7224377.6367187500
221581916.7028878927 7450288.3007812500
233596375.0481983423 7643724.8554687500
254014090.1113754213 7675559.8281250000
212404767.2825954556 7056292.4843750000
211462201.8606308103 7001355.2070312500
212315126.1096978188 7054265.5937500000
204899611.4170579314 6054884.5800781250
211543962.0977510810 7009105.6640625000
253360163.2632207870 7675047.7304687500
211620453.0563807487 7014181.0000000000
211590657.8470109105 7011561.2500000000
205676135.1816520393 6246909.7421875000
204495971.3655501008 5919251.8281250000
204595461.7631628513 5965022.3281250000
218422081.6037617326 7346308.5156250000
219943428.5542318225 7400550.5937500000
204534764.4277423024 5927483.3398437500
226923282.0901339650 7566838.0703125000
218302596.3176297247 7341945.2070312500
215405258.3188440502 7222961.8867187500
204469623.8067465127 5908176.4570312500
204562542.3479576409 5956480.4902343750
230307254.4560769498 7615479.5664062500
232981178.7726628184 7638483.0781250000
238799047.9121178091 7666708.9648437500
238702919.7685212195 7666587.5703125000
238573339.0463826954 7666193.3437500000
223162743.2057842910 7491071.6328125000
229897834.7727188766 7610406.0585937500
238509554.2969994247 7665880.6367187500
253587216.0120423436 7675100.9687500000
244574404.7867312133 7671719.0976562500
254170185.6783622503 7675639.9960937500
215619051.6780998409 7231988.5117187500
215566201.7592582405 7231001.9765625000
215542790.3170495927 7227416.7617187500
233218083.7652859688 7641505.4531250000
204515156.6445671916 5922896.1132812500
204556200.1096273959 5948778.5468750000
238489670.3899789751 7665527.1914062500
243924619.2747727334 7671309.1679687500
205499810.0570098758 6207934.8925781250
232782311.0670282543 7637133.7148437500
238089671.0223022401 7665148.3007812500
213488536.7881458700 7125986.1367187500
233304080.4817958474 7641646.3085937500
205579539.2510183752 6227652.5917968750
204538855.2352353036 5927998.9687500000
205600903.0826139748 6231461.6113281250
218034709.3134435415 7330793.0351562500
218893188.4324328899 7364363.3945312500
229447291.9863081276 7602597.6796875000
229259318.5129634440 7601162.5859375000
218332197.2764132619 7343014.0390625000
205446809.2716479003 6192820.2558593750
227052282.0659799278 7567854.6328125000
221670035.9900055528 7452176.2695312500
205865535.2105832994 6257925.5585937500
224154402.6758044362 7514326.2148437500
227152125.9809254706 7570769.2695312500
205485322.0667693913 6204220.6210937500
205596589.1167350113 6228414.2402343750
227203117.2322142422 7571410.1484375000
224265761.9003340602 7517649.4843750000
223892573.3622261286 7507479.6484375000
222060695.5750304461 7463100.2070312500
215509564.5897729099 7226639.3125000000
229251771.1325852275 7598666.6328125000
215294484.8946814835 7216949.6171875000
228739500.3235100806 7590908.6640625000
233176653.4990011156 7639789.0390625000
226635583.1295211911 7559088.8320312500
224096584.9338545799 7512523.4726562500
211283791.7632377744 6983203.7265625000
221973718.7213355303 7461099.5859375000
214894932.9711998999 7195283.9414062500
218751567.5196231008 7357966.6953125000
211013652.6006073952 6953525.8671875000
226890608.5782853365 7565180.9453125000
214750741.6653174460 7190742.1718750000
245807813.9702714980 7673230.5390625000
214743207.2397467196 7189395.1210937500
228954370.3328078687 7594736.2226562500
213274967.5485858023 7114117.4257812500
213255383.7191775143 7113281.4335937500
219150058.2113054395 7372577.3515625000
218149483.4297200441 7336151.4804687500
212845839.9617793262 7088572.0742187500
223932936.1294267178 7508071.3007812500
218097385.7936569452 7334709.2929687500
244163904.9838673472 7671669.8203125000
212455056.2820052803 7062326.0703125000
245683000.8997429907 7672977.8398437500
213011950.8590914309 7097574.9570312500
212788339.2829226553 7083554.9531250000
245311898.7895985544 7672936.3398437500
212655556.8759168684 7075953.6210937500
206086918.9811892509 6329821.3359375000
234324922.8934130073 7648620.0312500000
218192784.3931210637 7338098.1953125000
218377743.5245831609 7344824.5078125000
228382275.0932675302 7587890.7773437500
244576490.4108844697 7672242.5859375000
228170708.9783392847 7584421.7226562500
244938410.2939539850 7672582.0156250000
224024064.1932669282 7510754.0507812500
245146457.2430051863 7672693.5000000000
224046964.2959684730 7511701.1601562500
223821839.1307234168 7505478.0859375000
221556285.9307891726 7449667.8085937500
206097724.2715135813 6330156.6171875000
206212693.9290592074 6359360.3769531250
206183163.3535823226 6353275.4609375000
205991617.0436994433 6310541.2382812500
206169764.8506973982 6347269.4843750000
206146044.6251832247 6342059.6855468750
220886607.9469244480 7426711.6718750000
220789523.9402394295 7422958.0039062500
232328146.1591625810 7628888.7148437500
205980639.7283284664 6300538.0156250000
220851419.2048903108 7425509.2460937500
205894929.8172838092 6284085.1171875000
220627183.1800443232 7414420.7226562500
220679183.7196470797 7418190.0937500000
220521531.6915622056 7411494.0781250000
205951623.0107115507 6293100.6367187500
205930549.9662435651 6289285.8925781250
205918590.1359516382 6288724.3750000000
205438852.0707258284 6144423.6738281250
205446477.8171826899 6145574.6464843750
207896352.2835677266 6539145.5937500000
207864167.3994851112 6531588.3593750000
