828785168.8034284115 998151.5543996468
828643303.6701616049 995497.5377369896
828467021.3866980076 989792.2340260521
830105732.8982681036 1026089.8070774451
837302827.4301774502 1233850.4142953642
862303110.6587902308 1833314.4179314375
990228838.3140218258 2870488.2570800781
862097869.3976877928 1831622.8367546797
836777001.2284086943 1232451.7363512032
938023366.2697526217 2679603.2652893066
952394974.8106478453 2779559.9443359375
985181190.0247424841 2863742.5219726562
822286136.1065617800 683766.1502371058
837104382.9843685627 1233511.6873273589
861288019.1222456694 1814564.2921741307
861998129.5590784550 1828565.2646111250
835744999.0375485420 1204788.6114878284
862331155.9851371050 1834587.1303337812
939359793.2954040766 2692891.7106933594
957856752.5118192434 2802913.8000488281
820857762.0322622061 475593.9603296994
903144410.9878782034 2358425.9003377389
954016817.7517174482 2786608.2470703125
836417309.4475966692 1224206.8744528629
836797481.4817159176 1233023.5971491672
886232792.6158232689 2162720.2271275930
953039701.6531859636 2781664.0610351562
990654818.6495993137 2870914.3459472656
837314307.4994238615 1233979.7090754393
861769160.9816496372 1824887.8361019008
868062947.0056376457 1917493.0500129287
866998022.9231269360 1905537.4501429424
867996523.1435548067 1917155.7455530986
867736232.2888337374 1915472.3871546611
885613893.0902763605 2155774.2808442377
957221645.3137249947 2801551.0959472656
861221165.7297837734 1812914.7393176854
836870959.7702901363 1233437.2548468448
958091117.9828445911 2804089.4187011719
984840339.8589217663 2863645.9780273438
862348447.2084348202 1835376.2556568384
866765749.5283257961 1901614.0954985246
887017216.0257102251 2171879.0535779260
956418628.8565853834 2795170.7978515625
836569070.3945162296 1227568.1075394489
822302307.2749043703 691211.2731161341
829523292.8647929430 1025394.3389741201
836445436.6298451424 1225655.7857621051
836630020.2042101622 1228098.2199232914
862037938.1544327736 1831010.9573082328
887370692.7676107883 2175651.6959381662
902914153.2728211880 2356629.2435994577
887325078.1308524609 2175286.4890027307
983880515.2146897316 2859413.3095703125
836702782.4242286682 1231446.0859270133
836387595.1594977379 1224156.5624411441
836694815.2497129440 1229942.1073035763
836351308.1285532713 1221821.7066911794
862663897.1560993195 1839101.1848791540
958487975.0909423828 2804635.0944824219
829428866.6408520937 1021020.0487614349
958209456.3573637009 2804413.1013183594
901865847.0923972130 2343570.1494350433
953391356.9738008976 2784390.2783203125
983970876.5488595963 2859699.0571289062
836327597.9836902618 1219754.8567220198
822336512.7781755924 691635.4201164290
822589168.1679658890 708433.6581479430
886639032.4322445393 2168066.2712292932
902841694.6582684517 2355114.0409627389
984358061.6880613565 2862299.4023437500
822581127.9129021168 707109.0381152937
953777168.9749336243 2785623.0681152344
820931806.8773852587 484471.0191312163
822708964.8189278841 714265.4639920264
904024743.6625597477 2365807.8894901276
956635325.2086769342 2798491.0874023438
861104073.4879643917 1810554.3619983494
901921702.3934261799 2343618.7710652780
822513115.7897236347 700755.1453367590
822409383.4458578825 695984.9969825281
822539994.5138260126 706326.4017759680
822465683.3777403831 698831.2761421918
828818462.7740330696 1004357.8728581145
829130256.3088140488 1013974.2305015475
836330511.3503553867 1219803.7911383845
861675582.7917734385 1822053.1694530547
861328575.3875039816 1815817.1693309844
901818623.3208942413 2341366.4573445749
938759917.1790175438 2687894.6638183594
901956374.0738060474 2345622.0410848092
956723093.4167932272 2798928.4614257812
902659083.9788885117 2352096.9314046334
902682611.1154439449 2353625.8407674264
903524968.7142831087 2361410.4589691740
829159346.5756750107 1014281.3442781919
989861916.0140172243 2868649.4650878906
989727509.7355325222 2868105.1516113281
957045370.2917398214 2800660.4638671875
835912954.8370529413 1209568.9862120973
860888693.3593180180 1803387.1276080534
959004104.7026882172 2805556.2968750000
828310543.2207241058 981388.2182700634
828174947.3944749832 968022.4013465643
860960187.8816015720 1807151.4193277285
822499035.3396154642 699858.8844077021
867156509.7846621275 1907898.3359881267
867479327.1988198757 1911838.2999087200
904691723.2824463844 2370148.9425955396
940304954.2858653069 2699203.5720214844
957060658.6842805147 2800707.8583984375
962145982.6273620129 2811476.9003906250
961960247.0806379318 2807943.1140136719
962034784.7181746960 2810666.3413085938
961620201.6506942511 2806973.7177734375
956121129.5731707811 2794068.1533203125
961978174.5476499796 2810009.9921875000
962219622.7703980207 2811915.6879882812
961913626.7578507662 2807270.6926269531
822156637.9180579185 670257.3776706338
822228800.4577375650 679366.5279005945
860968117.5165379047 1807215.7703072950
887244185.8825507164 2174031.1444744021
866687395.6748760939 1898715.3561297283
866824408.4610533714 1903363.1772967204
989252404.3260093927 2866066.6604003906
822188245.2410062551 678014.3337853432
861058863.8475022316 1809169.8173990175
861187346.0345482826 1812239.9641275331
828351023.1571732759 984607.8003356904
828358404.3069366217 985848.4290721416
901311618.7989565134 2336070.2739635091
901501688.6415069103 2338706.4902721029
955777066.4349724054 2793634.0874023438
939600046.6426610947 2695204.5090332031
989371458.6311324835 2867060.4230957031
897401288.2107195854 2289347.7011544406
822131973.0779919624 657689.5378555723
940133793.6974526644 2698453.6530761719
896770022.8498547077 2283619.5841581598
896877664.4356279373 2283872.2589628473
896977175.6128951311 2286425.6832792535
960292056.3810425997 2806190.6306152344
955214111.3888398409 2792245.6254882812
954137254.3254200220 2787023.4694824219
954672108.7563697100 2789807.1437988281
864699104.9788030386 1863737.7892595679
864742526.5852770805 1864790.6277479082
864183884.4665752649 1857265.8487429807
901743358.1745718718 2339925.6492696386
989726932.1275901794 2868083.1730957031
866229894.4844912291 1888553.5470049456
941036139.3000224829 2702914.0554199219
865919408.0651391745 1884295.7335894182
887789229.9065227509 2177167.1473391159
834736805.7621670961 1172166.6201870071
834410050.1638040543 1159789.7916309463
834581519.5320575237 1163778.2199143993
865414649.6444025040 1875965.2750041673
950772060.3044292927 2759599.4735107422
865761944.8786195517 1879601.1083851978
827915945.3431478739 936748.0479283868
827946486.4625526667 941993.1926361411
834540306.4042073488 1162069.2822983125
865297299.0174033642 1873336.2886830494
951076654.6137826443 2761955.6508789062
988029244.2834353447 2865530.2756347656
821353341.3318831921 502724.2845289868
834252228.0818974972 1154425.1211655000
833958774.5749094486 1143000.2441804660
834173441.5339910984 1149673.3189350823
821573920.1492576599 513269.6678764892
901228983.5281467438 2330041.5913729761
821781317.5712692738 533784.3212180994
821785753.9845293760 534773.4907154106
821605387.5942826271 527015.9399341606
888013995.6008718014 2178613.8088308321
843344179.7060325146 1379858.2225707513
843279877.1785320044 1379721.8843304333
970898725.4550571442 2822100.5036621094
826946986.4203021526 892996.6881531142
826854599.5686424971 884898.4879730605
970566642.5007355213 2820439.4216308594
832559928.3363128901 1094137.4306362895
843183497.6426122189 1377171.7932496783
842895220.8885384798 1369435.7946211812
843062552.5145838261 1372752.2474129912
970841812.2805792093 2822009.5847167969
970635685.9786763191 2821721.1357421875
842799521.0038723946 1365280.1970916507
842862407.1105474234 1369411.0480437991
842983490.1395622492 1371792.3496303079
841450864.8358920813 1330113.0688507971
971352977.0500022173 2823110.4450683594
822089745.7352286577 589795.6374383881
971405928.9748307467 2823515.9592285156
971142956.4714195728 2822605.4416503906
832570170.0215799809 1095498.7096213726
832520284.1312267780 1093526.9934577374
832385681.0538697243 1090627.6571540264
827380022.0061044693 909774.8518340550
842159220.4485032558 1346518.6563503952
896373298.3207505941 2275217.5314217675
842625191.5242993832 1360000.7772088018
841785683.7667691708 1338755.6606102255
842293099.3229088783 1350869.7045555380
841993295.0317987204 1344404.1103172568
896388924.9637863636 2276657.7330545057
950144605.6680386066 2755044.1308593750
841728906.1606788635 1337660.6881351736
841471797.5990017653 1331496.4362840918
827852347.7501811981 933938.5205983166
896470067.4679687023 2277610.6270974744
827795708.8156656027 928035.6591816824
896628395.9031717777 2279153.1536019910
827405545.0134017467 913288.6696618758
896500018.5856385231 2278225.3141091932
983705895.3121657372 2847049.0488281250
937561441.4886262417 2663561.8754882812
822073332.8351392746 579370.7703836141
822065865.0287878513 577843.5385560316
937692648.2454806566 2666378.4569091797
935987357.5983984470 2648341.0322265625
936325439.0898033381 2654065.0694580078
827127087.9252333641 900417.1789915450
936813986.4866329432 2656402.9030761719
937162796.4257264137 2661453.2745361328
827063843.5078674555 894714.8085635193
822009314.1422365904 550141.9444871114
821988501.9713163376 542717.1480259465
822000578.7926335335 545286.2651704715
827027657.0049560070 894386.5552217849
937872267.5616208315 2667205.3991699219
969977005.3621684313 2817722.0683593750
832177844.7485309839 1079729.2873327993
969927877.3402115107 2817358.0336914062
832063284.6196740866 1073629.8967552669
831778230.2826585770 1067023.9589472301
831753576.1559706926 1065960.4050589390
831607971.9648435116 1061910.8338709362
831145197.7237421274 1043209.4916894846
831007439.7823694944 1037125.0963428430
831072044.5901862383 1037861.4995195009
891572696.9354348183 2214514.9217754193
891540284.7392274141 2212964.1754407855
891865694.2951750755 2219094.4303235980
891457756.2010005713 2211895.6944837542
891006969.1609708071 2209284.5846042447
831233202.2532453537 1045350.4358920567
891819901.4479863644 2217607.1886243792
891333733.7732286453 2211419.1586456196
838454347.0164158344 1234301.6537772301
882516553.4797234535 2097323.5666376054
948294463.5334137678 2728062.9554443359
948254658.2947660685 2726205.8978271484
889867368.7491966486 2193604.7507415907
890032114.1301965714 2194683.4899994032
947992714.7289259434 2724214.7192993164
881971559.2549872398 2089945.6280910876
948090786.1855685711 2725889.0670166016
948461285.3200664520 2729255.2086181641
882282251.5191899538 2092901.9178860094
947696435.4911009073 2721823.9819946289
947571803.0394793749 2717396.9036254883
947865847.5311990976 2722650.3474731445
947304584.5136369467 2716679.4475708008
883397472.1750589609 2103043.6090481188
881104211.5718077421 2075751.3073411491
947143569.0521112680 2713976.1732788086
946664630.9523755312 2710957.1233520508
946977470.6368383169 2713623.2290649414
946947637.0552248955 2711908.8729858398
881051000.7713891268 2070171.5059196409
880873087.3432064056 2067846.3440544065
880960090.9204893112 2068491.7725212034
880859216.1844971180 2066542.6038200315
878716536.5171747208 2031981.5818449706
878362366.6563941240 2026936.6889006346
847656964.0893299580 1423337.1384573774
877440570.8009355068 2017193.2554757162
847843995.8773854971 1428552.8014399360
847542665.6230406761 1421831.6269459899
875107685.5773403645 1965988.9957827777
876257223.3593194485 1984889.1170405447
876158456.1804134846 1984308.5310420096
876072318.1994639635 1983421.0739497244
875981686.1531893015 1981933.7453974783
875640852.7533441782 1978032.0500849783
872296122.4858297110 1928539.0567719499
872176388.6811567545 1927745.0346772233
872461665.2731301785 1930701.1095978776
871836373.3241665363 1922094.6425873796
982842638.2121082544 2827656.0324707031
982982544.5889149904 2831728.6804199219
983213180.8127356768 2833294.9899902344
860443304.4312549829 1498041.1208458170
860078988.9659467936 1443118.6522050798
859845431.8044528961 1440191.3135353029
859943181.8978600502 1442957.2786699235
860107795.3933267593 1443773.3791967332
