227915735.1826945543 15572.0641670227
228929169.9889783859 15584.9447250366
230251012.4795302451 15600.0181808472
230650774.9051343203 15603.7273864746
220329212.8302673101 14214.9696956500
220145466.4998498261 14213.4048476091
229277546.5360065401 15589.5490303040
228871547.3639349341 15584.9221115112
207937892.7870486081 8214.4477368935
210092305.3591692746 9999.9287718129
209937413.4317657351 9911.7683757138
210329234.9468117952 10094.8685783786
210185172.1877847612 10025.5552646709
216117710.8073429763 13121.3909876243
216199498.1151576936 13131.6752789140
216465098.9086916745 13237.4033930198
216341950.1557035744 13196.8101749067
218658491.8614130020 13890.3334579081
220737969.6317513585 14271.2083515823
219955400.7522291541 14199.6221500263
219783974.6454523206 14163.9459223449
219767189.4590211511 14145.5787119567
226082323.9524198472 15390.9760589600
227523806.6935643554 15560.2536544800
227187972.0415641963 15551.8370552063
228800303.0061796308 15584.9154701233
229784390.2643476725 15592.9283142090
230489577.6251715422 15602.1237373352
230684120.1568107009 15603.7752761841
208127155.0819708705 8243.8222272155
207937607.8720540106 8131.2187456308
208158334.2225124240 8329.4271051932
207996973.8042134941 8243.1028709679
210390987.8041523695 10096.3871521396
210063915.7370494306 9973.6077561011
218613480.9211470187 13861.1102450550
218123630.5536285043 13708.9504054249
219676147.4190194607 14077.8915114105
219527359.4889567494 14076.4933333099
219519295.0022698343 14074.3097026050
230940033.3977170289 15604.8685569763
207830297.8730534613 8130.6797770082
207798466.5912639499 7936.9058388926
209856845.5304066539 9900.2957019401
215942338.3969291747 13045.1219098525
217863895.4705701470 13661.5693271816
218074843.9523379207 13688.6371958912
218210744.0869928598 13781.2154467762
218533131.4168639779 13811.2494414509
218394915.0371702909 13810.2948497087
218944336.2035531998 13905.2124175727
219286757.1884883940 14029.9448604286
219461274.3549277782 14070.6658796966
219115511.5445393324 13988.8109554946
227062924.0406160355 15541.6818962097
227555006.8037087917 15560.4268760681
227055964.8222815096 15509.6030082703
227202866.3211595118 15556.2107963562
227232042.8715390265 15556.4967956543
228096346.3198689818 15572.4345703125
228328928.0315949619 15576.7136154175
230847147.6773076952 15604.6380729675
209896473.6516529024 9901.1008092877
227203830.3427933156 15556.3341331482
227550057.5358979404 15560.3030166626
210042776.3306517899 9913.8387688701
210085565.3849844337 9997.0402625431
210096886.7338888347 10014.5919906725
209867343.2425568700 9900.5487931599
215779810.3676837981 12945.7782323317
217984616.7758137584 13682.7347462833
219651656.7926343083 14077.3998198211
226141206.9877218008 15421.2117462158
226410114.7741302550 15470.8503952026
227187890.4853798449 15542.3819847107
227190665.1251851916 15556.0381889343
228325532.4285662472 15576.4884033203
227806424.0853040218 15568.7238883972
228853967.8627077639 15584.9199638367
218954356.9302666783 13907.2148170173
210507286.4284966290 10127.7435960852
216248207.3963415325 13141.3767750257
216316225.3955009878 13195.0244276420
218154101.7925892472 13723.5056861269
219004033.9481610060 13970.1102504432
226313764.6541123092 15461.0815582275
227592211.1204919219 15565.1226310730
227298594.8653612435 15557.8686027527
230754699.1101949215 15604.4963531494
230649733.1462331712 15603.4120178223
210582970.0764571130 10133.3158811958
226164892.3387527466 15435.7596435547
211395711.2959131300 10313.2943096254
210661651.9795353115 10216.3872542725
218772613.0109851956 13894.9480044455
221066899.2267927825 14343.9093813002
226272851.7518265545 15457.4654846191
226846198.2351004183 15500.3345870972
228318688.7819360793 15576.4867286682
230369968.6476643980 15600.2929611206
230734371.1926153898 15604.3725357056
215859454.7668106854 13017.8162000136
216247855.1153090894 13140.5308496848
216306474.1875530481 13151.4729739622
218882631.6005386114 13895.8257598490
230265193.2347519398 15600.2242317200
210641469.6222622395 10202.8637583166
216123847.2378688157 13127.9432489768
216668694.5897629559 13295.9687960044
216851429.2400113642 13315.1703365649
216822699.6459554732 13312.0977198470
218708053.0008154511 13893.5160865397
218572217.6711135209 13819.7578280628
221155848.0007101595 14352.1200851500
226240014.5809290111 15447.2798919678
228981294.5607515275 15585.4542388916
230251621.7866627276 15600.2140998840
230447213.4942993224 15601.1800384521
230838070.2890192866 15604.6222610474
216452966.5020346940 13218.7805063719
216851378.3145929873 13314.6739703323
216902002.4844182432 13315.8440121020
216407374.5547935069 13217.7298523701
216721408.0918540657 13301.5927780763
216348977.3943702877 13205.4451258177
217012391.0525010526 13354.0179012083
217123747.2512083650 13391.6910041617
210704845.4206232429 10225.0770125732
210758949.9240182042 10229.7627517403
218264291.5602318645 13784.6670764149
226020004.6745510995 15375.3834295273
225815849.4933638871 15355.7555599213
227630717.4273037314 15566.4776573181
227676042.2812298834 15566.7226333618
227662057.3006742895 15566.4946594238
227645986.5140204132 15566.4862327576
228176774.6383858621 15576.1086196899
229865973.1980118155 15593.8685226440
210460241.2946295738 10118.2660537109
210974079.5999163687 10312.8481426332
210895204.7729142010 10232.6870847799
211085395.0076676607 10312.9985972269
226713796.4402924776 15484.9436035156
226811317.7804723084 15486.9558296204
210982749.6035195589 10312.8596229050
210619604.0187787116 10138.6257418737
210440028.0113216043 10118.1405883179
210921965.7736198902 10281.2480526064
218573791.5988511443 13838.5042269886
226242550.4434339404 15449.4316635132
226588499.3121132255 15483.8287429810
226549815.8003079295 15476.0067634583
227800182.7691622376 15567.4243927002
228100927.9350109100 15572.5619087219
218312957.6768972576 13794.1349080265
226051645.7959061265 15389.5048370361
226538072.2343887091 15475.6345672607
227843813.4263469279 15571.7472076416
227799712.2350858152 15567.1373023987
227837124.5798183084 15571.6798591614
227931052.8683651686 15572.2474784851
227891906.1284097731 15572.0038108826
228219573.0065114200 15576.3383560181
215568127.9395852983 12707.1778150860
217515767.5190358460 13500.5569521784
217931577.3776849806 13661.8811058462
217847906.6910004318 13623.7453848719
226127337.1118604839 15396.6620330811
228292422.2106107473 15576.3530311584
230379637.2606882751 15601.1513519287
225777319.3074731529 15230.2884845734
225970700.9372561872 15357.6493005753
209179903.1583380997 8586.3568770107
215673604.4021755755 12806.2112979731
217801619.5532287061 13561.1427904963
217766335.4298948944 13560.3212789074
217579175.4160903394 13555.0561930537
221539281.4384836257 14480.1604522765
221229002.7173930109 14428.9053939879
226160932.7477572858 15423.3516921997
228191960.3415735066 15576.2499618530
208945949.6059714258 8488.2094537508
208968543.1799583137 8502.5543861877
208866517.8813818395 8392.2769605409
228247296.0548882782 15576.3433189392
216929269.3920485079 13324.7992084287
217458100.4029255211 13477.6337955161
217785800.1987037957 13560.7744175270
220886832.4535916150 14329.7248840034
227874714.8436051309 15571.8621635437
221307117.0889805853 14429.7824806273
217100157.2848069370 13374.1621787809
221695111.7912175953 14518.2925559580
226821242.3672627211 15491.0263366699
228758508.8070309162 15580.7901077271
228934303.7233403027 15585.2851028442
217346026.4817653894 13457.4886005088
228556381.2820175290 15580.7756042480
215500605.8646925986 12596.0415538631
217405732.6840001941 13458.2108905478
217261756.6220519245 13451.1498172446
221610068.7068969309 14484.7369266748
228489491.1089748740 15580.4204826355
228298171.3837170005 15576.4076957703
228012578.1486826539 15572.3595848083
227972143.3238056302 15572.2942619324
215553856.4703565836 12684.0910770253
215606444.5914557874 12787.4239031139
215632489.0557806790 12791.5882007543
217442600.7842286527 13462.0711513930
217080824.8275833428 13370.6657854118
221471869.8927732408 14469.2139238417
221159630.4017022848 14392.2360557616
221898556.5039042532 14539.3206476271
222229995.1369529665 14606.9407093823
217183817.1393796504 13405.3406417631
217428792.0112117827 13461.0510174208
216962688.3563786447 13351.4939983152
217100330.2632782757 13376.1186021729
221740902.6419865191 14522.4704963267
217249202.7308968306 13411.5427522366
220660168.4977118671 14237.6826721728
220858991.4609569609 14320.5658332407
209172704.7978776991 8572.4227875729
215776810.7153120935 12866.2499395672
209150088.3044881523 8572.0007506519
209359462.5684879124 8799.8907688119
209538191.8901677728 8891.1871855118
209278787.0962879956 8676.9967980202
209337929.3909466863 8696.5459376432
209135797.7293332517 8566.6410838853
209356636.3007533550 8698.7228225315
209217350.5779135525 8676.8604222395
209319373.7792305648 8685.4711176910
209496544.0337948799 8829.9040781044
209650414.9423968792 8897.2040384196
209747996.5210154057 8954.2377362588
209810486.2319780588 8971.5965721758
209736242.8544034362 8952.0881090911
209778756.3846811354 8956.8844805510
215270332.1220182478 12067.0473978007
215280815.7198491991 12080.0372865206
215336983.9816145003 12089.7191017955
215110729.8397405148 12054.1842023814
214925329.6328722835 11971.8443862880
214996073.5398758352 12047.8091546977
214830351.6617510319 11970.5718986476
212392519.1503272057 10354.8029620306
212318077.0052006245 10342.5114214377
212425095.6891135573 10398.9516254024
212579524.4806814492 10467.9964057694
212540664.9720444381 10441.8812038194
214498664.1838190258 11689.5333477939
214404024.6634799540 11662.5215561735
214521707.8991695642 11766.4341446841
212520899.9126844704 10399.5852195512
212406141.6702118516 10398.0065910111
212667427.1513641775 10480.5050422440
212866907.5051651001 10647.7632104438
212824307.1135970056 10531.3697749863
214419512.2205073237 11667.2472241269
212680764.7993243635 10497.1003715287
212759018.7817296982 10499.2221748124
213385035.8987699449 10773.7703118758
213246751.0657669604 10681.3571450508
213098099.3839813173 10662.0428588431
213264283.6531760693 10742.6873764049
213141778.9270332456 10680.7546250618
213298428.8135717213 10764.4153971377
213487597.6130363047 10856.8852002419
213332871.9363952279 10772.1759435570
213294930.6635195315 10762.8359067238
214474693.7581619024 11687.1959545128
213672111.8943499029 11049.2419954836
213606145.2427179515 10952.5573807955
213402466.0028489530 10846.5707017183
213508304.7296121120 10944.5202296600
214277685.9255094826 11580.1378261559
214654302.6589606702 11780.5821616165
213733353.0126185417 11072.5339014046
213761928.3310761452 11143.6624275371
213662648.5151852369 11047.7299343273
213776672.2612921000 11148.7880987637
213880220.7756951153 11240.5642961971
214158370.3179066181 11444.4841241352
214388945.5384337008 11624.0938179009
214370298.8811423182 11604.6792992372
213893831.4899062514 11244.4373201840
214203867.0904311836 11445.8142594807
214023703.5401224196 11329.1730703823
214091802.9225500524 11340.9943837635
214209186.8665927649 11447.0416846983
214248421.6139566004 11544.7485661835
214104385.9064866900 11433.5676621906
214223251.9747489691 11503.1941687930
