329433054.0362311602 2215052.8388671875
340593564.3853099346 2471983.3139648438
343612674.0043026805 2519167.0224609375
343452381.4985361099 2517608.1347656250
343313019.9839882255 2513380.9433593750
343315116.1326435804 2514188.2851562500
347270115.0401321054 2571377.2128906250
350580259.8260244131 2614099.5556640625
350352188.6898506880 2611018.1728515625
360705669.0983389616 2689301.6992187500
360631309.8250663280 2689165.4648437500
363391210.0154711604 2691053.7343750000
362966366.6915763021 2691047.5019531250
308907124.2509441972 1185715.0693359375
311807676.1697862744 1475692.0954284668
329574148.8276464343 2216694.1596679688
343370526.1494369507 2515876.8222656250
347177863.2106505036 2571318.9394531250
347623517.8750688434 2576256.0703125000
350636286.5020890832 2614153.3251953125
308697791.3023927212 1154371.8840026855
308868118.5090595484 1180983.0639343262
311744172.9453685880 1474714.6657409668
312977024.7317809463 1544277.1600341797
323853654.1052507162 2028508.9252929688
343472754.5231185555 2518084.2421875000
330001419.3982559443 2224334.4428710938
330044627.7765915394 2226920.9938964844
312877763.6926531792 1541628.7162475586
329383289.6873537898 2214819.6210937500
329246372.2620368004 2208887.9267578125
329291718.6480916739 2209083.5278320312
329616883.9465625286 2219428.0366210938
308718995.7566571236 1169520.8283386230
341186955.1416327357 2479539.8051757812
343678374.7574207783 2520843.3330078125
350436244.1738899946 2613646.1943359375
362874527.5727670193 2691043.7050781250
308760372.0398917794 1170237.7331237793
309026954.5646348000 1192415.8702087402
311791271.7748880386 1474878.8910827637
324379982.4083415270 2042897.7683105469
329762418.2740946412 2221196.5529785156
357896851.6625894904 2676720.0449218750
362000478.1171221137 2690701.5175781250
309427947.7521495223 1207920.4334411621
309291161.1023327708 1207911.8890075684
311963109.5831378102 1490315.1914978027
311711771.1718915701 1473959.9440612793
323829975.1956319809 2027043.5678710938
342728544.5619142652 2507670.0429687500
308846577.1367978454 1179931.8924255371
311804903.4976199865 1475046.5990295410
329058302.1503934860 2201704.6245117188
342841312.3719369173 2508152.2099609375
357229650.9744201303 2671325.6533203125
362174463.0767197609 2690962.9716796875
362653816.6211340427 2690974.4267578125
360391258.2105877399 2688842.9169921875
328668873.4327399731 2190390.4692382812
360260920.0394159555 2688346.0507812500
360459018.9503386021 2689143.3857421875
312182152.9284811020 1499448.7147521973
312698663.1066681147 1531906.7352905273
328541358.9362151623 2185374.4331054688
339575028.7458283901 2448344.2573242188
357047593.8453608751 2670278.0634765625
362071357.6118119359 2690899.0341796875
312021086.4525608420 1490437.6927795410
312644489.5270856619 1530768.6822814941
312575502.8652535081 1527930.9779663086
313100933.2938863039 1544788.5354003906
312641933.6516009569 1528094.8329467773
328178172.6110823750 2171624.5856933594
328563911.0923150778 2185425.1069335938
339695038.9767847657 2448454.7426757812
341059007.8111410141 2479249.7075195312
343068531.3481869102 2512416.6884765625
312856280.2003096938 1538993.2606811523
323566056.0079358816 2019449.2797851562
328538208.3614585400 2184690.0673828125
330513391.0719138384 2235319.9145507812
358539069.1962733269 2679716.9257812500
330817887.2430558205 2237815.9064941406
330729806.1083055735 2237676.2543945312
312396267.6972799897 1515233.3442077637
330911204.9282399416 2237901.6196289062
346937033.4057053924 2568306.2236328125
356809818.5488669276 2668170.1484375000
357561544.5397428870 2672307.5341796875
356597404.5791524053 2664010.8251953125
358054241.1664395928 2677561.2636718750
340318636.5815591216 2466891.7148437500
361937405.4282931089 2690254.2568359375
361650349.7536323071 2690166.3427734375
312231420.8687224984 1506173.7855529785
342619506.6076131463 2505018.0419921875
358310998.0666202307 2678424.5126953125
312218990.5330393910 1503422.1112670898
311872383.1065069437 1483846.1312561035
312025930.5820999742 1491824.7867126465
328495560.4703888893 2179469.1240234375
328397647.2402642965 2178659.4199218750
342675669.9076292515 2505433.5898437500
311824281.6825658679 1477708.6908264160
308670696.2627163529 1151001.0385437012
311854955.9506373405 1483378.1429748535
342565447.8535981178 2504642.1455078125
323423847.3411892056 2014911.0314941406
323497224.1702113152 2015441.2078857422
340077058.6343386769 2461204.6108398438
351484253.7310127020 2619920.0683593750
339701051.1099098325 2449896.9609375000
357111965.2839743495 2671202.2568359375
357583664.4198663831 2672735.0371093750
361242894.6430590749 2689683.1035156250
361390370.3938382268 2689861.0527343750
351417062.0354051590 2619905.3037109375
323020612.1352964640 2000072.6000976562
339704934.0418505669 2451588.7402343750
323034017.7724375129 2000792.3979492188
341997915.4218453169 2493999.7495117188
339872465.5968855619 2457603.9638671875
323195226.8793491721 2006280.7604980469
342494559.7198562026 2502898.9892578125
342504337.3679183722 2504260.0849609375
342307354.5419905186 2498973.4013671875
339947001.2100845575 2457943.8701171875
342148135.1417231560 2498146.5908203125
351390343.2097996473 2619576.6064453125
351314456.5091254711 2619196.7519531250
323225914.3771248460 2008517.4218750000
328061868.1527883410 2161701.1179199219
341987395.4760532379 2493541.3652343750
341641335.0848447680 2490005.2373046875
341586949.5143612623 2485023.6674804688
340227991.5687170029 2465832.8862304688
314100846.3427439928 1585665.2219238281
340008793.5654075146 2460856.5375976562
314095920.6828221679 1578860.6732788086
314039082.1135393381 1575807.5845947266
314221239.7239789367 1585720.5404663086
313937787.3009821177 1570387.3873291016
313953839.4350850582 1575678.1549072266
313717030.5869963169 1561139.0372314453
313934633.6781251431 1570337.7812500000
313839175.3276126981 1569609.9125366211
313913997.4075689912 1569682.7324829102
323703976.3136836886 2024151.1638183594
313512246.3911038041 1554217.8199462891
313361325.5579051375 1546433.1700439453
313454321.6515237689 1553923.0260009766
327790606.8692786098 2153633.8874511719
359021152.6642155051 2680246.7226562500
327988213.0783447027 2160483.6994628906
327858848.1551241875 2159624.8654785156
327651342.0444328189 2150281.3291015625
327464610.6689562798 2146412.3144531250
327733766.8222516775 2152931.2143554688
347309432.4983699322 2575818.1474609375
327185907.9686661959 2138091.2709960938
327604343.5626891851 2150153.8310546875
309955362.9739474654 1241699.8310546875
309813526.4971098304 1230850.5368652344
309768076.6154911518 1223207.6950683594
322947821.1755062938 1994554.2235107422
349759911.6205615401 2601932.8808593750
309936404.7921434045 1238374.2331542969
309777476.8480058312 1228423.1188964844
349563560.9569253922 2598736.3115234375
326796068.1583165526 2117285.8750000000
359190720.3234305978 2681417.8935546875
326649266.5361017585 2116226.9609375000
349616307.8708416224 2599520.9101562500
349475413.8913288116 2596781.0673828125
349601510.0782954693 2599346.7998046875
349380852.3104516268 2596203.6523437500
326519553.4787705541 2109282.3679199219
326864430.7440290451 2119538.1667480469
349484441.2315644026 2598687.5634765625
359577361.4785208106 2683224.0283203125
326420345.4171390533 2103863.2180175781
326455391.6726620793 2104260.1223144531
326301994.7642889619 2103074.1037597656
326060220.1440509558 2092431.4060058594
326124836.8362596035 2096021.6838378906
359768046.3183355927 2683992.9013671875
325870015.7595100999 2088359.5534667969
325869443.0839278102 2087478.4724121094
324973249.6584205627 2061364.9104003906
359741787.0545077920 2683827.4882812500
359786117.6788381338 2684186.2353515625
359626416.9764261246 2683735.4150390625
325003602.4748579860 2061637.9265136719
325174778.9529020786 2066357.1706542969
324943409.6665598154 2060982.8425292969
324924227.1184013486 2058578.7912597656
324715378.2274918556 2052155.3627929688
322047807.3152153492 1941775.1888427734
324846673.5559031367 2053997.1235351562
349111202.7417702675 2592184.4482421875
348914482.1185790300 2591830.9677734375
324486379.6363486648 2043121.6181640625
321600960.6395879984 1926116.6186523438
332831592.7380914092 2265003.7805175781
332753958.7359555364 2264883.6748046875
310426913.9807934165 1250092.3563232422
310145669.2544692159 1245542.6314392090
331674419.1811461449 2243839.0202636719
348612961.4480189085 2587199.9716796875
348542879.5273800492 2586934.6826171875
322280276.4190866947 1942222.1032714844
349136735.2084988952 2592664.8564453125
349031402.4233127832 2592005.6201171875
348834761.2875273824 2589911.5214843750
321668219.4729288816 1927268.2308349609
321427111.4268390536 1912639.7852783203
321317245.9606038332 1911380.7227783203
332136462.9773958325 2254306.9433593750
332436921.0665761232 2263474.3803710938
332139412.8604030013 2254704.6533203125
348644695.8056437969 2588125.8251953125
332399161.8244140744 2259868.8374023438
332546016.7436860800 2263817.3002929688
332047022.2143298388 2253530.7382812500
321262630.2516563535 1904526.0264892578
338477392.0750453472 2410097.2885742188
338426391.3533293605 2408630.4418945312
338108492.3959572315 2399245.6767578125
338565621.1907261610 2410969.0961914062
322595206.0646021366 1960507.4857177734
338294254.0533047915 2405173.3774414062
322824145.3914625049 1970206.4862060547
338268667.9875709414 2402718.7446289062
348159467.4506365657 2583024.4697265625
321069073.4334223866 1895077.8824462891
321147465.8382545114 1897446.6260986328
322707382.7062000036 1963550.4051513672
339219734.4485015869 2426804.3950195312
321102846.4161450267 1895570.0491943359
311434428.5109717846 1388864.0780334473
311383961.3276903629 1377067.0292053223
311404840.4808186889 1383824.4950256348
311425276.9550682306 1388114.4889831543
311303785.0602211356 1370445.1776428223
311394065.3535506129 1383690.4559631348
321002078.5157628655 1879184.8129882812
321007608.0149145126 1880917.8217773438
345737093.0983414054 2543186.9619140625
346666213.5564205647 2557000.9824218750
346533525.6489663720 2556283.1982421875
346396131.5525588393 2553081.7675781250
346259258.9276120663 2552339.8164062500
346024501.6720198393 2548987.4296875000
345267809.9057568312 2534772.5854492188
311050447.3768808246 1267525.2788391113
311019548.9692074656 1267202.1985168457
310968861.5711398721 1259201.2865600586
310917026.9792538285 1255092.5004272461
311122117.5661450028 1272527.2416687012
345617487.8560172319 2540244.4125976562
344986849.8356869221 2529496.7978515625
344912687.5518909097 2525204.0463867188
344917757.4088705778 2525528.2836914062
344906494.8443155885 2524841.4116210938
344756019.8458570838 2523828.9204101562
356146783.0406265259 2636197.9882812500
355985265.8152900338 2634520.9023437500
311265385.5840206742 1286647.7121887207
311165779.9312279224 1274692.1472473145
320463701.3315770626 1821160.6939697266
320412848.5344774723 1820679.7017822266
320708318.2403807640 1831207.6417236328
320788520.5799511671 1839213.3785400391
320551776.3036882281 1826096.9425048828
320605161.6069325209 1830322.8624267578
320506528.2312889695 1825174.0937500000
320973545.3172101974 1840233.0361328125
355034693.9602271914 2626588.0322265625
355181564.7021042705 2627245.6250000000
355126222.1133991480 2626960.3574218750
355298643.3161328435 2628913.1923828125
355570290.2335687280 2629701.6220703125
355025212.1953333020 2626538.6875000000
320394739.5647358298 1784607.5170898438
319846772.0024156570 1742361.2194824219
319788045.3591641188 1741507.0993652344
320050543.4558494091 1756323.2546386719
319989985.4172433019 1750533.0192871094
319959460.7465611696 1749985.1247558594
319831118.6232656240 1742233.6169433594
319800543.7127469182 1742177.7419433594
319761019.9974417686 1731635.4812011719
319374078.2853481174 1603530.0377197266
319573402.8348110318 1607375.8472900391
319433659.9228605628 1604853.1671142578
319482378.1480453014 1606792.3077392578
319286878.1047474742 1593544.1549072266
319442087.1156154871 1606478.8663330078
337999603.3058006167 2265586.4472656250
