1308897228.7519285679 1295.6787047250
1309063110.4255156517 1296.4512631757
1329887782.7902481556 1365.8776538074
1330787283.8781599998 1369.6316564381
1330719166.0998742580 1369.6260497868
1330307927.9485099316 1368.1079546511
1330612070.2763204575 1368.9109767377
1170384413.6540946960 229.4391837345
1173156795.3284454346 297.0554898958
1174786277.6333236694 332.1270681842
1186745959.0326552391 516.9212234860
1189864499.8264794350 548.0368780961
1237856777.1714947224 944.8421661663
1170501303.5148994923 229.7752182335
1170654390.7487273216 232.2514056192
1186646032.3023908138 514.1653158014
1170187118.8274378777 224.6557687716
1230334380.0752673149 897.0778147079
1230949560.0885164738 901.7869617021
1330916618.7549681664 1369.6651681364
1170105000.4273533821 223.2361784877
1237663469.2839822769 943.9349931344
1237514685.8228919506 943.0648555025
1367006324.1405665874 1414.2450303435
1305336059.5174207687 1281.4525446258
1169961206.2140860558 214.6673649349
1174839099.7969071865 332.7133713834
1174617169.2545523643 330.1573063586
1173352164.3592667580 297.2518756845
1173165796.2101202011 297.0652437936
1173117259.3635404110 297.0486560594
1174537299.8922681808 328.2917746599
1190036108.3811607361 548.8912441005
1237477937.1430592537 941.5997708305
1169992542.7699601650 217.8390603012
1174377813.4429974556 326.8549552699
1212541641.6201040745 761.9036425206
1212716061.5184218884 763.1659544923
1212545016.3113238811 762.5385353420
1369978490.1046755314 1414.7878923118
1212251442.9089248180 760.9601158835
1174327954.2077503204 324.4401259370
1190019209.4436554909 548.7554230859
1190085268.3872728348 549.2602852852
1187495704.3288879395 523.1435026958
1172923665.5799386501 293.9619086514
1190000462.3344302177 548.6343536575
1230338934.6224045753 897.5276375687
1189450520.2681734562 541.8271298130
1367513454.8706433773 1414.3748274148
1230303269.4521110058 897.0610620243
1236439235.7695221901 936.0824018672
1173087848.5475492477 295.3939481999
1189205552.9767313004 539.0498770754
1230042918.3990242481 895.1047907764
1235930663.0054011345 932.9963672116
1235675566.7805681229 930.6516581729
1235804498.6075818539 931.6639746383
1189086330.1487016678 537.3317551488
1170916039.4416892529 241.6159938728
1170934790.5901169777 244.0701017832
1174198581.4511704445 320.4294570242
1230466291.1109402180 898.4428230605
1173026884.0616192818 295.0279756653
1235438187.8999912739 929.2591266719
1229811090.5901660919 894.2089986010
1188355983.1255941391 529.4394710140
1230149776.8398847580 896.6533628976
1235251733.6885674000 927.8638739444
1173098553.3925099373 296.4161327946
1173018608.3593389988 294.7347149718
1369507192.9646861553 1414.7722360790
1230043191.5266358852 895.2004041241
1332497625.7940480709 1371.3536359370
1368909976.8839890957 1414.5189537704
1173093371.8754801750 295.8114610655
1173931012.7553749084 312.9210627577
1212859846.5836150646 764.5610853395
1212825425.0542578697 764.1971907754
1173875050.4458045959 309.1895741312
1173733097.2385201454 308.4351064316
1173682235.7959716320 305.3811295381
1308326039.9498138428 1293.5929386815
1185701669.7072703838 494.9459691792
1232768967.1233680248 911.9827418571
1232681708.8004443645 911.9715473895
1230195551.4677338600 896.6537888920
1308499741.7297234535 1294.1189360110
1170853587.9971859455 236.7324943680
1230378123.8148343563 897.5948067103
1308552861.9201912880 1294.4460148899
1232506945.7033388615 910.0758031090
1231859663.0793459415 906.8415619304
1170907770.2268486023 239.7678870919
1231883896.9112491608 906.8494576888
1186106167.3923127651 500.2487520801
1308111375.4190409184 1292.0350456996
1232236623.2398471832 908.4657120781
1308145670.3105092049 1292.6590579910
1307949525.2364716530 1291.8199781342
1307924803.6606736183 1291.7985804243
1367279568.5102767944 1414.3378188014
1231544860.8284065723 904.7947549151
1231270375.6125235558 902.5981464092
1231464127.3616235256 903.1651835878
1307764737.9892532825 1290.5339311524
1307885764.5436372757 1291.4190961285
1329372964.8634426594 1361.5963625610
1210076827.8369948864 739.0258119233
1268518385.6452176571 1096.7035046034
1209920303.2493293285 737.8442097865
1185151230.0793573856 487.2016259069
1185101567.5903239250 486.4775860603
1184759281.3908128738 480.2019677612
1184800209.6884989738 480.7804720996
1184956411.9645609856 482.6014045015
1184802582.1034359932 481.8578878179
1184989482.3506863117 483.2674369946
1184918377.3830442429 482.1997767224
1172079898.4368321896 265.0800027395
1171913380.1526386738 262.0028988863
1268840789.2669970989 1099.1252403074
1172072383.7804863453 264.9051218487
1172288747.6726293564 270.9595177374
1172133211.0039355755 267.8824138842
1172030257.7696390152 262.7102010630
1268417590.3863313198 1096.1380463802
1172031185.5650441647 262.9820547072
1184041279.5256462097 469.8990477451
1172027587.2931325436 262.6205863103
1171792790.9319751263 256.6591069219
1171749056.3189501762 256.4663786039
1211228548.7719416618 748.5743420356
1268164260.5113983154 1092.5357305967
1267937746.1950633526 1092.1043835842
1210425068.1871643066 740.1111010170
1210797242.5005712509 743.2892295450
1268209658.3367340565 1093.7092793398
1184220631.7785956860 471.6435196323
1183781235.6745018959 465.5246221379
1183625035.1049335003 460.1275174763
1267797759.2846291065 1091.5543520563
1210898640.9709868431 745.3440841168
1210479933.5636882782 741.2307372541
1267449958.4583542347 1088.0317009039
1325856274.0254833698 1349.8889228404
1329289351.9107797146 1360.0152169466
1183607493.9164550304 456.0766047459
1227394905.0960803032 869.7593932112
1182838217.7248208523 440.8604273282
1227092310.3813714981 866.5624514282
1364178056.9101510048 1411.3258683980
1226988933.6228044033 865.5151727908
1226809167.6588988304 862.6452255444
1226818286.9673047066 862.8658213290
1226134823.2750515938 858.9452507730
1226935503.5798695087 864.1956026881
1226828969.2530510426 863.0580181713
1225890638.3869309425 855.2202419897
1225854185.1542348862 854.3068815585
1208873896.7875337601 723.0555439698
1224741943.4331436157 848.6833266838
1224582520.1505534649 847.9215798898
1222964839.3230276108 831.9799462157
1209049752.7829530239 724.1780777098
1222982406.5046620369 833.6043271745
1209130528.4951753616 725.0245205076
1312967980.4464406967 1301.4139571091
1183145922.7251055241 444.1573749433
1183291042.4289917946 446.8202779839
1364243538.6456618309 1411.4776421189
1183226471.0494875908 445.2848267003
1183129429.0033562183 444.1444462582
1208432280.7013030052 717.3828328292
1364658033.1907861233 1411.6150428057
1364393158.2236318588 1411.5805400610
1221826297.3776428699 823.5969319573
1312829579.7118468285 1300.9946170947
1208163491.5535521507 711.0596374623
1208183069.5610265732 715.3354215077
1312883128.7562425137 1301.0478325984
1182496922.6616721153 422.8306034748
1182388790.7668933868 422.4052347626
1182257513.1383028030 420.3509489532
1182234188.4299097061 417.1886846825
1181684056.7136595249 409.6429659195
1181603094.0682559013 409.0275450592
1181490968.9955370426 405.3023452810
1222076292.7097709179 826.2048943066
1267353454.9715623856 1083.4966743257
1267259688.3965878487 1082.9684640732
1328970464.7275345325 1355.8334341347
1181009383.3307371140 385.3105105811
1181105711.9017755985 387.5429764145
1181158765.8311998844 387.5437106692
1180946879.8745944500 382.3330354939
1180403214.3300693035 371.7929391446
1180937772.5012063980 381.1587079028
1180544543.5897061825 372.7978492734
1180873174.9577233791 381.1155029731
1199103243.0889036655 606.0840348868
1198975745.2937889099 604.0959056717
1266399257.2665631771 1071.5890899133
1265736381.0796248913 1067.7770799678
1358844203.5000579357 1397.4044222534
1266073301.1292326450 1069.3898327854
1265967736.8556363583 1069.3860941213
1265738040.2376487255 1067.7993513476
1265661459.3029830456 1067.6880403739
1265770817.5950057507 1068.2710917574
1207867332.8427805901 698.6020519050
1179602454.1436066628 350.0989531247
1179810879.5801985264 354.6319100559
1179654863.4123013020 350.8761650442
1179756243.0451846123 352.7325851067
1179556304.1256427765 349.4597728296
1219826833.6814892292 797.9025489827
1219870362.6893951893 799.0959191273
1219452396.0704710484 796.3809682866
1219397165.2218530178 795.5182097861
1218949738.0705666542 792.3742174754
1219104388.4429891109 793.9718656251
1207532188.7367527485 696.2125036252
1218583745.5476195812 789.6243364019
1179547473.2705082893 344.4639599871
1218756666.6622292995 790.7044108966
1218845168.6551299095 791.6874998778
1218453544.5469272137 789.0713748806
1265091651.8442826271 1061.7530198221
1265443125.1720185280 1063.7507284407
1265618771.5735454559 1064.1958045608
1205333637.1776618958 669.6925745842
1204791432.7852535248 663.1501430206
1205055623.3643050194 666.2339471488
1204515469.7570724487 657.2062793661
1204571478.0976424217 658.6084722614
1204518846.6032102108 658.0481671130
1204451037.3100807667 656.7214456236
1204338330.4427516460 654.2548968231
1204343437.5845270157 655.3463556094
1204385604.8989999294 656.6527752911
1201572891.2477829456 625.7431704354
1201334372.3217339516 622.3084655687
1201766823.8439655304 625.9618339221
1201850164.7810842991 626.8361050769
1201468730.7327098846 623.8783056422
1200120748.1999402046 608.8128117917
1199923274.5410258770 606.1723870825
1199973577.3716242313 607.4454892471
1196286455.0065374374 567.5314208343
1196436808.3607771397 568.5402402557
1196490157.6402566433 568.7414739408
1197182964.8728017807 576.6581161324
1196904284.1751987934 574.0410247225
1196779040.5649094582 573.0985500593
1196634659.5371291637 570.0688522834
1195542931.3869020939 555.8162681562
1195678262.2543828487 558.8166650635
1320624445.3707575798 1316.2150939554
1320051000.4476888180 1314.3209583908
1320004035.8960440159 1314.0636780113
1320597114.5369858742 1316.1330393478
1319848800.9228425026 1313.5008705407
1320433065.8550989628 1314.8783741593
1320453226.1348114014 1315.9638937563
1320800711.0264818668 1317.2637564391
1321245600.8009207249 1318.3324840516
1320995060.7334902287 1317.9912848920
1351700230.0590188503 1381.4096058309
1352805784.1869993210 1383.1504300535
1352487452.0996639729 1382.6113675535
1352589299.9748980999 1382.8720656335
1351717985.4363586903 1381.5692722499
1353488373.9160187244 1383.5349298120
1354263421.0657129288 1383.7840192616
1354794920.5048425198 1384.2870872021
1262239693.3933935165 1019.2641215704
1262042844.6065340042 1017.5560128174
1261384915.8196353912 1013.1086461197
1261374402.3082604408 1012.7072737934
1261210632.1688818932 1011.6576183392
1260882813.1158182621 1008.9689365071
1260882653.1548082829 1008.4841362578
1260857926.9898049831 1008.0460394364
1260569294.4144160748 1006.7550098988
1260167956.7894427776 1004.5601210728
1257772783.3385064602 983.7952971714
1257895614.3907699585 983.8316902385
1257601420.5675566196 982.7632294760
1257169280.4583899975 978.3720902731
1256100930.0418040752 969.4440073510
1255652986.9323551655 967.0889476585
1255309763.5393750668 965.2256616758
1255355123.0593307018 965.6610531894
1256152784.8547742367 969.9734165211
1256085277.3816716671 968.4158878952
1254747559.9649369717 958.7004517797
1254716369.0032370090 956.5006075936
1254964472.3700993061 959.1475319812
1254956537.5254375935 958.7646393702
