64375140.2003392205 60183.9256805317
77240273.5720496327 104881.0238037109
64519657.8015554994 67658.0092680496
65977825.9896587655 92102.4580926895
64519657.8015554994 67630.3580229324
64312905.6418229938 52967.7953319685
64839348.7847068235 79027.7406209987
64694525.5068488121 75047.6742072739
65063627.7664936408 82864.1277774852
65458272.2820424661 88323.6528658867
64467435.2426832318 65510.1615709071
64508774.5635047108 67444.8818266434
77802625.5562467426 105274.6667480469
64962014.9443422556 82569.3838810008
77652482.5779163986 105134.9163818359
76738166.0365870595 104472.5093994141
64764842.1418217942 77054.3831991237
64882067.9159195051 80748.5163625758
74388485.5416159481 102353.8965454102
74222160.5374144912 102112.4722290039
64437570.7186718583 63978.9710723166
65286166.9306769446 86234.4811601639
65182660.7113635540 84752.8008779567
77434248.6382137835 105109.8037109375
64807561.2730344683 78747.8907522243
64882067.9159195051 80748.8648733180
64508774.5635047108 67444.5327055496
64437570.7186718583 63979.3201934104
64409991.6170311347 62195.5736555909
64694525.5068488121 75047.1710334457
64694525.5068487972 75011.0246711411
64979152.8140444979 82573.1378392261
65782578.4904266521 91953.4631794095
64519657.8015554994 67658.5799467606
64469063.6019396782 65627.5196031337
64583256.6217864603 69749.7775770319
64373511.8410827592 60094.2188934223
64437570.7186718583 63979.8908721213
64979152.8140444979 82636.3609837573
64437570.7186718434 63951.6689482932
65115242.2869870141 84607.0312718432
64979152.8140444979 82573.8894261401
66041395.4415602162 92326.8545322306
64430141.2919033170 62406.3070307695
64979152.8140444979 82663.6291722339
64389624.9257019460 60422.4721919023
74219101.6461758018 101420.0178756714
65461835.3916798308 88476.8475049734
64882067.9159195200 80839.3562063258
64435942.3594154119 63889.2642852073
64882067.9159195051 80749.6164602321
64435942.3594154119 63889.6134063010
64882067.9159195051 80721.2481740993
64435942.3594153970 63861.9621611838
64914607.4606641307 80936.4992727321
64435942.3594154119 63890.1840850119
65663943.0383481383 89918.7815074809
65720033.6638127938 90339.4939899333
64568565.5392904580 69627.1755773611
65358330.0817665681 86808.5052503347
64408184.2589950711 62078.1944609885
64570083.7389729768 69701.0555822439
64570083.7389729768 69700.4849035330
64430141.2919033021 62369.6574946367
64312923.7863489762 53391.7693462507
64389624.9257019460 60385.8226557695
64648121.7963994965 73276.7307868637
65689764.3128484413 90217.5793393850
65533531.8530617356 88652.8701877482
65545830.3572341129 88774.1144122966
65761460.7742303461 90403.1924762614
65503262.5020973533 88502.5872510672
66233186.9808250293 92417.2844552994
75974175.6370593011 103986.0087890625
65761460.7742303237 90365.2337360270
64680202.3365714401 73451.7858710922
64369585.8050878942 58761.5290568755
64744518.1373753101 76987.8594947495
65289730.0403143093 86505.7838314772
65289730.0403143093 86416.0440853834
73295382.6672732234 101215.4315719604
73014242.6390407234 99548.6029129028
65289730.0403143093 86415.2924984694
64508774.5635047108 67445.4525053543
64843664.8960989192 79207.8841529526
64807561.2730344757 78865.9987844508
64799509.5244315639 77364.9805884995
64469063.6019396782 65628.0902818446
65289730.0403142944 86387.6757992506
64469063.6019396782 65627.1704820399
64508774.5635047108 67417.2305815262
64487983.2985498458 65859.8614000087
64469063.6019396782 65599.8683580165
65689764.3128484264 90189.2110532522
64811125.3513542935 79019.9012427963
64768406.2201415896 77118.2596564926
64768406.2201415971 77118.5971503891
64768406.2201415971 77208.2856574692
70435361.1786668301 98100.7067413330
69857466.8288065046 96415.9875564575
64811125.3513542786 78930.1614967026
64811125.3513542786 78901.7932105698
64843664.8960989192 79145.4125953354
64681664.1819824055 73458.1772971787
64482000.8665003255 65827.2587830876
64734338.5509072617 75455.2470527329
64843664.8960989192 79144.3124976791
64843664.8960989118 79117.0443092026
64525993.3546408564 67711.6022126530
64869894.1177226901 79256.6493797936
64869894.1177226901 79257.6591072716
64869894.1177226901 79229.2908211388
64869894.1177226901 79256.9075203575
64684535.6157983541 75000.7733712830
64523230.0277478471 67689.0752302301
64727370.6751587391 75289.9922791161
64498045.4062078819 66008.3983253837
64666480.0799488127 73448.8338262625
68161480.9752460271 93713.8135846853
64502458.9323087633 66040.2804729384
64492906.8075009212 65891.7419630182
64492906.8075009137 65864.0907179010
64732698.3609989583 75441.2451759018
64461720.7842835113 64131.2322707032
72598645.5587426126 98894.9359326363
64482000.8665003255 65827.6079041814
64482000.8665003181 65799.9566590642
64777057.6821199581 77239.7601295151
64492906.8075009212 65892.3126417291
64479291.1130819470 65738.4506334071
64618906.1100266576 71630.4399053641
64599631.5004422814 71430.9311888260
64744518.1373753324 77024.0058570541
64666480.0799487978 73448.3306524344
64509579.9681410342 67583.7031968837
64648121.7963994816 73275.8109870590
64344339.6156758443 58430.7820556299
65316425.1870560274 86591.8424105644
64653968.7225128710 73350.1168342270
64790500.8465398327 77251.0473409332
64757961.3017951921 77035.7962423004
64503294.1609946564 66053.7064918876
65326523.5196147636 86651.6268343925
64654225.0362404734 73385.9588447250
65403857.1127431169 86860.3653187752
64528854.5777254254 67783.7150872499
64338555.7803558409 56795.9390069977
64744518.1373753324 77024.5090308823
64376783.7653944790 60343.9429713213
64408184.2589950711 62105.4965850119
64338555.7803558409 56795.4982110993
64338555.7803558409 56773.0085870759
64313849.3512339517 54686.2591838972
64338555.7803558484 56796.6868097321
64338555.7803558484 56796.2230646149
64386861.5988089293 60379.7858209894
64701799.0061626360 75239.9959541000
64376783.7653944790 60344.8627711260
64701799.0061626360 75240.4991279282
64376783.7653944790 60344.2920924150
69093850.8570086062 94428.4728240967
64408184.2589950711 62106.4163848166
64408184.2589950711 62105.8457061057
64373332.8423031420 60094.1977310465
64426475.5696279705 62336.3185358332
64386861.5988089293 60380.7056207941
64386861.5988089293 60380.1349420832
64386861.5988089293 60352.4836969660
64392142.3056755289 60435.2901376621
64790500.8465398327 77251.1346479096
64734338.5509072617 75455.7502265610
72201029.7136134207 98600.7689208984
64357434.6356892884 58701.8798995190
64777057.6821199581 77239.2569556870
64605402.6651868001 71492.1502051987
64605402.6651867852 71491.4657416977
64342006.7034471706 56977.0347163216
64564173.5039392561 69575.0450465083
64568565.5392904580 69626.6048986502
64696944.1674531922 75206.6182838120
64528854.5777254403 67811.3663323671
64618906.1100266576 71594.2935430594
64570083.7389729619 69672.8336584158
64528854.5777254403 67811.9370110780
64502119.6940920204 66019.2056151633
64528854.5777254403 67811.0172112733
64482000.8665003255 65828.1785828923
64723173.3890769482 75282.3056297936
64448700.6251964271 64089.3314238791
64427103.9556052387 62337.6168242698
76882356.4139756262 104492.8502197266
64648121.7963994965 73276.1601081528
64342006.7034471706 56977.7825190560
64342006.7034471706 56954.1042963997
64399524.8539645150 60553.8702864503
64550809.1293885857 69500.4730131668
64401090.9427234828 61905.6166763590
64401090.9427234828 61905.2675552652
64313849.3512339517 54685.8183879987
64376783.7653944790 60316.6408472979
64654225.0362404957 73422.6083808579
64401090.9427234828 61906.1873550699
64401090.9427234828 61877.9654312418
64599631.5004422665 71430.4280149979
64550809.1293885857 69501.0436918777
64319755.3065252379 56480.3847370283
64632628.3666493073 71670.0414863266
64599631.5004422665 71394.2816526932
64313849.3512339517 54687.0069866315
64313849.3512339517 54686.5432415144
64313849.3512339517 54663.3287639753
64328477.9469413906 56718.3079545037
64328477.9469413906 56718.7487504021
64328477.9469413981 56719.0328080193
64328477.9469413906 56695.8183304803
64328477.9469413981 56719.4965531365
64564173.5039392635 69602.6962916255
75386463.4722029716 103812.5665283203
64509579.9681410491 67611.0053209071
64696944.1674531698 75169.9687476791
64696944.1674531922 75206.1151099838
64550809.1293885708 69472.8217680496
64605402.6651868001 71491.8148627914
64654225.0362404808 73386.2849250473
64605402.6651868001 71492.3855415024
64605402.6651867852 71464.1636176743
64654225.0362404957 73422.1052070297
64509579.9681410491 67611.9251207118
64509579.9681410491 67611.3544420009
75745960.3822147846 103842.3104248047
64652706.8365579918 73312.4049201645
77004487.7504200339 104728.2601318359
64503294.1609946415 66053.3711494803
64586621.0751400068 71179.1151223816
64586621.0751399994 71150.8931985535
74973597.8623880744 102842.6993408203
64586621.0751400068 71178.5444436707
76599304.7533280253 104156.2238769531
64610232.5480999425 71502.1998725571
64486030.7706303671 65841.2828592658
64421121.5235557109 62305.5848860596
64592969.1577356532 71262.8094583191
64421121.5235557184 62305.9340071534
64396058.3749788702 60544.3039827812
64421121.5235557184 62306.5046858643
64373511.8410827592 60121.5210174457
64448700.6251964420 64089.6805449729
64427103.9556052387 62338.1875029807
64486030.7706303671 65842.2026590705
64683810.1408479735 73595.4224830307
64448700.6251964420 64090.2512236838
64586497.4738370478 69783.5890257400
64528059.9106610194 67727.1114851129
64727965.5125153065 75311.3398414291
65407921.4565953985 86886.1804585457
64727965.5125153139 75347.9893775620
64727965.5125153065 75347.4862037338
64683810.1408479586 73559.2761207260
64598113.3007597625 71320.4016478104
64695425.9677706733 75132.7382789291
64427377.9650103003 62363.6206598566
64373511.8410827592 60121.8701385395
64373511.8410827592 60122.4408172504
64695425.9677706733 75096.0887427963
65239853.9721679911 84760.0003336072
64555639.0123017281 69510.8580229324
64555639.0123017281 69510.2873442215
65248602.1624337658 84861.4088873863
64399798.8633695766 60579.8741220371
64349204.6637537479 58560.1964335018
64349204.6637537479 58532.8943094783
64349204.6637537554 58560.5455545955
64349204.6637537554 58561.1162333065
64448700.6251964271 64062.0292998557
64427377.9650103003 62364.5404596613
64427377.9650103003 62363.9697809503
64421121.5235557035 62278.2827620362
64399798.8633695766 60580.7939218418
64399798.8633695766 60580.2232431308
65310647.2850148082 86563.0474352837
64547005.8684443682 69263.9481108231
65310647.2850148082 86563.5506091118
64549290.9297060668 69426.2438871902
65415840.9759857729 88304.1730914116
64537675.1027833521 67890.3510649246
64496274.5951185822 65907.2221709494
64537675.1027833521 67889.7803862137
65310647.2850148007 86526.9010729790
64537675.1027833521 67889.4312651199
66055873.1893580481 92346.0317447186
64520485.9091416448 67676.0591795486
64520485.9091416448 67675.1393797440
64549290.9297060668 69426.5930082840
64549290.9297060668 69427.1636869949
64549290.9297060668 69398.9417631668
64520485.9091416448 67675.4885008377
64537675.1027833521 67862.1291410965
64643397.9037895277 73256.2503486313
64634872.7680528015 73174.6288581528
65276269.0341749936 84885.6693534851
