177042690.8512324095 2371828.4453125000
178014825.7251322269 2455960.3378906250
178292840.9498343468 2479241.5986328125
183103976.1157233119 2647435.1152343750
181265145.9903167188 2612280.5175781250
181812188.4100832939 2623040.5175781250
179847148.0458342731 2565230.9277343750
181883951.0525418222 2624679.4414062500
178599926.3799716830 2499782.3710937500
177532267.1150423884 2417972.5214843750
177264661.6218276620 2398900.0097656250
183307519.5973696709 2650114.4472656250
184838898.1517732441 2670015.3535156250
176815737.4200617969 2347116.4726562500
179659041.4189100564 2557992.1113281250
178527144.8438410759 2493816.1582031250
178640042.2683290243 2514605.6445312500
179506534.9971071184 2554301.5312500000
178120395.2592469454 2457496.4355468750
177672798.6599005461 2444051.8515625000
180996035.7065095305 2604075.4179687500
178584337.7760369778 2498837.4023437500
177909019.9175168872 2447652.2109375000
179533666.1219597161 2555740.4277343750
181975722.8899194002 2626087.8476562500
179148660.0383439660 2537392.5019531250
177099404.4697375000 2391001.3291015625
184841162.1343206763 2670442.0039062500
181724301.8529853821 2621940.6835937500
181363468.8210448921 2612989.0039062500
184817636.8282858729 2669894.1992187500
180642056.1456428468 2592832.2578125000
180129624.8417810202 2573749.7910156250
184624471.0956086814 2667308.8027343750
180594724.2463293672 2592583.2441406250
177334821.7201651633 2405073.7460937500
181578593.3854994774 2618398.2910156250
179249020.9117808342 2541739.9414062500
182125650.0841167867 2629886.0937500000
178782833.8830312788 2520184.2636718750
176931953.9028312564 2363260.5214843750
184007468.3034731746 2659271.0742187500
181097346.0281992853 2607055.8339843750
182360692.0542853177 2633927.7851562500
180656618.4663685560 2595039.1816406250
177504053.6076397300 2416725.1796875000
179855670.5075407326 2566070.7988281250
179717740.7577887774 2559891.5566406250
178247309.8785861731 2465787.4316406250
177600326.5304983258 2424442.9013671875
179383316.3040074110 2548680.1933593750
181497177.5434071124 2616076.7617187500
186409780.4901407063 2677034.0820312500
182491049.0141620040 2636525.7167968750
180658102.2914415598 2595087.9042968750
179766172.6997666657 2560900.9414062500
181241489.9858172536 2610280.5800781250
181150999.6758360863 2608610.6914062500
177461114.0695790648 2408262.7128906250
183233091.1020192504 2648947.3300781250
179122186.4629061818 2535790.3320312500
177477022.7466012537 2414838.3769531250
178738272.7684240639 2515311.1171875000
183353427.9129146039 2650564.2246093750
178933778.4012670815 2525539.0292968750
179688561.1575648487 2559283.8417968750
184480492.2633707523 2664098.4511718750
179679844.6741883159 2558077.2246093750
178895671.4806904197 2523592.0878906250
182078318.1848032475 2629637.0800781250
179185948.9773353338 2541724.0683593750
180099430.8966894448 2571583.1269531250
179568429.2171463072 2556757.4687500000
177637626.0991315544 2432378.8271484375
179098525.6814510524 2535352.3300781250
179995686.2197326422 2569979.6445312500
180506229.6161038280 2588463.8320312500
186664188.2123394608 2677618.0527343750
186388519.1666533351 2676912.9277343750
179150259.1378941238 2538736.3476562500
179133037.5575936437 2537287.3281250000
178532896.2638778985 2495352.3535156250
183222909.3507300913 2648499.5312500000
179170128.8100287616 2540091.7929687500
178290191.4709243774 2475034.7685546875
177816706.4253440499 2444461.1660156250
178040308.2424133122 2456102.2011718750
180974811.0424653590 2603637.4160156250
184612412.0431754589 2666509.6914062500
183370274.6091975570 2652720.0214843750
179687150.6506888568 2558387.2187500000
177880220.0590224862 2445383.9843750000
182400759.7954811454 2635973.9902343750
180926155.5083283782 2602398.8007812500
178158060.5938190520 2463284.0888671875
178973792.4486623406 2528305.8027343750
178252234.4605554938 2474024.5888671875
179084643.2140074372 2533914.6015625000
184481976.0884436369 2664147.1738281250
178879062.8897626400 2520333.9687500000
183201648.0272426009 2648378.3769531250
182316021.8270768225 2633240.0234375000
178894255.3960891068 2520519.7363281250
181015305.4440672100 2605672.4648437500
180768445.4348392487 2597008.7441406250
177095724.9474005699 2380148.1982421875
176960687.0271042585 2371544.7070312500
181243921.3262725472 2611842.5156250000
179618197.2338707745 2557080.0019531250
179892762.2357084155 2567744.9648437500
177366165.0708465576 2406550.6835937500
181996402.3263498843 2626886.2773437500
181196135.2583370507 2608686.5625000000
182530589.5931812823 2638439.2539062500
183707992.8174496591 2653877.3652343750
181438783.5375251174 2613864.9257812500
181391451.6382116675 2613615.9121093750
179973118.9636886120 2568025.2363281250
177619588.5803382993 2426511.3427734375
182223365.1368681788 2632526.2324218750
178247030.9923911989 2465214.3652343750
178559777.2909157872 2496982.5878906250
178342224.4936885238 2480598.2890625000
179804203.0237276852 2563755.4980468750
183806020.3247264028 2656707.1523437500
180150552.1373708248 2576970.1738281250
178454844.0258478820 2493706.4355468750
178346162.7349761426 2491413.4394531250
182435310.6578409672 2636144.6210937500
178066147.4409727752 2456918.5332031250
180765899.3120996654 2596068.5585937500
179622318.2039585412 2557573.9433593750
180822972.9012725651 2598564.4062500000
179646587.4309144616 2557752.3437500000
180586951.5091729164 2590211.8007812500
180359124.6674335003 2584206.6250000000
182436794.4829139113 2636193.3437500000
180419662.4211780429 2585175.2734375000
186251434.3910583258 2676528.8613281250
179979406.1895676255 2569964.2246093750
180776750.4067871571 2597565.5546875000
181241321.9997124374 2608713.2539062500
180475820.2662434876 2587672.5781250000
182337283.1505642235 2633361.1777343750
180758566.6156913638 2595396.7421875000
177919656.8635931015 2455537.3242187500
179331473.1719558239 2546893.5605468750
180690106.4529279768 2595346.2949218750
177052038.1016082168 2376109.0146484375
183827281.6482138336 2656828.3066406250
178976359.3002527058 2531704.7460937500
179468569.4431720376 2548961.7304687500
180507640.1229799390 2589360.4550781250
182772455.2227560282 2641940.3691406250
180096825.3256858289 2571219.3183593750
178051951.0192070007 2456697.3417968750
180402812.3780249357 2584972.3828125000
178739850.8901906908 2516009.3613281250
179083468.7049542069 2533017.4414062500
183162752.8206807673 2648155.1328125000
183676490.7670241296 2652870.4238281250
182819904.1069155335 2642485.8750000000
178578594.6564355791 2498734.1210937500
180559981.3915754855 2589600.3320312500
187461177.9714221656 2678259.9160156250
180880439.8785274327 2599099.7480468750
182456571.9813284874 2636265.7753906250
180191424.4996740222 2578294.6171875000
180420996.1691207588 2587141.1953125000
180885021.1538765430 2599322.0703125000
182989738.8724624217 2646938.5625000000
179698250.1423791945 2559523.6113281250
182867734.1580963731 2644235.0019531250
179477812.2004166842 2549561.2304687500
179601917.2037057579 2557064.5820312500
181149550.1623347104 2607304.8476562500
179305647.2146414220 2544878.8046875000
183950831.0356040597 2658230.8769531250
182528175.0218548179 2638142.5253906250
181380001.9613964856 2613114.3027343750
180125631.7943563759 2573402.3164062500
184350938.2279883623 2661469.8964843750
179345374.0063619018 2548381.0078125000
180293255.0277630687 2580031.6953125000
179289367.1844763756 2544863.3847656250
182888995.4815838337 2644356.1562500000
182718584.7829422653 2641062.1171875000
182760628.0308266282 2641938.2382812500
187518223.3976155519 2678479.9238281250
183697516.4870732725 2653443.4238281250
184358020.6419453919 2661692.9277343750
182793716.5462434888 2642061.5234375000
182313607.2557502985 2632943.2949218750
184502186.5874920189 2665177.6816406250
182653166.3919919133 2639035.7714843750
184190111.7016237080 2660938.3125000000
184078958.8276800513 2659500.2265625000
184057697.5041926801 2659379.0722656250
182838386.7734520435 2642749.2851562500
184509269.0014490187 2665400.7128906250
184152346.9381194711 2659532.5332031250
182507173.6335646212 2636800.4804687500
185846048.1035573184 2672507.1152343750
182712015.5287308395 2639621.6562500000
182674427.7154792845 2639156.9257812500
187681045.3802029192 2678844.0136718750
184256437.1559049785 2661144.6308593750
182831304.3594950438 2642526.2539062500
183761045.8688223362 2654405.7070312500
186103111.8007125556 2675200.0722656250
185760357.3911044896 2672016.3359375000
187688127.7941599488 2679067.0449218750
184263519.5698620379 2661367.6621093750
186031625.8881710768 2673094.2519531250
187647712.3075360954 2678482.4746093750
187435625.2523425221 2678155.8105468750
