92387966.7993989289 703833.1816406250
93297647.8230083436 707960.5639648438
89501300.9512102753 611985.5988998413
93085043.0948601067 707658.8105468750
93172782.7968352288 707677.8417968750
90522300.1166747808 651092.3885955811
90814436.5039552152 656452.4839324951
92002849.8107700646 697363.7816162109
93629925.2948691398 708399.0825195312
90871022.4252397120 656736.8652801514
92402297.4925042391 703938.2558593750
90184766.2088008523 640390.8012267351
87661730.8085096478 442862.6936977301
87648026.1476747245 440716.3318498135
90777376.8448449224 655583.1257476807
88281578.5939851105 536635.3327282667
94269827.7412243485 709197.2514648438
101082296.4901764393 709755.4985351562
88446801.6389754266 551300.5404771566
90417374.8450334966 649209.7346153259
100995672.2430035472 709749.4833984375
90660763.4170863777 654497.7860298157
90601949.8212671578 652693.6565437317
88373251.1415939927 543962.7275128365
89441283.7649527192 604608.0199947357
93494448.4683452547 708168.6938476562
90412481.1426981241 649177.1157951355
89627460.9858533293 618152.4785633087
93401520.0473586321 708053.5043945312
89637609.8021145165 618432.8923778534
92222150.3680606484 701968.6811523438
94078354.6761011630 709011.0151367188
94233813.6081060320 709192.2285156250
95115905.8260990977 709534.0708007812
88801862.4984107614 574281.2465500832
93580087.2750331908 708396.1767578125
89498304.0165138692 611072.0755710602
90202027.2965772748 641004.0380774736
93502409.0081195533 708174.1987304688
87764947.6425360292 465561.3383396864
93718448.7988196462 708478.6352539062
93510429.4215672761 708375.9155273438
88944856.5419505239 581553.7931270599
95407967.5453038514 709587.5839843750
93251981.8028036803 707695.8950195312
88421491.7708192170 545117.5038398504
93660153.5495965779 708420.5947265625
93221726.0919416994 707682.5805664062
93457652.3773894608 708147.6875000000
92488898.9225075543 704517.0610351562
89585758.0128205717 612203.6066150665
89033282.2131966799 588263.8149471283
91466471.9262349457 680494.5272216797
89578270.5711785108 611987.0856533051
92880650.1305430084 706875.8076171875
87645174.7160552144 440134.6670758519
92636888.4396127611 706019.7856445312
93309963.0528875440 707964.2856445312
93257973.7440174967 707959.9238281250
91365505.3410024196 679647.1677246094
93859478.4760035276 708743.1625976562
90047377.0299129188 634052.9662657976
92227146.4530370533 702605.6000976562
87621319.0005272031 433874.0001323614
87795459.1952187866 466041.7210917473
89318021.4016125202 603924.6800246239
92847264.8544147462 706660.7509765625
88352152.7623943239 543675.4812921286
88175944.4613489360 521689.2755637765
87734156.8925242275 457804.2414720058
87752649.4907671958 458637.9731621537
87695857.3148334473 449881.3535071015
88721024.2994927019 567899.7108936310
89675223.6214337796 618949.3086471558
89647778.4016882181 618585.3031978607
93990921.5053022206 708966.0073242188
92023262.9272794127 697457.2496337891
89596072.3872989267 612225.5372753143
89453911.5342277437 610827.7524166107
91918137.3707774580 695311.9077148438
90127355.2733870298 635069.1098204851
87652751.8861410916 441132.3486758471
87624220.9290475845 435105.1429164801
88150534.9511423558 520765.1253527403
90186925.4649325311 640725.1356993914
87696410.5791320205 456089.1464483738
89452468.9640458077 610260.8054866791
92461038.1297669560 704242.9799804688
91969025.7504992634 697325.7381591797
87635707.2241948247 435344.8845165167
88475315.4556031525 551517.8292722702
92023587.7791218609 697866.3494873047
92686194.1804487705 706233.1469726562
91733293.2567810714 689899.2822418213
92969858.5604898334 707140.4882812500
94186982.6837176234 709022.0039062500
95331238.4367620945 709554.5742187500
90274627.8667630106 642822.0403137207
97499552.5537795126 709729.4101562500
92076965.8686208278 697965.3818359375
87740626.1534710824 457828.8286416531
91958817.6211898923 696274.6900024414
92197909.0059171319 701423.4604492188
88692521.8557786047 566718.2771511078
92300034.6102055907 703252.7226562500
95006720.4158974737 709527.0068359375
91953923.9188545197 696268.7632293701
87704646.4582542330 457638.3500115871
90182646.8765688986 635386.5044318438
92307129.6549362391 703436.6879882812
94027871.0672856569 708974.2314453125
88446040.7174396366 545321.9099719524
97792551.3735977560 709745.1098632812
90177061.9388270527 635294.3698645830
88784066.1586691141 574094.2319698334
95348546.7185373306 709576.4765625000
92133497.3521169722 698750.9013671875
89371481.5697800517 604506.8819700480
92946282.8558940291 706916.2714843750
90380841.7375124544 642835.6473121643
91741912.5940161943 690426.3724365234
92078935.3234943748 698210.2900390625
92303617.8451784849 703282.6713867188
90044727.3581440002 633937.5327335596
92202645.9892103672 701860.8081054688
92257823.9141002297 703223.3266601562
92590735.5203404725 705395.2011718750
96948242.2302128971 709698.4169921875
90108209.5294832289 634988.4075080156
93793988.6447522044 708668.8203125000
90405596.9168888032 646205.9943733215
90411957.4547498822 647299.2927436829
92781320.9076143503 706337.8886718750
89385036.5748754442 604547.9243221283
97273165.6467297375 709725.5678710938
90200480.4700279236 640925.4396125078
93787037.9893622249 708652.9506835938
94598086.6088787317 709395.1625976562
91478400.1722358167 681099.6230468750
88805251.1723426431 574870.5461406708
93906789.7089931816 708786.8710937500
92561153.7123430371 704753.0527343750
92721698.3498225808 706298.8300781250
94908534.6567298770 709448.4003906250
88546502.7472036332 552932.3800364733
91839763.8580424190 692615.2587890625
91620650.5063832998 686453.1274414062
89880999.0820603371 625637.5966854095
94341099.8669981360 709211.7773437500
88455594.9821306169 551337.0746297836
94453329.2262370884 709314.0170898438
94915847.2219247371 709489.4511718750
93024508.4662056863 707157.4985351562
92129891.9566266388 698439.0610351562
89937669.5009535998 626086.2310009003
90001974.5274905562 632998.5263423920
92567342.3072717339 704811.4238281250
87682125.7296173573 449667.9146287441
89814303.9642238915 625124.0619831085
89741178.7675829977 619267.7321910858
91747781.4283931404 690695.7928466797
89975124.2721060514 626981.9626159668
91802632.2652059793 692100.2724609375
88443056.1969040483 545159.5110789537
89892173.6458462328 625907.8049850464
89832963.4190348983 625546.9061508179
87932843.6108263284 492975.3569546938
91336887.2958249003 679132.4719238281
89730142.7180533707 619092.2097911835
88902968.7893678993 581497.8561153412
93023176.8112361282 707154.8520507812
94231216.4950897396 709164.4096679688
91689168.0297002941 686469.2009277344
89768149.8827660084 619396.1580524445
94640837.4753442556 709404.9243164062
91702840.4391786605 686589.3001708984
94581416.6485777348 709393.8168945312
95000744.8450438380 709517.3007812500
87669473.6470724791 443307.7401348501
94760673.0324460417 709439.4243164062
89926498.5934742689 625960.8357639313
91519073.6074573249 683744.1058349609
91336205.4275035858 678082.8408203125
91544832.5490126014 685809.8553466797
91725598.2426181436 689695.2967529297
91763945.9006717205 691971.9866943359
92303292.4904293716 703261.3701171875
94317238.8703759164 709210.4213867188
88527329.3002534658 552110.3761358261
87833102.9405843019 476783.1229822636
94094302.8950968534 709013.2744140625
94675775.4093269408 709415.2138671875
87881105.9730972499 484985.7978144884
94547687.9869863093 709335.4140625000
87821323.5807645619 473002.6848444790
89485859.7270704210 610868.0591354370
88966527.3001669347 582970.8752422333
87747330.8425850868 458598.9494412541
94433435.1347223967 709277.2993164062
93831198.1810744554 708684.0410156250
88471104.4341966063 551370.1374509335
88712062.5854124278 567809.6963787079
89317244.3929998875 603158.2831821442
89302794.9290442616 603138.6879634857
91449547.9307342619 680315.0527648926
87728102.6551843435 457666.9372575283
91021316.3275351077 665385.4284973145
89167328.8245928884 595789.6433048248
91386450.1985273361 679666.8034362793
90994329.4955676496 665378.9064331055
89068913.2081142962 589557.0741424561
96731994.8328026086 709675.7504882812
89001325.6882804334 583334.8806915283
88236946.8783199787 529511.4944243431
91248739.9497691393 673451.6089935303
91024330.7234679759 665682.7221069336
96264648.2106871903 709602.5258789062
88274177.6076224893 535544.0677957535
89152879.3606372625 595770.0480861664
88105037.1303413808 514687.5801820755
88528754.4322591871 552839.8177976608
87758778.1989931166 464694.9650127888
93824122.1608683318 708674.4609375000
96306858.9067925513 709637.7705078125
91134634.5779940188 667260.5620422363
89157411.7380224615 595775.0129051208
93842423.3130628318 708686.6875000000
96539381.5717974603 709647.5698242188
87807863.1675774753 470828.9961820543
89197951.2878132612 596826.0148429871
89236616.2758764923 597472.8283805847
91262913.7364927083 673514.8606872559
89266893.4817577600 597694.8895072937
91242197.7193156779 673112.4430236816
91111291.6742562056 667021.9751510620
90978487.1404851675 658587.7041320801
88216139.2989403307 528523.2841424942
89295796.7498001009 597699.0940666199
93063644.3193176389 707206.1713867188
88767562.3613800108 568535.9410381317
88188943.8458070159 522109.3770837784
89299919.1329909414 597817.0721282959
91140937.3985690773 667866.0390930176
89177505.2763026953 596524.2175331116
89224059.2657134533 596830.8852963448
91066835.4762602001 666435.0596008301
91271938.4884755015 673938.3858642578
91086972.2221219987 666827.2512512207
88571738.8367119133 559299.4108932018
88334437.5248117298 537824.0335544199
87813920.4407072067 471531.4397496581
89116190.7025892287 590339.0111236572
88156535.0345870405 520791.5355997086
89034912.1915083379 589094.5456581116
91195452.9204267263 672866.6113586426
88225033.9633665234 528707.7615649700
88517797.0342010856 551864.1645116806
91161451.9038207680 671606.4347496033
88756727.0344009697 568290.3811435699
87897848.5105053037 485496.6717355251
89087712.6096351594 590293.2101669312
88859246.8770010322 576002.4768829346
87930637.4253357798 491843.3433730006
88947756.6562262923 582942.6956329346
88876566.2310312390 576595.5345783234
88827673.2341169119 575515.1217708588
88807227.2226063460 575213.3244609833
87876864.6384509951 484445.0864675045
88647848.3006494492 559737.2035428286
88390704.3507252038 544755.2622556686
88323299.8590935916 537044.2437261343
88584676.7233754694 559388.5162698030
88643785.9176850617 559632.2242280245
88602921.4300987124 559603.9600754976
88667502.0610056967 560711.6544953585
88599126.1873310953 559408.1114884615
88144882.1309494525 520763.2714471817
88181478.6820695996 521729.6809131205
87927499.6404987127 486271.6033139527
87902701.0401462615 486143.1580478549
88299940.2767004520 536878.8142226934
87844477.2463245988 477739.7869676948
87867491.2780532688 480110.1911893040
87861279.9132085145 479288.9905309081
88010311.3451341838 499274.7326766849
88256557.8655719310 529614.9205155224
88247666.9755098671 529612.6470780224
88024278.9603052586 500050.0738351941
88055134.0949952602 506769.8136841655
87929121.7117397338 486469.1540746093
88207237.6236248612 528520.8222284317
87985854.4227150977 499006.3634384871
87984789.5765920430 498755.7020370364
88194973.8118627518 522300.1265662909
88065823.5607675016 506977.7738183588
88069801.0978478789 507124.6803154796
88044848.2859428674 500928.4760761559
88087037.7920043468 508896.8707968891
88128083.3786853105 515106.1669217050
88084159.7672557831 508684.7384983599
