522369000.3216978908 285303.7319086343
523018043.8498794436 332856.7981061731
526993829.2263485193 535651.8415605351
526587433.7166359425 518966.5904195481
532191809.7005492449 682549.8113757399
528192700.6331517100 579032.8346943185
522094682.3800706863 261770.0672704600
522406092.5341496468 288607.6403516084
528187188.9410692453 576168.6837236211
529781364.3878325820 625114.3654870316
529816220.3320224285 627043.3969131038
530884187.1615615487 649948.7652464610
522002262.1736868620 252061.5677502418
522338131.8704561591 283822.0653207565
524093896.5373197794 392206.0668683052
522668396.2373407483 309520.0255044252
523424238.1648822427 358172.9735702670
523147763.9489418268 339251.3332234174
523684173.7275630832 371718.5756713673
530148590.6002857089 636784.4186416194
527111816.9655508399 541800.6807483956
531949782.3295556307 676140.3454990116
534552196.2149301767 742773.7591904236
522028690.4005565643 253139.8743908668
524187939.8831603527 397535.7302772328
540682852.6136488914 867493.2131786435
522584344.7696343064 305091.9552018791
529926641.9043952823 632244.7013564631
533124749.1640178561 695860.4491546255
522452511.2092446685 293021.3995562345
522677591.6400093436 311886.6132527143
522825165.5588208437 322278.4738953859
524062273.1164566875 390510.8030158803
522304599.5653455853 281107.9450398237
526064313.9905530214 497214.1059770808
533625972.7710483074 712770.9676344496
522635526.4340572357 308510.7120278627
528187871.2418279052 577105.2924579903
526014125.9541497827 495151.6227133297
525771368.3739237189 482899.2680802867
524646492.4533611536 423421.9684313559
529391213.8967954516 617587.8545007035
522327693.1226705909 282544.1024106890
522495702.9989288449 297313.7373705655
524170302.0883933306 396346.0661105476
526330370.6992434263 504503.3802313232
526074419.8442296982 498642.0008871579
526084591.9432637691 498642.8136262917
529156021.1427115798 611129.1418542191
529218406.7335668206 611757.8459557816
528144106.6713747382 575994.5564042851
523911545.6560572982 383522.1029984280
529135115.0462386012 610711.1691824719
531915101.6563133597 675349.5778588977
540378381.3522696495 861791.3968876600
540241162.6488395929 859667.7972782850
522152250.4915349483 267694.6977398659
524939542.6337615252 433867.9257513806
524797682.3783734441 429751.6271227621
523336924.1142249107 350484.5027498291
536811197.9181910157 790453.0090852380
522210048.3722620010 270772.7430432106
524129030.6030275226 394244.5839468762
526382220.5701806545 507671.0736481473
524406389.5743581057 410104.5049483106
525844382.9990320206 484200.6339583918
532100397.6211679578 679334.8109034178
523817629.7114776373 378412.6798800789
527811705.4444590807 564769.8509607837
527639073.9883670211 558117.0219926164
522987309.9630353451 331723.4577650041
531203006.2706303596 661178.0420907763
546763564.4744839668 962707.7518688962
522950661.6684699059 328103.6431516022
525914297.9321020246 490884.4501059079
531144213.5362752080 658184.5085631114
537447113.3979519606 808011.4813190264
539587690.1217778921 850045.8695458932
523755117.9633893371 375090.6781613156
525748061.9490172267 481471.3759904429
528726158.7531325221 593079.6511582658
533213785.7815583944 701527.0452711683
528294868.9576722980 581088.2126850411
523268458.3540778160 346793.9387131482
524823697.1138904691 430028.6792362258
524005175.2536773086 388284.9118136726
523976261.3623818755 385222.3560058400
525902999.7720890045 488731.8636079356
539115911.3155748844 837060.8041387973
529986140.2593386769 634997.5999378487
523758417.0461561680 376152.5516592786
526694469.5677382946 521588.2313700393
539592814.2483768463 850666.6273990435
523219870.2532770634 343560.4842180312
524591287.3299466968 419941.6981248222
528782192.9489368200 599757.9230399653
533334829.5874601007 708426.9202711683
587021572.4755829573 1430249.0098266602
555620407.0047736168 1095235.3193238901
541704081.6661947966 881463.5574415651
541460133.1736686230 880678.6751173463
565719939.1701798439 1246230.9573611021
524037048.4634507895 388752.7550213654
559711555.7560129166 1109119.0931552034
540525126.3448989391 863995.6507641599
530939001.7490008473 655621.5922728282
534010371.6552392244 728462.8362356201
526535497.3516564369 517725.6625197455
527333620.9169353843 549697.8314295337
546755363.8936680555 961971.8150288388
549725237.9524302483 1010551.9137158990
552897491.3630602360 1051316.2833202104
524533882.5378292203 417573.0176050980
536623517.7356483936 783727.7283313423
524885750.3682852983 433548.9572836086
525035366.2515473962 441364.7810159847
533302770.5641623735 704959.0828688246
534660120.4774528742 748154.4081367850
533180033.8631011844 701056.3748610121
551944595.0069410801 1037358.0169882178
535571111.8153523207 769614.3515571952
524193054.1536542177 398276.4074976761
530295154.5435932875 640414.9304789901
537253502.5229129791 806897.8077607751
524109411.8903458714 394101.8442042191
524890909.9945878983 433607.2302347347
523986483.5234184265 386458.2267687637
586667737.8993344307 1426584.9829101562
523375318.3304247260 352882.8795309886
546083473.0827769041 955726.4410274625
527448106.3151890039 552969.6769639775
535872054.0501377583 777600.0515769124
572913749.2513628006 1315393.9502153397
572354962.5025466681 1307486.7439951897
534847209.1904476285 750756.7097267210
534402874.5685784221 740396.8456780985
552556282.9739294052 1048318.4118309468
534914887.2802419662 756052.9346384499
525366039.3540102243 462980.6857305095
539038031.3580157757 834872.8532610536
538723328.7803485394 829481.5974016786
540804777.3427685499 871477.8184811398
527713470.6286334991 563412.8180284426
527568938.2692593336 557417.5970293805
545963206.6767634153 952302.8823962808
555386457.0666263103 1089081.8020175081
537699495.5163789988 812526.4682047367
534119619.9642996192 732992.1851280630
586944693.3868727684 1427932.7703247070
535467051.3426947594 767948.3717363179
525506372.3329409361 469989.0573805571
551208551.6370875835 1032152.9431888610
523522695.4366721511 363389.0250475723
553671640.6744689941 1063176.7658634773
530549217.0914655924 649279.6031155586
530304933.1298228502 641493.9414851665
579241586.3380119801 1339372.1262090430
522922595.9567320943 324951.8078790903
535179744.2795389295 762198.7550370991
534892539.8951241374 752594.8937089741
538855779.2921377420 830973.5073245168
525370851.7826231122 463035.6767138073
529026886.1278157234 604923.8181700478
528477148.6500234604 586956.6636628876
539183918.6567224264 841886.4742457867
547983900.6141442060 989145.6679278016
570890289.3248168230 1274755.3198693991
525078884.5846199393 447911.0762029216
549967723.6395038366 1015026.1471250653
550079280.4471205473 1017725.1466367841
579602183.2700426579 1343885.6753023863
528200426.8398601413 579743.9821674153
555954919.2880760431 1097090.7097119670
553846917.6156561375 1067131.7012604615
532727064.5574004650 691999.7098419991
532382744.2769299746 688274.8785431710
546002504.6679056883 955154.4193894976
535084780.8845368624 760808.5585117638
585426177.4692082405 1415204.2164306641
537121843.2810447216 804315.3398957849
543293551.3102809191 905265.9705401063
538903556.7094985247 833513.9747320591
553801935.6738210917 1063540.5775269410
545662629.3448606730 948687.9623613954
526191750.4820315242 498926.3068188205
585795004.6255801916 1418382.9826660156
545562020.5000213385 945670.7941173613
536710998.1180984378 785449.8143830895
586616524.6334257126 1425739.2576293945
525511439.7292913795 470738.2365117595
528266805.9879581928 580272.4087037966
555285700.7080843449 1086390.3687899690
555325421.1212934256 1087773.8764463095
545201572.1466816664 935822.2031749785
528520888.6440090537 589677.6526945005
528297472.2823834419 582788.5411987077
537029177.0901575089 801102.7471223474
529870878.8465545177 628492.2413797975
526458459.5628839135 512975.4755822942
526576780.5105351806 517974.6614046022
536984694.7587655783 797777.0668021888
555193625.7720876932 1084633.2027743440
527899842.7985889912 568098.5113878176
527978162.4840713739 571969.3635377809
555125462.9888114929 1084237.2635653596
586133664.0446135998 1425705.6884155273
552025564.5036987066 1042286.6747592986
524194791.3778067827 398386.0926107320
525411611.7072439194 466471.0639043376
555518882.2652933598 1092532.3898506146
537728307.0304548740 814359.9981359640
540223483.6895552874 858146.1852337644
531600823.9764145017 671429.0415722457
583101493.5987604856 1396638.9901733398
526379521.7944866419 507065.7891409919
526230338.4135222435 503289.0164359137
557058234.9564838409 1101555.1642971504
526621146.6231589317 521078.6437120363
545214621.5383580923 936548.6469005644
545483422.4615793228 943876.9453624785
533910524.9428576827 726782.9934690297
533713497.1698935032 719025.2457734048
538685269.6833420992 826326.9012888372
540567239.6842492819 866750.4650806487
550224814.8180019855 1022596.8204038739
549917023.5768132210 1014821.4098203778
526410034.4868407845 508203.9620752260
540113994.7817156315 857479.6233611405
552282701.3949382305 1047454.0200519860
526890091.6417601705 531733.4576768801
538212334.8506979942 823091.9693190256
537837320.7085798979 815334.4185377756
554044393.8384147882 1071938.2380036255
540790577.6788777113 868633.0778424069
582472191.7457363605 1381860.9904785156
582532683.2607570887 1384290.1313476562
550849834.9865226746 1031206.6560493540
550537232.2596524954 1025490.9476551116
539817373.4673908949 856413.2796350718
539425945.4255493879 848526.2956262827
580754425.1450655460 1367078.0571365356
580840541.2710886002 1371885.1858100891
525386323.8914774060 463426.1777654216
525447619.5313493013 466917.0388468429
545337886.4662755728 939237.2087817118
532213604.3017700911 685814.0594513741
547438444.0877313614 973604.1761777997
536546821.2017760873 781266.0658979884
547977571.4830785990 985876.3547666669
547524414.6876478195 979227.6648252606
529663006.2630841136 625104.6632487774
547370942.7281820774 968329.1484906003
544545564.9104015827 927271.2904878855
544493879.0464409590 925647.9466234446
527663621.9989941716 558822.0335538755
554947676.7868789434 1080830.4250113210
554463434.5559242964 1075169.1084778449
548945898.5496764183 1002539.1947324872
531322114.6410483718 663641.1214980212
561650978.4589645863 1170158.6478287368
551485995.0728561878 1036255.6381382048
548800855.9156273603 992506.4819866940
557660712.6967476606 1107809.4884391082
557546917.9662686586 1105595.4342093719
545237134.6704356670 937841.8702382147
585801506.6305189133 1423614.5502929688
546641640.8582015038 956248.2115361411
531428982.0825319886 667794.9542167512
585703204.2519196272 1417520.0534667969
543107653.7945470810 897248.1376060523
583727012.5492641926 1398790.1123657227
553300276.7327096462 1051944.7559480085
531257273.6335378289 661327.1544120637
582811118.6191358566 1390540.5670776367
547805987.3791857958 979674.9274556000
582676026.2354736328 1384417.4942016602
548851608.5936658382 994360.9225727875
544323745.0455020666 915057.8785060942
539757834.8756693602 852648.3550350663
559989211.7735040188 1117272.7962342426
543972054.5296967030 912577.2683917880
542635214.9969340563 889688.6793598235
543763699.3114656210 905339.5021942258
584931543.9017834663 1408736.1751098633
547836377.6860362291 982196.6260679364
538619264.3510413170 824501.3058713657
577201219.6083959341 1337620.6890602112
560572480.7454055548 1150629.2042993936
584449564.5243895054 1406881.9915771484
537600336.6590031385 810448.9503370920
584132591.4744791985 1403514.9819335938
584383596.2168436050 1404032.1843872070
582166742.0539313555 1376928.7485961914
584353460.4260455370 1403848.4510498047
560539431.0675740242 1128465.2015815973
560213186.6663160324 1127964.8111202717
584384349.0283792019 1404060.0018310547
584281745.6936364174 1403598.6954345703
542587698.0591427088 885544.0651974082
564619947.1191930771 1195700.4333879347
