136582546.6796518564 288811.7140827477
137026874.8911947608 299467.2294694483
138411693.6682522297 341711.8942191601
138261958.9822707176 339133.5826961398
138419089.1669141650 342000.3156262636
141901171.5429594219 398703.0432128906
141970907.5791145861 399461.0158691406
142865223.0707215965 401420.1357421875
144649890.8438833356 403068.8933105469
145617972.4080129564 403532.6557617188
140440787.6860036552 383791.6640396118
141117036.0755433142 393524.2493896484
141020005.1406260133 393077.7003173828
141939663.2206362486 399451.6401367188
142490178.2570899725 400255.6140136719
143679157.9617231488 402560.6923828125
144314812.9568103850 403020.4616699219
145580321.7065623105 403514.1079101562
136437114.0480989814 284102.9245868027
140593561.2362079322 384884.1879348755
142224377.6908459365 400230.1025390625
144179385.3419787586 402926.2861328125
144058466.8053420186 402873.1103515625
145594146.5938657224 403519.1088867188
138300538.3615226746 340473.8723756075
141543802.9284928441 396396.9453125000
143861594.7924736738 402662.6484375000
144241131.2265481651 402969.9155273438
158827895.8799050152 408062.7460937500
144795030.5281886458 403204.7919921875
135889746.7616356909 232965.2667060727
140610739.0516513288 387525.4429092407
142504124.4457084835 400311.9843750000
143758467.0095903575 402624.5332031250
143984061.5058460832 402868.0473632812
145122211.6750639081 403221.2287597656
145340602.8857340217 403475.0031738281
145137708.7368517816 403436.5871582031
160502476.1232842505 408260.6000976562
141954496.5392503440 399456.2133789062
143869092.9849825799 402684.1975097656
136029376.3387991488 251080.4142822558
136498712.1864418387 284790.2721634209
136527792.7754940093 284937.0908947289
138277957.4972992539 339152.5715466738
138464969.6425511837 343019.6213641763
138256173.5148258507 338919.7800427675
140752980.9577450156 388104.7711791992
141750099.5276840329 398250.9482421875
142511830.5623921454 400332.4838867188
142720152.0890375972 401270.5163574219
143593298.1511174738 402356.3337402344
159694778.7147653103 408206.2690429688
136441782.3317134976 284710.4703216851
142087312.8767379522 399930.1198730469
142814262.1858500242 401364.4624023438
142903255.4039172828 401521.2998046875
142625186.0402297974 400513.0544433594
156538328.3304536939 407357.3349609375
135921618.8589068353 237064.4368104273
136069870.6508040428 258834.9006878072
136068619.8288705647 255298.0497127706
141736627.2561042309 398170.6086425781
142572080.9974260330 400358.8020019531
142832334.5039121211 401375.7099609375
156319649.3339215815 407271.0202636719
156862231.5068424940 407468.7055664062
158719433.2026802301 408005.5571289062
135995270.7870377302 247909.7114323908
138223867.3335196674 338884.0717908144
143712728.1976266503 402606.8608398438
157214404.3640586138 407631.0864257812
136019937.5617270172 248875.0646226639
135964813.1732183695 245092.8717189962
135942158.6407531202 244539.3117131526
141880458.6048911214 398398.3020019531
141744283.3187803626 398237.4436035156
142474596.7826418877 400250.4821777344
142189130.0681935549 400098.3911132812
142666593.1448388994 400535.9516601562
143613620.1324729323 402463.6562500000
135947889.5064788461 244876.3793483907
141219168.7064461708 394905.3963623047
142149781.9721750021 400083.4599609375
144508413.1349569261 403028.4260253906
136563520.4896071851 288472.0588900149
142068349.5371918082 399815.6098632812
142718616.9489691257 401085.2814941406
158048890.7233062387 407756.1437988281
158749954.0547645390 408025.9006347656
159143869.5476341546 408144.8239746094
142113090.6917487085 399982.6359863281
143532575.2492361367 402118.6574707031
143927190.8119121492 402731.1320800781
143832778.3091750145 402646.6899414062
159698580.1027150452 408225.9299316406
140746089.1905699074 388025.5526123047
141156280.7218256891 393881.0570068359
140951992.4936772585 392762.7640380859
142703857.7219972908 401026.6213378906
142915120.5684440136 401564.4416503906
136095004.5011182129 259173.4562755758
140968409.4437714219 392996.2567138672
142112223.1354812682 399966.2983398438
142050128.6540800035 399702.6252441406
140948103.8541831970 392251.6820068359
141764585.3660275340 398322.7927246094
142886080.7642675936 401512.7036132812
136057549.9888018072 251930.5889812643
140511853.2242858708 384314.9752807617
155777074.2088282406 407161.8286132812
136188126.0682751834 262812.8825400406
141183722.9676347375 394462.2430419922
141737223.7960928679 398221.9687500000
144147508.0226997733 402877.2299804688
143732561.8760275245 402616.0434570312
136104271.8111824691 259332.9155943925
136666768.7042504251 290967.2448425815
141208651.1437314749 394564.1905517578
138079823.7897611558 333377.3665791750
138351830.1544114649 340527.3174210787
140755983.0863212943 389298.1384582520
141281179.1876435578 395099.6160888672
142727808.1517137289 401309.0783691406
142687576.6176402271 400928.6389160156
159675331.0817928314 408154.1035156250
136909393.2434109449 299298.4099560305
138400000.2909231782 340789.0741735697
141402386.4151080251 395200.3214111328
142832976.0512804091 401376.8449707031
142783159.4909706414 401363.2651367188
136255615.1565136313 265914.0029344857
138114817.9283459485 334528.5929280519
156656709.9814296067 407449.2114257812
142007694.9136113226 399539.5554199219
142756847.9558901489 401360.8164062500
136178376.2762247324 262549.6524718339
140810673.6708318889 389804.6628112793
138203366.2562038600 336902.6638203859
141037024.0317994952 393501.7952880859
140922710.8621086776 392143.5916748047
138051070.4671035409 333242.5102559328
156320202.4990930259 407301.4243164062
159521752.3893986046 408150.3559570312
137643728.5417076945 299690.6098976657
136748720.0688779056 295053.9247093722
140590176.5875616372 384673.3610839844
141026360.8452498615 393182.3492431641
140964441.3562020659 392971.6134033203
136547945.1351945996 285396.1056674719
138141671.3962021768 335734.8145078421
138186750.0096990168 336713.3122501373
140872530.7148965001 391389.4157714844
138187479.3603654802 336814.1669942141
138143995.4085970521 336675.4353047609
160062085.0666276515 408230.5612792969
136741567.0586329699 292971.4179190397
140849242.3182326555 390396.7125244141
141863583.5577037036 398329.7910156250
142023971.6330226660 399545.9365234375
143559448.2376310527 402261.8696289062
157539125.4736581743 407700.1904296875
136535345.5937718153 285395.9809726477
156172554.0273649693 407247.1440429688
143318793.4552991092 401846.3242187500
138547638.3478288054 343926.7410722971
141723430.8533016741 397490.9956054688
138992895.4444564879 350525.0199025869
140743238.5960889161 388007.1156616211
140917702.2651165426 391538.8289794922
141698909.5726195574 397104.1311035156
143466699.1733692288 402056.0324707031
157891658.6051231623 407752.7285156250
140662893.9468734860 387976.4271850586
143125573.3705110252 401734.8452148438
156461459.4733216465 407350.7485351562
136424853.1516418755 278225.9054265786
136829340.9309777319 296517.5895308256
138831884.0736496449 348766.5468088388
156383467.3870516419 407343.6044921875
140864267.3303749561 391352.9820556641
156363484.3723298609 407330.3293457031
138214613.9750919342 336950.6116246581
138653999.2027165294 346365.7020257711
143252533.7604652941 401845.1132812500
143543730.4230341613 402158.2539062500
156550189.3092117906 407436.8786621094
157066500.6054221392 407553.0646972656
136197206.8602870703 265122.1598723466
138791240.2396565080 348644.8715333939
136158571.1117590368 262516.5306327576
136129149.8918384612 261020.0341225648
136798489.0347136855 295503.6030234098
143413040.5959133804 402019.5229492188
157773160.4608340561 407720.9682617188
136836081.9416637123 296593.0022662878
136841059.0145225227 296967.4985431433
138931844.1458988786 348968.0431467295
143073843.9166181087 401600.6723632812
157082866.3542970717 407578.3059082031
136319255.1238653064 268166.8997812569
143554973.0566279590 402164.1806640625
156733403.1298266649 407460.1520996094
136143961.3915312886 261116.9033301855
136678396.1791278422 291005.7704700232
157159846.9843350351 407579.1455078125
157359412.3455682397 407659.2810058594
136697302.9820072949 292862.6972278357
138844717.5260480046 348870.3448933959
143009820.8436247706 401598.1533203125
143325113.3972664177 402013.4370117188
143178128.4609693587 401840.0502929688
142962183.4363224506 401578.0065917969
156975399.3218251467 407492.3430175781
157550609.5719323456 407710.4248046875
136109036.4038800895 261012.1781498129
136650651.9587875903 289262.5180038214
138789931.9546006322 347048.3192437887
156878322.5403763950 407488.9450683594
157016500.4026308954 407498.4279785156
136609165.0782616735 288990.7664515078
157405835.0500847697 407679.6860351562
156747708.8872599602 407464.1931152344
157184157.8360478878 407580.7983398438
136492259.6151449382 284745.7761062384
138688888.3355576396 346553.0548089743
157036366.7087724805 407552.5146484375
157422135.7299976945 407680.8586425781
136416103.1064599752 275198.3442314565
141680809.6887407899 396792.0053710938
141706530.0054427385 397396.1984863281
141879233.7923335731 398367.1796875000
138027826.0362735391 329543.4288186431
138575735.0683428049 344719.1412347555
136420160.0005877018 276794.1903618276
138022354.1355779171 326510.9825341105
138616334.1686829329 345116.7735127807
138645386.6075407565 345202.9732198119
138902559.7938356400 348901.0767659545
138611681.4958258569 345098.2288350463
136398446.1076614261 272747.9750513583
136331959.0418983996 268521.7013053978
148463088.0675667822 403608.3798828125
136387378.6373804808 268661.3970317924
139457437.6997938156 357404.0938060284
139394194.2537292242 357062.9542118311
139487850.3936258256 359409.1807132959
148856037.5108845234 403648.1533203125
139771020.7666093409 363066.7119067907
139554212.6754650176 360502.3778821230
148901295.6420980394 403664.7980957031
149376797.2146114111 403742.2795410156
139597353.7394042611 360611.2734867334
139470464.4387616813 358576.1272770166
139624744.0507455468 360948.7891775966
139595429.4124950469 360510.7329593897
139124079.0581927001 351287.9120994806
139529367.8121505082 360482.9294925928
139436514.3069752753 357170.0960575342
140154302.9657859206 368405.4340626001
139715204.2431086004 362840.5668445826
139250367.0390880406 354699.4717851281
139335510.7189119458 355919.9871500134
139233453.6400712430 353379.2669502497
139835747.7256110609 364677.6107898951
139242042.3429414630 353743.0281425714
139198438.4274549186 353157.6473518610
139346789.6181850135 356883.0806766748
139179899.0013680756 353065.0267158747
139823367.2077139020 364649.3668934107
140164306.2177307606 368678.7643848658
140000010.9370148778 366995.6821665168
140034265.4822442830 368246.6174122095
140018975.7047410011 367137.3381458521
139823739.5502873659 364664.9689441919
140058461.4857316315 368379.8848139048
139940139.2918713689 366230.5525776148
139875440.8354865611 365233.5726021528
140026014.7486149073 367597.8341175318
139915694.2397325933 366004.5127437115
139671529.7804678977 362372.6336017847
139776376.8780042529 364457.1137195826
140399860.6820388734 370370.2512168884
140360466.2182945907 370203.0478477478
