791665122.6319073439 178521.4946646541
791946827.0333547592 179008.5722096445
792975138.3821821213 182066.9249150604
804915282.0262397528 211805.5089844130
804835300.2994391918 211673.3962829970
804746290.9898747206 211455.5537231825
827114217.0281573534 256565.4575004578
832422497.2896734476 264181.4579010010
832469000.1588183641 264519.4103698730
832790596.7657425404 265233.6293334961
843524416.9886718988 273848.0092773438
775068487.1685503721 114687.6313364688
781681055.4690010548 143279.6370830560
858481755.6166311502 279584.4907836914
775077967.0203610659 114716.8827097598
827225118.5914069414 256673.1777954102
833178438.7719120979 265750.9185791016
847366621.2422599792 276123.0013427734
770176992.1643495560 88873.5873035157
794741750.2998150587 186578.6784229763
804587197.5222945213 211148.6545532607
767920141.7371617556 69499.7864227049
827484661.1019738913 257111.5268249512
833650569.5829294920 266127.9878234863
858209818.0702677965 279365.1408691406
765939397.9281247854 44657.2958136203
766322166.2255733013 51533.9773920316
770338511.5536512136 89814.3382724488
846710384.9490482807 275918.2089233398
770582304.2850073576 91504.8960938567
793110499.3805508614 182638.6888359189
765729706.7689635754 40430.5550344139
767836855.5892999172 68719.1065576315
770389526.8786021471 90592.9665284270
792809508.9886010885 182000.5334854126
857829288.9039181471 278786.6525917053
767778537.6458638906 68576.9917859226
770324004.0440555811 89754.3855232561
775269667.9087232351 115824.4243967715
793055514.9524790049 182288.3172303736
794198905.6017544270 185568.5403329879
770221336.5390020609 89671.6455234253
765836021.8666926622 43895.8080271981
770028633.0875025988 88212.4980624878
770093250.0652364492 88759.7159579956
767773567.7130616903 67732.7916290626
792429854.2462053299 180669.2957085595
765745199.6363345385 41917.3582845225
774942099.1733049154 113953.3553189331
791715485.4916580915 178674.8429486603
804269763.5922212601 210404.8381421771
843696102.2707906961 273959.4210357666
765763764.4881024361 42961.4550324457
827355110.2048543692 256931.5861511230
828065581.8977274895 258172.5311431885
847221285.6027810574 276069.6920776367
846890154.2481464148 276022.8171997070
791662525.1852675676 178395.1843182892
828040693.3630497456 258145.5653228760
846577118.9974945784 275847.9392700195
781570429.3932290077 143157.1845684075
781747062.8399963379 143905.2682996174
794160918.6590889692 185313.5575862140
803644128.3707573414 208602.3379357718
827022436.0561903715 256087.2298736572
803473572.8424715996 208287.5640405081
767663095.9937835932 67732.4533130001
775108200.3849610090 115299.5079691592
792586770.4537707567 181274.8923556656
803650269.4076182842 208956.0572656058
780406018.0976397991 139180.4949381899
766087294.6337395906 48087.2302972334
767531777.0598313808 65226.2633049916
833252343.7542995214 265761.2534790039
846061624.7387706041 275638.4013977051
827235868.7026523352 256724.3986206055
832914919.8131607771 265375.2570190430
791607172.1142520905 178171.3864972442
781201865.6010516882 141461.6821002202
767616182.7644232512 66858.3731201698
791644638.5151852369 178237.6318356842
843788810.5438208580 274045.2194213867
766093764.8100557327 48511.0696408129
780740827.4238955975 140250.9499896120
843924001.8166471720 274181.8556518555
775529246.4977563620 116896.7260194618
794302755.1620711088 185862.4606821090
794097599.0273466110 185275.0424997360
767610039.3089767694 66228.1065642069
791610053.5237584114 178219.5006635040
803301469.4416350126 207601.8935387991
833170067.2479937077 265642.5494995117
833419718.0668752193 265869.9947509766
765887330.7946157455 44176.6786963070
766009050.5806598663 45111.8680439261
791761409.5293011665 178920.6387821515
793986903.8645397425 185094.7658578902
843843257.7120072842 274132.2918090820
832552339.1747509241 264872.1590576172
845472469.0709394217 275199.4758911133
827840645.2614246607 257783.7228088379
803417555.8489824533 208151.3213427924
775811946.6620928049 117633.3982295996
780820886.7462823391 140549.7525347905
793815843.1623711586 184596.9911386520
845401294.8743208647 275066.8537597656
766040649.5668718815 46800.0722131679
793569005.7107328176 183852.4220638722
793659403.1195363998 184085.0543195372
827412804.5674985647 256945.2487487793
803186374.3459478617 207441.0013659857
803225521.9840371609 207591.6578355692
780209418.3169040680 137662.3513343881
774915585.0836075544 113529.1742237887
845712989.5597316027 275434.6212768555
769939329.7475334406 84420.4614184222
780229997.9389932156 137961.5170624803
780140756.5374305248 137439.4552389118
774761367.4406589270 112169.3345460993
774649359.6398121119 112006.6121586642
829251876.9411302805 259719.6297454834
780027274.4206116199 136753.9417630758
829125074.7945128679 259536.5246124268
774778329.7592612505 112821.0745076022
845630421.9677278996 275358.6517639160
767310388.3343998194 62551.9346222920
767234341.5678161383 61747.9843659443
845838857.3323453665 275485.9148559570
803061988.9181485176 207000.4981447123
767253409.0770339966 61754.1538548512
767141814.0253446102 60494.4045929951
767153781.6744824648 60836.0548005147
792001563.7847185135 179541.4300153106
774598620.7410359383 111064.7555735024
780133711.9373166561 137434.1912004079
828846095.5352530479 259010.8515777588
779644650.7343885899 134689.9218931444
803086033.5955946445 207134.2939134501
803061223.4657490253 206868.4534693621
773391257.5483887196 104635.2939283983
767095501.3325854540 59363.9779551871
828905126.1823078394 259103.3615875244
792089749.5538295507 179754.9054930806
837263177.0313374996 268164.9589538574
774224786.5392856598 109272.0079816791
774076412.7539730072 108369.7191480609
774261974.9332449436 109333.7051779056
774136216.3720930815 108442.7835428181
792903978.7081726789 182016.6775281280
774171974.6297628880 108731.6531232806
792302493.5671932697 180441.3803479522
766668257.6514232159 51795.6144744599
766626680.0852068663 51762.0117484772
766699272.0340495110 52627.6123954499
766713083.7100594044 53547.3186332429
766900717.9002472162 56352.5104289682
766754571.7659244537 54452.3075305665
766841322.9004137516 55607.6722003663
769695518.5071848631 81500.3390663826
829199232.0460020304 259590.0763092041
779769007.5892763138 135717.9374952562
826121581.5795335770 253666.6290283203
826285162.4763610363 253900.2757568359
766929442.5905189514 57137.4681419259
826460346.3859596252 254323.5097961426
830483195.9553190470 261348.0747528076
826276250.7633652687 253867.8005676270
830488886.5315274000 261445.2617034912
826396771.9105265141 254153.0860290527
769773185.8787046671 82163.8684416414
769753409.9067233801 82079.7680331135
826351244.6616816521 253975.7351074219
836719986.0479712486 267794.0142822266
802720817.8062752485 205894.6868760288
831544588.4613572359 262701.8501129150
831223524.9673305750 262372.6575469971
831073123.9644379616 262104.7705230713
802266526.1590957642 204718.5655376017
802318873.6482304335 204919.8433696330
830729175.5741945505 261641.2051849365
801735970.3604067564 203535.1000738172
773250841.2936780453 103741.2178225950
857531977.6153523922 278035.0947570801
769636428.3369244337 79564.2804098358
773258379.3632335663 103753.6493640379
772960556.9309377670 102002.9614867386
772944911.2404470444 102001.7205504593
829990457.1732035875 260456.1017608643
830088827.9982458353 260734.6621246338
769578811.6806831360 78809.5176607038
769620097.1082147360 79461.1746893158
801441676.3222454786 202124.5866103208
801452256.7306029797 202194.0501112973
836699579.9795414209 267709.3159484863
778625182.9637775421 129428.1969463512
801184823.2800257206 201442.0677332169
825805486.6404485703 252670.6868515015
825637315.2734377384 252398.1338710785
836567230.3185839653 267533.2054748535
836488861.0101876259 267417.4450378418
842498953.8983826637 272474.2091979980
836457941.7812962532 267417.3335266113
799603000.2811614275 197683.5735648908
778446835.1362626553 128445.4322526738
842521635.1394767761 272626.0204162598
836282677.2163687944 267153.5031433105
836023228.0062072277 266794.1338806152
778599730.9380559921 129269.0889895469
778668343.5373032093 129563.7289293095
799336063.6194266081 197058.4339861311
800800988.6724454165 200403.8898560540
800586754.4640423059 199844.7062317864
778469867.8940579891 128494.6945791427
800214871.0142871141 198825.9989791736
799042963.0999152660 196114.5591832441
772571833.4838683605 98186.9325761290
772723589.4134612083 99129.2445268126
798710701.5085277557 195308.2082077679
777996345.0386426449 125796.8857264851
798580607.6060280800 194889.5478181918
798477251.9336458445 194725.9114548382
798427363.2603248358 194667.4787766155
778094036.9800894260 126612.0729899738
797908136.6762559414 193203.0430914503
772321183.9079027176 95877.6324204893
772429759.7306199074 96696.4336054216
772302930.5513057709 95684.0892908464
790930890.3267629147 173238.4743659273
790392117.5326921940 171309.8811659184
772023578.7885987759 93553.0727254142
777893700.5121209621 124749.8525470877
771846544.2330017090 91937.1276116184
797128410.3528306484 191257.4983678949
791372521.2594678402 174867.0096332100
772128065.5343198776 94168.9532662620
857161796.5625671148 277934.4627685547
842848059.7245764732 272859.9069519043
772139356.6479115486 94536.3527718772
790887155.7432951927 172937.4263982144
790921094.5686595440 172986.9742650357
796547563.6248749495 189442.1931486842
857324863.7836146355 277957.5850219727
796230080.0517987013 188584.5449651000
795765177.6308166981 187262.1001627561
796310742.5770233870 188848.7923100707
796056866.7637450695 188001.6063359496
796002798.5066419840 187631.4828104195
777667480.0503792763 123052.7589770826
777387098.0297687054 121793.4061437855
777506477.4256248474 122503.2192541370
795945970.7726320028 187432.5181496408
791095240.0279070139 173834.7038106290
777112743.2499961853 119686.3798001381
777098094.6113872528 119243.3245067904
777083569.2523729801 118627.0930614779
777141259.5463452339 119691.2194336215
777017518.4493048191 118621.9464168856
856899925.8864361048 277124.9133911133
856750722.0105803013 277075.5198974609
790280344.1465785503 169534.2963281125
790228667.0764607191 169269.3447633237
784232985.2623980045 144285.2815976674
856483602.6419626474 276658.3558349609
841373098.6831846237 270341.1695709229
841278031.0340579748 270299.2237396240
841156204.6338777542 270184.1684875488
841081880.0799049139 269789.5208129883
841564071.9796656370 270716.1087341309
841437480.8258047104 270448.2902221680
841153027.0263499022 269905.8428497314
785030946.6804430485 146785.3812684193
784807981.9351567030 145607.6476563588
784823915.8844417334 146115.8119668141
784607661.7079067230 145168.5590327887
841018383.8610768318 269210.7733535767
840982866.4756660461 269079.2673950195
785240421.8140965700 147203.0259490890
785042651.2262543440 146830.7989009528
785510171.2439919710 147777.2771699338
785088165.7337980270 146894.9075435309
790020528.0782597065 163180.5748878434
789908424.6101458073 162950.6679533586
789988294.9299426079 163133.5252874955
789781253.3033721447 162550.6557880953
789899242.8581180573 162749.3993223771
788561380.3549522161 157436.2997398317
788582514.0930135250 157923.0193710267
788519536.5828243494 157318.2857408464
786920110.4685803652 152137.8470429420
787559135.6491072178 154462.9377452075
787305014.5482541323 153491.7265559375
786998902.2401311398 152208.3733302295
787359455.6469180584 153638.1536952197
787336657.9184709787 153631.3853846729
786710808.3835022449 151353.0184265315
825462098.9926201105 213073.7820595503
825173431.9725350142 212447.8613442183
824894304.9085460901 211991.9059265852
824990904.3080042601 212183.6196640730
