859269723.6146557331 1552761.4105830751
889931152.4016696215 2321637.7693802943
928294908.4999784231 2796605.4928586483
967376156.2983525991 3050826.6694335938
967458599.1273005009 3051701.9755859375
967589227.4190037251 3052151.3037109375
968841301.4896221161 3059186.6096191406
976947367.5817337036 3075655.4846191406
847464875.6085518599 843960.9234276850
847423464.2069276571 838001.2869615991
847612607.8648260832 873368.7979597513
852204756.9709957838 1169218.1359902057
888876590.9750304222 2302606.1591553246
892247089.5269405842 2357062.4294228111
922697042.2741197348 2731678.4871970713
927591324.8848062754 2789527.7279956341
928018054.3870664835 2793420.5351245403
888887937.5028188229 2302975.7977051293
888840050.0139167309 2301877.2401794945
893086985.0760085583 2364906.5327553307
893297926.1739830971 2366398.0024539516
852184616.3818284273 1169196.4241680945
888812886.3655079603 2300417.6305985008
892965229.9409604073 2364774.0119423424
892562001.2497138977 2363525.1630653893
892270210.6129598618 2358800.0632118736
928962923.3754695654 2798763.7059881687
847455511.6337240934 843537.4689361890
858992781.7776877880 1550814.0070186220
859304026.1818447113 1557731.5845231377
859366120.1281478405 1561405.5494014584
866525015.0945924520 1765409.8138404442
866771520.4915241003 1774406.7355809915
892530168.2726516724 2362465.3002724205
922414392.6717447042 2723580.0306097567
927810052.4816458225 2792043.7311398983
969236901.4771544933 3060440.6269531250
976064796.1771583557 3074386.2719726562
866699249.1376301050 1772747.5949090458
866585918.3517502546 1765996.8400872685
866873694.7570132017 1777503.3836663701
866276474.4641164541 1758400.8156617619
866611190.5875583887 1771808.4412835576
889017042.9051320553 2306985.7792725121
892673312.0133496523 2364760.7338968464
892267017.7330782413 2357969.4328407799
968615967.8714324236 3058621.0676269531
976337391.1927822828 3074904.9140625000
859494147.2701680660 1565844.3739508949
859336092.3975863457 1560330.3702998720
968177722.7632992268 3054489.6184082031
976797954.9029359818 3075453.8210449219
847548491.8471381664 859418.6929788775
892536044.6266460419 2362588.8382820641
892442256.7321348190 2361357.0378212486
859352449.1205840111 1561106.0829463564
967913792.2414377928 3054066.8435058594
926857611.7925009727 2781619.7416074276
927419235.1619290113 2788741.0729663372
858785199.4611012936 1539410.0844747424
968518661.8965537548 3057108.3850097656
848279686.2462180853 904328.2416163021
866412876.2586654425 1765032.0778724886
889127555.2994457483 2308728.2165283714
891243007.4768686295 2343645.6786064659
969278678.4075369835 3060760.7558593750
858883820.4822409153 1545112.5107442737
866164139.9205580950 1753681.8874613978
968139765.5208894014 3054366.5373535156
968222738.0132588148 3056692.1843261719
968593650.7638857365 3058507.0578613281
859068139.3346841335 1552111.1871113181
859546267.4231889248 1567057.2317565829
867208571.8712490797 1782171.6472306806
888934066.3629611731 2303045.3829102074
890556504.1516605616 2334081.4477066551
890487539.3174041510 2332661.2297537238
968985618.1094052792 3060216.1203613281
867413766.5125755072 1783283.2368736006
848588707.3072229624 906488.3896102541
851896373.2157374620 1158328.9220350073
859735665.6443176270 1571540.7738479525
860003069.8093047142 1575257.1432022005
889017578.6738986969 2307315.1401123558
890718370.4621970654 2335943.7945637261
969334416.4000564814 3061200.7856445312
848261440.2390464544 903567.8036270969
848042956.2061979771 888978.9910212987
848066651.9959472418 895623.3940926426
847904549.9241573811 881221.1164046162
974908718.1592301130 3072006.5761718750
860175723.5113143921 1577375.3669074923
952778502.5757799149 2966167.1187744141
891553414.9789385796 2346258.5665363073
952981816.9244372845 2970638.6421508789
953113462.8254513741 2971922.6629028320
852209136.6591399908 1169503.3955801572
851979561.5539478064 1161447.7820734824
851914152.7966302633 1161438.8733868445
851728044.4617758989 1145583.6620361651
859645693.9543695450 1568242.9030841738
851781376.6558109522 1151789.3864865149
851751491.1814430952 1151294.0225567664
851814389.7977799177 1152476.5895123328
859622162.5098598003 1567776.3095458299
866055591.1570978165 1746135.5668686293
889310445.6203297377 2311612.9530495126
952874542.7460780144 2968636.8944702148
889230784.6775252819 2308764.0025391136
927090602.6498436928 2783568.2881190777
865805627.5676913261 1740893.1064194106
954346796.1732289791 2978391.1935424805
953210757.5935544968 2972604.4617309570
952871890.0097024441 2967662.9719543457
974767238.2666814327 3071026.0751953125
923427700.2332810163 2741230.8672994673
860451241.8447893858 1577630.4425370246
860527321.8032153845 1582155.4062015563
865329198.1203004122 1723997.0190688856
953444969.8733074665 2974886.5242309570
926333213.2939866781 2772822.1630032063
954169429.4799721241 2977784.1083374023
953826466.8651146889 2976635.7670288086
923539049.7820957899 2742105.8423971236
975807992.9442944527 3073635.1437988281
975202713.2028588057 3072593.1767578125
975722340.5809934139 3073201.2470703125
923754100.5032402277 2744278.4048971236
923352009.8816448450 2740084.6618017256
923604193.8023105860 2743365.8848775923
923642482.4718959332 2743589.5286764205
923783060.3729065657 2745006.4684957564
954200522.6092393398 2977984.8937377930
923961592.4762033224 2746406.1939291060
888686118.8206731081 2286328.3460947522
888432856.7672421932 2280754.9910952100
865283524.0690604448 1719643.1043667891
924020436.4243807793 2747422.9597982466
926164666.9206106663 2766585.9387958106
865110877.9407538176 1714396.7229890325
924298723.8098490238 2749810.3438924849
926178888.2912344933 2767886.2683856487
926064153.2953643799 2764366.6740558147
849191151.0018457174 919053.4665396063
972008060.9493060112 3062227.7951660156
887896652.0140740871 2252672.8182874974
887911299.4471219778 2252747.8620370217
887614332.2370380163 2245695.9521275815
851646468.0821748972 1110621.5962398245
925142890.8743766546 2757518.4750584662
849297670.4902187586 925345.8563558905
849131967.6667734385 910952.7279226630
920598929.9552147388 2703322.1610949039
864651060.3847802877 1691943.8889491060
972157469.8571578264 3063179.8937988281
882750489.3312548399 2148610.9285982773
851412254.0583370924 1082849.4889873930
864662775.0992254019 1697516.9238612154
864398273.5710161924 1689795.8545252779
864347877.6007913351 1685509.0166962915
864140738.5885170698 1680273.0002541388
883360217.4640483856 2155211.8983866815
851300339.6641994715 1077890.6293668814
851349065.5045663118 1082848.7690690823
851549474.7428988218 1090959.3124491342
864202805.6175116301 1683108.5940041388
971779908.1981903315 3061535.6955566406
921233207.8974277973 2709072.1460306644
863171407.6601800919 1637794.1497512511
886454628.3814042807 2210774.4132633246
886587992.1535419226 2221483.3816471137
886479583.2207522392 2215150.2555484809
863978673.6722174883 1675298.5297032516
921028566.2013208866 2706653.0240290165
886177211.6833834648 2209133.1366519965
863824288.8781049252 1670445.2785645644
851478451.2326050997 1089984.0757154294
973536753.7712446451 3065444.5783691406
885710936.3498835564 2194594.4466232136
883622195.4846386909 2157403.7178034764
883649190.9268908501 2158767.6565241795
885926048.6441733837 2204264.0534585491
885449855.0189549923 2186603.1685339510
921409701.9758636951 2710399.4935275316
863548800.6396071911 1652921.5173232607
921901051.1361576319 2715485.1324114799
850242126.0258127451 934836.3657840699
885181320.9392116070 2184598.2294752877
921656727.0186313391 2713481.9026103020
850263050.2734469175 938144.7013749861
850308396.4527800083 944627.6286155045
884457257.8789800406 2171056.4177908879
885083204.8293410540 2183839.4694660250
850713754.2138682604 949399.5651486161
862629756.6891076565 1619583.2980951122
862701711.4588758945 1624443.7600322417
884129615.7628455162 2166166.1648612004
952639594.9050492048 2961780.6589965820
862132614.3075332642 1604339.4498720220
974133779.6819525957 3065826.3195800781
850786831.9254693985 961265.8015850860
862153345.6357128620 1604536.1447030357
861944444.9206905365 1597298.5485915034
861879408.9195146561 1594153.4129752009
881678335.4391620159 2103005.9243170600
881446362.1141812801 2099094.0159302484
881359405.8824471235 2097962.0116883051
851006371.4674531221 975750.4937566911
881285887.1278538704 2090902.9080299495
851086194.6030315161 980730.9644269269
851269306.4275826216 989671.9542226117
881271003.4442116022 2088250.1104425325
918905449.3139541149 2671159.8127183616
918915417.5849081278 2672547.5584812127
918089551.2299861908 2660111.1356770955
918388824.3313376904 2664147.8190431558
918357199.8338019848 2662582.6316652261
918416032.3130674362 2665232.9832277261
881019939.1550309658 2080180.1910083126
918539863.4232594967 2666923.4002199136
880963875.8358973265 2075783.1990172025
918229730.6608834267 2661345.8025636636
918696717.1479282379 2668145.0213136636
881161674.6136026382 2085792.8965761943
880376010.2855719328 2060238.3398208451
879754247.8308752775 2040037.3205214366
879896019.0063629150 2048992.9545397311
880259347.6496864557 2056192.8179244846
880155595.1112495661 2055038.9016680270
904189732.0120891333 2413990.3900123350
904220859.0021456480 2416221.6900611632
904565005.3896712065 2420050.8012548201
904170171.4148832560 2413694.9369970076
878757087.6682598591 1959845.8248381079
878689806.5498512983 1954745.5137953223
878500841.3394976854 1954341.1987013281
878021508.1438307762 1942899.1264872015
877889031.4792319536 1934851.1510785581
877564199.1147820950 1930501.8521328629
876502823.7332688570 1903634.4923955067
876286394.1618756056 1877669.0719018702
876020804.0737545490 1868320.8204909090
875798021.0625325441 1858194.1021681551
875841237.6516422033 1865150.5781203036
875981598.6509494781 1867002.0527525668
875541102.7432045937 1846015.6390871529
875645102.9470183849 1847168.3149237051
875647880.7786337137 1847577.6722826485
875518368.1500332355 1841217.1273334150
874667139.9934824705 1810467.6713876326
874557202.0366816521 1805974.9833993514
902313268.8929414749 2379356.1185847633
902136960.8965429068 2374695.1952059604
901902553.5077941418 2369577.1176913120
902047756.5417947769 2371132.2628329135
902071554.1409187317 2374458.7675936557
902211406.1303074360 2375799.4134433307
967051720.3306372166 2999789.9641723633
857951404.3721450567 1180304.3963705248
902182853.9523003101 2375693.1098101176
902162777.6469756365 2374746.7335546054
874425011.9302059412 1783375.4784319606
858292588.2320048809 1182626.3866008301
858557792.3030472994 1197459.0637158304
917956662.2462190390 2598569.9223961402
964960767.2672867775 2984119.5749511719
965357269.0054595470 2984722.6325683594
965586239.0234588385 2986020.4250488281
965693633.5675933361 2986984.7714843750
916557299.7948030233 2579206.9377964940
916600558.1141245365 2580105.4797070026
916224007.3241567612 2576377.5114916768
916146302.1909234524 2574552.9709261861
914257603.0459014177 2539538.2300138045
914148009.6180210114 2538807.2611417342
913922618.8972389698 2525384.1773202438
913728946.6816344261 2521952.8465096969
913495536.3955887556 2518082.0376718063
913286468.1251502037 2514590.4441659469
912977805.2277177572 2509818.1758650560
911907406.2567244768 2490404.7739258725
911448025.9793030024 2482179.9777604062
911384857.3236173391 2478380.0407175738
911162431.3950018883 2472916.0104441363
911181932.7408044338 2473710.4513621051
910940169.6726019382 2471822.5370554645
910654010.3606762886 2468258.5311960895
910821279.0644137859 2471105.4523386676
952103472.3899873495 2851682.8663940430
951839446.0618745089 2849342.9076538086
952173881.2895846367 2852830.5731811523
951771110.9735229015 2848616.0402221680
951673174.4236854315 2848424.8643188477
951416888.7817667723 2845102.8604125977
951331360.6550047398 2838913.6988983154
950597625.9156886339 2826331.6693115234
950469785.0244106054 2823839.4281311035
948268343.4761910439 2803921.4955139160
947606062.2677121162 2798769.3945617676
947814336.8256204128 2801132.4339904785
