136546264.5417682230 828557.1113238335
136510558.2967420816 827705.5110180378
140001947.1454000473 1061929.5913085938
143357462.7256576419 1144091.3798828125
136242428.8815382421 799623.8720180988
136479914.9753116071 826118.1028149128
141323999.4012823403 1120188.2656250000
142049706.8277646303 1132570.4277343750
143784769.1115898192 1145773.3134765625
136097956.4693676233 784775.0632477105
143393935.9129778445 1144132.6982421875
136288770.7273238301 809821.4164166451
141747598.8027858734 1129903.3886718750
143749114.7897819281 1145600.9833984375
141688606.7117443383 1128463.6591796875
135347291.4712568521 645377.6713724136
141489774.5663357973 1125451.8095703125
142881372.8668371737 1139793.5556640625
136549377.0612020195 830081.5124490261
139956107.6169732809 1061552.8309326172
142369185.4740838110 1135841.5615234375
135427669.7542371154 658815.9789011478
136175311.1958447993 796711.5368622243
136367802.9823051095 817655.0376293659
141568922.1973587871 1127539.9326171875
143551117.8240768313 1145333.8417968750
136208450.1045120358 797696.1666958332
139854269.5204115212 1056266.9266357422
140993543.0464919806 1111502.3393554688
136307569.7210215628 809828.9321172237
142937994.7169400454 1140483.1562500000
143190020.8049305975 1142242.7773437500
142974380.0445443690 1140965.1474609375
143070381.5453334153 1142126.9267578125
143349787.8379939497 1143827.3798828125
141598781.2836488187 1127730.6142578125
141077074.7264475822 1114106.3925781250
143287060.1148307025 1143060.8554687500
143794812.6531983018 1146103.7558593750
143539954.3575571775 1145022.4218750000
139547865.7159583867 1034773.3012695312
141991508.7010494471 1131695.9384765625
140927880.2733564973 1109409.2670898438
139822912.7806926370 1054662.1473388672
141426814.2018789649 1121954.3369140625
139654838.9315493107 1042615.3016357422
136399724.3542857766 818579.2005627155
136578738.0032679439 832498.1161270142
141203045.0583913326 1118812.6816406250
140775740.7363145649 1100539.2460937500
135456669.6113863289 668093.0740213394
140023793.6428526938 1062389.7716064453
139723289.8978774548 1043176.7342529297
141383655.0458229780 1121566.4462890625
139914420.3373497725 1059954.3128662109
141468913.2679658830 1125162.5244140625
136361960.1956577897 816486.9176723957
139618143.5468991697 1040104.0343017578
139761395.3121298850 1051367.7083740234
141301840.2722061574 1119509.0224609375
142329161.0713770092 1134851.0576171875
143441673.8661755323 1144479.0019531250
139794480.2085374296 1052142.8654785156
139907036.2920346260 1059209.3114013672
139745029.2951317430 1051189.3392333984
139887895.0329363942 1059201.9442138672
141814318.4081352949 1130655.8544921875
136341207.2321324050 812826.8989574909
141887414.1996390820 1130785.4306640625
136308031.1072612107 811558.5197231770
142947600.3971600235 1140717.4755859375
141136219.5912441909 1117207.1503906250
140927760.4547702968 1109171.4243164062
136248938.1625390351 801103.7904751301
141694533.5305011868 1129164.5244140625
136401294.6168344617 820112.6966912746
135340532.6525331438 635157.0640115738
141049144.8336107731 1113954.6865234375
141768230.8096617162 1130111.5234375000
141131273.6727918983 1116518.2509765625
141112132.4136936665 1116510.8095703125
141727273.7411542535 1129440.3583984375
135400304.0357851386 657889.9194803238
136635227.2444060743 835631.1637554169
140113922.6454945803 1069668.2816162109
141304150.0396508873 1119800.4580078125
141781090.6042086184 1130186.9746093750
140148185.9702160954 1070225.1947021484
141760304.4489317834 1130107.4296875000
141889946.2833902538 1131168.7167968750
135394877.4306390882 649815.0856790543
136245973.5243549943 800458.7675259113
141511297.5112898648 1125787.1210937500
136599721.4710659087 833170.2584896088
136232271.0697720647 799544.3745357990
140057117.0161477327 1066323.1473388672
140789028.7577731609 1101182.3686523438
139886913.6864267886 1057558.1737060547
141531666.0875626802 1126105.4296875000
142039549.4863216281 1132371.6406250000
142334785.0033337176 1134885.0253906250
136571519.7883388996 831620.2643640041
140912196.8422382176 1108504.1264648438
141944818.5665367246 1131367.4130859375
143329293.1164566278 1143377.6083984375
141740560.7552231252 1129762.8515625000
142018183.6959548295 1132196.2441406250
140758395.4633269012 1100064.9125976562
141652383.1775666177 1128136.0683593750
141796828.6657202542 1130437.9404296875
136634864.6026803553 834210.7381439209
136424348.2100146711 821654.2137355804
142701711.4619401693 1138453.2646484375
142867115.8362476230 1139583.8886718750
136270958.6076541841 809002.3966763020
136645335.2200122774 837160.0067577362
142911242.3995006979 1140173.1445312500
135357862.0059491098 646118.9883890152
136663650.4344404638 837263.2359304428
135359776.6315905750 646122.1905374527
135442062.4899265468 667027.1315774918
136337239.2148298621 811937.5185482502
140099773.4382702708 1068104.1790771484
135383915.3796051145 649763.3748178482
142412860.6017798483 1135855.6181640625
136627924.1454868317 834007.7594811916
136457638.8639726937 824158.5539147854
139730095.2855137885 1043361.6656494141
142270971.8132164776 1134407.6513671875
142168649.0800634623 1133907.8613281250
139648665.5451017916 1040400.7740478516
135569050.3171972036 683390.6805880964
136950865.0655457675 849893.7290420532
135398275.5321162641 649927.2792825699
135427104.9835406542 658643.4401712418
135370841.9049871862 649702.6013040543
143058550.4494495392 1141073.3876953125
142143155.5097585320 1133577.4189453125
140047954.2327525020 1062712.4840087891
136819984.2205986381 843175.6349182129
136709987.4784978926 837940.0551719666
136720057.6470504999 838298.0329017639
142649948.9417678714 1138114.5478515625
142028741.8093515038 1132225.8496093750
136751453.5848034024 840101.4731826782
142353352.7938285172 1135308.1181640625
135452877.5662380755 667052.3848285377
142923942.0738871694 1140176.0566406250
140690004.3483701050 1097221.3652343750
135469799.4981896877 670738.7526629865
142931180.9585421085 1140222.6250000000
136751104.1515639126 839111.4489173889
142266835.1112255156 1133954.5126953125
135404408.0464113951 658366.4675149918
136799843.6872547865 842547.4355850220
135545395.2417926788 679186.5310791731
136762485.0662952662 840330.2078285217
135600601.2217041254 686027.0874146223
136760757.9741344154 840217.6294326782
142366739.0804967284 1135651.5498046875
142696595.5490072966 1138295.9082031250
142848002.6779868603 1139283.5654296875
140159250.2889081538 1070241.9173583984
137547710.0726911128 888790.2590827942
135598968.1927581131 685821.6167076826
135513948.4122319520 675754.9705933332
135592723.8753283322 685804.6023768187
140194051.0519766510 1071972.3059082031
142125631.2995617688 1133359.4365234375
137422618.1784214079 885087.7522363663
142549053.6619547009 1136515.6660156250
142614069.4264442027 1136980.9609375000
142141747.4422487319 1133370.4267578125
140376797.9896488190 1081575.6905517578
137385126.0669792891 881700.5373315811
142631781.3232401609 1137612.0537109375
135511052.1509926915 675539.8172730207
140538904.5770152509 1088940.3757324219
137286524.4725548923 876386.8346068859
137241179.3382065594 874144.0744409561
135605739.9079393148 688359.8980174363
140190900.9005316198 1070285.9515380859
140349800.7249535322 1080813.1641845703
140064801.8633206487 1066819.1956787109
140108175.5289718211 1069612.7318115234
142078886.7137983143 1132774.2744140625
141953656.3866168857 1131444.8632812500
135558154.5062371492 679326.5273560286
137462794.9603022635 886129.3985748291
140369099.9864070117 1081421.1964111328
135521961.6530570686 677513.8250855207
140292541.6982503235 1078511.2921142578
135538883.8344334364 679112.5510376692
140517792.5979771614 1088368.3674316406
140347031.6656429172 1079712.7932128906
135435961.1140729487 660202.7598694563
142487938.3861889243 1136180.8476562500
140558180.1197433472 1091770.8051757812
137361100.2327739894 877320.6764450073
137456284.3437382877 885702.7165279388
140848455.0332106352 1102804.2089843750
142645246.0424228311 1137784.1054687500
140664701.4836591184 1096834.4865722656
140327890.4065446854 1079705.4260253906
135603002.5437563062 687200.1624268293
140282682.0433488786 1076635.3480224609
140487185.1557008028 1087888.8127441406
137500158.3834594488 886354.6418724060
140279777.6173010468 1074461.3811035156
137410456.5798298717 884094.9369287491
142578078.5322249830 1136800.7187500000
142440240.8323598206 1135981.4912109375
135662827.4073086679 693083.4373911619
137205635.9467434883 868385.7374048233
140638939.7363617420 1095460.8488769531
140470632.9307327569 1082785.0798339844
142002215.9613735974 1131877.2226562500
140433321.5568923950 1082459.0100097656
137168847.0791680217 864095.8058862686
142502015.5059996545 1136510.7890625000
137022903.9313187897 854496.9600075483
135524326.3106844127 677891.9757813215
142639926.2507309318 1137623.5458984375
137187512.7398888469 865310.0478296280
135503409.9155464470 675429.2313355207
140474061.8521523774 1087672.0266113281
137170012.9693033397 864313.4665307999
140880453.3039320111 1106008.4467773438
142622121.1006519496 1137566.1230468750
137133488.7525148690 863982.9557886124
137117925.0976306498 858451.5831909180
140900848.1047349274 1106437.3041992188
137068785.4816368222 855157.0437984467
142761403.6979824305 1138783.7753906250
141373996.3574576676 1120638.4501953125
140874706.1874092221 1105952.8969726562
141349472.7460234761 1120267.0800781250
136924418.4593646228 844233.3409833908
136993324.9467544854 853014.9054441452
137071460.2295931578 855820.6924829483
137170093.8758013844 864994.0904693604
136976157.3841853738 852431.1166772842
136908962.2969663739 843980.4890747070
136925572.7851224244 845788.5916986465
135755182.7785425484 696104.5563726425
135997913.6597118676 705734.7260885239
135912501.9756622314 699570.4803228378
135845538.3408008218 697810.7504339218
135905130.3091932833 698982.9116277695
139060264.5748004913 953761.6911621094
138929841.4276786149 943913.6470947266
139020828.5642662942 952047.7596435547
139002150.8285003603 949116.8768920898
138909802.9813180864 939515.4582519531
139104608.3012015820 954840.5690917969
139474069.6698814929 975248.5130615234
139268449.8072542846 961759.5571289062
139376324.6700168848 968939.1256103516
138998846.5501216054 948179.3244628906
139398209.4537828565 969658.2310791016
139154352.1903783679 957107.1605834961
139498089.9786337912 977004.0710449219
139281016.1887322068 966566.0982666016
139246792.1291029453 961754.0173339844
139131156.7221124768 956190.9455566406
139426903.6599668562 970445.9962158203
138907242.9155012369 938389.0598144531
139220768.6471866369 959379.0823974609
139194905.2717591226 957189.5412597656
139366812.0352294147 968623.3868408203
139204450.6837896109 957879.5236816406
138859560.6472698450 914035.3250732422
138617608.9588227868 895803.5410308838
138867167.2020029426 921279.8607177734
138643273.4394670725 896289.9666442871
138559287.6036148965 894166.5068511963
138666164.9008066058 899007.3954620361
138758069.8463344574 904604.4796295166
138769488.3689279854 906748.1969757080
138769324.8931860626 906024.0330200195
138650637.4631581306 897701.3399810791
138718032.6325871050 903024.7292022705
138594935.3299846351 895765.3886871338
138746780.9321224391 903671.6684722900
138693029.6949772835 901383.3813629150
