373638032.5400689840 2790288.6865234375
373537094.6450650692 2779574.4912109375
373605301.7018522620 2784045.8154296875
379261060.7086194754 3171499.6191406250
379170783.0605096817 3167161.7744140625
382425482.8635255694 3349084.6601562500
382325692.3323709965 3348412.1816406250
382786095.3723298907 3364662.9355468750
389053761.6862353683 3562445.5859375000
392798988.6250474453 3630384.1044921875
393187258.6032373905 3635395.4599609375
396829962.8824563622 3663708.0283203125
399876340.5047683120 3677307.2226562500
399600014.6243457198 3675364.9589843750
373854906.0898904204 2791187.2690429688
373415664.4018672705 2767310.4775390625
382892807.8752400875 3370407.4658203125
382659030.0192237496 3359222.3691406250
395837910.9423608780 3658147.4970703125
367940938.0423781872 2067027.4589843750
367980984.7484065890 2069500.3195800781
367870741.6715555787 2061938.3073730469
368052126.1782267094 2075665.3027343750
367855852.9228061438 2054167.9382324219
370995429.3326230645 2496875.7900390625
373452588.8268828392 2774876.4443359375
379155006.2221442461 3166639.5468750000
382771008.6121687889 3364657.5878906250
388386647.4369986653 3545966.8349609375
393109768.3424062729 3635058.1474609375
399858323.3984405398 3676967.1523437500
404766594.0252418518 3687628.9257812500
378867994.9925404191 3151080.5878906250
382556508.7855569720 3353053.2138671875
382666610.0354781747 3359464.8652343750
383093742.8868622184 3376019.1142578125
367421076.3670530319 1953524.0385742188
370206240.6367940903 2423559.2260742188
370776530.6522514820 2496548.3012695312
373244337.2456105947 2752271.9731445312
378969636.3071569800 3160625.8242187500
378850583.2216474414 3144038.2021484375
379249555.3390150666 3171441.9228515625
379379590.6074717641 3175154.0322265625
383007507.6704506278 3372994.6591796875
388365256.2344645262 3544847.0683593750
393447870.6040117741 3637849.7187500000
393316221.5919985771 3636171.8056640625
397210388.2824205160 3667277.3906250000
398640134.2515026331 3672600.4443359375
404582973.8788404465 3686238.9511718750
370150589.0048290491 2415769.4726562500
370226372.7726722956 2426731.2480468750
372350033.3933062553 2657702.6591796875
381921033.5195043087 3324236.1298828125
382083582.5790323019 3329466.8037109375
382863616.4501926303 3365814.9912109375
382751139.7629152536 3363593.4580078125
396135903.7642248869 3659858.6386718750
396204159.3489584923 3660649.8867187500
397656650.2398746014 3668884.6171875000
388805063.9336512685 3553726.0380859375
379459757.2164983153 3181877.6533203125
389554945.5096850991 3564191.3310546875
400197953.1692742705 3677864.7236328125
389165382.4489691854 3563245.1748046875
367786821.2654497623 2042771.6691894531
378798011.9660533071 3133837.3916015625
389271001.9682935476 3563950.9951171875
392668202.1223921180 3628437.1025390625
392552304.8208456039 3627873.0244140625
370372651.3987027407 2441780.1752929688
373446250.5767732859 2770084.4799804688
388980838.4800271988 3559101.7373046875
392475657.8403428793 3627179.6787109375
393682743.3311351538 3638322.3574218750
395893702.9122950435 3659021.4267578125
399016052.0995689631 3673939.9326171875
404678341.7690415382 3686326.6328125000
405447276.1899459362 3687695.7949218750
367645220.4846406579 1986643.1425781250
367606256.1918125749 1982280.7929687500
367779817.6673221588 2037317.8264160156
367518696.7750480771 1968777.5634765625
367607324.6309468746 1982560.2998046875
367680510.6987455487 1987060.9338378906
367727817.6818061471 2026293.6008300781
370619215.7746611238 2479514.1030273438
370741971.6303449273 2489912.1718750000
399130387.1123652458 3674799.0556640625
372267379.0325294137 2649332.6455078125
379537477.3891378641 3187440.9033203125
393378261.3016432524 3636343.6103515625
379283837.1634469628 3174996.6611328125
370559866.2918835282 2471545.5219726562
400133124.2277585864 3677404.3935546875
367584366.7674052715 1977156.6943359375
370497410.2731027007 2459034.2250976562
370518687.4734539390 2462811.6953125000
382317465.4832451940 3341893.6943359375
387783229.6641436815 3525464.9824218750
393088455.9427275658 3634560.1816406250
395725164.0517427325 3657849.6181640625
395505380.5344370604 3656471.4296875000
399670610.4657295346 3676702.1660156250
404400189.9456592798 3686236.4189453125
404680578.1949678659 3686968.9228515625
393074628.3589608669 3633292.0927734375
393243105.6422108412 3635875.4306640625
373403491.5592687130 2764382.6699218750
373173762.2906161547 2747873.1679687500
370304786.7572120428 2435485.1479492188
373179972.4993947744 2748691.0356445312
399544296.8449103236 3675291.7412109375
388033927.9568037987 3534478.7392578125
373055210.0378453135 2736275.8657226562
383835663.0303831697 3392319.1523437500
398120582.8691413999 3671130.1728515625
370459577.5912351012 2452312.3706054688
387945459.9485189319 3532098.8281250000
392432564.2710006833 3625577.5166015625
392917282.6856191158 3632160.2841796875
370324332.1581059098 2437380.3422851562
373017888.3840799928 2726666.3706054688
384062636.0951708555 3400634.6718750000
383974108.4200612903 3399491.5761718750
383984820.2158523798 3399588.1601562500
397389171.1502579451 3667982.4804687500
370393701.6543812156 2448475.3696289062
373037834.8145878911 2727555.9365234375
383948892.7877456546 3398404.0185546875
388066765.0552782416 3535298.5263671875
398860701.3578440547 3673702.4150390625
370320313.4529251456 2436154.1694335938
372990754.0668184757 2722958.6743164062
384200116.9907463193 3403025.6757812500
396156323.9763054848 3660472.0576171875
395390297.4814870954 3655167.1005859375
398059029.0109626651 3670063.3173828125
399377433.2857672572 3675124.0322265625
399009923.1178051829 3673854.9599609375
398849103.7825215459 3673617.7802734375
399025913.7395735383 3674455.0732421875
395018614.9457092881 3651841.5849609375
387766196.4399196506 3522818.3554687500
388926917.1117075682 3558821.1025390625
388904012.5100668073 3557279.4111328125
372751477.2898769975 2702703.4765625000
376283961.8768625259 2937506.7841796875
376351375.0651242137 2937726.2861328125
376005178.2431151271 2930500.2412109375
376168498.0191131830 2935915.4970703125
388816798.5986931920 3556164.0166015625
375969169.4167987108 2929317.2167968750
376409338.0528377891 2938323.5732421875
376043771.5472165942 2932066.8818359375
367702017.5938151479 1991706.8005371094
372373887.1234602332 2664345.0761718750
372171911.0259287953 2644675.1308593750
404008629.0830782652 3685270.8037109375
372590969.5894625783 2685406.9296875000
372703459.1810843349 2694191.1196289062
392703119.5010997057 3629483.7333984375
372672938.6466836333 2690201.1806640625
372654913.8936751485 2686043.6518554688
392219961.7811113596 3622313.3183593750
391737207.6306787729 3611228.9433593750
398205457.0258157253 3671187.8544921875
391976286.8442256451 3617064.9267578125
392038196.1447895765 3617476.6513671875
372551391.6444866061 2679469.9418945312
372445223.4282432199 2672231.6142578125
391264185.5983468890 3598370.1386718750
372203220.1405925155 2648402.8862304688
372282711.5154356360 2656792.6572265625
395120211.5077295899 3652690.1552734375
383641646.1449520588 3386054.9414062500
395330260.4689197540 3654895.1591796875
372282525.1710571647 2651872.5976562500
404022580.7744904757 3685637.4482421875
403824412.0243117809 3684421.6162109375
397813135.6267294884 3669137.0830078125
394697988.5767184496 3645141.5722656250
372098568.8346428871 2630794.0766601562
397132854.0489369035 3666202.7246093750
372070267.2126495838 2625532.2587890625
375715282.0078789592 2913650.5532226562
402651003.4719231129 3681501.8974609375
372130291.5011615753 2632690.9707031250
391842530.8357853889 3614370.3349609375
371995990.0966747999 2617704.0546875000
375603058.9873940349 2908003.5517578125
371678065.5165316463 2577789.7441406250
402671498.8018478155 3682204.8837890625
402904400.4686851501 3682785.3408203125
375577903.4226135015 2903982.2109375000
368494194.3002008200 2091747.9892578125
384850222.5596326590 3411442.8046875000
402924048.3740507364 3682787.8525390625
403466608.2986658812 3683669.2509765625
371663310.9840107560 2573061.1635742188
371624787.9134322405 2566498.0034179688
371595451.6781442165 2564029.4555664062
375928233.0867571235 2925553.1416015625
391350374.7704147100 3604567.6425781250
396590558.8029466271 3662316.1640625000
371566658.2095574141 2557608.7651367188
371649734.2877525091 2567901.6948242188
371528355.5642269850 2557159.4028320312
371496518.8644018769 2550718.7060546875
368383856.3556365371 2078956.0966796875
371292488.2197980285 2531880.4077148438
371367846.4551637769 2536899.5537109375
368416569.6930765510 2085736.9438476562
391312156.5695352554 3604008.2841796875
403630339.4066962004 3683794.7236328125
403257782.9040502310 3683319.3330078125
371267330.4018600583 2529674.1030273438
371138351.2681685686 2513007.8715820312
371089985.1832465529 2503025.4702148438
371044377.7962136269 2499846.0556640625
390611594.6851409078 3586116.8916015625
390636273.8559036851 3587337.0166015625
390708919.8100696206 3590126.4306640625
375183199.5723687410 2859807.5102539062
390893907.8559234142 3590663.4521484375
375101196.2331993580 2849231.6557617188
375221879.5963143110 2862179.2524414062
396485771.1711969972 3661686.4072265625
396446790.2762852907 3661160.9150390625
368750595.2702422142 2126943.4638671875
369012451.5132222176 2127414.6079101562
368721001.6467926502 2119237.2197265625
368582873.6170027256 2106681.7836914062
368681956.6674827933 2108156.9492187500
402120130.6919078827 3678870.5361328125
402175478.1937863827 3678878.4306640625
402255951.9099426270 3679575.7314453125
375115124.6914017200 2852160.2583007812
375197490.9785352945 2860741.9672851562
402247031.8170590401 3678980.8857421875
369116673.8990535736 2128005.5351562500
390366745.2702076435 3576292.4326171875
375095956.0213590860 2833355.1157226562
369158913.1216095686 2140039.9418945312
369217882.1041217446 2146340.5722656250
375025447.0828849077 2831873.1723632812
390580477.8963124752 3581680.7031250000
369318165.4372841120 2156271.0092773438
369431869.9521965981 2166612.6025390625
390459017.7400764227 3577260.3476562500
390463234.0242162347 3580567.0449218750
390581372.8877766728 3583051.6621093750
369543087.3655257821 2184016.2705078125
380498259.2988684177 3202014.1347656250
380625516.0299544334 3203593.1787109375
369613424.8688188791 2191331.6860351562
369522900.7550634146 2178784.1801757812
369789557.7617721558 2239361.6948242188
369761925.0482748151 2235670.1752929688
369703508.1359684467 2225129.1791992188
380761359.3742143512 3208715.9179687500
369692224.7398596406 2224265.8432617188
380423055.0383127928 3197538.5566406250
369651680.4518057704 2204680.2778320312
369642667.2761322856 2196105.9370117188
369835069.1260977983 2247778.7739257812
374806453.3585203290 2802500.7182617188
374981877.7157576084 2821500.9692382812
380346484.8454220891 3192342.7910156250
380345840.2997640967 3191077.2109375000
380302209.4176307321 3190920.5527343750
374888703.6573579311 2809497.7387695312
390324428.0319637060 3572917.6005859375
370141174.6344505548 2318889.8930664062
394340007.9270746112 3639800.0029296875
374736444.9209697247 2796076.8154296875
374675315.9024164677 2795484.7675781250
369968403.1446861029 2268282.1977539062
369925353.0078413486 2264962.3911132812
370140817.3042759299 2289080.8505859375
370091547.4570024014 2288334.0649414062
370002614.4260355234 2274982.7670898438
370119898.0023959279 2288834.4287109375
370075201.5253412724 2286883.7524414062
394436794.5257261395 3639891.4169921875
381771395.0368936658 3231551.9531250000
381818044.5009040236 3233661.8496093750
381573901.8758783340 3211575.9121093750
378641147.7265126109 2992221.5971679688
378663837.2884324193 2998351.2504882812
378773596.4352972507 3002447.8857421875
378524017.6348700523 2977089.2841796875
378601842.3911004663 2983297.0058593750
378303361.3168553710 2953423.0673828125
378386197.3415564299 2960918.0986328125
378491466.5890895128 2968254.9282226562
378292839.6231220961 2944144.3676757812
