567150740.2107492685 324934.9823441937
567031989.1856217384 323325.0482163861
567443273.4303040504 326708.0288966891
568529581.7132169008 334794.2201066865
581069529.2327464819 416275.6001477242
593204438.5212936401 489375.3191757202
593381829.5975166559 490753.5812606812
593345214.6731070280 490724.7034835815
594583865.4045386314 494910.2453613281
595147752.9614908695 495455.3198852539
594626911.4377499819 495224.6287841797
604034279.8311336040 511073.6589355469
604842555.3873636723 512381.2961425781
604748335.3072776794 512241.3287353516
613098929.1382027864 516857.6177978516
559402491.9401887655 245513.5358930429
559845042.8591799736 252230.3881393422
567123545.8509309292 323599.2891155011
567180299.7112729549 325356.1074815228
558328853.1429585218 209355.7168028047
558286358.3151876926 207991.8949572733
559368453.3666237593 245336.0538354715
559508514.7366601229 247052.1985345160
559310173.4256113768 243050.3990960916
559851643.8183729649 252452.6541808595
559761113.7928607464 250882.3441475381
559751944.3844989538 250877.6283038606
560447158.1879205704 252469.8369360020
559651105.2344887257 250419.5123351564
581029645.5914866924 415561.3197102547
593463257.9529033899 491052.5217514038
593765980.4417454004 492399.5724411011
602556163.0679975748 509270.9992675781
559568783.3736670017 248617.1577405681
559535679.7728010416 247076.3035152380
568554637.5457024574 334992.8585954561
568433929.1944571733 334718.5969183888
580607894.3699009418 413146.5634236336
593252203.9619523287 490031.8462142944
593748245.4682689905 491827.1437377930
603199730.3853473663 510283.4876708984
603413811.1331177950 510632.3204345703
604048524.4675226212 511608.9302978516
604507384.3360818624 512165.0501708984
604251471.3782162666 511962.5106201172
614717047.0315707922 517449.9659423828
593259183.0934685469 490045.0119094849
594432251.3189064264 494292.2263183594
558388217.8780120611 209616.0139222136
593504723.0241917372 491485.9871444702
593831014.2604808807 492529.1231384277
594218336.9399391413 494181.4815673828
594172206.9830785990 493402.2476806641
593848796.1754785776 492684.8375244141
614987089.1823217869 517607.5611572266
615127383.6352913380 517704.8752441406
580815889.6445194483 414538.6684595942
580702549.3982805014 414314.8986592293
593923596.5860235691 492943.4963378906
568781720.0726684332 335703.3722492112
559290467.9542617798 242410.5798103412
559469410.3616073132 245901.2042114635
558520939.7991374731 211938.5228242567
559418138.5749883652 245771.5527978738
592424105.2464072704 483009.3315353394
594161408.7389773130 493267.3660888672
612790785.9418580532 516798.2404785156
567515717.3364449739 327593.4629038241
580574660.0286097527 412951.9358601570
602185058.3416323662 508032.3477172852
613985144.5495933294 517100.7458496094
568174515.3908892870 333085.1109758271
580699595.7622222900 413440.2822270393
568034696.9232079983 331894.3302317768
567948856.8727478981 330383.0914750009
580456364.4197478294 412280.2261172831
567827254.7528674603 330041.2285977512
567566159.4100921154 328054.3088940888
580467518.2531772852 412684.2643818855
592599493.1251927614 484761.9937057495
592820665.9965500832 485463.9842453003
613294954.8418796062 517022.4284667969
567730364.1066657305 328181.5495633393
567381610.7501537800 326195.2142457276
567332699.8012883663 326055.2919587403
558560136.0141179562 212807.5823109923
558499052.9660631418 211010.1763505628
580362854.9568997622 411699.5139393806
592840106.1087186337 485813.7781906128
558706922.0157858133 214531.1364555648
558599978.5184601545 212942.1794213941
603578467.6861212254 510948.2512207031
603552404.1636440754 510801.8962402344
558735792.5925819874 214893.5785032148
558926543.2431743145 216437.0657903245
558785519.2678015232 215101.2116838982
602576814.9736843109 509566.7723388672
602459858.6881721020 509046.8657226562
603277235.5197285414 510595.1166992188
602077853.5444475412 507784.3258972168
603035340.4052102566 510136.0893554688
558947459.2284150124 219026.1741026929
593044500.1424767971 486406.5318222046
593029327.1705139875 486394.5181198120
593103701.4910043478 487108.8407821655
602461193.2867864370 509170.3514404297
602217591.6457107067 508396.3197631836
602845582.9202282429 509846.4876708984
602578301.2251123190 509572.5705566406
559012101.8029040098 219307.8929134039
559067659.1974879503 220754.4900356820
601581754.3670651913 506133.0248413086
602019294.1956368685 507461.8409423828
580233360.5604715347 409363.4164280891
611397131.3032668829 515047.5921630859
601903228.6931587458 506707.1248779297
614138260.8578301668 517271.0671386719
566897451.3890973330 318431.5879644855
580132247.2336078882 408993.3014149666
567024929.1270548105 319666.0378660663
566880380.6102814674 318119.7670613630
579837803.4279212952 407591.8041691780
580024148.6800701618 408848.2422337532
579426883.7166527510 403211.4615941048
614481862.2059211731 517384.6022949219
566755374.8826905489 315654.3938065349
579776433.4808211327 406883.2112278938
579665800.0655157566 406187.1989064217
579969279.6816475391 408103.1527162790
566194576.1976659298 308522.1737725147
566836798.5193047523 316263.3305328998
559202375.6214301586 223052.9243884422
566227686.2285360098 310017.9349057087
566310584.2409186363 310597.1301190265
566167699.3119394779 308518.5096356281
579725692.9911382198 406263.4185566902
601805166.4922586679 506259.1507568359
601574388.5471096039 505010.6862792969
601908798.4352426529 506860.9904785156
566467400.2511062622 311365.5621007595
579592370.9401462078 405723.7754979134
566142947.6846121550 307092.1822281872
559153111.4337831736 221124.7763483556
591904890.4426153898 477979.8430175781
614269951.7196276188 517364.6972656250
592051768.8635332584 478747.0344238281
614182702.9588186741 517277.6209716797
566201566.1301082373 309036.6135174640
614010385.5143015385 517164.7905273438
559262475.9461308718 223109.3550443681
579440285.8490856886 403649.3428070545
579408001.8692667484 403124.7468445301
611621937.7179031372 515550.2706298828
559260975.4211778641 223061.0968058141
591361597.5701406002 474700.3744659424
563765258.1019212008 276496.1133162764
563822367.8921157122 276880.5217368536
566069409.0380039215 305382.6623939225
613292417.5941624641 517008.4104003906
612655315.3276294470 516587.3632812500
579500270.1660423279 403936.1277921200
565833754.1529561281 302085.4113053033
565723030.0964462757 300347.7985094735
565570269.5618715286 298498.7388509435
590867842.4189040661 470918.9345889091
591202807.8362382650 472759.2953760028
612722641.7489516735 516726.7843017578
612819706.1848433018 516821.6198730469
565555407.6581336260 298096.9666169805
591143214.6795144081 472590.0512353778
590884874.3898471594 471445.7172427177
591000080.3043562174 472036.2317078763
611658387.1009900570 515790.0565185547
591257320.5310435295 472848.2329980731
565420961.0241454840 296571.9978669805
611853510.1944042444 516115.1657714844
564031351.5097028017 280184.2683891443
565276024.3650496006 294883.8536410851
563944030.9462349415 279911.9076484827
563847489.3513022661 278684.1689628747
564968580.4240992069 291353.1693983001
565098027.9584413767 292860.0226245446
564953265.2630237341 290919.4574804644
564681501.4905023575 286586.5949972013
564944343.2831190825 289468.6250751448
612159313.2243355513 516222.6734619141
564776304.2781125307 289310.6365011076
564694591.2880587578 286967.1156651166
564481873.9705278873 284813.1477126268
564460682.5008319616 283863.7452468065
564189644.7732294798 281541.9505991128
564432788.9133626223 282341.9762499926
582960940.3018543720 422250.3587425859
563544155.9862207174 270171.3615903233
563667698.0738390684 272275.8506702756
563683515.8980965614 272295.7131428097
563375803.2029178143 267301.3179170631
563512076.8303815126 267329.2425477926
563523427.4085412025 268608.3074586813
583855608.0318210125 428631.1585690975
563274895.4789670706 265063.5623330080
563181204.1707841158 263654.0145704756
584255076.3889844418 430775.1783225536
563339327.6860216856 265419.2703128064
563126952.4656457901 263317.0195956240
563085427.6392236948 263165.0483534346
583959019.8291929960 429395.3800656796
584482834.3854320049 431968.5960290956
584694771.6190890074 432368.6751012730
590643431.9067033529 461112.2028388977
611350678.3709790707 514678.6992187500
590225127.9227100611 458491.2834243774
590171574.2270827293 458284.4069595337
590377309.1572130919 458781.2791366577
584744524.8034060001 432519.5449721813
611270844.0561071634 514520.9252929688
584200696.3480832577 430631.1375482606
584108558.3785187006 429700.1322076845
607790544.4736140966 512455.1392822266
589965421.1990209818 454433.8796958923
608071070.8626675606 512496.2877197266
608600401.3839533329 512932.8336181641
607792582.6732432842 512476.1968994141
589557471.8957526684 453175.1234397888
589952355.7796736956 454064.4366302490
589692669.0197780132 453909.4631462097
562939850.5784502029 256973.3045556210
562779532.4744002819 255538.6367796831
562739654.5610401630 254940.6878931550
562812812.1603275537 256715.7578105300
562653547.7185310125 254902.6508423947
608404807.5969973803 512839.1424560547
589527587.5340255499 452456.5129203796
608321171.3458554745 512815.9628906250
608588573.1348021030 512892.0996093750
589455200.9891229868 451390.9513511658
589208388.5407438278 450199.8164329529
588777761.8009825945 447330.0878105164
609991599.3733794689 513590.4888916016
610238751.4650257826 513881.0931396484
610076733.2749400139 513736.6190185547
610076588.2757605314 513646.6485595703
610103347.2472183704 513756.2899169922
609788775.8956145048 513296.3652343750
582276485.6626253128 416616.9475144786
609461116.7610607147 513120.9448242188
609415062.5592528582 513031.7379150391
582395809.5595676899 417340.5125779551
582516026.2147517204 418294.0952195567
588141472.8276058435 444634.2873640060
588230452.3773432970 445677.4792280197
588009225.0319710970 444521.0701780319
587902253.8350069523 443951.7724180222
587756548.6728012562 442505.8850307465
588132097.3047503233 444575.4836301804
587836787.1203619242 443707.0455808640
587324309.0040552616 440823.6670484543
586992209.7034943104 438201.5774526596
586861615.4520354271 438008.3458051682
587220415.5895067453 439199.7960538864
587228987.3768423796 439930.3402433395
586834029.5737711191 436827.0460643768
586505859.3664801121 434705.7546586990
586284222.5483984947 433508.4342927933
586424080.3946065903 434462.2098054886
577287806.3072839975 364161.3809776483
577305509.1627590656 366314.4695732216
579104077.8782203197 380505.5870140968
578798237.0593934059 378428.7016304908
578547154.7581850290 375997.4490625439
578472225.3573935032 375853.5109216748
578236061.3379983902 373902.2675745068
578359165.3984707594 374560.3740503369
578131668.6955709457 373079.6193525968
577894046.1616755724 370503.3298740564
577977740.9319708347 371868.7771742521
577874054.1388649940 370433.0546837030
577640991.9954426289 369632.5064354120
577516413.3101119995 368494.6087608514
577376212.8219709396 367607.7468223749
577067435.9740014076 362522.7123140274
576855623.5543520451 360234.9222520962
576447689.6974130869 356204.2687949724
576500820.8648566008 358023.1531009264
576488356.2155973911 357304.3196506090
576168831.8314707279 354873.1738761403
576302844.8043757677 356160.1738223620
576081650.0077910423 354630.4461192675
576125600.6322501898 354781.8826503344
575918548.6697500944 352116.3055963516
574374777.0527675152 337702.8168611219
575100169.8310185671 344360.6180623472
575102508.2829447985 344660.0501055717
575345417.2275711298 346235.3391890526
575205086.3592580557 346076.5099139214
575382886.0910040140 346992.6814878546
575008803.8282103539 344068.7451904416
575014828.8238598108 344231.5318186879
574802473.7594199181 342287.4838474961
574505717.6646443605 338438.7335599633
