163700824.9104343355 5.1934715924
163678886.3915837705 4.6807472493
170270091.4545876384 12.7686515880
174006767.1730204821 15.0464163162
165040959.5947099328 7.9977792681
175037124.0070467293 15.2971830368
163787888.8037898242 5.4972767087
172023664.3651452661 13.9031250505
171959824.1391472518 13.8905587287
174700116.3448829055 15.2936117277
171640810.7956124544 13.7507649161
170408912.3551627696 12.8868910976
164237114.2609986365 6.7926531022
163664386.7191950083 4.6362726911
173980566.5703846514 15.0449033119
168318720.3343263865 11.2357280458
170240332.0642975271 12.7671379716
172180856.5156262815 14.0361568292
171022067.5401017666 13.2906007660
172112607.1081846058 14.0254718047
170266532.6669334471 12.7686509759
170811263.5416067541 13.1386251271
170382711.7525268495 12.8853780933
173780750.0963901877 15.0063162688
172203050.7753360868 14.0457570367
171793437.0645613968 13.8663541287
173539477.6657713056 14.8425373053
163939300.9028683305 5.8539518566
167310503.0992773175 10.3273355410
172573515.5415852070 14.3599349399
164770534.4521794915 7.6550657934
164432181.5563083291 7.1756225740
164189283.1607106030 6.5203634685
171409234.4176480770 13.5804492762
163683125.1460860074 4.8339452336
167510408.2211982012 10.5124564948
163551705.4697645605 4.3387905936
163779931.1618007720 5.4935058323
167491580.4840751588 10.4994609760
171561860.6865970194 13.6960384888
172102303.5252990425 14.0074530508
172489765.4569102824 14.2188360178
163553809.5316996276 4.5017967372
167639764.3963720202 10.6797336119
172772734.8794979155 14.3655585860
171484946.3343774378 13.6325247943
171745660.7812008560 13.7579594686
172888040.4478531182 14.4159302153
164194827.6409440637 6.6565082854
174333683.5102130175 15.1810481288
171316231.6352306008 13.5243138142
165439329.4754802585 8.3868358662
171265615.8017570376 13.4234993379
172064709.3420237601 13.9098825920
172556394.1280443966 14.2533615147
172932027.5137760937 14.5010338620
170015161.2645291984 12.5901428981
172377975.8766851425 14.0746009228
171256805.8465708196 13.4208484288
171362035.3324431777 13.5777983671
171211043.2514389157 13.4100443284
171269358.3951483071 13.4622091545
173725342.8204525709 14.9183129128
173659876.0418841839 14.9038043898
165785284.5225985646 8.8945544232
171219636.9111413360 13.4110925268
163887018.6845469773 5.8301664686
165451288.5609205961 8.4092723126
169026771.4283044934 11.8614609410
172818165.9861098528 14.3701925908
164803265.6528477967 7.6776241059
163971164.3203151822 6.3362446875
173030892.6878801584 14.5444483880
165265625.2496346831 8.2376639242
172257509.5685891211 14.0546872185
169525038.8049735427 12.2200864468
166646351.7454450130 9.7807320892
164659664.7429018319 7.5046859811
168076813.4695703387 11.0263210358
172312968.3642296791 14.0721503605
172396718.4489046335 14.2132492826
168040615.5430783927 11.0121298103
169201478.4028486907 12.0083926230
169253255.4879861772 12.0438937051
169013873.6431278884 11.8483565853
164621578.4985381663 7.5046256204
164695241.3882369101 7.5234181433
168134890.6685336530 11.1392032961
167949580.0317194164 10.9859940037
168043840.2073669732 11.0214575753
168225053.8698612750 11.1784075136
172391286.6464238167 14.0976600700
168111923.2589927316 11.0328094131
168989119.7253011465 11.8263834940
168160970.4447171688 11.1576023922
166840200.1432591379 9.9482426695
170835309.9955733716 13.1896808385
168677112.4185974002 11.5297513034
165116173.9710896611 8.0673356087
165083166.3017458618 8.0660555358
164522738.0727070570 7.4637740942
170515598.8971413672 12.9256338082
167862127.4501978457 10.8498491869
170901683.6412734687 13.2470306177
168195390.4166558683 11.1627689108
167773140.7414394915 10.8143654952
167731761.8941853642 10.6881353937
164457916.4004585743 7.1996032017
167918557.3116145134 10.9299547078
163831662.8152261078 5.6360740776
164354285.2989758253 7.1501502378
164945842.6820829511 7.8944471473
167075574.5568226874 10.1893189931
166395268.2775730193 9.5456484047
171094969.1024225950 13.3898674703
170659920.1182056665 13.0714407168
166721295.4491619766 9.8920089243
165871524.5939576328 8.9965355103
167796837.4634049237 10.8324981484
166734683.4547248185 9.9227148587
169092132.3425470889 11.9384013975
166165397.8167466223 9.2407355934
171910505.7018643022 13.8737639496
170967944.5008747280 13.2742782576
170894149.1489841938 13.2414069716
170665835.3913984895 13.0740916259
171069058.8075221479 13.3596470933
170704953.3374949992 13.0955740656
166385128.9505616724 9.4914211163
167334535.1171210706 10.3827210267
164926707.8279363215 7.8632072117
170900253.8799698353 13.2440578807
171100076.6948556602 13.4043178262
170220287.5877505839 12.7363661374
166149451.3926674724 9.2077373283
165137963.4947683215 8.1461811768
174011919.1283121407 15.0522751845
168971208.5386482477 11.8228121849
174260859.4169567525 15.1689494252
166682541.3365765214 9.8118832832
174019933.8394310474 15.0578988306
167110547.1508156359 10.2347326684
166809196.8373259008 9.9480281001
168868234.4682970941 11.7076292867
168990043.8696445227 11.8437741036
166947737.1432335973 10.0636173127
167446195.9978691041 10.4878207821
171007601.3219314516 13.2771810522
173233683.8519989252 14.6928770436
168679361.3585899770 11.5973457526
174525611.4621109366 15.2920987234
167007747.7450596988 10.1191434558
167859765.2516944110 10.8385985919
171229203.3028309047 13.4154560134
166909661.0819785297 9.9829986389
167759189.7824802697 10.7778035473
166886190.9727911651 9.9666368616
170589496.8110177815 13.0236167070
167619383.4091783762 10.6203355569
170479211.8844486475 12.9214958417
167548995.4036250710 10.6034099947
168688044.4089596868 11.6136076962
166441774.5754164755 9.6048113232
173050070.8961058855 14.5640211806
170766644.3286065459 13.1258177590
170774659.0397256613 13.1314414050
166587499.8953790367 9.7769173813
170357129.3656763732 12.8510507506
165704130.7548007667 8.7366451377
167311317.1629185081 10.3288051065
170524658.4491113424 12.9588432325
164743921.8867799938 7.5512303705
164278032.6862727702 6.9772936732
165990934.9469415247 9.0443983430
168885342.4301581085 11.7865406593
170313622.8100278378 12.7897873726
164466792.8468855023 7.3381818152
170501774.0055335760 12.9218267251
165867603.6322991848 8.9883791672
165144516.5539538264 8.1946183978
170542696.5859339535 13.0221037027
167740902.6569057703 10.7497607802
167638103.2511499226 10.6341715675
173577963.9167307615 14.8534124978
168782543.0244021714 11.6709514467
164854636.3961389959 7.7228387589
168585245.0032037497 11.4980184836
166315962.9774275124 9.4332029348
172993240.9108704329 14.5429353837
164151445.4397117496 6.4998841561
164863896.2865974903 7.8589835758
164341161.9768766165 7.0000358493
165745820.2894662619 8.8254929056
170472934.7322648764 12.9146047682
167346816.4385425746 10.3989829703
170623475.2561686039 13.0507495851
165666743.6219765544 8.7099036930
168282844.7424519360 11.1844787407
169117527.3164937794 11.9790267645
169428056.3724491894 12.1797758592
166250535.8130577207 9.2970581179
169312915.3788086176 12.1235209779
167234098.0365372002 10.3178516965
170433349.7970906794 12.9080274944
164117514.8977700174 6.3718580804
167354013.7303400338 10.4334409091
173198841.2021247745 14.6913640393
173584199.0328872204 14.8579050461
169361078.8911465406 12.1738787051
169172824.1931020617 12.0022703167
165852953.3364625871 8.9011399159
168388456.8060389459 11.3201736368
169604588.4062505960 12.3224175041
168913711.6043431163 11.8074183760
169027153.5907994807 11.8866811041
173600007.4580429494 14.8625296112
168259833.9238781035 11.1821119237
169215715.2063069344 12.0436310423
170868048.1157214344 13.2176081484
173192782.5429116786 14.6871704787
169319823.4721822143 12.1592202550
169707688.1364303827 12.3701807305
166233207.6690693200 9.2762529965
170159954.1329861283 12.7141717957
173970458.3924611211 15.0163679887
170171902.7015229464 12.7329296801
165255970.3387574255 8.2107765004
168800192.5308546424 11.6918291634
169318070.2582006752 12.1318992457
168731519.9623598456 11.6341706848
168610257.2239635289 11.5185814722
170091674.5303104520 12.6679044310
167598416.5273524523 10.6070944840
167398336.3691955507 10.4354860956
170117330.2629063725 12.7055563867
168698917.8133818209 11.6326576805
168491256.2117949128 11.4357628495
169526538.3896300197 12.3082310882
167467466.3357291222 10.4940572404
173056129.5553189814 14.5682147412
164141333.9498554468 6.4852110072
167212113.3466848135 10.2638777071
166064450.6852167547 9.1032999133
174168722.7340410352 15.1559539065
173750508.7030903101 14.9766980564
172902873.8965452909 14.4271158190
172896815.2373323143 14.4229222584
173469226.7853441834 14.8324629614
169736735.9876709580 12.3840636816
168493506.5080245733 11.4625622964
168403668.4891101718 11.3486132571
168449560.2433044910 11.3759856800
169665584.7812210321 12.3427534740
169857998.7260673344 12.4996528943
172945516.6603982151 14.5102485418
172853203.6487011015 14.4046757069
165766382.6439654529 8.8395557996
165497840.8449678123 8.5065289343
172948925.7102215290 14.5138559090
168544299.3324927390 11.4678860885
165999556.5837588310 9.0491155542
173090662.6982612908 14.5803134447
169767365.3098456264 12.3866041363
165482025.6356595159 8.4292089004
168379411.6998312771 11.2464475726
172221128.6946269274 14.0462864757
166283429.0250114501 9.3678892924
168587666.1211106181 11.5009463202
168479327.3370820284 11.3853571075
165518103.4052764475 8.5523728973
165969917.2485353947 9.0111641880
166438791.9875114560 9.5592452926
166296375.0966477096 9.3758390642
166328975.2008952498 9.4436560800
169634369.2399025559 12.3260463425
166399767.2224009931 9.5475632895
172102079.2550300658 13.9163331459
165740294.5510147810 8.7437141987
173408297.7863365710 14.7468544515
166184577.4049433172 9.2602498515
165358926.7446991205 8.3803081946
166509404.2049176097 9.6152644687
170066358.8817188442 12.6348824973
165594251.7167341113 8.6692921060
165487823.8458527625 8.4963390227
166019530.8891810477 9.0931800812
166079146.7787564397 9.2042306757
166261044.0907243192 9.3487035818
165278167.6222841740 8.3247453330
169808637.9798051417 12.4246582302
165331446.3435318470 8.3253007694
165349330.4461854696 8.3253208896
169816999.2755953968 12.4616478856
166078744.1733502746 9.1582157036
169845669.3325363994 12.4632741089
169933505.8121134043 12.5219860186
169799593.1877626777 12.4037458968
173387462.2908325791 14.7269482398
169694891.7482762635 12.3507105100
