662354962.6900852919 5667347.1835937500
663047388.6463348866 5671442.8662109375
662327971.3379189968 5666270.0410156250
589846774.4398688078 3354518.1069335938
590119220.1466218233 3373343.6750488281
623383308.7066426277 5263031.3906250000
623754148.0779030323 5278480.4560546875
623697580.9579762220 5278421.8642578125
623931896.8913601637 5283474.5966796875
643697296.5101542473 5590255.6367187500
643119443.0306009054 5579937.0263671875
643820440.1862701178 5590768.4492187500
643463627.2558825016 5589432.3808593750
643131687.2819671631 5585449.5644531250
662468298.6775834560 5670541.7529296875
662673236.3957520723 5671101.6162109375
662365756.2669799328 5669890.8154296875
588558932.7050765753 3143934.7438964844
589788256.9186679125 3348176.6347656250
589802216.3867548704 3353857.6201171875
589743491.7780461311 3338686.9677734375
589786281.3587400913 3347416.4287109375
609858798.6098867655 4870175.7929687500
624436791.2450004816 5288135.9814453125
624519598.3195986748 5289855.0146484375
624388919.6448307037 5287114.1914062500
624088225.0099223852 5286064.0224609375
623896618.9474054575 5282921.9375000000
643284659.2708021402 5586804.5205078125
643462110.0464644432 5589229.9902343750
647972599.5393738747 5615949.5224609375
647821739.3476418257 5612382.6826171875
662659361.0042788982 5670851.2841796875
662034353.2833324671 5664568.2500000000
588422610.3882923126 3127049.2321777344
594650218.6158390045 3895143.6313476562
595224027.2875976562 3935449.4746093750
594897672.2951102257 3922511.3930664062
595016584.4456838369 3928743.9956054688
594982547.1647424698 3927356.5610351562
607704043.2004543543 4784527.4843750000
609799196.8611457348 4868746.8828125000
609420655.7262109518 4857814.6806640625
623565535.8209254742 5271725.3251953125
643670372.5784870386 5589723.9628906250
644934082.9780324697 5597902.4101562500
645329460.0363303423 5602121.2685546875
588365007.4182014465 3113969.5144042969
588341355.5312459469 3097071.1340332031
601028988.5184661150 4342536.2260742188
606836402.4035859108 4732514.5957031250
609231324.5620213747 4849050.8476562500
623628753.8279776573 5272766.6630859375
632938217.8696531057 5455498.6923828125
633320467.9940073490 5460646.4003906250
633374525.9126067162 5461059.4111328125
643935572.3093180656 5591851.7890625000
643999500.0400079489 5592182.9638671875
665211172.3804547787 5672742.4560546875
608680166.3462007046 4825887.0312500000
594774613.3433672190 3907464.1103515625
594799015.1336883307 3913743.6508789062
623654603.5458350182 5274180.3408203125
594702318.3384728432 3903915.4682617188
608568890.0122386217 4822541.7802734375
608413909.1556061506 4813255.8398437500
654698496.9709210396 5638785.5673828125
654003999.6047862768 5637123.8369140625
588352740.4576505423 3104152.1967773438
622465558.7005207539 5241682.0058593750
594634985.7339245081 3892482.8994140625
607657955.8373993635 4780361.1533203125
607688052.1862006187 4781378.7421875000
623414755.9347825050 5266100.8808593750
643768897.0382328033 5590436.3593750000
645217557.8958660364 5600755.2685546875
589606410.8971414566 3326156.9458007812
589515116.9740418196 3316638.2153320312
589544969.8674501181 3319655.4423828125
589502281.2150284052 3304678.6135253906
594652029.8228279352 3897808.6762695312
606441632.4541772604 4721465.1240234375
607774957.4013687372 4788028.9951171875
631374170.7625439167 5429780.3867187500
644062296.9638255835 5592285.8398437500
643848374.9133105278 5591412.3515625000
664771211.1992318630 5672282.0068359375
614013404.9966859818 4988285.1386718750
589410265.7517411709 3293285.8122558594
607650181.5877161026 4778627.1572265625
607997501.5024218559 4796672.0986328125
607802579.6441282034 4791430.4384765625
613417920.6535900831 4969003.4218750000
613497850.8612705469 4976116.6806640625
613832894.1611748934 4987367.7021484375
613493602.3798050880 4973175.2890625000
594157945.9239369631 3832319.6152343750
606179253.0014094114 4699734.8330078125
606207334.3338080645 4704364.7363281250
606116746.2293093204 4695377.8154296875
623313264.8686330318 5262773.3750000000
622972836.4133534431 5250906.2802734375
631739379.5652353764 5436483.1357421875
623111109.4034839869 5258005.0703125000
631785318.1882724762 5438052.5048828125
631746258.0045976639 5438026.3701171875
646692167.9295380116 5607720.6337890625
646692201.5311894417 5608486.7158203125
647204999.3692649603 5611263.0400390625
589369654.8794205189 3292064.2404785156
589265103.0685465336 3267379.9191894531
631692731.2971646786 5435493.7919921875
631716691.4805697203 5435943.5029296875
606204387.2813593149 4703416.9755859375
606255174.4862238169 4708212.7597656250
606318974.2712903023 4710978.6396484375
631516321.4641238451 5433166.6152343750
631541686.6116652489 5434483.1816406250
588600337.7852082253 3144060.3503417969
600427949.0076220036 4313307.7373046875
600687456.2211148739 4332823.6713867188
630840602.3402140141 5413319.5312500000
647017177.5418683290 5610213.2080078125
588799827.8916810751 3160573.3166503906
588856035.9922329187 3162951.7685546875
631086663.9987353086 5424502.8945312500
646661749.0266438723 5607641.5810546875
607399810.0570888519 4763258.7646484375
607328990.2550002337 4758464.0234375000
607213435.3506450653 4753035.2314453125
589196469.9399877787 3242840.4423828125
593934685.4525691271 3801943.9956054688
600561351.7559368610 4323583.2055664062
606855175.2008976936 4740668.7626953125
594449828.5792660713 3862396.6220703125
594409067.8499349356 3850712.0659179688
589146582.7728439569 3242459.2919921875
613371571.4951304197 4965096.4648437500
646529690.6688816547 5606682.3642578125
589139313.7975015640 3234273.8466796875
589011142.9863954782 3212514.8857421875
589089675.4178026915 3224050.7087402344
589041421.0180867910 3217825.5861816406
654777081.8333663940 5638865.2197265625
588965895.7233381271 3196866.0051269531
594353324.8233286142 3848253.8085937500
600305572.1111608744 4298762.5439453125
613189444.4453456402 4951238.7607421875
613213008.0372242928 4956477.7480468750
588964461.9495505095 3179544.0908203125
600257364.8009002209 4295078.3027343750
600204961.7454408407 4288241.6875000000
600304104.7765851021 4297125.9599609375
600320071.4047919512 4298778.8876953125
653883232.5954917669 5635848.3154296875
645197693.2732605934 5599945.6044921875
654263496.1836616993 5637561.6845703125
644931022.9456229210 5596732.1279296875
645137887.4188077450 5599759.1416015625
593736916.8133164644 3769180.6767578125
644940199.7725713253 5598420.7998046875
593801987.4521533251 3790405.3115234375
661421320.5466718674 5656532.4736328125
593872711.0371223688 3797582.3959960938
593774083.8249274492 3786934.7011718750
593761719.4400829077 3775512.1987304688
593836070.3218646049 3795315.8232421875
593520815.8243749142 3751477.2495117188
625760268.5920983553 5300317.8720703125
625482049.2636842728 5296930.8876953125
653167433.8940043449 5628989.2294921875
653425204.4687699080 5629573.8427734375
612621079.8449010849 4931736.3759765625
612692233.4372987747 4934272.5234375000
612402304.5343611240 4927275.7587890625
612372716.3806929588 4923532.8281250000
612052649.7696053982 4910066.0693359375
612099603.9125764370 4913296.8574218750
611946130.9896684885 4902010.1835937500
611954997.0257570744 4908765.2656250000
611884783.7543092966 4901301.3652343750
661638763.4395986795 5657569.5439453125
592487984.3001707792 3617869.2888183594
660730636.9520330429 5655728.3896484375
659808381.6351661682 5652270.6689453125
660084700.1453256607 5653641.1357421875
625391559.1330540180 5290751.9521484375
653652879.4245802164 5632360.8779296875
659652982.0798826218 5651303.1884765625
591901269.0529952049 3564460.8278808594
658763531.4727174044 5648889.9501953125
658500671.9671169519 5647772.7021484375
658312280.7166436911 5647162.7646484375
658302811.3353533745 5646851.7119140625
591979756.6942441463 3577656.2309570312
591920441.6064512730 3568290.7692871094
591944260.7193772793 3573822.5134277344
656859603.1104801893 5643588.4794921875
656092610.5564459562 5639341.2314453125
591863120.6229131222 3551071.7836914062
593316716.0346097946 3706137.9594726562
593361910.0536038876 3709558.6821289062
593217693.6436616182 3694997.2324218750
593234408.5121039152 3702139.2680664062
591818491.2708317041 3540161.4355468750
591828345.2147657871 3544831.4423828125
593078278.1817787886 3676946.9785156250
656164081.2971794605 5639412.6591796875
593099307.9722640514 3677379.0493164062
656214863.9638932943 5640569.1767578125
592997789.7997421026 3662395.2031250000
592832182.7779906988 3646910.5566406250
656179477.3983224630 5639754.0048828125
591344573.1893079281 3442444.5568847656
591149104.6653403044 3411222.0827636719
592740455.1801314354 3627479.1245117188
592620129.8564378023 3619947.7744140625
590982025.6484736204 3378611.9208984375
591271458.5935676098 3439721.9445800781
630682189.5518164635 5385386.7578125000
630411051.8294016123 5379109.4775390625
630652691.3925561905 5385221.3750000000
591002987.8986665010 3390928.1308593750
630696942.8796170950 5387916.2500000000
591107390.0301818848 3408965.4868164062
591177246.5304555893 3426218.1777343750
630129743.4956512451 5370304.7871093750
591386178.1432859898 3446921.5007324219
591541795.3324017525 3466341.7507324219
591721187.2629001141 3485675.2685546875
591762185.7330667973 3492540.8295898438
642955060.1263285875 5548588.7626953125
642740901.3565882444 5534697.4716796875
642841480.0645490885 5542505.4882812500
628755150.5725558996 5337935.4394531250
628616252.3013705015 5335558.8056640625
628771666.5216890574 5339796.6796875000
628712164.5791597366 5337754.5986328125
629131488.9359511137 5344743.0019531250
628257213.2313498259 5327901.8476562500
628538801.8720059395 5334803.3457031250
602009063.1536102295 4364048.6044921875
606049821.0421566963 4584952.2856445312
605711583.7499436140 4575418.4897460938
605428418.7985271215 4562403.6411132812
605526649.3795742989 4568645.0717773438
604977835.9560910463 4545047.5668945312
604697916.5464985371 4528110.0273437500
604761557.7919965982 4529640.1835937500
603657818.7359210253 4471636.4296875000
603615370.7857303619 4465218.3823242188
603873573.5408161879 4479369.4482421875
603702156.3876457214 4473074.5107421875
603496225.4869421721 4461337.1562500000
603719492.6561971903 4473122.7416992188
603144019.8978823423 4439353.6733398438
602727220.1278530359 4406699.1127929688
602798660.5928736925 4409672.3833007812
602449471.3465902805 4389608.6123046875
602260473.7070473433 4378541.2812500000
602381618.2076867819 4384209.7202148438
602171400.9000500441 4376355.4658203125
600032476.0345784426 4180113.5961914062
599891456.8188337088 4165565.0424804688
599658170.7265769243 4153151.9965820312
597844846.7713631392 4016031.4624023438
599531264.2958242893 4142359.7836914062
618080417.1285576820 5001094.1445312500
599349934.4129959345 4120261.6162109375
599211220.0317181349 4112931.5439453125
599096451.2432527542 4093010.5239257812
598825734.1276067495 4074893.7861328125
598467577.8258514404 4051448.8066406250
598353942.2737638950 4042372.6894531250
598709819.0351759195 4062184.3842773438
598421940.2623394728 4048272.6210937500
598292018.0053797960 4038285.3525390625
598275504.2383077145 4032865.1186523438
622058205.9937914610 5130097.8017578125
642565799.8983179331 5493934.9208984375
597510275.2033920288 3965749.0551757812
597545261.3828452826 3974337.9506835938
597524853.4346799850 3966411.9052734375
622110723.7165180445 5132361.6914062500
621639267.4443798065 5119394.1826171875
622054393.7140413523 5128898.7714843750
621822053.8416024446 5125124.8701171875
597468586.4699945450 3962785.4721679688
597367577.8242026567 3953436.1093750000
597340834.3992677927 3946622.3950195312
597326485.2137994766 3938999.5756835938
620559389.1880519390 5071308.2080078125
620331507.2813993692 5064921.0039062500
620225559.4828121662 5059914.7666015625
619988662.2221834660 5054247.7949218750
619379671.2258378267 5034829.1240234375
619497378.2820383310 5036479.5683593750
619474859.5439763069 5034859.6982421875
619596380.0402272940 5040489.3554687500
