48266979.5341332406 744480.4757080078
49261688.1931679547 782612.9482421875
47646718.7520327792 657927.3638877869
48238339.4589983001 742933.3546142578
47572553.9579849839 649024.1627159119
47702634.1153068915 668793.9219589233
47664983.0130176246 658477.9024620056
48568678.7781188786 762058.1848144531
48406924.3875617608 753919.3718261719
48384679.6394323260 753401.1423339844
48693623.6979431584 767286.7307128906
47659161.0143159553 657991.8399620056
48513835.7465028167 760438.2458496094
49155363.4653833285 781755.4096679688
47737983.5387952253 669978.8222961426
47589663.4425882250 657538.3712120056
48328183.1344319880 744880.6833496094
49129992.4776548371 781491.9936523438
48945969.4795042351 779231.9667968750
48954301.1451402381 779419.1118164062
47891530.4016508982 686507.9215087891
47540115.7748025283 626014.9394149780
48378234.5226495564 752582.8166503906
48872523.2172614187 777555.6865234375
48977057.6518236399 779463.6225585938
49169845.1666837707 781868.1606445312
48913544.2025685310 778314.1186523438
47556893.9092863947 633227.7753524780
49236168.9833554253 781972.2924804688
48911276.6668476313 778196.4145507812
47535605.7494411916 614210.6850204468
48532453.5820083246 760440.8933105469
48938255.7619230896 779190.4877929688
47813081.8544740453 681229.7317657471
48442703.6007792130 754652.9880371094
48401917.8802884892 753537.7258300781
48549317.4104583338 762050.1591796875
48546202.7108051777 761286.5800781250
48654980.9245280996 766715.8198242188
49059632.9517197087 780498.2724609375
47554699.2662937045 633121.9716415405
48366613.5255700350 752372.2507324219
48818469.5851246715 775667.4331054688
48747806.0295602754 768803.2390136719
47700948.1071598306 663387.2854232788
48352741.0733425319 746011.2707519531
48398192.1360355541 753520.7116699219
48988220.0084009096 780248.5126953125
49123594.9218930826 780837.2050781250
49079303.6547045484 780698.1533203125
49168635.2108081579 781814.2812500000
47750436.7633241490 673523.3279571533
48891084.2538223416 778095.1186523438
48779188.0478845164 769662.8947753906
49069096.8583326414 780503.0205078125
47668392.8719389811 662194.3244857788
47989672.9224781990 696904.8056640625
48790727.6944542080 774276.5468750000
48612192.3936585188 764569.0764160156
48328604.7555300370 744976.2076416016
47908543.1578715295 692703.6616210938
48573554.0441654399 762292.4172363281
48927217.7287424058 778992.3193359375
48906902.0761489645 778169.8842773438
48884069.6263134032 777739.3002929688
48921253.4832780883 778363.7270507812
48782224.2886667028 773610.7734375000
48653496.7614088207 765837.0749511719
48796495.6648148596 774838.0322265625
48492021.1097615063 754959.1203613281
48806055.4535180479 774860.2441406250
48211962.0842442065 727802.1245117188
48894754.5923507437 778125.3735351562
48883313.0539099723 777574.6855468750
48834003.0962874144 775689.6450195312
48922466.2721465826 778954.7744140625
48979310.3567261919 779931.8505859375
48734602.5053710416 767405.8403320312
47777286.3269318491 674467.6557617188
48034559.0805518776 697585.7594604492
48868806.0623664409 776420.0473632812
48224844.5299521685 728704.5505371094
47939285.6003325507 693351.9453125000
48741597.6644901857 768646.3488769531
48163870.2163228616 719564.3057250977
47868814.8679223731 686005.6791992188
47988930.3677561283 695118.3707275391
47873705.2875663787 686077.4409179688
47846619.2856380269 684917.0766601562
47808115.6103612259 677321.0483398438
47779878.7323744223 675075.2456054688
48869266.7007914856 776634.5673828125
48186876.0530088693 719595.2536621094
48087208.0239059702 702129.1729736328
48090190.8757093325 702875.4801025391
48100142.6971998960 703072.5371093750
48216626.1415851265 728252.2961425781
48141808.6576422602 709395.1975097656
