595873621.7276637554 500800.3547058105
615511461.4817109108 522027.2877197266
618827810.1308865547 523442.5595703125
530542151.0415636897 125122.6608544306
534348951.4605897069 185373.6857674865
566782718.3548228741 394234.7986207143
566615042.4820120335 394086.1331934654
567490542.1044292450 397474.9339016401
618807837.1168394089 523437.5363769531
618316061.9532715082 523228.0161132812
530938413.7125699520 138243.4170200767
531168556.9242957830 142093.5204250754
531510399.6444206238 142202.8705678077
538310594.8090053797 226641.5029515356
590771278.8091807365 484875.5196857452
616536687.7507872581 522763.3111572266
538277870.7134507895 225345.3872350783
538528817.1784021854 228136.8597082228
543131972.5782030821 262688.1635144968
548121377.3713629246 294590.4258936798
566410408.5411301851 393180.4727403210
602145338.9458497763 512614.0122070312
559711041.3782973289 359784.5614611388
531491767.0652631521 142197.3272171856
533717366.0913681984 178100.6062286793
591324232.3843160868 489141.0415267944
618751628.4490156174 523375.3902587891
531105447.1669890285 140146.8930211754
560162277.4278494120 362254.6816241026
595876749.8985091448 501678.6591186523
560257400.2400195599 362714.8804761984
596323418.7836294174 502580.8961791992
601877431.1512162685 512573.0908813477
618548339.8067775965 523285.1522216797
604057034.9896179438 514963.7392578125
602460926.7204618454 513523.6671142578
619736358.7773239613 523653.0452880859
602526845.3401985168 513530.2679443359
533894865.0603358746 180145.4209831654
542811475.8662114143 259601.6239074487
567011225.2688170671 395889.2363886558
592084362.2299966812 491355.1253681183
596153799.5895789862 502378.6270751953
603787186.7798447609 514890.8129882812
615512620.4017598629 522401.2854003906
618954453.7498830557 523547.8051757812
538204283.6775664091 225081.5115608901
592334831.2908927202 491920.8799152374
542727957.8801616430 259185.6602139492
615512415.7497675419 522370.4549560547
533984316.5550800562 181354.3452995716
559697282.3433634043 359679.4730866731
602409613.4341857433 513347.1439208984
601823191.4024482965 512148.3066406250
603704114.4035838842 514724.2509765625
559810383.2154434919 360226.8709227324
567556124.4011232853 397500.1397923348
567354817.8903926611 397124.9496600353
603585523.0724085569 514697.3321533203
534116354.9194749594 183136.6427512428
534132069.7342036366 183398.0493879019
567156367.5785303116 396168.8926386558
615633231.8521927595 522428.5628662109
533917221.8322234154 181230.0761548838
530757145.7302227616 133801.0633358993
534043056.0261572599 183040.7355024180
566892770.0794587135 395127.2393183433
567000720.5750522614 395879.6050409996
603342276.5343008041 514427.0593261719
538030751.9649888277 224045.7133335799
566238744.5461417437 391919.9236601279
542781967.0980113745 259331.1037689466
596577939.7854927778 503267.0245361328
603596882.3521294594 514698.2375488281
596780761.9255262613 503517.4738769531
563485753.5889623165 379269.1961911651
603483066.8922194242 514508.8839111328
563230905.0578460693 378133.5004852135
538107518.6292470694 224167.9603764240
559907533.2588353157 361274.3932635069
596341115.8408660889 502743.1917419434
538110577.2035768032 224236.4636311263
602669456.8163691759 513753.4897460938
538125232.7259387970 224251.0318684310
565818908.4630838633 389079.7788590477
537998404.1802642345 222688.3409081134
596616825.9755760431 503343.3804931641
561752262.4389337301 370009.8918125817
565837156.6441746950 389714.7431229637
565415322.4133112431 385800.5802405165
530462271.5480911732 123104.6521582417
542522702.5943608284 256700.4244549293
599694907.4434479475 508372.2982177734
614515387.7163088322 521698.3775634766
603120232.6587703228 514218.0172119141
560191982.0904642344 362317.3362566710
591183499.9207483530 488522.0413227081
590924475.2894287109 487605.5326862335
591062093.3427535295 487929.0631122589
542522946.6244989634 258506.1307169218
565718367.0549671650 388015.3726125048
560427808.4250333309 363534.0875617743
599251159.9032440186 507474.0167236328
530527358.7183654308 123887.8205753379
563603602.6212800741 379885.1847798619
597010194.7925293446 503959.3805541992
600029917.9311977625 509151.2131958008
616062369.8200113773 522620.2686767578
530677479.2463970184 128037.1966031231
591400784.7459402084 489455.5094013214
565763350.7436358929 388616.7373221205
565440456.3436123133 387702.9622366712
601085410.0558687449 510297.7384948730
545698716.4250500202 280117.1413876172
562800511.3341262341 375474.4589917976
530589539.6254280806 126832.8423645459
545729132.7576098442 280860.6846005078
537793246.3801290989 220786.2024335333
545470984.5994274616 278602.9872147348
599627870.7403645515 508355.3955078125
591898225.2805601358 490942.6603412628
601671847.7020114660 511856.7701416016
592345947.5296186209 492097.9120502472
530615295.3098204136 127318.2098704539
591429333.4635148048 489474.5499711037
537653058.9718214273 219101.1381606546
563094644.9761954546 377192.2064283211
530680584.8080921173 129492.1392832957
532024266.6880657673 142238.1236167587
562983100.3494726419 377041.6773755867
562916700.2120500803 376278.6888202177
563412137.6709821224 378699.0592925344
547224136.8075622320 289350.8874585260
591652503.7794983387 490110.5389423370
543063220.7750272751 262545.3887647409
547236609.5748721361 289583.8206721960
591708890.0261493921 490409.3302021027
592178946.9700930119 491696.2724018097
598960745.4746359587 507417.4557495117
543232580.4459825754 263226.0373918135
547386215.7416101694 290922.2379085241
599266854.0003126860 507654.8356323242
537326406.8900047541 216135.7723449853
537528928.4678696394 217759.7819547125
537204929.9425930977 214307.3883647153
537291864.4729130268 215872.3947934576
547307004.7042644024 289843.4671219629
542827473.1771057844 260762.3349317331
614968131.7654681206 521951.0084228516
547312777.6621609926 289952.0878361095
564681362.4083973169 384036.9209426255
564436103.4733561277 382819.7382665970
543354117.2384634018 264094.0144824809
618231631.9618074894 522932.2454833984
547341726.8701392412 290369.2819735151
547408707.2469698191 290937.9014347423
564698048.1654045582 384056.1286118836
547185580.7473407984 289327.9500187267
564579182.1699752808 383549.5777120241
564308093.2980974913 382308.2100280137
561877830.4201705456 370491.3304958959
611515704.1277005672 519470.0616455078
564402559.5699293613 382648.3591938005
564208710.7299137115 382108.1591552109
536993060.6520940065 212283.6598794945
559596538.7067403793 358485.0498836574
559637322.3027240038 358818.6161276579
546652556.3044415712 285444.1352226492
546477536.8346910477 284873.3072502371
559652091.6486930847 359074.2526385069
536146121.2704962492 201980.3863270291
535919873.4385744333 200283.9728254089
535980560.9300785065 200721.9580565998
536769499.4625306726 208883.6719563374
545323458.0774332285 277391.3785351849
545144976.7718199492 275758.1260207165
535889003.8930802941 198718.6766530582
536712252.9078228474 208347.2439167866
545007173.0975083113 274169.3548431415
536842004.3602858782 209801.5011189351
559655074.8521329165 359273.9493535340
612028859.3351466656 519623.4537353516
593451009.9834079742 493523.8280105591
544076174.1283788681 267216.9200299699
599455419.0790137053 507944.6619262695
544092387.4024165869 267979.5781110246
535636683.2736037374 196481.7763467486
535524240.4742873311 194835.6758917625
600433874.9966775179 509638.7688598633
600445690.7071784735 509657.0420532227
601356665.8881592751 510559.0584106445
544091865.0424845219 267565.3219397739
600907429.6143368483 510102.7129516602
601291359.4956626892 510299.9948120117
535629914.6528298259 196317.8243292625
600313953.4266198874 509481.2639770508
543893124.6232272387 266446.5011256244
536473967.6356389523 203306.8428355226
598520528.9263250828 506212.0424804688
535249316.2174767852 190333.6624549030
536579566.9065488577 205228.1811972627
561143941.7130635977 365878.2440325980
561338265.0484014750 367275.6988556524
532369815.6399231553 145433.3914278945
532343664.1626424789 145166.7358800224
561494563.6469767094 367785.4596360166
561290642.5237901211 367130.6143524785
561093526.6491962671 365860.1041896979
561046719.5349602699 365743.0184127678
594252975.6797372103 494123.6315612793
594497127.3170025349 494790.0574035645
594990666.3643374443 495312.0679016113
595455271.9910224676 496394.8140563965
595210478.3857403994 496084.0800781250
612798558.9367399216 519678.2235107422
542408151.6451674700 253462.8825266082
542314924.6802090406 252990.1527111251
541663680.0855669975 246046.2136937878
541784989.7934918404 246192.6876550671
541371219.2578353882 243991.3285770882
541514527.0107392073 244349.6077935491
535075381.2946184874 187792.2172241676
609330609.2113770247 516640.6857910156
535179854.2355628014 188526.2772439140
577132701.0444761515 428172.8747733273
541192309.6607509851 242205.9523067940
540957511.9364893436 240320.9036007393
608863469.0005921125 516184.4122314453
613534444.7712612152 519864.1083984375
535028774.7668310404 187759.7673950660
533333379.4489288330 151498.6645917239
576775079.2704248428 426798.7854788937
609512797.7099386454 516727.9084472656
608672766.7728441954 516109.5650634766
540505929.5218162537 236239.9785130816
577038221.9070971012 427823.5114920773
540344470.9962824583 234011.5222123526
540425247.0442562103 235710.7155514229
577248557.4893429279 428801.8921053447
540185194.6020931005 232593.9338263758
540101411.2941131592 232035.0931979604
540254158.6859986782 233602.8046759851
540005592.3739427328 231717.4151772447
539772693.7180072069 229738.2833767310
613368184.7195472717 519833.4517822266
576515535.6212074757 423813.0957906879
609729113.8712368011 516833.4248046875
533633719.8263100982 154835.3126328904
533551905.9502524734 152893.2832749803
609210188.7690246105 516532.5197753906
610124884.8377019167 516920.6474609375
533622404.0887192488 153183.2781769801
533647285.6815226078 155111.1138110179
533696365.0052917600 157128.3874457348
613971638.6999593973 520072.1245117188
613702163.9508484602 520000.4020996094
576186646.8512444496 421981.2448434047
576107471.8244620562 421522.9705971889
575958407.7096804380 421496.3515175991
610282693.6247801781 516992.6063232422
558694354.4110172987 348917.0462714476
558152501.4750295877 345543.9611579222
558224912.7935885191 345694.4459296507
558286893.9172489643 346883.9044257444
576236681.7425918579 422041.8730019741
557785339.2016239166 343474.3670760435
576283282.1102422476 422399.4324349575
557361334.7887006998 340807.9454029840
557220272.9122018814 340552.8448554319
556744950.1968408823 336702.1826469770
556730412.8601216078 336339.0526890627
555849169.9803838730 328708.2281929539
555777883.9626592398 328411.3733560413
555492680.9122765064 327443.4734858691
555087446.3091682196 323039.9386940531
555238474.3522928953 324325.4733329832
571768958.3732521534 402063.2508929893
554755697.9244832993 320728.4698207199
554767350.6520479918 321580.3018061935
554184683.4419627190 316808.3961271571
554488005.7287629843 319451.2463468837
554268906.5898544788 318474.1707853603
553987936.4296221733 316569.0621828365
552907009.2015492916 307180.7597263830
552901908.1925126314 305500.2484204101
552442261.0530117750 303196.8578932586
552389645.4179744720 302925.8703427615
552301002.8715192080 301882.4794943633
552354022.8848763704 302673.8339460196
552487400.2148035765 303263.6588136258
552124729.8920186758 300248.9914566579
573696947.3440979719 407514.0517180897
573530279.1514297724 407241.6867278554
573805729.1943074465 408290.9203589894
574090769.7595250607 408943.5223480500
574138146.8440532684 409009.5087493397
574243000.1149386168 410099.6817489900
574253515.1991316080 410416.9105087556
574159207.0529757738 409668.8210583664
551924017.1509497166 296154.4267642635
