580763382.3250608444 3557265.7666015625
596739788.5986200571 3601771.2338867188
506138695.9183380604 1129120.8929760694
506336900.5902666450 1129757.0264905929
505965186.1566156149 1117368.2002811236
505926342.2069165111 1115556.6124499082
516523065.7446096539 2085724.0242095164
518923432.8554361463 2187229.9830892542
562656963.0458927155 3369590.6838378906
575993722.9710372686 3531670.5795898438
575896178.3552653790 3530286.5688476562
596254214.6213096380 3601584.5405273438
612673234.9993796349 3614085.3759765625
562641796.9972835779 3369570.0646972656
562477251.2390950918 3367940.3342285156
567111502.6073381901 3437949.8818359375
516741928.1604302526 2098318.0425200630
562284431.6554476023 3363916.5764160156
562394800.8736363649 3364977.0207519531
567232199.9917758703 3443892.3740234375
567881932.7982259989 3447541.5507812500
575613095.3616989851 3528529.4980468750
575378506.1327069998 3526719.3793945312
583473281.5768812895 3567376.0722656250
596790833.7097220421 3603448.9877929688
576314763.5228800774 3533914.0288085938
510226424.7521896362 1714924.8219872001
546802950.5123162270 3031455.2020015717
546367865.4356306791 3020453.5058536530
549590932.0297496319 3100359.5167217255
562412473.7341101170 3365537.9797363281
576326244.2325345278 3533990.6557617188
612294808.9642457962 3612729.8378906250
504994623.4266197681 955067.3159386726
505000455.6390061378 961171.5073449226
505029733.1675095558 972840.9196780833
510387101.1046007872 1726301.4049110892
518929019.0348493457 2189417.9335706690
567536903.6198335886 3447491.7792968750
567541070.9916604757 3447501.8759765625
597093452.2821813822 3603663.5512695312
596839428.2713394165 3603486.5112304688
613736084.8678499460 3614194.8925781250
613435413.1629536152 3614132.5253906250
612356018.6434317827 3613610.9960937500
516638066.8998374343 2095761.9780669382
527766728.3288208246 2506454.7675714428
569116383.3067618608 3465184.9472656250
575613544.7892962694 3529886.5356445312
611148485.0421504974 3612566.7646484375
510210641.5385119915 1710520.3378334525
527988112.7079012394 2512251.7599652112
577484359.2184563875 3538912.3413085938
562162092.0492391586 3360090.3776855469
562633056.5817527771 3368910.9377441406
562067153.6563625336 3357637.9602050781
528012924.7128357887 2512772.0297784740
550879493.3160074949 3130247.0537471771
562480599.2016303539 3367948.4650878906
510187693.7334589958 1708619.1825600150
518815974.3451876044 2187221.1977308253
527534312.7474483252 2500023.7187555432
518679146.7930347323 2183930.0846937159
519072588.7953975797 2196896.8544550594
510165934.4942108393 1708031.3368568900
518701419.8063068986 2184790.5341566065
550296171.4928009510 3117111.3043804169
546680586.3991332054 3029079.1878414154
551553820.7542201281 3140826.9175167084
598241956.0149211884 3604282.9936523438
590022492.0727205276 3587476.9111328125
567990429.3460898399 3452651.5561523438
597577064.2851593494 3603966.8422851562
518759665.6726002097 2186403.3549764613
546925953.7043876648 3036109.8327617645
590492558.0834556818 3587912.6884765625
568469978.7088940144 3457007.7065429688
510632155.8899768591 1742608.5079384330
590103797.4052531719 3587560.0742187500
611254350.2442485094 3612576.3037109375
569647428.4558616877 3469794.7939453125
568713485.8781268597 3460803.4492187500
597903904.4528861046 3604000.2094726562
518098214.0626351237 2155298.8118185680
518094750.5053207278 2155232.2263693493
518053389.7654336095 2152030.2400412243
526118638.3874363899 2451223.1764918710
550990341.1038943529 3133265.3550167084
551306502.0067569017 3137248.7845458984
570088839.2455029488 3471283.8110351562
569802691.0075087547 3470169.9799804688
570214291.9617905617 3472068.8032226562
569509428.6974560022 3467904.6020507812
546566052.6855387688 3026984.2996578217
567507528.0315934420 3445257.5185546875
597851942.5236097574 3603981.4516601562
517716458.9863755107 2143323.1882332778
517443171.4065448642 2134821.0528445411
517350081.9176170230 2125967.2345328499
517145465.3852797151 2116477.1124625374
517187597.9652922750 2122609.1817984749
546419804.0177309513 3022850.5829544067
516952621.3522104621 2113140.5472312141
549635753.3652875423 3102182.8615093231
505771273.5159159303 1081523.1649707793
526316273.9645586014 2456228.9235621835
550469214.9565702677 3120456.3024272919
517012415.6811996102 2115247.8740209141
549717019.8690693378 3104241.1014003754
583824518.3812777996 3568875.6025390625
590863341.5802725554 3589105.8486328125
526098586.7377395630 2449520.4172145273
550017408.8034534454 3108743.0535259247
515362855.4818872809 2025048.0162750417
548684425.2954851389 3077784.2570414543
550242658.9261397123 3115368.8945007324
589995646.3227035999 3587416.9248046875
609817023.9538292885 3611127.1708984375
525952089.6763354540 2444165.8998598065
550045600.3433325291 3109337.6803569794
591355538.7831290960 3589724.2812500000
505629267.9892520905 1062162.0181444658
583021483.6153477430 3566275.5029296875
550525280.3925001621 3121750.5426616669
550127478.1158729792 3114470.8312358856
563367909.9973237514 3381246.2592773438
505550226.2142033577 1039384.6145859591
505582186.1344311237 1049921.0879314025
515240235.1896165013 2015169.2857357597
576990455.7321230173 3536970.0776367188
505457038.4133787751 1027320.8376491378
505490157.5271993279 1030773.7581022111
580222349.9147394896 3553077.1396484375
511735123.8962676525 1797007.7531889929
511610658.4059005976 1793449.3999662008
511690259.2884683609 1795771.3070000662
515577015.6766985059 2035133.6936947440
577072905.2126189470 3537101.2036132812
608984198.2549190521 3610129.2470703125
505397345.0544748902 1014474.6207392040
505335976.5754750371 1004952.1799974862
568337603.8276277781 3455552.2822265625
576785955.4675582647 3536113.2329101562
568265655.8700616360 3454066.9853515625
508653393.6594480276 1331184.2901160386
580584412.3987474442 3557006.6757812500
576656262.0385425091 3535260.2807617188
574978407.5094274282 3521567.6391601562
507813258.5150725842 1329609.2257315782
507593807.0726197958 1318013.0740897325
507389146.2846535444 1286340.2892815215
511746619.7796511650 1802370.6034173025
588020825.5926908255 3577704.8618164062
575223913.5249930620 3523506.4370117188
507564365.4655340910 1304998.9297283930
511543072.4331376553 1787239.9364251150
511496398.5526208878 1786407.0487298025
507499504.0758322477 1302262.1067873579
588580016.9337425232 3582566.8339843750
609881089.7191485167 3611751.0029296875
507466455.1570370197 1297816.0071779829
507485926.3425573111 1299520.7519393307
588461491.3096150160 3581471.4433593750
580150765.4820816517 3550055.8457031250
577196220.6898231506 3537272.8061523438
515417086.0664454103 2031654.0295686561
515292608.7885103822 2024765.2304963905
583207284.2890372276 3567248.9707031250
511374778.6500728130 1776237.6163567556
525596945.1219190359 2429995.2061512023
525195529.9526145458 2411322.7807209045
525375621.4067635536 2420455.8910724670
561688324.0851403475 3344702.6159667969
515709233.1202287078 2048239.9804244211
561634962.4707988501 3343315.1943359375
583356566.4788012505 3567365.0283203125
524951935.9456769228 2401806.6718303710
525201061.4458043575 2414535.1073810607
515436588.5564292073 2033896.3342561561
515394344.2374656796 2028475.5936003695
525432278.4227904081 2421111.0390808135
525103626.4554716349 2407823.3095294982
529228483.0827617645 2539127.2139713373
529597654.2309416533 2547618.5742643680
588572484.1017800570 3582415.4726562500
582604674.7081669569 3564928.3906250000
582117014.8462806940 3563412.9443359375
529267920.6209435463 2539794.8248111811
529084009.7602797747 2535576.4463932123
548107469.0708957911 3062477.7469782829
547252672.7636615038 3041825.5257320404
547235737.3765102625 3041569.6985836029
564514622.5189679861 3395563.0507812500
528524505.5047942400 2515158.3591863974
547334009.1924474239 3045006.0223140717
564954883.2235175371 3403309.3486328125
547576347.1926938295 3051100.9109859467
565174617.5643602610 3405704.9414062500
513662384.7106885314 1910789.9907598107
514027624.9687792659 1932274.4364740518
582607471.1396065950 3565034.4941406250
514298655.1043851972 1941087.3169754695
515045037.5875726342 1990091.0868032216
514742396.6671813130 1967432.4089987963
514823775.8496045470 1976398.5122702806
514562384.0577515960 1954138.0592357393
566530926.1425848007 3423576.5136718750
566092101.5236955881 3414100.9902343750
566114448.0405093431 3417703.8291015625
565792998.1849191189 3413135.0893554688
521815494.5546771884 2263030.8131907824
584890593.1992396116 3571169.1630859375
514571890.8354037404 1955897.9175711821
507278783.1512796879 1229633.5043073962
507351021.4939653873 1241227.5672930214
507290581.1542642117 1234252.7507589268
507181129.7713499069 1216878.6740571628
585575128.0602877140 3572434.6679687500
507227756.0009067059 1223754.9718925641
593658360.2507885695 3591219.8417968750
594075094.1854125261 3592290.1562500000
594229461.5399014950 3592519.1679687500
608751304.0728101730 3608713.5263671875
573186146.6826739311 3498372.6459960938
594248834.0185983181 3592536.6162109375
593238014.7410570383 3590143.4550781250
608947761.9668339491 3609317.8232421875
593585506.7407453060 3590902.8574218750
506996664.3562536836 1135149.9849380117
506995273.2001990676 1131515.8193065126
608091797.4909535646 3604307.2460937500
507069570.5591741800 1143814.7652806949
608337793.4502505064 3607870.7177734375
507043531.6208962798 1141134.4848327348
506977681.3251375556 1131431.9816829164
573928627.2086372375 3503463.8745117188
513241046.9728655219 1855538.5394910779
587139522.3875938654 3575124.7822265625
587291777.0266852379 3575308.4814453125
513556153.4535483718 1878809.2603315320
513428806.1340417266 1869447.2898725476
586372849.3906236887 3573356.0185546875
586723730.3846473694 3573808.3505859375
512735751.1906974912 1815570.2252515759
513288475.9824919105 1857747.3102430310
513205409.8253794312 1853616.3158582654
512986117.7902624011 1832628.1166089978
513084970.7566468120 1842496.5018934216
523785610.0612061024 2336933.8749944773
523878911.0378581285 2342866.8290960398
523751343.8420359492 2334913.8075553980
523777067.7179122567 2335264.3372486541
523711483.2408300042 2330679.9520818898
523677317.0962591767 2328838.7122137258
522580366.5191701055 2273131.5902249422
522298076.8236429095 2272230.4746346138
522036383.9158757329 2265997.1073147859
541509782.6390527487 2854992.7986046076
522092236.5400975347 2266036.6016909685
541341669.9076291323 2849744.9846397638
520868614.5753715634 2220234.6404594867
532417112.7258300185 2575158.3170651197
532172132.1755738854 2568439.8455304503
532152023.0637902617 2566087.7609040500
532499631.8234561086 2575431.2342835069
545449252.9780997038 2964499.3870158195
545756215.3080055714 2972776.3689494133
545949171.4829374552 2976876.2923455238
579679762.0133819580 3539438.5712890625
546038118.3077656031 2978552.7839350700
543603697.7399322987 2906396.7405357361
543307194.5809952021 2899741.5738806725
543184132.6915853024 2897124.5567908287
542938123.2215185165 2884116.1880183220
543370938.4545190334 2900748.9293494225
543114087.0413516760 2889435.3686823845
560711039.8463481665 3287349.1799316406
560659668.1120198965 3285372.3817138672
560392817.4438301325 3279689.7752685547
559965092.8813631535 3269829.8267822266
542524629.6445403099 2877573.4142756462
540339116.6189138889 2782139.9764709473
540164979.5634044409 2780426.0731506348
539902403.9025710821 2760996.7467346191
534919608.7022782564 2590601.3684487343
539747164.3140944242 2747198.1820545197
539545615.6722944975 2737571.4231548309
539605211.8220673800 2739097.4778423309
539658128.3838829994 2744537.1511821747
539477934.7076858282 2732878.0352973938
538291354.1718087196 2694558.2179698944
538132036.3442902565 2690115.6901912689
537841784.2804565430 2681813.2731990814
538100304.5120456219 2682082.9904842377
536210281.1563807130 2629213.0536308289
535805818.2799242735 2617253.8446464539
535752072.5910101533 2616503.1923027039
535359175.8586601615 2603020.3064393997
535389940.2303923965 2604827.6676378250
534963890.1203011870 2590903.0193300247
