403969850.2850477695 645122.1799316406
373330349.9121633768 432741.0477757071
374164957.5078216195 440298.6507398852
392784672.1728522778 588953.0254864770
387967142.3470951915 555015.2272777557
369514883.9620817304 376815.6001446396
370591917.5179154873 398681.7149954215
386076451.1022779346 542527.0695416629
370832491.2764213085 401873.7877493277
370906534.4021084309 404450.0124807730
380264986.3849681616 498183.7911012116
368700036.7738466859 366187.6222072989
392963666.4565325379 589631.4154360294
371033261.5549581647 405243.0073538199
390156200.1695883870 570209.7577420628
385322709.5546364784 536302.6609614789
374127404.8833619952 439929.1397812136
371786509.8936893344 411309.3286654390
404298950.8332794905 646354.7219238281
379132215.7722896338 489907.7015811148
370612055.1374002695 401120.6963186637
376648043.7363175750 468536.3039559379
404843986.9270288944 646782.4954833984
378577377.3014323711 484132.7803308311
371756620.9971060157 410113.2983782113
369314607.7103184462 373585.4681557417
368847867.9664783478 369459.5398098379
368688639.5444282889 356829.3644889508
368984784.9146177769 373024.9620831162
380046487.7535760403 496373.1711616460
377659994.8841325045 473194.6121832672
377916501.7826628089 477746.5704962555
377669712.9722682834 477706.7844244781
369431283.9423423409 376450.7847149521
385278543.7007397413 535683.4817622602
371302343.4779275060 406602.2117082895
388973431.3404514790 561593.7642499796
371324191.7959458232 407742.4800188363
379598635.7482568026 493380.7650491744
383671127.2917603254 524044.3137415648
391644364.9684277773 580933.2743923664
388579320.9341977835 560229.1110668182
388245012.6635794640 558346.2255687714
387923426.9496811032 554425.3702043295
380961182.6845583320 506452.3739594221
379779905.4386812449 494487.0892524663
379335110.3316986561 492426.9687805119
405603274.6115908623 649038.1552734375
381445562.5501604080 508588.2063345462
384360670.0902563930 528140.4447797533
397890377.4538797140 617885.0051212311
371026002.4293636680 405162.5372750413
370065035.6724982262 395401.5274054658
384139079.9663635492 527312.4655809557
370484818.2951411605 397145.0767218721
369030470.0103963017 373093.9849102646
383881229.7605140209 525616.4494837523
368825507.5217168927 369195.5190578848
369401533.2332755923 376403.4062969834
391022662.9126861095 577509.9200222492
404566032.8596565127 646651.3576660156
391323968.1796550155 580635.3298122883
385249202.9715397358 535281.2888911664
370018367.6939733028 395312.3740851533
369603138.3323399425 380256.5212736045
397783497.2343813777 617005.5473575592
391050940.9353228211 577738.2218849659
390626447.7931288481 573956.5148403645
397843709.4753547907 617819.9272403717
384315827.2906565666 527714.1275682604
383734222.7488234043 524414.5546536148
383224227.2173826694 522297.8461575210
369905487.9626900554 384672.6876636659
391306060.4375219345 580522.3991482258
375847163.0848373175 455164.3775409897
381446731.8378396034 509009.3621725589
383422341.5943942666 522437.2902493179
384972149.5810388923 533927.2565036714
391782478.3170666099 581158.2734158039
384925716.9384655356 533444.4466892183
375663594.9772803187 454882.9688495834
391666740.4689597487 581100.4130269238
379095743.2396214008 489389.6571475211
368528707.3408135176 354543.1611356650
369480237.8506514430 376770.1936674033
384027440.2030966282 526619.7240038073
384815254.2391038537 531463.7062107027
386115161.3994678259 543310.0636822879
381734798.7304192781 510737.8256411111
382954899.3481852412 518398.5038113296
383485245.9491931796 523895.1813625991
385001171.9228869081 535055.9503513277
391108506.8550102115 579352.5019314289
372697773.7777133584 424024.4120335196
390269301.0460390449 570239.9924064172
372335266.7864426374 418801.3019666916
384015383.8127530813 525624.1090135729
377391807.4340738058 472946.2090397134
390805882.5097295642 576634.5178005695
387634790.5875132084 553210.3684527880
378601058.8121672273 485891.9430667105
376825273.4571849108 469594.6652840629
378043244.6627485156 480700.2761847320
385877315.2228662968 540415.3661725223
404901717.1797420979 647143.6251220703
379198995.5710188150 490494.2930422965
387346403.4999530315 552115.9648883349
385766011.4476686120 539333.7442242801
381969447.2040566802 512638.1509584939
372205123.5749887824 418008.3070936447
378428501.1061922908 483500.1258798781
379069339.6144140959 488968.0701419059
386279680.8631516099 543922.0815045536
375195662.6564119458 451075.9545157570
384907431.8146427870 533017.5177341402
384787890.1441830993 530763.4466892183
381883806.4170660377 511765.5755190408
396103331.0013557076 607345.1497611399
396966259.7135298848 611698.2837162018
378774956.4229308963 488272.3288465682
381193436.0269667506 507928.2153595686
386580476.1571093202 544449.4494244754
376417648.2591515779 466155.3849701054
397136053.8821343780 611786.1448001862
383053846.9708737731 520560.6656541979
383213684.1951354146 520698.5770311510
405151922.8177341223 647447.5045166016
406272678.4884878993 649928.5186767578
386593004.1662098765 544940.3923210800
380914825.5710977912 505382.9946564436
382979356.7254538536 519549.1903124010
372915101.6794897914 431138.8949144696
371512282.9555233121 409276.0789967015
394641458.5157137513 599406.1201667185
372412487.8568363786 419270.0205421692
372321619.3353399634 418712.1486463791
372368112.6767130494 418835.9810605496
372761867.2313476205 430680.9598558758
404482518.9408369064 646557.1411132812
372480789.0714691877 422192.2224291180
398914633.0652679205 623588.3706226349
396018606.6644707918 606512.7906302805
372728742.0572761297 425097.8433397625
372964254.9939226508 431387.7152269696
395664477.7927675843 606030.0819587107
388674485.5202342868 560665.8451976776
382686673.3497086167 517461.5590868151
388293471.6589759588 558970.8129711151
395197503.6727097034 604012.6432990427
382564600.9722328186 517063.4348192370
380903207.0104261041 504017.6075104475
386425439.7340363860 544179.7843231857
406500210.5023750067 649970.4556884766
385899933.2991846204 541137.4212860763
382312651.2954166532 514447.0305908924
382044428.4327961802 514184.2141846424
376087313.9523239732 463698.2637885280
395111199.1869843006 602665.3869513865
389084144.3429657221 563433.1751689917
381498452.0694679618 510688.7378662830
381765534.0958441496 511111.7844971424
375884246.1214087605 456896.5308783717
371928504.1266170144 415649.5426428452
376967177.5314472318 469968.4496655926
376531295.6319611669 466826.8268628582
371553726.6653233171 409875.7967701390
398313051.0944569707 620565.7276554108
397652335.2517938018 615763.7060794830
386622847.1915675998 545017.9749593735
389608469.7410707474 566986.4056377417
373631280.3132063746 438418.6872580666
375986264.5473216772 460391.5750678249
401435082.8447180986 634478.8917846680
389524955.8222509027 566892.1890850073
388170792.5619032383 556299.0603576750
401414099.8963721395 634331.6478881836
389969564.4633606672 568487.9264021578
406102478.8788980246 649780.3555908203
395998504.8879470825 606302.4253959055
373349056.8870155811 434222.7014182229
381900549.7978242636 511994.2259483468
374413412.4997394085 443326.1544079909
373442789.1885563135 435272.6137717385
374936278.6549798846 447898.2987970465
374392657.2121236324 443136.2535137020
373811392.5839126110 439394.9248068947
395914990.9691269994 606208.2088431711
373894906.5027322769 439489.1413596291
388076330.5380359292 555086.1336021572
398377999.5504066944 620998.5188319683
387241950.4366639853 550143.8509197241
374567667.8818322420 444966.4089044683
405537530.2397989631 647540.1095886230
389297579.7443181276 565271.4857442379
397762861.0521929264 615853.7053663731
397872924.4069314003 617881.8313429356
397939624.8287282586 619323.5801222324
398453453.4715883136 621909.3389308453
398046095.5869923830 620089.7090284824
377163838.3638216257 470881.0085413661
396732958.5205062032 611117.4432671070
374944897.6958647370 449612.6786853089
375172756.4126867652 450565.0625964417
408133435.5692287683 650426.9420166016
403003989.9035593867 642776.9053039551
378020750.1766875386 480166.6213552300
395480549.8778342605 605231.3074504728
403107610.7442780137 643271.2942199707
402503381.0520772934 640714.5832824707
375522488.3600646257 452757.9599873364
408259412.1556459665 651181.3233642578
404069950.9818719029 645846.3113098145
396135258.5690045953 607833.3404142857
375958976.1376057863 458011.5114049319
409870035.7928182483 653620.2937011719
400803590.8033247590 631915.8788299561
403600483.4942393303 644037.4636535645
401593523.0776097775 636434.6044006348
375971155.6267037988 459355.6964648874
402162820.3049240112 639685.6186828613
401560026.0317995548 635525.7525787354
382534213.4495224953 515455.5489521454
382481537.2416937351 515134.2894306611
390291882.5883149505 571168.7945234776
389716297.9771297574 567437.0793504417
390074890.9743059874 569450.4716844261
382345945.4087600112 514846.1395283173
377549442.9810907841 473135.2725805044
402487961.4695114493 640328.2065734863
401466656.4750228524 634951.3689880371
393227645.9723809958 591226.7298991494
402060938.0582582355 639012.7302551270
402632619.9975668192 641289.5422668457
400436935.5506705046 630978.6623229980
409768649.6894482970 653246.2768554688
401745280.0184455514 636521.9035949707
402406977.6980125308 640196.9768371582
401955728.9558567405 638511.9973449707
374544988.1059181690 444661.3849863347
380772872.5283229947 502398.2927265595
401783209.1927608848 638131.3193664551
380280793.1244774461 498378.3501394634
390041567.9947238564 569096.7614223063
386785688.5145866871 545438.5166280989
386516117.1498344541 544205.6347179413
390754784.1702957749 574901.2014739215
390638374.1495281458 574118.0829436481
390475434.9835660458 573616.0900056288
390405599.5868661404 571739.8104646131
388744600.6452184916 560985.3713665014
384546629.6281718016 530369.0514861196
391993144.2214792967 582984.2793343067
380639685.3850861788 498915.7035309355
393910239.0401020050 596105.1770457923
387248323.5230214596 550161.1684529781
380685561.0813170671 502134.9359528105
389142928.7235277295 563635.0185201168
387152882.8674826026 549592.0654256344
393587847.2021159530 593797.8797485530
394379575.0883371830 597873.6540100276
385695276.6656000614 537910.9215188597
393522833.8621429205 593627.1237671077
380467711.3226971030 498818.8568702546
400978670.2687029839 632445.1668701172
399427831.5497473478 626741.3067626953
396434920.5929799676 608356.8505671024
399291991.6885119081 626291.2775878906
396454450.3575844765 609716.8823969364
409020663.3596296906 651714.7365722656
400294296.5163016915 630767.4150390625
400177654.1826432943 629039.5395507812
407515902.5237835646 650420.1505126953
408398360.4066486955 651620.5863037109
394393794.4488992095 598895.9671947658
393906754.2124707103 595437.1736147632
399628481.3076866865 627811.1427001953
399685293.8764393330 627864.4754638672
409574207.6709700227 652921.6333007812
393885342.2230098844 595405.4569580257
399702134.1182825565 628721.0247802734
398729555.5392910838 622755.8522949219
399523272.2052853703 627310.4097900391
398698141.1398344040 622321.4835205078
401020704.7181984782 632635.2593688965
386808058.7631473541 546439.1497478491
401146461.5972236991 633958.1069030762
386717233.8655000925 545130.7227458960
409100576.3190438747 652651.7282714844
409101709.6081465483 652748.5319824219
392419444.5860836506 585525.3196775541
398712645.6375728250 622737.7041015625
392370285.0062089562 585403.9273283109
409287578.0307345390 652875.7890625000
393029446.2108408213 590979.9658004716
392510220.9111945629 586730.1966659501
397288471.9965378046 613310.9624052048
392142897.0647470951 584159.8613144830
393370374.6212730408 592299.1703903154
397327216.3801167607 613893.0241117477
392256126.1499254107 585074.6768685579
