402799278.0683397055 6455801.6328125000
369999166.3759418130 5669180.2929687500
340488142.6443119049 3595275.8955078125
343035099.6961042285 3877810.5156250000
345244184.0691359639 4087744.1083984375
345102094.7983032465 4074601.9501953125
353806471.1179730296 4766370.0693359375
353597931.5358065963 4753547.0732421875
374710071.5208138227 5882200.7285156250
390234596.8131420016 6309307.6640625000
397661298.5421378613 6424046.1464843750
397397624.1410723925 6418318.8027343750
354648225.6612455249 4808215.0869140625
354388197.9315844178 4796753.6230468750
354455607.7997767329 4801670.8046875000
373894979.5541456938 5855819.7109375000
345577260.5018559098 4107819.9619140625
347505042.8778654933 4278986.8896484375
374083905.3760319352 5866573.1503906250
383068915.1750648618 6157241.5781250000
383310115.9261575937 6160001.0644531250
406963328.0837191939 6462939.0761718750
353967103.7241380811 4774412.9482421875
354200834.8841901422 4788143.4267578125
353798969.4611480832 4760745.1181640625
353682315.8019770980 4759425.5498046875
342946970.4680652022 3868433.7392578125
360195158.5459578633 5172669.4023437500
373962232.7593993545 5860485.2343750000
382938492.4862720966 6154203.4863281250
383535368.7398551702 6168194.6289062500
403828625.3955442905 6458484.4414062500
390252562.1501778364 6313383.5195312500
345445600.8192819953 4105407.1591796875
374488094.8990433812 5880630.9433593750
383110593.3981750011 6157418.0332031250
389724448.0266842246 6306690.8476562500
403432276.0669021606 6458226.1953125000
360433918.0993838310 5181669.2890625000
360236968.8905294538 5176100.9716796875
338691081.5049104095 3235092.4560546875
342232755.0742741227 3794605.8544921875
345103840.4149778485 4079237.6494140625
353299077.4201508164 4726903.1513671875
360574829.5914688706 5194724.4394531250
362209684.1893558502 5282394.3046875000
361921888.9485303760 5268210.9707031250
383669945.6241506338 6171902.3437500000
403251539.7880744934 6456489.0664062500
340264018.7506505251 3574751.0429687500
343702765.7292706370 3914238.1611328125
376328819.9429462552 5945962.5449218750
402748446.0187131166 6455203.6582031250
338864379.2133397460 3363020.5117187500
342459177.0216937661 3814246.8251953125
343380000.9742959142 3906509.2294921875
389681857.9243199229 6302707.0058593750
397459148.3449269533 6421905.7304687500
403262651.0017869473 6457326.1601562500
407248428.7125743628 6463413.5917968750
338688134.9044181705 3225636.2929687500
340685819.9579945803 3609911.4677734375
361795249.1854336858 5262611.5507812500
362422039.0727716684 5283033.5566406250
383159379.2347550392 6159559.3730468750
385056239.4706636071 6205181.0898437500
399378521.0797592998 6436040.4140625000
402278939.8476375341 6453543.6210937500
403473877.9297593832 6458394.7421875000
339241939.9412667155 3422225.9414062500
339864973.0792183876 3524198.8183593750
361712274.1013398767 5258461.8476562500
361461954.7118650079 5239642.0878906250
369540658.6532143354 5645253.9414062500
389705167.0019832253 6303605.5664062500
339762478.7156580687 3500842.4667968750
343276417.1642188430 3893654.4160156250
347560402.2239421010 4283572.5810546875
347733966.6328656077 4296428.1582031250
360033608.9076550007 5160364.0244140625
369587466.6930670738 5652538.8457031250
339883199.3702372313 3526527.3847656250
338746669.9232203364 3251120.2617187500
343376457.4008700252 3893972.7060546875
361896148.3170296550 5263969.5683593750
374073473.0497069359 5865995.2031250000
361354043.0172299147 5238076.6484375000
360948825.8053154349 5213348.0517578125
361158804.6956491470 5222234.5185546875
361094076.9283660054 5220616.1123046875
347514254.0176181197 4280416.5302734375
360946783.3384147882 5205233.2880859375
343011805.7514163852 3868710.0185546875
343255023.6675030589 3890096.4150390625
347374229.7652390599 4269582.5947265625
374038606.2241759896 5862259.4062500000
376587027.2765246034 5953568.4355468750
382967402.6389681101 6156402.8378906250
369404621.2389531732 5635765.3339843750
376436021.5577645898 5947538.3691406250
343069047.6120114923 3878210.2314453125
338979911.2178542018 3382742.8271484375
339310398.4952551723 3423395.0156250000
339802391.8989406824 3512998.5732421875
346989320.7680616975 4233991.8623046875
347630933.0413352847 4287546.0556640625
369726942.5229431987 5656014.2441406250
359987290.1343235373 5155568.3505859375
374087609.4977298975 5866626.3769531250
409516032.9420003891 6464080.0292968750
342925668.3921355605 3866086.3603515625
347324640.1740255952 4263437.7070312500
376683333.0663753152 5956169.6855468750
347600709.9322298169 4286948.4326171875
402106143.4103165865 6452572.8437500000
339236344.2759216428 3420889.7128906250
339335468.1576593518 3433482.4453125000
393074744.7586801648 6355538.4804687500
344891235.1083299518 4047994.7333984375
397824971.7914161086 6424113.0214843750
401621969.7726806402 6448565.4335937500
339593446.1561957598 3478532.9716796875
369480635.8341646791 5641708.6191406250
376550211.7335629463 5952280.1367187500
376477140.8688669801 5950267.2500000000
385236306.7309630513 6205195.0566406250
353594112.5689222813 4746852.7841796875
375153186.6816662550 5906396.4667968750
339095059.9537524581 3398263.6464843750
374055573.7004289031 5862681.4824218750
399548986.7077587247 6437234.7734375000
344812216.7060943246 4040752.4169921875
347417864.1894320846 4272234.4335937500
338761691.7445668578 3259507.4306640625
388518788.7488520145 6281157.0468750000
409335786.4908335805 6463491.3515625000
340747887.8893508911 3621702.6708984375
375730395.5745576024 5926962.4277343750
384084350.6819536090 6181329.9824218750
387599684.5660080314 6259940.9765625000
387782355.5631741881 6263084.8671875000
339446545.4139773846 3442554.9472656250
392355207.9429373145 6344502.2656250000
399132812.4703335762 6434512.7500000000
340713622.1195188165 3612045.8505859375
401756783.1390751600 6449465.5937500000
342659611.9279775023 3839810.5068359375
387454535.1557490826 6258542.9960937500
338774320.3796978593 3262228.0068359375
398285085.0143737197 6428701.4335937500
399432363.4212787151 6436818.5937500000
352431652.6323508024 4666416.9550781250
392848569.8156433702 6352984.2363281250
387599843.3431963921 6260499.6679687500
342583263.6047807336 3826854.1962890625
347209006.3079848886 4253677.7929687500
352082545.0224823952 4635997.8955078125
355241591.2216625214 4844437.6787109375
375560029.3695316315 5920170.2812500000
355205587.3131055832 4842394.8242187500
358728846.7152557373 5070304.4062500000
397642919.1334956288 6423414.3613281250
399009243.1567593813 6434188.7265625000
352394080.9241539240 4664338.1083984375
358843224.0191750526 5077852.2480468750
342334796.3168080449 3803585.4365234375
342124337.0584642291 3780911.0742187500
347642904.4555088878 4289475.1015625000
352232660.5813374519 4651577.6689453125
399837772.5056609511 6439742.6015625000
375474744.2118248940 5916365.1132812500
406562461.3183787465 6462150.1972656250
388263052.5807303190 6276592.5976562500
387946125.0746439099 6267536.4726562500
383857339.4595845938 6173182.0351562500
351921365.2341361046 4627825.8574218750
358706570.5436492562 5068125.8613281250
358737551.5954074860 5070386.5390625000
388628698.0165778995 6282468.9511718750
352275349.8027879000 4652305.6982421875
393390634.8626622558 6360005.4980468750
392234792.2154731154 6341328.2871093750
373422520.8556039333 5826815.9140625000
384253109.4413691163 6183363.4511718750
406361113.8385224342 6461266.5449218750
342032305.9072701335 3771151.6269531250
377474831.0511892438 5969974.8652343750
398656680.6967701912 6430245.7558593750
376976597.3341269493 5959710.0937500000
352282434.6400481462 4653962.5029296875
371713514.3255651593 5746211.0351562500
351802362.3344196081 4618032.4902343750
351710501.4496686459 4613006.4824218750
377493641.3774250150 5971088.4492187500
377664590.6046676040 5973062.8105468750
371914779.4882362485 5753303.8183593750
387302205.2592754364 6253492.9453125000
371729721.7262768149 5747625.5839843750
372038342.8007147312 5755536.1523437500
352009985.3431962729 4633388.3505859375
358620580.8931948543 5067348.9472656250
377062245.0885186791 5960480.1796875000
358924130.0660392642 5084993.4970703125
370734971.0901190639 5703063.7128906250
371134403.5877121687 5720309.4902343750
370878335.6773854494 5710164.7148437500
405848369.4149855375 6459803.9472656250
340873141.7267004848 3637567.6796875000
388058542.3571537733 6271166.0625000000
346701968.5252705216 4203519.4296875000
344859607.1941610575 4042219.8847656250
340636699.6029737592 3606439.9296875000
341236057.3738712668 3675979.3681640625
406104000.1153133512 6460364.0234375000
387231551.6049326062 6252415.7812500000
357952278.2253944278 5016417.8701171875
386157971.2400003076 6218383.4824218750
358145075.9982725382 5030051.4130859375
347021489.7769218087 4237004.2724609375
341211524.7355736494 3673111.0771484375
401529690.6242636442 6447767.8984375000
346834009.6381625533 4222766.8750000000
341314211.7574232817 3677821.2197265625
401410448.2281617522 6447062.2382812500
341053529.0074368715 3653763.7167968750
341318801.6594736576 3680488.0898437500
357362710.6304323673 4980903.2587890625
357629241.7735632658 4998031.0957031250
356626207.9797577858 4926745.1835937500
357314473.3946822882 4970459.0400390625
357048169.6797868013 4956635.6962890625
356634691.6240859032 4933491.9726562500
341069984.3018227816 3655075.5068359375
356604065.0412975550 4926621.3828125000
356114891.4066717625 4887787.3359375000
355767040.3074226379 4876005.3515625000
355760668.5961705446 4870523.7177734375
355348822.2488588095 4849922.7646484375
385925451.6783261299 6212873.6230468750
385881324.4915782809 6211480.6269531250
346172174.1090324521 4161567.5312500000
346022558.6733275056 4135968.7802734375
346021969.6082172990 4129835.2216796875
372654820.0144242644 5776758.6093750000
372680349.4004236460 5778597.6464843750
372443608.1743943691 5769880.8828125000
372754696.8871182203 5780979.9394531250
345732044.9445682168 4110859.4687500000
350410212.6493881345 4502273.0791015625
345722807.4410827756 4110120.0332031250
351400359.9636254907 4580419.6875000000
351410472.9321765304 4580689.0976562500
350140830.9771040082 4480275.8925781250
391706107.0081793070 6329478.9296875000
350302112.8379932046 4493424.1162109375
349583445.3613677025 4428807.4140625000
349697888.8317584991 4442936.5214843750
349954413.0488620996 4463421.2568359375
349969307.9575476646 4463464.9677734375
349871574.4858167768 4454664.9677734375
381048058.1968812943 6069146.0605468750
381228210.9832166433 6076732.1054687500
344140546.0631318092 3950232.7099609375
344133929.7415213585 3947197.3671875000
381686648.0270556808 6091446.2363281250
343868839.0019285679 3916317.4863281250
381634440.8050056100 6088770.8476562500
381753468.9727761149 6091875.7910156250
381805171.2864739299 6094867.5878906250
344718328.8539097309 4001759.3798828125
344392020.6475224495 3966132.0917968750
393972691.4021627903 6361075.9277343750
349485129.6740658283 4391813.6630859375
349293006.5612037182 4380070.5126953125
349235730.0805506706 4372182.0205078125
349165386.2998148203 4368726.1699218750
348870605.8639954329 4348079.5654296875
348725769.6704971790 4333204.1064453125
380684129.3019436598 6046534.8964843750
378889069.9421105981 5987621.6152343750
379019811.1417780519 5989621.4863281250
378930549.9599422812 5988849.1894531250
364651329.2839601636 5306340.7070312500
364589108.7794954181 5303944.3535156250
379008662.9321399927 5989120.0468750000
379274896.3716991544 5998591.2226562500
378831139.8756613731 5985760.1054687500
396061915.1326224208 6381028.1894531250
396102308.2409896255 6382616.6308593750
395191738.2913950682 6361417.4609375000
395219887.4827960134 6364335.5957031250
395403422.4812095761 6367468.3417968750
368157149.5503735542 5404247.6367187500
368755518.8710557818 5432975.0117187500
367304054.7886106372 5349837.8476562500
367642494.2972763181 5362222.7480468750
367832282.5604488850 5371679.0566406250
367684857.3322346807 5366110.7402343750
367516828.4754475355 5359383.0488281250
367640015.6248127818 5361715.3710937500
