187204941.7194309235 205578.6465694755
189159561.0026073456 331837.0774696001
189752036.8216467500 355630.8403658271
200057026.4743037522 589161.8298196914
189051324.9223824441 324811.5086905211
200478549.5372431278 594699.2422800185
188991737.9801550508 324079.5266883501
208050377.5009147227 621239.1058332920
186875569.8941677511 148482.0046104603
193366322.7285335064 460728.5593723059
200148973.3740918040 589674.5900735976
200281083.0092194676 592108.0020456435
187786148.4269976020 256586.4472019523
189590193.9022308886 348153.1149286628
196529627.4080008864 528004.7437100145
186823254.6071025133 134107.0255961679
199909535.0417175591 587565.0427330765
199771828.3471370041 584060.3539513382
188070722.6258493364 273502.6185839027
188266120.7825721800 287048.8851969093
188477579.8061502874 296075.8182265013
187947819.3302135170 266062.6185886711
186884122.7536835074 148659.3024658374
191588806.3767347634 414072.6731369495
186942386.2412484884 162245.3349686824
195478466.0240635872 504478.3741328837
187753964.7341308892 251597.0577689260
188371584.4501616359 292172.7509195656
191339602.8979128301 405437.2979573884
200202951.0691170990 591191.1760110976
188128567.8571765721 276642.9943450540
187331646.1626115143 220136.5397579521
187276453.1840711832 212458.6670625210
200185189.7131795883 589973.7093668105
189226936.1739507020 332911.9428603777
188807568.0970628560 311625.8675086626
188494339.8299582601 297626.4515272826
189105233.8728405237 327428.1411903033
211728250.5359609723 679224.6106109619
196167099.7462858558 517012.8824022147
188182741.8866975009 281009.9550211281
200543048.0168728828 595331.7668037415
188577718.7258329988 303665.3817030638
206359105.5198646188 603596.8624686599
187894607.6365437508 263761.5778411478
187375242.8749678433 221065.7659866661
187865983.9949791729 259104.3942061514
188057166.6674456596 273252.4042398781
194522237.6027462780 483991.5544870231
187534122.3388224244 235888.5285311788
188419006.1050980985 292971.0856693238
188335892.3437812626 289580.4955641478
187829232.8780608177 258319.7228194326
188258987.7374840081 284926.1054117531
187441635.5652483702 228130.9777499288
188074282.6771512926 273834.8243819326
187905623.0068362653 264343.9979832023
194737632.4655141830 490931.3695237968
188919488.0035850704 318667.9168631285
187777551.9941410720 256393.0195267051
197261600.7574924231 536718.8979538116
188531129.9216918349 299836.9442217201
193436507.8407550454 462794.5361651182
193256367.9627066553 459337.7219561338
187321963.0104472935 213666.4210621119
198790777.0459167361 569297.4013184728
187726061.4807227254 250812.3863822073
187510830.3892226219 235623.6591751426
188925428.6141104400 318900.6579214782
187809440.3765974045 256851.3165579885
187620046.0682026148 243574.6376316398
187593553.8521429300 242596.5385696739
187702769.5311229229 250547.5170261711
198560861.6137095392 563336.0877860817
193509028.9316441715 462839.7328075171
187694173.0982663929 250354.0893509239
193095665.3079642355 454744.9020999670
189516799.2836509943 346851.5344647616
188461165.4797857702 295907.8309218138
192644457.4556987286 438594.2857027054
192320029.6610817313 432551.1621334553
195200208.1409450173 500458.8062382970
190012266.8553326130 364718.1113963127
190246124.0385671854 372590.4170603752
187169462.9121588767 198897.1186423153
194658073.1521102786 489582.9974840019
192153484.3519271612 424834.7433149014
189937205.1807752252 360324.3040232658
189602368.5004995763 348402.0739372501
192313640.4509985149 430606.3253177404
188930192.1498375535 319176.7376944274
188116176.9172811508 274123.2295638174
208848291.3253018856 642787.7729949951
187311837.3715305924 213601.0667067617
188696160.8999966979 309300.1526991576
186969898.8773730099 168160.6684023291
186868345.9508773088 147845.0498614572
198961006.8490082026 570907.2998436722
194472572.4298642278 482939.2443063590
191111666.7386119366 398476.1827194691
196428202.0978621840 522498.7885708544
190283015.2669350505 374192.8643603325
190652568.9474041462 384119.2403724321
188871519.6639273167 317013.6190420836
187607126.1413109004 242624.5207149833
187398534.8245676160 221330.6353427023
192299797.2466388941 429299.9720462561
191087573.5413076878 397397.1162075677
186880952.0253729522 148489.4395098947
190719889.5766459703 388791.8970188775
195739166.8462093472 511126.4153256151
192158205.8588583171 426571.6503475904
190210487.4972504675 371582.3547432423
187215067.3583475351 205644.0009248257
189909763.7958675325 359375.8972959369
190467627.0987846553 380592.6933093071
190792341.0028786063 391206.7177894244
190000384.4220891297 364309.5737986565
195704169.4370240271 509018.7455868456
198689856.8745296001 568013.1937917504
190050153.2056686282 366423.3917439857
197465648.8245499730 544445.3289347920
192982387.2868726850 449388.4921764135
189411326.3792583346 340681.4154767245
190783485.1486347914 389170.7859301567
192171723.2912240922 427390.7227786779
192428606.8802249730 433199.8613284826
190886029.4778377116 392383.9088185707
190121294.6605806053 368090.4494433403
194407950.4514704645 480381.6665972471
196737198.1403671205 531451.0306416452
191829025.6165027320 421788.5576584339
187288545.4219307899 213336.1973507255
189346902.0025408566 339590.8826797137
190279058.7335655689 373696.5626025200
189019864.8781053722 324247.5139930376
193064624.7958707213 451579.5029619932
189998749.4229668081 363899.0389652252
196151371.0739997923 516398.5684373710
191138439.3815253973 399521.1616370805
190062035.6389121115 366831.9293416420
191205293.2447206378 400954.3871755600
190121294.6605806053 367922.4621386528
195464657.3333067000 503368.8645443651
194446404.5062502921 482638.8021676872
193234315.6106450260 457818.3907873631
198580296.7724931538 565994.4746188852
188860815.5176748931 316504.7982107848
198669889.4189575911 567716.5166534218
197356621.0193019211 540064.9000674519
191183211.5698821247 400583.0772697926
191468378.9572463632 411588.4775819108
194473461.3202606142 483034.3461129997
192476873.1577071846 435588.1311649084
189783740.9049982727 356741.6951741427
191046408.6071037054 396972.7460903802
196463346.7910098433 523319.4802822802
197813688.6846971810 547526.4075480732
189644287.2733677328 350062.7553548068
197818563.3001719415 550798.0617721709
194574587.9555611014 486238.6968553397
211286440.4854032099 663081.5410919189
190945290.7159653008 395976.4145739079
194649442.1046849489 487813.8149583671
192814118.9877507091 445654.0848597288
198309638.9500262141 560093.1810516152
196463346.7910098135 523115.9856533739
191218616.2602772713 403282.3261172026
189861871.6292523444 358614.9691233039
190117338.1272110641 367594.1476855278
187021005.7568358481 176619.7743397206
221359473.9903054833 722583.8432617188
187133753.4364651442 196907.9122725576
194332715.4318236113 480007.0068527493
187077995.8614916205 184354.6444569081
200470253.4082806706 593064.0697031142
199632545.9952892065 580527.4369211318
187003899.2152278423 175557.7435327917
196391801.6216182113 521197.7640347216
206100758.2240791023 602710.8646664950
191179255.0365125835 400108.2730705738
193405947.8507551849 462151.8472613096
190180413.8738881648 370698.6252377033
216157999.9682141840 693327.3879394531
215724727.1445690095 691059.7312011719
187067916.3258858025 183959.6839624792
196463346.7910098135 523182.7278408739
216029950.1152707338 692470.9145507812
215658376.6511024535 688171.7209472656
199532161.3850509822 575428.2542403042
215245737.8224761188 680161.8136901855
190994066.9984509647 396765.6356432438
197405460.9478614330 541003.3737002644
191303779.6343118548 405035.9683640003
198101103.7699073255 553958.2691103518
198180778.6515563428 553979.0874139103
190117338.1272110343 367426.1603808403
198182491.4806334078 554992.4697939456
218391071.4671530724 707167.4978027344
186945544.6670583487 162582.0346146785
193027351.7051752508 450805.9792460203
191447634.2549470961 409731.4672310352
186957292.8028773367 167516.2787538916
186994195.3248412311 174427.3687852472
189058357.7415706813 324860.0630538592
219899458.2499190867 717297.1210937500
186844946.4413036108 141220.1867289804
194499539.1868988872 483652.2558420036
197152850.2907760739 534524.1543545458
186914952.3632278144 155886.5146403573
187051598.0606664121 183315.2943140417
191107710.2052423656 397999.1817429066
191801136.1156476438 421203.5363056660
195893080.5513922274 513591.5952928397
196214961.1297396719 521173.6763475272
187028722.3197688460 177021.1133230887
194886353.0129461586 494690.3545960486
186982447.1890222430 169493.1246460341
193387728.6225385070 461777.2515066862
207959463.0518993735 617553.4392177165
194600665.8221993148 486856.6065843437
221362673.4640669227 722829.3159179688
187067199.5380169749 183508.1837070137
217999891.1763533652 701573.9147949219
207206914.6289759278 604953.1159825656
190105455.6939675212 367017.6227831841
193204463.0958725810 455430.5780223608
186874950.2665067613 148021.7138515376
187003548.9214931726 175273.8295351416
186898938.2547078431 154540.5698357783
187201111.3289728165 204765.6615745015
186926700.4990468025 160820.7587795705
186850712.2869751453 141272.1681469679
187097791.8418475091 190203.7036813349
187249039.1005786061 206945.0254609585
186963603.0210106969 167731.8488109261
190576086.5591751337 382933.5332234704
196720359.9822278321 530260.0979972780
187238913.4616619051 206879.6711056083
187190743.5411208868 204642.7823897451
217236303.3057337701 696689.3066406250
199530237.5481728017 572477.4142334759
217459104.7761345506 698995.6735839844
199530237.5481727719 572477.0251877606
196892819.9070953131 531913.6699998709
196498353.9403754771 524156.1192186210
191744090.6750447750 420417.2889816761
193647462.4099960029 469023.8853182719
189449237.4595206678 342293.2827384600
190648612.4140346050 383636.7564857134
188952362.1103252470 319472.3511397967
194209939.1969770491 479065.2614675760
207338460.0437449515 607725.8079005778
189733860.0741267800 353407.7614473701
207921040.0644577742 614685.0190567970
191548760.8902474940 412935.8179733753
220638323.8167937398 720577.5996093750
218809430.2404948175 715476.8420410156
199530237.5481728017 572592.6482422650
196857551.9456397891 531585.2476392123
220857322.5634286702 721869.0834960938
215584009.3475908935 683222.9678344727
187484458.5539478064 229016.7444431633
188817497.5550614893 314752.9174049029
187385368.5138845146 221131.1203420162
194615975.0009428263 487549.9205491874
187499904.0215153098 230124.3413040489
217604202.6671046913 699173.7450561523
191270189.6397624910 403723.1250390687
188975945.0412384868 322798.8733680376
217199691.7205924392 695129.6446838379
188657316.9938228130 304947.8687521666
187287808.7820098400 212495.2302104421
195574887.0075788200 504903.0026072264
192923204.6481480300 447721.9824451674
199485715.3432996571 571652.4137832224
188967756.1316629946 322293.5790259966
192748835.3817711174 442595.0491234064
199440763.3183133900 571652.3863984644
194093488.0265019238 477443.9649587870
204540648.4945598245 599673.8687362671
194111265.0099734664 477495.5879954100
193700239.8758009374 469366.7580496073
188971406.0562672615 322740.5870930681
210280069.7146781385 650173.2284240723
188656514.0528519452 304881.9258810729
189153703.4321768880 330329.8680999407
217962186.7779738605 700188.5322265625
218088842.5966606438 705951.3363037109
217002150.7069105208 694735.3289184570
217421425.2414937317 698591.5576782227
188971406.0562672615 322572.5997883806
197291611.4797047675 537055.8455857635
189446700.1652578712 340741.3510699549
186831807.4666182399 134284.3234515451
218053694.2415856719 701604.3254394531
193896731.5763037801 470667.6747632623
207465371.2707659304 613709.4731891453
193890282.6637904346 469398.4281162024
208723418.5417109132 626584.0959014893
