226139560.1446432769 2761801.1884765625
231706450.7221301198 3224258.9619140625
234259496.6276338398 3389750.2041015625
236486579.1004449129 3526506.1914062500
245852274.8708000779 4006303.6484375000
247620529.4061582983 4081322.9472656250
247771727.2467825711 4087083.6640625000
251062059.6765249670 4205347.1796875000
252129422.0561211407 4244174.5429687500
251501070.1852924526 4223546.3710937500
251772377.0918087065 4230749.7226562500
252559730.4507766068 4251649.8007812500
253167956.0803553164 4259842.5410156250
257297918.6326088309 4366990.0976562500
257161563.4264243245 4360014.5253906250
257162049.0492532849 4363852.5292968750
257747515.2044683099 4377760.9121093750
258127939.9446897507 4382495.5214843750
258680413.8896887898 4391016.8320312500
258752463.3826593757 4392329.4414062500
268260980.5390251875 4555337.0312500000
268041718.4358848631 4553040.0546875000
272355787.5996684432 4605408.6835937500
258151137.5996270180 4382622.0605468750
258282058.6969084740 4387426.3808593750
258243596.0609799623 4384170.8671875000
257967525.7511478662 4382320.9316406250
257664351.8718637228 4373920.7656250000
257431933.0109478831 4370844.7597656250
236511995.5278068781 3527917.1845703125
236319875.5410538316 3521091.3349609375
235650262.2069666982 3474882.3671875000
236157864.2881636620 3504149.2792968750
257217566.0073081255 4363998.3886718750
235675530.6506360173 3482257.5800781250
235674174.7825418115 3480995.9980468750
235551075.3607640266 3461413.6464843750
235105386.9406389594 3441560.5878906250
235218077.1208689213 3454680.4472656250
235302304.2727808952 3455353.2226562500
251960114.0099246204 4235653.6992187500
251394538.8881618083 4220630.7773437500
252265603.2899943292 4245385.2675781250
251362313.4840959609 4215858.6171875000
253234575.3989463151 4262377.2597656250
267202864.1381544471 4549097.0859375000
266615756.8017327487 4535668.6113281250
266470834.7811989784 4532565.7324218750
272509804.7892193794 4606287.3398437500
272128786.3249413371 4604034.5117187500
273102557.5982578397 4607996.4218750000
225537135.4262348711 2675559.4169921875
226475346.3058447540 2784377.7011718750
230838580.0179845691 3166141.6347656250
230944443.6676403284 3178882.0937500000
230925533.0184190273 3176151.1523437500
231272380.0324354172 3201332.0976562500
233184803.5639509559 3320487.7138671875
234774276.8731762171 3429062.8398437500
246086397.2857846618 4016466.8925781250
246846977.4691266119 4046708.7929687500
267109087.9143373668 4545594.7871093750
266750333.3635874391 4541551.3300781250
272216645.6263623834 4605360.9960937500
271522270.5729194880 4596858.8847656250
271763237.5743114352 4601938.9687500000
271607940.4948395491 4599428.7617187500
255348851.2660644948 4311753.5253906250
225559982.1738797724 2681751.2509765625
225680048.1147398055 2685382.5869140625
251254743.9012463391 4215787.6152343750
251098710.4186865985 4207183.4882812500
251080272.3053171933 4206131.7148437500
255867480.3069505095 4328292.5195312500
255579300.1233104467 4321059.4511718750
255824268.3572895229 4324640.5566406250
255690037.9393721521 4322126.6093750000
255912877.3055638373 4329374.7187500000
255434218.9133808017 4320775.3554687500
255535841.9929242432 4321049.1679687500
266581982.3026787341 4534206.8339843750
225981032.6750955880 2715890.6884765625
225709390.5346327126 2689201.1484375000
226625186.3703592122 2790167.8300781250
245943578.1001148522 4011504.4570312500
246715489.4150907099 4042967.9921875000
251175149.8691940010 4213973.1054687500
266151250.3196496665 4530392.6308593750
276304604.6131142974 4616272.7089843750
254951910.0572507679 4305926.0898437500
255249847.6690484285 4310143.9160156250
226356843.3351456821 2765273.5048828125
233670570.0823877156 3365824.7949218750
234742727.8175733089 3422335.1650390625
234883726.3016682267 3430281.3701171875
247354278.3244625628 4068237.8925781250
247257493.8766452968 4068177.7988281250
247506097.3689706028 4076045.7500000000
254708306.3045381010 4302084.1484375000
254157647.1995087564 4288858.1796875000
253943865.2665647566 4280221.8886718750
253410132.9229756296 4264371.4316406250
253550100.0889416039 4274269.1699218750
253008539.2514921725 4256791.1152343750
253441482.3951112926 4268639.5468750000
253022434.2071806490 4259608.5839843750
226400362.5274937451 2774768.0283203125
234725650.9266773462 3417915.7587890625
235058434.3411157727 3436940.6787109375
230958172.5807963014 3181694.1699218750
233637210.0002505779 3358821.6113281250
233713712.2730375528 3366164.2382812500
234353763.0334450006 3397419.6093750000
234548555.2254213095 3413937.0673828125
247703982.6864767969 4082965.2148437500
264338565.5633706450 4500628.1875000000
264004023.2133026719 4497163.9570312500
276199872.8198042512 4615293.7910156250
247196311.5880888402 4064638.6015625000
226031146.9258670509 2729778.9023437500
230738328.1745956540 3162921.3710937500
230705636.9035052061 3158300.7519531250
230865176.0210223198 3174749.1503906250
231220760.9607406855 3200678.8613281250
232925726.8665865064 3315827.6318359375
233210325.6997303367 3332053.0263671875
249961130.4990451038 4162805.4003906250
250382642.1472140253 4177377.9218750000
264183330.7686895728 4500088.4570312500
230593155.3328357339 3155358.7910156250
226938840.5683857501 2807106.8916015625
232965378.2722962499 3318470.1738281250
249725104.5430826843 4150443.6425781250
264469102.8410663307 4505143.4960937500
225912671.3018021882 2713571.9609375000
233457070.6475008130 3346147.8515625000
265689112.0639755428 4523113.7929687500
275720592.0215808749 4614653.9902343750
233373698.2208879888 3342483.9052734375
233634363.8498989940 3353920.6738281250
233280178.5963976979 3340081.6582031250
232863075.4873993993 3310916.0966796875
232909160.0590572357 3312202.6025390625
232659398.8397240639 3299950.4091796875
249955893.9140034318 4159102.1054687500
264875239.6850414872 4512904.0039062500
275960656.5224987268 4614993.6718750000
284756641.7051692605 4624682.8261718750
249874949.2693723440 4154472.9609375000
232851198.6207239628 3306909.5791015625
241534265.7753388286 3769987.8652343750
241383827.1925625205 3766276.2226562500
249874572.3677326441 4153820.2714843750
265181832.5196697712 4516430.4824218750
265705539.3201993406 4525566.3300781250
232652494.7308720350 3296229.8349609375
232364813.3342790604 3273766.3798828125
232033356.2618621588 3254068.0927734375
231956315.5002327561 3244013.1035156250
232183623.4373528957 3259641.7646484375
231706880.7465342283 3231692.1933593750
231911593.8645874858 3234585.1337890625
249851571.4922115207 4152649.5039062500
264797662.4922522306 4510821.7734375000
264407867.0907762945 4502672.5214843750
264654750.2994067669 4509150.3867187500
249878874.3879789710 4155257.2578125000
248697546.2738635540 4107650.6972656250
249166663.2737798095 4125093.9121093750
248235376.9973587394 4095099.7656250000
248806609.0670312643 4115397.7734375000
248527255.4218045473 4102807.3691406250
248263211.4930875897 4097747.1718750000
248128069.1033974290 4092550.3242187500
231374886.4193149805 3208926.0791015625
231144589.3619909286 3185295.8828125000
231145236.2277671695 3190980.1865234375
231618308.1329337358 3219477.9228515625
274922434.4482140541 4609570.3593750000
231588939.2676995993 3217162.9482421875
241000189.8793017268 3748216.1562500000
263505957.1506986022 4484052.2343750000
275482134.6215316057 4613663.0605468750
263705641.3039867282 4489018.2167968750
284870330.6161337495 4624779.7265625000
241216274.7470427454 3760666.6269531250
245647820.2142671049 3981567.3300781250
245797592.2436264455 3981732.2265625000
262126235.4870500267 4453999.5722656250
240544845.3906222582 3722306.4550781250
261775488.4232341349 4441859.7382812500
262339121.6251091063 4457680.5156250000
261832742.4469931424 4449013.7714843750
284467411.8420307636 4622724.9003906250
262642025.9335470498 4465253.1582031250
262265142.9759014547 4456796.4687500000
227421338.0765475333 2837048.8369140625
227930360.8202209473 2896055.1337890625
228059469.1045935750 2904887.8085937500
262617358.2160747647 4464495.8671875000
274490216.9038951993 4608833.8300781250
274431139.9884412289 4608137.4609375000
227337166.3654455841 2833244.5830078125
230305386.5920263529 3116043.6708984375
270075622.7195249200 4562002.3007812500
275330520.6799334884 4612475.4335937500
275182735.5205021501 4612150.4765625000
245214846.3646162748 3952245.6484375000
245592955.4546992779 3969575.8046875000
245499818.0403673649 3968568.1093750000
269972995.8987836838 4559328.3750000000
269340580.9478889704 4555353.3339843750
227753596.3708391190 2884372.8300781250
270998319.0007690787 4568997.1210937500
271127544.7224561572 4575683.8535156250
240025802.8974104524 3698942.2128906250
239749907.2010094523 3683099.5722656250
239498647.1066293716 3667483.2753906250
239559313.3795384169 3673384.7109375000
238868224.6109341979 3629454.4355468750
239938525.6260389090 3684573.5078125000
261567598.4902617037 4438493.6074218750
282733075.1141539216 4619488.2324218750
227440078.6522578895 2846389.0576171875
262022301.0223538280 4449449.9121093750
284552497.5924635530 4624194.3574218750
245100636.8720479608 3932958.7285156250
229928534.7479555309 3079666.3369140625
230053361.4788066447 3087517.0517578125
229934248.9702824056 3081805.1884765625
230250959.7029281557 3100167.8251953125
244910545.8616577983 3927071.9414062500
244824957.4977374673 3923386.1894531250
245010252.4998252988 3932064.6562500000
227283041.4326432049 2830699.4189453125
230083450.5756377280 3094338.3818359375
230169308.9707007110 3096621.4521484375
239256622.1251113415 3654150.5000000000
261669779.5765681267 4440382.7617187500
261485027.3319024146 4433794.2656250000
260785222.9135182798 4417183.9218750000
261430933.1260416806 4431771.8203125000
261223088.7495627701 4428928.1777343750
243750141.9170528650 3872143.4687500000
243669746.4510763288 3865170.8828125000
243600732.5940080881 3857130.8496093750
243244536.3254293799 3843783.3691406250
229689064.3756738603 3051310.7089843750
242894664.7763242126 3826047.7167968750
243115940.3796574473 3833289.2363281250
239198381.9605398774 3651286.1093750000
242533161.8921270370 3811053.0976562500
243015858.3140856624 3830595.4570312500
242841186.2220488787 3822663.7773437500
242919792.5734593868 3827084.1679687500
260439057.3422064483 4402597.3945312500
227081757.2826035321 2808041.3906250000
227656751.2699503899 2865796.2011718750
260180593.5414203703 4394269.8613281250
282719322.1408768296 4619335.2402343750
242260485.7124959230 3786753.5839843750
242059514.9459128380 3786553.9824218750
241920377.4898045659 3775066.5332031250
227595647.5768214464 2864254.1152343750
239746943.2396033406 3678243.1191406250
270928742.3116005063 4564671.8378906250
227210768.1370305419 2820498.9345703125
229633220.6621687412 3042592.2421875000
260251244.5540634096 4401139.3242187500
270996129.8739981055 4564768.8398437500
238988573.8166772127 3637789.8652343750
239050341.0752380490 3638442.5878906250
238815798.1832863092 3626832.7695312500
229625934.3071816266 3032352.7412109375
283013394.4076039791 4621585.7363281250
284109120.1713600159 4622628.7773437500
270867740.2131541967 4562381.5351562500
229184233.0654753149 2995732.4736328125
229398485.3897342980 3014429.1484375000
283970779.7204320431 4622413.8730468750
229061456.5530160964 2973264.2285156250
228829893.3670141995 2947189.0810546875
228746081.2664829791 2940443.1494140625
228914063.0121209323 2956359.6435546875
228956090.9687356651 2960983.2089843750
228559241.1205672920 2933440.8212890625
237643442.1330866218 3554942.4345703125
238120199.8196833730 3582520.8320312500
238024550.0020631552 3576106.4277343750
237904536.9151327610 3567487.6152343750
237892677.1396697760 3566039.2187500000
228893284.7532218397 2955757.7851562500
228591106.2879501879 2934047.3183593750
238018284.8571222425 3567840.7343750000
237797348.0660322309 3559092.8457031250
237726798.0177374482 3556936.7207031250
282513277.0689716339 4618630.3730468750
283678456.2642927170 4622224.5859375000
