608080668.3070634604 3196311.9951171875
554767974.5948889256 2206309.4104736438
555125768.4061448574 2228938.7969482532
555157225.9707545042 2229315.8635986438
555454757.6584931612 2240905.6428031530
570967378.0192490816 2693751.0053939819
577143354.4054634571 2840137.5861816406
599642961.7278420925 3162657.6503906250
532275069.8062039614 1075598.8075695094
546947110.3921732903 1916328.6177049503
554974991.4056869745 2226057.6702392688
571045370.4990355968 2697936.6648178101
591192709.2416146994 3086844.2470703125
593640454.4826707840 3112516.0083007812
599778416.7940521240 3164879.7602539062
599229600.5449540615 3159854.4248046875
599834554.7638889551 3165728.0585937500
532141291.4013375640 1072602.9743512734
547500732.5822733641 1942544.6401180252
555050152.2474236488 2227759.6701171985
555443132.5074502230 2236209.0377573250
571012749.4956159592 2695577.2654953003
570836172.2996917963 2693197.8694076538
547842195.6994246244 1948586.2516444549
555209522.8334105015 2232391.8786712079
580733117.3559573889 2916654.8634033203
601968571.6116061211 3176247.8300781250
619571193.7458181381 3216309.3496093750
570458911.3411501646 2684515.2164535522
571256308.4743528366 2701292.3957824707
570685990.4236563444 2690988.6960678101
570375287.7030161619 2678339.7580795288
546868595.2474671602 1906831.5481215417
587968474.5977686644 3040525.9138183594
599406404.5008709431 3162601.9809570312
599388956.2962175608 3161460.5078125000
555368604.9093538523 2235639.7789428821
608600462.8732700348 3198318.1435546875
555002572.3524237871 2227135.0711181751
556001504.6842151880 2242139.5223944774
608166002.3548517227 3197695.6196289062
608346773.8433041573 3197977.1772460938
532284698.0275825262 1075985.1334900125
570128064.6459907293 2675698.8308334351
577715469.0168555975 2853061.9155273438
580110180.4266682863 2901331.7633056641
579877966.9623919725 2898287.2987060547
588295729.9825874567 3047223.2551269531
593578798.9960432053 3111020.4604492188
530970893.1263961792 965814.6703013955
532245140.6620973349 1075449.9793267022
532575811.9244384766 1076584.9918444916
547288082.9976098537 1930737.6949122772
588107422.9670313597 3044789.6713867188
530070771.9872986078 806426.8690506245
532480260.4024655223 1076323.3678210541
590679451.5668412447 3082667.9650878906
590253224.6641414165 3075591.3444824219
618568688.4311871529 3215173.8676757812
599313308.3692172766 3161187.6738281250
593021371.0973153114 3105392.4443359375
545408836.3953251839 1835949.9697894081
592936103.5622918606 3104816.0937500000
590950079.5023931265 3084938.4460449219
590575999.7318563461 3081781.4645996094
530092399.1064761281 816413.7277604367
531815757.9213238955 1049294.1291589965
529980442.3403807282 800196.3517605348
531469565.5993561745 1019994.7933390061
539278893.0714707375 1517078.0258813344
608329006.3651927710 3197898.7797851562
580620142.4136286974 2913287.2904052734
601439333.4518651962 3174175.1196289062
600162626.7793098688 3167721.6118164062
539878861.8638968468 1560671.1933770620
540004082.5335158110 1565758.7941050970
545409839.6886695623 1836339.6190816388
601235988.3150073290 3172702.8681640625
618977796.4283913374 3215770.4370117188
530782267.1770404577 953728.6340465127
540111452.1880968809 1572335.3711114370
570005878.7109631300 2670060.7761154175
570235749.0011059046 2677654.7605209351
601658799.6361273527 3175436.0654296875
531554731.3711917996 1028761.0468680779
531165984.3440814018 980669.9372441485
531652362.8520410061 1033600.7187869004
530249495.5328952074 819356.1800622127
588811923.0382320881 3056507.3186035156
539291738.4672410488 1521934.8927026235
601619529.3367259502 3175418.9399414062
570207781.7355865240 2677349.1511459351
545410915.0417487621 1837399.1720601544
569798064.9640836716 2653787.2480697632
580276135.3168958426 2907633.0421142578
545890154.3066313267 1857755.9596730694
539397948.8943929672 1529003.9353051626
547257126.9675565958 1928664.7040509209
577024967.9525774717 2838123.3269042969
580504693.9232552052 2911711.4820556641
580564376.9209455252 2913026.8729248047
545631341.0097661018 1848381.2193431035
580301131.5322810411 2908258.6529541016
589016649.4271250963 3058354.2619628906
531382682.7467047572 1010029.5649487427
531108723.3370293379 977593.9289101711
539459917.0826469660 1536887.5008569204
580386808.8975919485 2909592.6427001953
601450794.1561193466 3174522.9433593750
529913098.8227620721 769453.4265813344
588904100.3325319290 3058289.9020996094
531303756.5963932872 999390.4507214478
580446582.1798752546 2910981.7723388672
588313603.8045958281 3048122.2728271484
551704929.7855606079 2099021.7653479874
539761396.1707012653 1554330.3519754850
588788893.6566789150 3056066.3962402344
539522086.1444476843 1539832.2880883657
531187734.9529651403 984729.6738685663
539574169.6545614004 1543173.3299584829
588679038.4753222466 3055262.0397949219
589533600.8873333931 3065374.7272949219
589040606.7946834564 3058811.1472167969
551783553.7863291502 2105068.5080237687
581104540.7578470707 2921110.2020263672
531224960.3528603315 986258.2145719236
608732576.5053662062 3198574.5278320312
593267120.5854848623 3108750.9736328125
531052289.5737410784 975122.7881968772
580383267.2153085470 2909299.7066650391
600452930.0956759453 3169496.3154296875
545529822.0608564615 1845613.9711324200
553663857.7261985540 2170764.7384463018
589295216.5416599512 3063405.1765136719
552060237.5770491362 2113158.1817383496
580424575.5387405157 2909958.7557373047
608563087.9564572573 3198166.6840820312
539254620.2110432386 1516730.3911959329
618344860.0205018520 3214519.9731445312
589129866.2288441658 3061110.4128417969
539169604.6146031618 1505837.2338771024
533893615.4985728860 1167466.1545918460
545640351.7033008337 1849661.4559957013
552405164.3324158192 2123873.2471680371
553567380.9017815590 2166758.1069148434
553320320.3565400839 2157701.5767634762
552944708.6023060083 2142259.5974286469
553310933.1150010824 2152476.4119439675
553302423.8470635414 2152093.9104674710
553020548.3006050587 2147034.2403319729
552889987.0962889194 2138024.3079693643
552542235.3494814634 2127397.0924861236
552730962.7089238167 2136611.3219464151
552428569.4257338047 2126050.6348655168
617991226.4141743183 3212362.3168945312
545350124.5220156908 1825966.1788579449
577233592.6018978357 2842397.8427734375
545386368.6119686365 1834655.9886571392
546815045.5108039379 1897142.5990857109
581212514.6333093643 2924330.4771728516
576963699.9858570099 2834790.7558593750
534340494.8717628717 1189158.7871609132
551322145.8978382349 2079605.8236619113
551377274.6444687843 2084494.6738588195
551359839.8873844147 2080143.6907273410
534203406.4562073946 1186279.9309544812
551275417.4759531021 2078835.6316453097
534063371.6862092614 1176607.8023519951
579832897.1244680882 2897865.2425537109
534221197.0386505723 1186355.3221612747
580162025.2683323622 2905061.8070068359
577331202.9183758497 2843872.3422851562
534040625.6449331641 1175747.7428516499
530655087.5348771811 910064.7488904007
530670634.9686541557 910375.1128984698
534277227.5927466154 1187558.4500160296
618264393.4330329895 3214291.0327148438
550017441.8667186499 2028960.8752103159
530584571.1095609665 893909.6893682712
546868124.9033877850 1904727.8271130547
577165536.1219211817 2841138.0600585938
577154070.5628606081 2841059.6323242188
594244319.4110977650 3114903.8769531250
579564916.6161019802 2889238.8995361328
538823139.2087321281 1476875.9235158935
530486065.9065703154 864121.3328876839
530454215.9062238932 862686.9708271370
546054520.9906654358 1865416.0890523419
606943568.0933700800 3191137.0444335938
530416918.4361482859 859526.1827286155
569471201.5167961121 2644063.8044662476
533354496.8103454113 1121153.6191333884
546086377.7391933203 1866099.7769490704
606990870.9400037527 3191769.7983398438
546322766.0989186764 1875018.9166432843
533391353.1506025195 1123481.7978493720
530349106.6216481924 836271.6501758330
530405510.8955144882 840404.8889464575
606496812.3436471224 3188748.7260742188
577223104.7010967731 2841287.7497558594
606714261.9977723360 3190481.0659179688
533245237.0107477307 1100333.4649999898
533107329.9433269501 1088527.2705587675
549710259.6294195652 2011653.0739342133
533190662.6909917593 1099677.9575109440
533167625.4592857361 1095848.9157628226
549669620.7483371496 2007512.1660362640
549676277.2441821098 2009643.7173057953
533056045.4040001631 1084355.3693462911
549757716.4414104223 2011766.4511925140
549694471.5601301193 2011281.7793175140
594411878.6694984436 3115063.4409179688
549606950.6441966295 2004117.2842678083
604024679.4743123055 3178060.0102539062
617270544.0634294748 3206234.5932617188
604089395.0682845116 3178256.5278320312
594494150.4526931047 3115437.3344726562
538741811.7384375334 1454615.5924700210
538565046.5296334028 1447084.3692940185
574707299.9469120502 2763511.8036499023
548982258.2438707352 1973310.3067745222
574986615.1104363203 2771820.2199096680
575131260.9170799255 2775064.4591674805
548695714.3416748047 1962130.6408504499
548465123.7821625471 1954059.4994625105
575055243.2225111723 2773595.8522338867
574940095.1254754066 2768315.6461791992
575047412.8727473021 2773508.7077026367
575119408.9652576447 2775008.8302612305
592529851.8270281553 3093716.8486328125
605584288.6166934967 3180284.8500976562
538364245.0757257938 1415137.4608155573
538372838.6738338470 1417434.5235978449
538170644.8315522671 1406267.1237565363
587203777.3657943010 3000987.1013183594
587324879.3301479816 3008549.2346191406
573019661.9035531282 2709973.2709655762
572970834.2667775154 2708252.6484069824
572934074.3068151474 2707212.9848327637
598941887.5719368458 3137863.9902343750
598525694.1896846294 3136152.9316406250
598509367.1395823956 3135879.3164062500
598647541.6543939114 3136406.4541015625
537528609.5825954676 1359253.4149305532
537653742.6529748440 1367863.3902723501
537628718.5647495985 1360882.9303114126
537638546.2435600758 1366406.4471571157
605306802.6502306461 3179661.0849609375
598302444.5018965006 3130309.2851562500
598492265.5475221872 3134004.2905273438
537318986.5363847017 1324611.1343103554
537260908.6427291632 1323608.9299646523
598359300.7589503527 3133921.7861328125
617103415.0627464056 3202235.5102539062
599191004.2096347809 3140864.5385742188
537154175.5006457567 1311158.1708464529
536968935.8064106703 1297293.5689370246
536289338.5708477497 1223316.0127660269
536388054.9733060598 1232958.8559432551
536545448.3000220060 1253271.8757424876
536332870.9688740969 1229000.5533919856
536236312.4053701162 1212879.9709070250
536408923.8640507460 1238012.4486556575
585919456.3797141314 2935378.5412597656
536433967.6435456872 1239927.1365285441
536465963.3431144953 1242283.7678857371
585463258.6185848713 2933384.3974609375
542438210.7535207272 1582812.4060144720
569107208.4609091282 2530249.3666839600
567554751.3547145128 2478893.3252105713
567212610.9213154316 2466509.6709136963
567326102.4292032719 2472598.0273590088
566719487.5566347837 2450214.6232833862
566733032.8323645592 2452771.8835372925
566877889.8259855509 2455662.9250335693
567145272.8405257463 2463836.3629302979
567124511.8900133371 2462716.5606842041
544605597.9052927494 1667940.7408566745
544444204.4866737127 1661830.4369015964
544227526.7240394354 1650310.4937310489
543943882.2470597029 1634532.5648026736
544174405.8554749489 1645527.0537362369
543953117.9042541981 1637309.1906991275
543780734.3291982412 1625527.1476350101
543761720.9520726204 1621099.8452377464
565015290.7076535225 2385725.3972625732
564498482.9194128513 2367698.7991790771
565877216.7241371870 2411498.2190704346
565822706.4755657911 2410401.0369415283
564592589.6949990988 2368844.0169525146
564452783.1339621544 2365680.7908172607
564689723.1556032896 2373961.7651824951
564626405.8377630711 2372137.7114715576
562475856.5569019318 2281883.8742599487
562328219.2993890047 2272871.9951171875
562078360.5150735378 2261779.2807540894
562150023.0244976282 2264970.2352828979
562076828.8143775463 2259775.6027145386
561918388.6308677197 2256789.2793502808
561932996.5507967472 2257725.4152145386
