221417536.3534809947 422407.6556571553
239988368.7624659240 841023.7363029458
245647995.7243393362 926080.7874787031
261353059.0094434619 1111275.0996093750
266676907.2912667692 1126104.5527343750
266979139.0363425910 1129235.2207031250
223804903.4682143629 505899.3444448336
223778469.2672756612 505820.0385295732
230840070.0663228035 675907.9846894741
257540300.0799511075 1080714.9564208984
257490159.3525745273 1080265.6573486328
245599479.2415600121 926063.3922150312
239608102.3033905029 833333.6744857766
230724759.7506668270 674408.8030408919
230819423.7600515783 675812.5773561001
234191092.9632689357 739981.7290619016
247031064.9728158414 948810.5477984129
225329115.2985638678 550630.2858031392
225295819.8824887574 545627.5569213033
226373326.6254752278 569103.3295572028
230268553.1147570312 656553.9079589248
230484205.4658080339 668878.9656385481
246983307.1936356127 946855.9466021238
258633644.4200212061 1091449.6529541016
265134336.2874199152 1123839.1948242188
267435055.5421288311 1129460.4531250000
221299881.4342816770 420283.2418759093
234032140.2831166983 738695.4109036922
247307849.8920800984 952344.8239815412
265167481.0769081712 1124403.1625976562
230426437.6230430007 668120.3206190169
226433788.2951647341 571078.0535548925
226876528.1475292146 582980.3764716387
226884034.5489038527 585075.0061458349
226497596.2699776590 578353.7504848242
240241088.6920644045 843085.0914779641
260749931.5870268345 1110341.5683593750
264432108.4041770101 1120600.7373046875
231178676.7734935880 681977.5281313956
233707186.6663092077 732202.5081074238
245860528.5545933545 932811.2208893476
240453681.6349470019 843131.2003646828
226544835.1753264368 578353.7645666823
234129693.8610315919 739203.2668650951
246833199.2231377065 945851.4606402097
257901683.8522152305 1085142.4256591797
224026289.3798447549 513587.4798436983
239646236.6954911053 836187.8668685891
246175486.0016838908 937883.2310192762
223985717.2763271630 511144.8932737632
223233865.5220607221 484588.9048516824
230299135.9934666455 662701.2431806624
246120619.3635326922 937417.0990631757
239505769.3079523146 831970.2731185891
226671791.3693741858 578585.7944039330
258271289.3241404295 1089450.5051269531
257247266.2063955069 1078422.7828369141
258756523.8693558276 1093148.0086059570
226632615.3101417422 578405.6810884699
234180588.2730824053 739268.0153284874
238907462.7990362644 822042.9340927117
248181115.2065138817 962278.5132510047
248037333.8179059625 960943.6169010978
264663308.3617067039 1121006.6833496094
246588032.5981909931 944278.8419878660
246638958.5006188750 944573.6715777097
265189585.1044091582 1124612.7666015625
245276517.9051114917 922955.5095026270
257569856.7531242967 1081352.4969482422
226098513.9472999275 569035.6571448073
230269480.3979440928 661121.4148572981
258225074.4529735446 1087978.4772338867
224316673.2844017446 521389.6631008610
230809996.7847726345 675140.1887830794
266771405.9146191776 1127360.8715820312
225470724.1459170878 552910.8137853369
257712789.5630403161 1084297.0780029297
257294391.1072324514 1079053.3379669189
225444051.4664089382 551716.8591462970
246853772.2647241950 945888.6988918511
221093621.5321530402 412550.5863119364
230683555.6899218559 671601.5177572370
233943804.0186255276 735135.0131264329
246793445.9958584905 945416.0983059136
239396332.2812902927 830327.7023178078
248153121.4329041839 961774.4460665565
239406169.3742301464 830443.0279863812
225429991.2457098663 551658.7828582748
221642835.4500660896 430128.6210416555
233518344.8479009867 728373.2805307508
257483563.7487049103 1080208.6195068359
220915478.5236269534 404720.0564160571
221263695.4176254570 415290.1220954880
238810115.6162250936 820524.5693747997
220863616.0524151921 392142.7887941226
234111148.3768096864 738779.9777963758
238622305.0775548518 815120.6206443310
220995908.4134187400 407532.5713142380
233632695.2399097681 731022.4270151258
238976337.9481863379 822154.0340621471
244995256.6081161797 918254.5217096582
220983953.2547435760 405480.0119286403
233350315.9527503848 724509.9737206101
221444357.7598847151 423429.8940832764
221531100.3547726870 428808.6490269527
239796283.3021887243 836524.4581947746
245040416.3779827058 918280.1652643457
245410596.2801930904 924794.6963302866
225614996.6380240619 556952.3343080878
257237026.8681020141 1078138.4438476562
265434295.0845069885 1124974.1484375000
225924544.9747759402 563555.4498870820
220903505.3930196166 397723.5602124557
264780424.7373244166 1123195.2817382812
264982686.4777327776 1123785.6943359375
232938260.9926855266 714133.9227509499
223156343.8511440456 484568.6611023023
238748084.6801419258 818160.7837011665
244791206.7072569728 915951.7370698825
257648766.0884276032 1082233.6302490234
257143697.1401307583 1076298.3288862705
239622501.9108621478 833844.9053649902
245319488.9006129801 923889.2497370020
225513276.6477839649 553205.0099242330
225700973.3155952990 559378.9535048604
225744065.4995595515 559402.0040648580
225388926.2782390416 551644.4532836080
260157923.7549704313 1104458.8410644531
223040854.1892199814 482289.1537530496
223097109.4599885643 483500.4530871435
246939019.0992236137 946459.4376902580
233403095.8367929459 725511.9241631031
222862387.5677134693 475575.7684991433
233075171.1948209107 719359.4290459156
245470104.6737539172 925580.4908950105
247642833.1328752637 957980.4491764884
223005017.1686256230 480695.7919366433
245160229.5699650049 921773.9699518457
247483178.3628495336 955442.8811640739
221206844.5917604566 414007.8188855052
232849605.0580395758 713622.3575394750
247151345.9721164107 951229.6174921989
232673285.9889801145 711537.1688472629
232643985.9147587419 707366.7931911945
229942635.4026264250 653038.8146543056
232360471.2443064451 705338.7577144504
258129200.8491009474 1087495.4602050781
224487907.2410161197 523605.1832783818
232241756.8286312819 701910.9885209203
246924875.0405734181 946064.8865351677
260436844.7097904682 1107418.0209960938
266728651.8773788512 1126573.7709960938
238688443.9053685069 817212.4893560410
232600522.1586799622 706918.1128169894
225094922.5844895244 543886.9025023580
259241529.2530362010 1097939.3369140625
259904594.6735765934 1103648.0891113281
224832003.8739484549 531953.5235215202
225033552.4942958355 539243.7720082067
224743144.6506272256 531336.7435888052
224833541.5200141668 536143.4239546061
224982762.2123633325 538485.8525565267
238361233.0305519700 809852.1803622441
224646018.1556690633 530547.5126389265
238292726.0765899718 809746.1586337285
258153908.7400811911 1087535.3425292969
223055267.8100408018 483333.3192803933
260237424.6261945963 1106388.3879394531
260202826.0442524552 1104463.3159179688
232032991.8742555678 697929.2666255832
260239387.0594236255 1106537.8334960938
223817432.5741451681 506495.7887215092
260666572.9341315031 1109355.1523437500
231690325.2223522961 692091.6548091769
231330913.8215098977 684057.4892241359
231318515.0427138805 682275.9440900683
260694739.0838768482 1109598.9453125000
224171918.7002509534 515899.1570066138
259802385.9500693679 1103111.0944824219
245649410.6313971579 928550.9585023150
231612744.0691187680 688820.9270669222
221757827.6749201417 431502.0586098433
231542861.5562696755 687985.1785317659
231495669.5687567890 686482.5795176551
223559433.5236306190 499108.3212816193
223938608.8592312038 508147.9384385868
260027603.6679768562 1103889.5351562500
223869539.3293904960 508101.2138847782
260222441.8653198481 1106377.7895507812
260256169.1006031632 1106587.8403320312
223380462.9532583058 492908.7264082207
232359411.3444495499 702165.9683592841
223542936.7353291810 497811.6612750216
259514924.1054598093 1099912.4523925781
223621342.2148822248 500343.6631035282
266335662.4850325286 1125410.5971679688
223305587.3115277588 491350.7705003693
221980981.1210575700 439187.0642042309
231987210.6425634623 695612.7199630067
243516360.9925926030 895094.0240050713
222494764.0562304854 454827.4751152956
222707310.7782553732 461977.1186435594
244612226.5277677476 911290.4269161224
222817644.2323984206 469734.6694248094
222453066.4351934195 454738.4492611127
222416470.0385864973 454074.6578070521
244379012.8186421990 905804.7477169037
244506313.1314210594 910441.0377559662
243731412.9417214096 896025.2369064689
243937820.4709553123 901396.6632980704
222465449.3324248493 454748.3438919398
229925279.6225425005 649861.4861750044
229684071.1406667531 641023.8200033344
229856636.5523739159 647943.9036554731
243880446.6269368529 898520.7996060848
222614461.8133087754 456884.6147420778
222435021.9640962481 454738.4473140611
222508601.7476406693 455575.1770574600
229577672.3182121813 639777.9642139263
229849297.5452299714 641991.2051807232
229258524.9721370041 632081.4251514263
229600729.5334208012 639838.9759326763
229209764.2289215028 629760.4395082779
222177774.1251127720 440547.3436139001
243491032.6948420405 893365.5188443661
243140915.1707646549 887310.1741178036
243053803.0433918238 886384.4104459286
221852424.3451702595 431960.0826724768
229163201.9715756476 629217.6783118397
222260575.8253278732 447009.2704465761
222046636.5063867569 439251.7196653261
237108490.5056766570 786888.6190319657
237357556.1060271859 789596.0549135841
237552637.4777663350 795198.6334047951
242841217.9801638722 882013.6833510671
228787097.7459331751 620435.6903068423
228668036.0983573496 616238.1732527763
228480772.4237886965 614627.1928612739
228363432.5505998433 608328.9379805923
228630821.8230401576 616060.2567369491
228406738.4990163147 609899.4810487116
228240493.9637699127 608302.7059556991
227521212.5958063602 588882.8742318992
237516697.2764059603 794945.1670962013
237828015.4693465829 798837.3156991638
227687521.0589741170 595301.3742318992
237230719.0840194225 788236.8106558695
227802363.0635082424 595696.6180344466
227772079.0291795433 595555.8626633529
227356720.0376966596 587798.3118821029
237069753.9169082642 786261.7904367046
242255504.8180671930 872126.0996897221
242330414.3552862108 874637.0583078861
241536378.1997032762 859362.5555765629
241593238.3752903342 860837.3903391361
241498665.5905520320 858968.1863572805
241874989.0462689996 862863.4016492367
241421204.9794294834 856285.2350656986
241033953.6533329785 849214.7049119680
240798972.6883123517 844743.5751512258
250534928.2670729160 976569.3853454590
250349667.1093153954 974020.5436096191
250069117.7137109339 972102.6534729004
249803383.6379451752 966596.1219787598
249983619.4213413596 969263.8695468903
236635190.3654642701 773930.0440973639
249811371.6856200397 967109.0041503906
251015136.4882259667 979905.9953587055
251047381.1533906758 980511.5883762836
251416444.0382344127 982266.2847446725
264262354.3696294427 1112255.8486328125
264250978.9472522736 1111986.8022460938
236435635.1881486475 767397.9025513530
236532701.2455092967 770494.0626393557
236177119.5710476935 762913.5666218996
235907294.7613750994 754006.1387196779
236243221.1701013148 763061.0014137188
236036616.5241222680 759868.7179433107
235624427.6581678092 747217.4540222883
235636327.5697308481 752204.0959900618
235635266.3644658625 747664.0137053002
255620404.7702569664 1031078.1070225984
235356993.3736932576 744573.2474463740
255715656.6552589834 1032421.5007629395
255889630.4871875644 1033810.6335510761
255106164.1458155513 1025654.5374588519
255270934.2434123755 1026407.5987381488
254914859.6751549542 1023017.1800369769
254329768.0675456822 1012255.0013780594
254225911.2458182573 1010212.5819444656
254414570.7191292346 1015157.5379991531
254392397.7895175219 1014521.8856554031
252984283.2270153463 992577.6814317703
253135495.1269976199 997378.6955919266
252988025.8829918206 993131.3943223953
253018511.4214207828 996784.8533067703
252810777.0073530674 991843.6929689831
252581610.9851192236 990954.1259770393
252410072.3169923723 988278.1380700739
252368421.8889034092 984823.0986251831
