149513250.3923711181 5113353.5039062500
153902542.4749652445 5441878.2265625000
147359399.3121920824 4709981.2265625000
148383527.2109925747 4918172.6503906250
149908209.4761309624 5155970.8085937500
150685425.3517999053 5235354.7929687500
153938427.9920614660 5450014.9375000000
156113317.9490050077 5534018.0273437500
157410308.2821741402 5562825.4140625000
157644485.8363055885 5566444.6562500000
161470281.9202185869 5594966.0937500000
148253734.3542421460 4903988.5800781250
148121078.7633659840 4895748.6933593750
150384621.8951112032 5214880.6406250000
150643627.2100384831 5230664.5429687500
152176100.5917782187 5338734.4687500000
153415029.9097026885 5419143.3867187500
153362604.0324113071 5417304.9023437500
154372302.1874376833 5469856.7265625000
149952741.2220951319 5163953.7031250000
150617508.3675214648 5226341.5078125000
157750069.5992666781 5569368.9960937500
161194727.2745336294 5594965.6367187500
162253452.3200234771 5596587.0917968750
147442177.1567562819 4740721.5742187500
147486542.5389612615 4756290.4140625000
148059862.9519838393 4881096.7597656250
150082299.1430616975 5184770.9492187500
150379205.5250464678 5214230.3242187500
154486553.3427852690 5477176.4023437500
156623118.5576175451 5545895.1484375000
162021684.6571772099 5596577.1718750000
150153261.5278667212 5186093.2343750000
149399413.8281039596 5100693.2050781250
150154164.2505078316 5192809.5781250000
150204299.6311991215 5197095.6699218750
152240453.9060769677 5339415.2558593750
153904476.3698959649 5442676.1289062500
154743911.7463178933 5486975.4960937500
157893795.1568174064 5569667.6562500000
147492120.0835520923 4757074.4296875000
150596474.2870531678 5222957.4160156250
153905100.2399251163 5446140.0273437500
157923637.2642801702 5570920.2148437500
161838839.0445430875 5596548.0625000000
149821169.0211129189 5152420.3437500000
150744300.0468306541 5239455.9082031250
153386342.2008225620 5417962.3203125000
154623097.4762148559 5481573.9726562500
156694745.7764055729 5546548.4257812500
157649516.4603460729 5569346.8359375000
150808436.5562655330 5239938.1191406250
161702110.6229250431 5595915.0117187500
147355865.2122389078 4704014.7734375000
147438233.2052271962 4740600.7675781250
153776088.5727925599 5441721.2031250000
158189525.0768442452 5578136.0937500000
161623157.6120844483 5595912.6445312500
157041354.0241482258 5553941.9609375000
147391639.2825333774 4729366.4140625000
147548361.1466905177 4769910.2460937500
147583316.7945213020 4787468.0800781250
148210108.0520291626 4901061.4355468750
149659513.5134228468 5125819.8925781250
149982210.2760781646 5175222.6210937500
150714026.9221831560 5235363.6152343750
152002194.9881443977 5331434.5566406250
151713304.8768229783 5306103.8144531250
156512715.3071215153 5545152.7031250000
158414411.9767856300 5580410.0507812500
147339754.8678305149 4696997.5878906250
148088687.7413891256 4891116.3457031250
150018283.2145758569 5175318.6679687500
150446987.7578440905 5217081.9589843750
151928708.0687075853 5324718.2128906250
147374283.8250047266 4724835.2187500000
147498492.8165033162 4761286.4726562500
147630797.3398891985 4792886.0078125000
149648550.7904926538 5122143.2167968750
153328788.9423203170 5409191.3671875000
147555001.3712239563 4772391.3203125000
149664842.5892162323 5130123.4589843750
150875396.7192528248 5243067.3183593750
153454294.5441593230 5422993.9882812500
158384731.5141840875 5579455.0742187500
149667104.2684957981 5134135.3730468750
151990132.8771204948 5328497.5800781250
159619784.7984456122 5587574.9707031250
150512933.1229595542 5222097.3691406250
154772320.9316800535 5487833.0156250000
177455479.9730867743 5602053.1660156250
147311107.4193873107 4675953.9121093750
161172428.9072772861 5594877.4570312500
147505116.7411117256 4767601.8359375000
147491875.1488637030 4756850.6210937500
147456354.0969049633 4753598.0507812500
148136546.8693449795 4896691.0175781250
148119478.8963873088 4891898.2011718750
148004506.6912400126 4876686.7871093750
148198791.3420275152 4900439.6074218750
153689593.8108106554 5437787.9960937500
153420768.0189125240 5419723.9726562500
157976629.4297743142 5572837.0195312500
147444439.8356095254 4741639.2070312500
149240768.5115486979 5076229.1757812500
147309434.7043448091 4668791.0742187500
150252576.6569698453 5200324.4062500000
150246342.8313916922 5200323.4941406250
159697066.4873587191 5588004.7304687500
149729555.6314486265 5136933.7246093750
150267146.2900236845 5201140.0078125000
147320092.2268355191 4684386.9042968750
153688787.5302871168 5435771.1445312500
149275855.2867790461 5084065.2617187500
149451300.5271646976 5104256.0527343750
149327847.3420750499 5092068.4707031250
153485919.9828964770 5426650.3085937500
147315075.5854311287 4677740.0781250000
147949289.1784028113 4865869.7070312500
149419529.5059792399 5101664.4687500000
150065621.7238827348 5182035.0117187500
152291829.5652685463 5347070.7675781250
153642639.9106021225 5434338.5097656250
158018618.1885721982 5574417.7734375000
159728679.0995093882 5588296.7539062500
147416897.0366082489 4738386.6367187500
149971192.9080972075 5164803.5937500000
158040395.2567099035 5574907.3281250000
149942119.1604323685 5162751.8164062500
151356896.9342330098 5281530.5820312500
155592312.6141667068 5512591.1289062500
149429820.0877205133 5103914.9609375000
149465156.5455182195 5113324.8769531250
151421539.5177266598 5285993.5273437500
161505837.9587785006 5595582.3281250000
151551829.2302749753 5297063.1953125000
147373406.2850732207 4719526.0351562500
153531560.2384707034 5429692.0000000000
153591115.0124733746 5434338.2812500000
157996447.3501552641 5573222.7773437500
176189439.8859318197 5601995.3828125000
176449286.2137753069 5601996.2402343750
147857070.1514950395 4846561.8457031250
147927409.8871371448 4859569.3886718750
149575123.9011186361 5120491.3769531250
149935627.2480522394 5162751.4062500000
151701314.1951900721 5303917.5859375000
152444267.9300321341 5351946.9628906250
153748593.3855742514 5440488.1054687500
158078518.4784485400 5576657.3437500000
147334234.3618757725 4694325.0585937500
147321110.8572775722 4692373.7304687500
147865647.9823934436 4851122.8183593750
149407875.8283810616 5100802.5644531250
149783146.0365992188 5145539.4375000000
151388996.1398428679 5285690.6601562500
147321843.9490665197 4692563.2343750000
147344057.0576142371 4701149.5898437500
151379435.4667702317 5284131.5625000000
149415662.3775237203 5100825.2207031250
147451175.5008850694 4741905.5722656250
147889937.3910462856 4853419.2363281250
147984286.7985795438 4868890.7968750000
147384671.3215939999 4726469.5410156250
153750673.5284440815 5441665.7382812500
158686081.0260446966 5582113.1835937500
149534539.4263446331 5119195.1191406250
154081232.1431962550 5455910.9687500000
147364227.8214579225 4718757.0859375000
147813201.0572508872 4833879.3496093750
147814559.4508007467 4835712.4316406250
147952126.4090973735 4866100.2578125000
147903550.2207933366 4857333.4941406250
147824679.1295181811 4842333.5292968750
160995491.9577865005 5592589.0507812500
152473144.2209265530 5357697.5996093750
149773453.9276545048 5141313.7675781250
153905709.4283738434 5446619.5644531250
149720427.8296411037 5135024.8886718750
147805544.8437612355 4831841.0058593750
149520281.3003268838 5115297.6347656250
155337402.4238388836 5506442.8203125000
153992617.8663315475 5452361.6953125000
154097289.0218791664 5457688.8867187500
154008196.2381203473 5453976.6835937500
155554354.9542398155 5510350.8906250000
158006355.4324348867 5574199.3476562500
158005840.6651353538 5574198.5664062500
154946302.7677140534 5489528.8046875000
156800059.5527917743 5548338.7089843750
160318961.8201265037 5589908.5664062500
160918453.9887911081 5592044.8750000000
161786547.0485316515 5596028.4843750000
159154407.5654999316 5583893.7656250000
159544707.2452002466 5587557.6250000000
154982952.5744422376 5491772.1132812500
158926112.6757458746 5583505.3320312500
147768904.2720713615 4826784.7324218750
154172071.0987153947 5458597.3183593750
154194643.2013969719 5459606.9882812500
159470853.0886714756 5585880.4042968750
159387590.1757059991 5585259.2949218750
159551292.5926224887 5587558.3496093750
157798686.2595513761 5569547.2773437500
156504227.2236950994 5541739.0917968750
176126354.3355364799 5601064.5605468750
158803455.4796209633 5582955.7929687500
152513050.7944951057 5361925.4042968750
160721462.4828251600 5590808.0429687500
158734480.8578537405 5582257.3359375000
154226343.7240078151 5464799.3359375000
155589600.1710052788 5511326.6640625000
151310911.6698846221 5273611.9765625000
154547892.2914342582 5477798.2910156250
161140994.3280282617 5594124.7656250000
147710572.1409561336 4810181.7109375000
149119980.1306501031 5044155.2910156250
147643807.7958298326 4795376.0449218750
160008438.0312602222 5589141.5566406250
152373816.0798102617 5350699.1191406250
152688017.9872006178 5366496.7207031250
152611180.6113015115 5366203.7285156250
149146258.8706836700 5053135.4941406250
156934163.2109770179 5549774.9785156250
147768823.2636051178 4821568.6796875000
147643808.5829227269 4795587.3144531250
151776987.4027144313 5311653.3164062500
147681319.9934642613 4800126.7792968750
147767486.1684119403 4820342.0527343750
151496353.4235370755 5293629.9140625000
147699706.3901443481 4809099.2558593750
157202373.1505220532 5554564.5078125000
151286422.2851618528 5265805.7656250000
149198690.9648525119 5061733.2402343750
147691090.7333710790 4804376.6035156250
147746988.5405927002 4817888.5449218750
151291594.8171060681 5266752.8515625000
154955464.0895486176 5491229.4843750000
152297871.1280390918 5349682.4941406250
149101809.8347602487 5037974.4101562500
152098785.5007757545 5336523.7421875000
152115890.6844902337 5337307.5195312500
148473357.0180534422 4925448.0292968750
157389111.5550074577 5556358.3593750000
148607428.7671929598 4940079.2675781250
152098771.2560599446 5335814.6757812500
149134201.2619295716 5047581.0136718750
149184777.3818169236 5061587.7753906250
151842779.3944441676 5315781.5019531250
152064294.5116934180 5333925.1777343750
152105954.0429170430 5337306.6503906250
152064870.1861913800 5334201.7363281250
161018729.5231183171 5593149.3164062500
173667125.9463335574 5599481.8417968750
148821061.0119757652 4941331.0839843750
173513691.2256030142 5597973.8007812500
148400098.9160791337 4923876.0371093750
173934181.3121330142 5599584.0136718750
173436747.3656153977 5597060.1367187500
173677942.4616568983 5599549.9960937500
148552928.3146033883 4937093.3300781250
173793126.9939658642 5599551.9941406250
155285287.4367174208 5503883.6171875000
155817544.1976306736 5517346.6406250000
174377117.3788276911 5599586.0117187500
174823620.5789933205 5599697.8769531250
175659820.4488931000 5599779.8515625000
175059617.2094468772 5599721.8867187500
155947209.5716800988 5519275.0976562500
176087113.1033160985 5599787.0683593750
155778127.9327308834 5517289.5039062500
148422800.4877198040 4924828.7988281250
151894088.9714981019 5319934.9980468750
151896499.1412518919 5320974.3554687500
151903010.4128810167 5321754.7441406250
148487210.7123384774 4929242.0957031250
149156288.9489474893 5053149.9296875000
148580768.5192756057 4937741.4707031250
148347321.2150806487 4916039.9511718750
148327682.4360961020 4913660.4082031250
155494142.7107976973 5509616.5429687500
155858807.9977290928 5518619.2070312500
153075454.3667581677 5386079.9941406250
153272389.3274810612 5387555.4707031250
153017584.0957348645 5380502.4082031250
153326736.5003636777 5390999.3496093750
152786670.4263531268 5369130.4199218750
152946654.0024183393 5373833.6269531250
152789473.4759959579 5369443.4511718750
152820962.5665556490 5373784.8652343750
155859281.4550820887 5518714.7109375000
152983687.3203071654 5379427.7363281250
155959966.8234235346 5521400.7851562500
155953218.2305458486 5521399.2265625000
155770207.2429057658 5515601.2851562500
149131905.1946673989 5045274.0527343750
151272618.5836711526 5260289.6914062500
151273970.3212394714 5263166.8085937500
151189409.1324234009 5255390.0078125000
151267474.6789350510 5259515.0898437500
