1048169183.7190805674 513392.6295499236
1047693323.1622601748 509270.3185147673
1061841555.6667352915 880336.6808835968
1062120156.0563887358 884093.3046171173
1094240276.3975501060 1294393.1633575470
1094168304.6907892227 1292642.6692169220
1094442154.8151385784 1297579.2170684845
1094505557.1107909679 1297788.4198272736
1094710077.5746755600 1297982.3960062978
1125527404.3912000656 1538771.8883809764
1047783075.3855565786 510994.2235194028
1047887097.2132618427 511054.3227537705
1047866607.5247001648 511020.4824128330
1047623548.0592896938 503121.0947022617
1047921477.5654950142 511185.7557568729
1047628209.2477887869 506917.3804841221
1048148531.0620902777 513256.3172660398
1049069905.1549097300 553102.1223149948
1062752570.4744890928 884820.3287755951
1062200902.9511393309 884710.9963602956
1062119070.2495230436 883325.0364286407
1084976626.3646969795 1190608.8356452347
1084725760.6765396595 1188617.7705750824
1084516389.8978326321 1184006.4709676863
1196572812.1770291328 1908807.8051757812
1196879562.2930343151 1909378.4846191406
1196670667.9697732925 1909194.1796875000
1220248769.3727891445 1914243.0679931641
1220430722.6605243683 1914471.5081787109
1085223347.0650670528 1191857.3658085228
1125318702.7199597359 1537417.4886695202
1062171639.4991104603 884172.3479485578
1062072277.5229810476 882509.0577299102
1196133545.4241135120 1907752.3559570312
1196284471.9522976875 1908392.0651855469
1048956792.5185333490 551383.1767844741
1049228306.8387923241 554763.8908370392
1048761098.0728541613 546126.6944271737
1048811533.0293031931 546445.6670810097
1048763005.2642208338 546438.3599545175
1061728931.3215786219 876025.4225178614
1061577195.8081232309 871903.1114827051
1061478186.2470046282 870170.1144648447
1061539900.2614343166 870319.4119837835
1061327766.9383026361 867834.3283711328
1061417181.2597695589 868756.5857334986
1220140291.8551285267 1914236.3065185547
1048717772.4732789993 542637.9408230596
1183740549.5344946384 1869179.3450469971
1092599863.1836555004 1276977.2521199170
1092728114.5166780949 1279363.7386158886
1194150738.9192726612 1901017.8532714844
1048577155.7919093370 531388.3820145491
1167093014.0369796753 1793101.3657188416
1048376183.0518335104 521230.3778317136
1166892085.0883893967 1792107.4175834656
1168342581.3194251060 1797487.0330619812
1184025949.0087049007 1870448.6834259033
1184310211.0916471481 1871253.9103546143
1184680563.3776097298 1871767.9436187744
1219079029.2223458290 1912640.5260009766
1168327550.9731974602 1796796.2804450989
1061267480.5194295645 865862.2542744532
1092352865.8451361656 1271430.9352958384
1184764203.6790938377 1871772.8059234619
1219423400.4122908115 1914140.8262939453
1218887654.1586174965 1911372.9532470703
1219026730.3649172783 1912152.0770263672
1219048670.7176191807 1912243.7694091797
1184079167.8913545609 1870585.8866729736
1184306196.2867295742 1871061.6852569580
1184131962.7595982552 1870846.9240264893
1183175695.5841588974 1864261.0666961670
1182756148.9760639668 1862094.2633514404
1183151646.5726912022 1864168.7549285889
1183297073.8635318279 1866716.9906463623
1185428768.3590974808 1872440.2188720703
1061120824.5997414589 861322.0451985254
1091911678.9000062943 1267668.8623588267
1092339678.5193729401 1270132.9845702830
1184845667.7617635727 1872146.9268798828
1092114708.3183794022 1269419.6605766001
1059194684.3490610123 818314.5768121287
1059274800.9358541965 821690.2988275095
1091457667.8427116871 1262201.4773528758
1167678400.2401623726 1795068.2929344177
1167387467.9409520626 1793955.7809867859
1060583212.0857294798 846548.9776190027
1060800939.8993631601 852835.8425720587
1168315549.2041668892 1796777.8761138916
1090535184.1646659374 1251427.7024904988
1090197655.8374371529 1245489.4792200825
1090417863.3038969040 1251258.9828860066
1090260539.6097939014 1247501.7470423481
1089261883.0703024864 1235614.7407977092
1089570813.0312721729 1240885.1629319894
1125095432.7685463428 1531196.4368031230
1088736460.9939427376 1225881.3149420409
1088772174.3085606098 1226313.3896490722
1089927317.1081538200 1244537.3450151193
1060056342.0162409544 838109.3827964767
1060148884.2761472464 838259.7628380462
1060041346.9993832111 836451.4453441306
1059949535.6669510603 836065.5354320213
1089784917.5285925865 1242581.1739946115
1124428842.5618181229 1522141.7981955316
1089344864.3250389099 1237814.3189277160
1089101546.1687493324 1234269.9220008361
1088007171.3196351528 1220429.0123998909
1169181818.2270908356 1797509.7342872620
1087914381.1916255951 1218864.4731566100
1124262077.4875693321 1519427.8918202338
1086739179.5790569782 1204225.6106019029
1086582513.2388048172 1203707.1056639343
1124891356.4847879410 1525755.8134076823
1186673121.0663185120 1874710.8930053711
1193261591.0249361992 1893898.2252197266
1124638770.4247786999 1524398.4523668275
1125010906.8276257515 1526749.2703599916
1192892442.9016826153 1892093.6744384766
1050815033.7399075031 564811.5677033780
1186106034.6872603893 1872556.2642211914
1187823071.9415731430 1876645.8004760742
1192737665.3524575233 1890738.5317382812
1192243052.9358346462 1889529.7524414062
1123806567.5155920982 1513879.9713566345
1059074208.7830899954 798280.7633426735
1187900804.2588801384 1877319.4240112305
1191211040.1901929379 1881456.3279418945
1191291412.8194484711 1882331.1492309570
1191422765.5202538967 1884533.8206176758
1084501346.8838255405 1171645.3564390731
1084387654.9177472591 1168658.5499425796
1053571262.6463795900 586423.3984518122
1054201034.6766016483 597077.5979233157
1053854818.0006225109 594274.7065769729
1123452323.7753467560 1503124.4949964681
1123301959.9499166012 1501659.3668531575
1122879186.4208934307 1497469.9498268762
1122876058.0115618706 1496219.9290937581
1053936532.5898752213 594876.6348490115
1053613978.3886671066 586460.9870335158
1053724600.3038223982 590593.6434251067
1123221518.0928819180 1500427.4635166326
1054185097.0233017206 596750.1432136592
1054292101.8263775110 597911.0792223510
1054328738.4860900640 598315.6308543977
1058989474.5875211954 752205.5242689891
1059048443.9538141489 755405.5101088329
1082180370.8509502411 1130481.7382007516
1082254223.5949146748 1131419.0756030953
1081956145.4936499596 1126489.0230937875
1081682934.7856030464 1123498.5718189157
1081827924.4379279613 1125545.9297595895
1081417139.0404474735 1119779.1640135027
1081659872.4829108715 1123151.9891148484
1081516335.5284919739 1122720.2995320237
1081956307.3732988834 1126683.3889943040
1081231987.8305304050 1118461.9328123308
1058936351.5731203556 741284.5187794013
1058786053.9616779089 736817.2157492681
1058820072.2431210279 736828.0121423136
1058707960.6483806372 733166.6559220683
1058606531.3451372385 724510.0225222143
1057920556.1039724350 695271.4710121290
1057741043.2286517620 688188.5711952583
1057789661.0310292244 691659.2367531196
1057878804.6416103840 693840.5478321449
1056331400.2386302948 627386.3459680702
1121650550.3008775711 1472204.8559212754
1120934216.8697226048 1466944.7782660734
1121384590.9020910263 1470278.7265267442
1121657913.0579097271 1473524.9263558458
1122097990.8681037426 1475949.6599704844
1121390224.7260499001 1472082.5346322129
1120819538.4744846821 1460187.4116344897
1058085201.5536656380 697658.5671673659
1058275009.2114436626 701636.0033990983
1058130941.1777393818 697672.5850669353
1056051185.7926995754 615734.4149255182
1058156210.3426609039 698014.0495731407
1120785776.8336839676 1459180.5914525692
1080889180.4600100517 1084468.1866392214
1181063662.6883516312 1828230.9489288330
1180842114.0620374680 1827245.5594024658
1075000532.1216349602 985745.1438747764
1180914466.7603061199 1827439.2873077393
1179967344.0453832150 1823326.1063232422
1179366057.7962965965 1820133.9342498779
1074816842.7961111069 982170.4073559166
1056738421.2965631485 634307.6103274972
1056854225.6659919024 636636.7587421091
1056792198.1290595531 636453.6390290410
1056788828.4379265308 635357.9418945984
1056534458.5159066916 632481.0539615304
1056624292.0608092546 632962.8272928448
1056904172.7427939177 637054.2931753026
1057703031.9314634800 658430.5793231970
1079393186.3224024773 1055709.7158801160
1079269830.7548747063 1053336.8054797254
1079074453.6053013802 1049609.2800051770
1079013038.1680278778 1047037.0371081433
1079205631.3129885197 1051265.4285266004
1078548803.5060060024 1040235.7755105022
1178505400.3541822433 1814975.9699530602
1178519071.6102135181 1815243.9970526695
1078548436.4396529198 1039933.3184261593
1078309581.6750741005 1034649.7001228604
1078481831.7875630856 1036868.3931331906
1178259314.3905842304 1812744.7949957848
1177931084.9979608059 1812496.6844305992
1177533082.4344065189 1810033.7032730579
1177764252.0474119186 1810478.3604996204
1177173337.0865595341 1809036.2005875111
1177236762.3750450611 1809253.4027359486
1119756932.8210062981 1436419.2988012114
1075986241.3252122402 997901.2936377843
1076441694.9538106918 1004523.1862542947
1076466583.9433627129 1004616.2870535125
1076074122.4549396038 999126.1230068525
1075918012.4660580158 997515.8953609784
1075425908.6960442066 990059.1233229135
1075383682.8071663380 989969.8095411753
1075259820.9670488834 986755.1334308916
1074451312.1570775509 972342.7025710464
1074610341.6165239811 977883.3674270035
1073038380.1599270105 947321.2245244499
1073626091.9850704670 955632.1569331432
1073771310.5646340847 958643.3115951115
1073460961.3755289316 954508.1130370529
1119227707.6082210541 1432893.9574669877
1072628034.0913912058 941169.6397777688
1072294811.3999419212 935387.0582348000
1072815062.1083000898 942561.2271953303
1072413999.3454185724 938311.9137035500
1072009754.7956135273 929598.7181734097
1070428110.1366498470 898216.6618858863
1070159187.0849591494 893399.0520302345
1070183685.7661643028 893399.2847531530
1117167624.6405138969 1410168.1382252213
1117352735.7443695068 1412112.6238819596
1116416089.3907387257 1400753.0668187116
1116583425.7155587673 1404065.5556492780
1116735154.9799990654 1404097.3964643453
1116739751.7922854424 1405294.2164106343
1115793834.7801485062 1389414.8162552188
1115810463.2914373875 1392875.6139525624
1115896723.2204787731 1394914.4087523671
1165373508.9878644943 1724946.7401009039
1164724091.3857755661 1718800.2209103946
1164758024.0829439163 1719893.8033717517
1164068873.0856711864 1715753.2327082995
1164315069.8039824963 1717728.1505549792
1164285879.9182460308 1716897.6759456042
1163907571.1880977154 1715596.3277644948
1163546461.3912427425 1714154.1265926198
1163470506.4836108685 1713705.8023738698
1114620792.1180360317 1371651.0296868123
1159235383.9235017300 1678760.4859541939
1159606500.1891088486 1680987.0423373268
1159204454.2803862095 1676720.9767397926
1158732188.2805681229 1671117.8626593635
1158976716.1898467541 1674206.5226325081
1158685525.0696771145 1669602.1132862179
1158211146.5823273659 1666702.8991596310
1158203991.5656380653 1665706.2048236935
1113810612.1681258678 1360374.9475436411
1113233639.9831473827 1356882.5180409148
1113173857.6459250450 1356851.1081881723
1113505351.1484427452 1358746.8967623911
1113156637.9446961880 1356067.5472140512
1113316447.4523503780 1357037.4875436178
1156695826.0381004810 1646698.9240338670
1157113940.4122953415 1650793.9754826520
1156495428.2465789318 1644214.5137822125
1156575214.9225420952 1644286.2793919537
1156769402.1979935169 1647420.8659092877
1112572331.2375650406 1346388.0629205205
1155487571.3038754463 1636517.0674569863
1155773480.3450002670 1639043.2747323769
1155682496.5916583538 1638139.8123300332
1111271301.2374098301 1315115.8386747693
1110943433.8709189892 1311442.6959508513
1110908182.2029752731 1311433.3488374804
1111127825.2610032558 1312976.1114580724
1110904605.2036311626 1310565.3043596838
1111050481.8254539967 1311821.1427322719
1111119319.2286493778 1312636.9531314466
1110962210.0954031944 1311778.6670000646
1110718437.3505487442 1305841.1058437782
1155189457.9053237438 1620365.7577486890
1152395332.6362981796 1588752.5979639590
1153139067.2239995003 1595633.4286524355
1152656116.5600514412 1592149.7428003848
1153111293.3337817192 1595615.1893946230
1153391024.3843917847 1596929.5677790940
1153943163.8765847683 1599908.8024101257
1153546236.7535755634 1597496.9972224534
1152856351.4348115921 1592507.7255244553
1153635698.8671960831 1598301.2289119065
