305652811.3049956560 2354103.8603515625
295978777.6718630791 1822021.7519531250
299385719.7589811683 2062218.2746582031
302949746.3735904694 2273867.8466796875
294888552.9825832248 1715586.2165527344
295983979.2421831489 1825499.8017578125
296324723.7190876007 1840025.1759033203
298759799.5169122815 2040931.5659179688
306508716.6984599829 2364139.3427734375
301074609.2480202913 2176373.1411132812
292469278.9898902178 1397774.6337890625
292554941.4359471798 1409409.6660156250
298875596.7068799138 2046921.4541015625
291275411.4220492244 1196374.4008789062
295143206.8329867721 1742227.8044433594
301094076.2105225325 2179600.1469726562
295906900.8581794500 1820322.3569335938
298258971.6004568934 2005845.1372070312
301259329.1326514482 2186664.6547851562
301048580.4868330956 2175920.1010742188
290826592.0704964399 1085335.4066772461
291687321.8634017706 1273119.0136108398
302677299.5729699135 2259295.4921875000
302720296.4516150951 2259524.2041015625
290935417.0087662935 1097831.7578125000
295705243.4664259553 1804072.2861328125
296118996.2473126054 1838739.3134765625
298140175.1425717473 1999785.6127929688
309843441.7915273309 2387330.5595703125
309938260.8825631738 2387691.9638671875
296011985.4035137296 1829117.3691406250
298937691.6803402901 2050634.4023437500
299093641.9019538760 2061676.4218750000
309929547.0048651099 2387674.4091796875
310851043.1579018235 2387860.0058593750
296283565.1279361248 1839953.4635009766
295110277.2043018937 1738114.8815917969
295373698.4707429409 1772230.6257324219
296050826.6857979894 1832462.6718750000
291395000.4398485422 1222959.5207519531
292482803.4590259790 1400921.6813964844
305797015.7022085786 2358034.7128906250
299076601.2857760191 2058803.5097656250
291269842.6492082477 1194099.9047851562
292606092.8965442181 1418549.7075195312
294402597.0953431129 1653516.2281494141
298886195.8836287260 2049984.7421875000
298814745.0176637173 2044600.2836914062
305500820.3959995508 2352368.7050781250
310127087.7147429585 2387831.5996093750
290769479.6928912997 1075378.8956909180
298869187.1001526117 2045864.8940429688
308829853.9877967238 2383929.6923828125
298791601.4453647137 2043309.0756835938
303521063.7949776649 2294377.1220703125
303624792.4408633113 2295556.3671875000
295678396.0389600992 1802130.5932617188
300524674.2744486928 2144918.1328125000
294436240.1226105690 1657647.1492919922
298283524.2304055095 2007491.6416015625
303383582.5238440633 2290567.1826171875
303287997.3384315372 2286290.0615234375
309754340.4933751225 2386959.4287109375
309888059.7964724898 2387535.3037109375
305545840.3712687492 2352889.7558593750
290616960.5968343616 1014497.3556518555
303294902.2631822228 2287169.9218750000
305657983.3010346293 2356454.7587890625
295635114.5177212954 1799557.8129882812
306326418.5748824477 2362492.1992187500
291518460.0773844719 1239261.9464111328
304406517.0330169797 2315558.6337890625
306977556.8113594055 2365724.2226562500
295469627.4704635739 1781923.8710937500
294350030.3783194423 1648020.1668701172
295464312.6551370025 1780907.8857421875
311041544.1728470922 2388320.7832031250
290631653.2311674953 1018813.6168823242
294324832.1291621327 1645543.8704833984
298829038.2585483789 2044729.4443359375
291226266.5921949744 1186002.8171386719
298666606.4173175693 2035968.6674804688
300733361.0050879717 2158478.5893554688
304458541.1078663468 2318244.4072265625
308350215.2970167994 2380922.1953125000
302721950.8428530693 2261190.7177734375
304100296.4796171784 2309643.8349609375
291452945.8411977887 1231654.9484863281
295563298.9240316153 1788653.5000000000
298022496.4628235698 1991329.9477539062
300668963.1311916113 2153550.4179687500
301217491.3280087113 2185037.2954101562
294952889.7011551261 1724803.0270996094
295984437.7061880827 1826583.5831298828
300846775.4270969033 2163948.1542968750
294368585.5090485811 1652259.5433349609
294735417.4995092154 1694516.2094726562
295665675.7443655133 1799957.6801757812
298073035.4683700800 1993677.3344726562
291351605.6249931455 1213024.6967773438
290638302.6477684975 1020902.8429565430
294367197.5504690409 1651740.4190673828
303455216.0818108916 2291028.5498046875
292630894.0728209615 1420561.1309814453
295331864.9696726203 1766385.7602539062
295355044.9342756271 1770047.4663085938
303123485.1215265989 2279305.5820312500
292634710.7160699964 1421860.8103027344
292518538.6358189583 1406788.0664062500
292828290.0404494405 1441037.6849365234
308572996.1890537143 2382963.0673828125
298465373.4172545075 2020993.7558593750
291242109.2095254064 1192929.1735839844
308469609.3481801152 2382465.3115234375
294656429.4373705387 1683908.1381835938
308361978.5736345649 2381613.3916015625
311915636.2244035602 2388540.0117187500
291290605.4706228971 1200569.7601318359
294807674.5796637535 1705586.5400390625
292585892.3829853535 1413625.6467285156
307964472.1524581313 2376184.4511718750
300800353.1672233343 2160963.0786132812
309494391.6886352897 2385962.0400390625
297994290.6170461178 1984373.3422851562
295199733.3097989559 1749750.3552246094
295251059.9377463460 1756372.1816406250
297892510.9970710874 1975308.9814453125
295261158.2267962694 1758757.8632812500
298010429.9263612628 1988732.4995117188
291765400.5778231621 1280519.6216430664
292458734.6892499924 1394150.2834472656
297969250.8237386942 1981361.8081054688
290678674.6311967373 1044027.1421508789
300877689.2234150767 2166074.2783203125
295319639.0058079958 1761788.7302246094
295235795.7304911017 1756154.9304199219
298699190.7854662538 2035980.5097656250
298554004.3150398135 2027348.9858398438
298527559.8390181065 2024826.8559570312
305198103.0813966393 2339640.7431640625
311962100.5188663602 2388558.7880859375
291668205.4985660315 1269957.5073852539
300890396.6923395991 2168311.8652343750
306240083.3966158032 2362023.3876953125
295192398.4291158915 1749361.4631347656
291747623.6190627813 1277070.0542602539
295213481.9770121574 1752106.4587402344
294709955.8595741391 1693100.6831054688
301583148.3969207406 2202331.8647460938
301409399.1658589244 2194217.9096679688
308148919.4881388545 2379518.4804687500
307991576.8325806260 2376427.6972656250
306231104.5921731591 2361958.7675781250
294519961.4147588611 1671218.7501220703
306051212.0928771496 2360115.3310546875
308065555.4506914020 2377600.8974609375
298192030.9497424960 2002254.8286132812
291237078.8907377124 1186372.9660644531
291603468.5248630643 1260652.2477416992
304998056.7252276540 2333626.2978515625
290699754.5697748065 1049042.2904663086
304152733.0048553348 2312175.7109375000
305944844.3157349229 2358919.4267578125
291562165.0223407745 1246355.5983886719
305400353.5936555862 2343363.2070312500
303995414.3705422878 2305655.1103515625
290823700.7001766562 1082486.3082885742
303931856.8803911209 2304535.8251953125
304028769.5845404863 2308345.7646484375
309255077.0931788087 2385233.1972656250
290831905.8706246614 1088796.0233764648
297922937.8381278515 1975571.1691894531
309247295.5753881335 2384749.4150390625
294779378.2013026476 1701562.6811523438
300396306.9793293476 2138699.6806640625
303984277.4002671242 2305461.1982421875
303917934.6085252762 2303654.0517578125
291149648.4479303360 1163761.2060546875
300380364.8511912227 2138085.5107421875
300431206.4765725732 2141160.7041015625
300257332.0546902418 2128097.3535156250
300309619.8281660676 2131677.6318359375
312048021.0429216027 2388564.9687500000
300236029.4459134340 2124968.3784179688
294748270.9774945974 1697901.5307617188
290736874.8254148364 1062509.0031127930
311853469.7898897529 2388455.2167968750
311597852.7078484893 2388368.4287109375
304051223.9072142839 2308942.1132812500
294706655.7163320184 1691934.1811523438
311390944.0028571486 2388328.8808593750
294611777.4067142606 1681089.2110595703
294669384.6728238463 1689216.8928222656
292492276.9844967127 1401515.7189941406
294585492.9384096265 1677580.3999023438
297787511.1886072159 1957341.9121093750
291520599.3126261830 1240504.9404296875
291417220.8159508705 1225067.4034423828
297850831.4836962223 1968291.7207031250
304004664.8395767212 2306196.2226562500
303893134.6917569637 2303306.0439453125
291260341.7969731688 1193275.8237304688
291289321.5640889406 1199284.5968017578
291183900.9756579995 1177094.7974853516
294606409.5530179143 1677811.7061767578
305291121.8567541838 2342902.8964843750
302533040.0199504495 2250764.9521484375
294495766.0983645916 1667594.4566650391
309110128.3566059470 2384273.7783203125
294459763.5963653922 1660391.8284912109
309365313.8423780799 2385511.9853515625
300412640.9232185483 2139606.4765625000
304938986.0320578814 2326359.8037109375
292666638.4496930838 1426680.9572753906
303852267.5612453818 2301532.8583984375
304963857.2025879025 2332068.3271484375
303739318.2254953384 2298570.2138671875
311010466.1193292737 2388013.9355468750
292780731.1065028310 1440790.0174560547
307937204.3557572961 2372866.8164062500
290985027.7287020683 1120815.0036621094
292675680.2865835428 1427389.3333740234
302446784.0393159986 2246107.9375000000
297809580.3100128174 1957791.0629882812
300265889.2307858467 2129762.9760742188
302625673.0434009433 2254412.5126953125
311003891.7460429072 2387996.5292968750
311020356.8821120858 2388039.4326171875
297738099.2541146874 1950515.7377929688
300169098.7080069780 2124531.6894531250
297564731.5680042505 1938048.6472167969
307149778.0108974576 2367265.3623046875
297290115.3341568112 1912069.2500000000
299869934.4017742872 2100172.3217773438
299841118.5516010523 2093998.7749023438
299931352.3683136106 2104444.0698242188
292240403.7959482670 1354819.4382324219
292246758.1572406888 1355580.9300537109
292217978.6439970732 1352553.2061767578
297044285.8021965623 1886332.7098388672
291034293.6983234286 1132361.7259521484
293728473.0314978361 1553661.2103271484
300015439.2185941935 2112710.3618164062
306837610.5965031981 2365314.9199218750
291013642.6379285455 1129811.2806396484
292262928.8418174386 1357896.6794433594
292197771.4593101144 1349655.5887451172
306764365.9982931018 2365314.9003906250
292307576.0354797840 1367604.8040771484
291036285.0297884941 1133728.1247558594
297208150.0686646104 1901768.7976074219
296988633.0642142296 1884347.0487060547
293548957.3968392611 1523001.3699951172
307278309.3409729004 2367919.5917968750
293563361.0578238964 1531306.3704833984
297138418.7666231990 1895173.0067138672
291091499.3106579185 1146052.6953125000
301940808.1533297300 2215547.3193359375
293603104.4916120768 1536009.4461669922
293611221.7593781352 1538343.0057373047
297047647.9531543851 1888675.5125732422
290971846.8666829467 1106109.1773681641
301694681.0996243954 2206710.3710937500
293577523.7633445859 1534657.9544677734
292050427.6403947473 1304742.3813476562
296599783.5534099936 1846594.5115966797
292070216.2853894830 1308274.8087158203
296513077.7996404171 1840323.4998779297
302295600.2832515240 2232966.4111328125
294087385.7004749775 1596396.4909667969
294204778.5675565004 1609210.0861816406
302130036.6186430454 2226025.5273437500
296747498.2927525640 1856983.7183837891
294243141.5278474689 1611106.1853027344
294137346.4017506242 1603087.5270996094
301964249.0023244023 2217129.3022460938
301869862.5526086688 2213401.5063476562
301773379.8857426047 2209827.0405273438
296726530.1878419518 1854421.1893310547
291925395.3368424177 1290765.5823974609
291890942.0412613750 1282781.7789306641
291936080.6631371975 1292291.0452880859
293965613.6562494040 1573513.2603759766
293991371.8262432218 1578227.5281982422
293944982.2105346322 1570926.1361083984
302262355.0252639055 2231386.6054687500
302000098.3998213410 2218617.5234375000
307875095.6970731616 2369354.0107421875
304881953.6427506208 2322724.7519531250
307924192.1683285832 2370292.0478515625
293236698.1458778977 1468873.6755371094
293212333.0175800323 1461178.6291503906
292129364.3299012780 1315823.4338378906
292096805.4365298748 1308506.5756835938
293135392.2406422496 1457642.1440429688
293369684.2666551471 1486219.3305664062
293316512.7963222861 1480493.5258789062
293100978.1501315832 1450951.1079101562
293410049.5934014916 1489937.5021972656
293304679.5331654549 1477692.4172363281
