1004747147.0296751261 6467139.2377929688
1027571511.5537935495 6772811.5122070312
928014976.6226688623 2932867.2463989258
928029991.4608026743 2942077.4320678711
928675763.3052122593 3039618.9800415039
928932897.2069487572 3057979.8515014648
928748766.7402153015 3044972.2714233398
935118720.7047723532 3563588.5220336914
935189970.6841856241 3564665.6865234375
958075413.8533222675 4943106.8577880859
958254728.8576388359 4954957.5474853516
957903823.1395072937 4942252.6475830078
985621484.6680663824 5988091.9858398438
985578386.3172404766 5986850.9829101562
985677009.2470518351 5990852.9658203125
1005288280.0009580851 6475538.0468750000
1026091099.5587720871 6758730.5356445312
1026979802.9956945181 6766074.8715820312
1027802211.3937777281 6773696.8295898438
1027197564.3791638613 6768754.4233398438
1037575773.5852453709 6851502.3955078125
1036906709.6777334213 6848640.7939453125
1036855314.6559488773 6848455.5009765625
1060163730.8222291470 6971265.5673828125
958536712.1598091125 4968212.9080810547
958480191.5973172188 4966943.1949462891
958833211.4227410555 4972451.6517333984
958712784.5469627380 4970667.0577392578
1004836781.2508653402 6473807.9052734375
1005669163.0747574568 6485218.5312500000
1005605109.6507483721 6482729.2792968750
1005421377.3328354359 6480053.0644531250
1037324364.5939137936 6849975.1250000000
957652450.7225705385 4930883.1248779297
958299336.8007988930 4960294.7408447266
982735865.8049834967 5897870.9921875000
983276684.3381041288 5918195.3354492188
983810930.0096515417 5927737.8881835938
983648257.0377970934 5926875.9501953125
985354942.8930494785 5983962.8037109375
1006120937.3800855875 6491359.5693359375
1006239254.5029060841 6491557.3076171875
1037151903.4345775843 6848887.1416015625
1067314831.2107070684 7002243.5268554688
927976862.7804756165 2928706.5076293945
935111005.9813388586 3558061.8829345703
957806164.7043522596 4933081.3350830078
1036276713.4165884256 6843717.5166015625
1066359569.6066308022 6999385.1821289062
985004607.9333424568 5971611.4370117188
1065896597.8565618992 6997466.5571289062
928597193.7671196461 3021547.5927734375
941882590.1733865738 3981081.5361328125
942027684.4388283491 3988883.4682617188
958127502.3747568130 4950437.4503173828
985050220.6655404568 5975430.8774414062
1005589895.8213602304 6482160.7216796875
1006309772.8990349770 6492924.7656250000
927898742.5760210752 2913674.8572387695
928116579.3883455992 2956818.0730590820
935111522.5252634287 3563248.2857666016
942220284.2640556097 4003471.5681152344
985026178.3548580408 5971715.7177734375
984975700.3261133432 5969549.3872070312
1060457947.6976644993 6974372.4355468750
957867084.9345157146 4940167.8385009766
1005837688.3191899061 6487128.6132812500
1027099906.3299344778 6768447.9487304688
1065578229.2526193857 6994252.5874023438
957316033.1777358055 4907754.9254150391
934067550.9876021147 3489622.7976074219
934452289.5842804909 3514972.9034423828
934583745.2589989901 3530659.4476318359
985176298.1181360483 5976983.5000000000
1027289726.9419471025 6770978.6303710938
934298632.8031383753 3504031.9184570312
984666022.8659969568 5951783.1645507812
984147197.3023020029 5941448.6362304688
986130147.2291063070 6001130.4233398438
1026986339.0302554369 6766810.9282226562
1061404630.0944559574 6976707.4360351562
1006807248.1382815838 6504939.3818359375
1006649356.6292011738 6501542.7548828125
1006568598.6048109531 6501048.3613281250
984616930.0741807222 5950140.1401367188
986076647.4816204309 5997356.4853515625
985856011.3821338415 5992103.5717773438
1061194170.0269762278 6975727.8950195312
985656008.8819009066 5989323.4848632812
984243312.6949635744 5948548.5512695312
985306123.9659203291 5979999.0996093750
1061009160.8972485065 6975634.7729492188
1006376334.4894449711 6497170.2939453125
1011059388.1832990646 6565392.0693359375
1005977562.5815073252 6487919.5395507812
933660168.2863653898 3453420.4175415039
933508413.9020434618 3435302.7734985352
933170509.9758343697 3406595.8621215820
933417169.4181627035 3419171.5010375977
933506724.4984772205 3434996.7669067383
933553313.6468652487 3438385.1326293945
1010163539.3277031183 6556421.8105468750
941583830.4935315847 3962279.0651855469
933282173.6808892488 3416600.0127563477
1007801025.7732375860 6519143.8408203125
1030272833.4220403433 6793502.4160156250
956081456.3640038967 4821346.0965576172
959320644.7110887766 4991295.3581542969
959153484.7452059984 4985178.8623046875
959038407.7757488489 4981833.0605468750
1008332003.8732315302 6526779.9404296875
1007351382.4118324518 6511293.6191406250
959037331.1708405018 4979384.1745605469
933134491.9937914610 3399683.2192382812
941799392.3042572737 3973578.2246093750
941649090.6999922991 3964440.1433105469
941839412.6532081366 3976327.4732666016
1030146123.1171792746 6793063.7490234375
1029668414.1393533945 6784848.1816406250
1062818500.6590633392 6978359.0971679688
1064007406.0250912905 6982046.8344726562
1034336012.9280530214 6825902.6708984375
1034275843.7202975750 6825749.6845703125
1034041048.3134590387 6821912.4687500000
1062982831.6838245392 6980542.4028320312
1033964927.5926214457 6821002.1259765625
1055632825.7389903069 6945610.2924804688
1024961150.9587324858 6738865.0039062500
1025417315.7280172110 6744909.0009765625
1033574948.6228318214 6815135.4414062500
1064215062.5669827461 6982855.2260742188
930310137.8916484118 3065003.5716552734
1033844224.9510507584 6820473.4482421875
1033760263.2556908131 6819529.0029296875
941165751.3475486040 3928151.5679931641
930723596.1604845524 3092881.1854248047
930507028.6459522247 3081557.8696289062
930356381.3126621246 3067969.2752685547
955704758.4779102802 4792839.0147705078
1029807860.8178632259 6788093.9179687500
940938983.8654586077 3914186.4598388672
981703790.5069366693 5830156.4394531250
955578765.0186640024 4784583.0667724609
981759575.0916785002 5835259.8017578125
1029418857.5125871897 6784832.7373046875
1029251694.2683089972 6783377.6347656250
955548665.5243482590 4783000.4285888672
955410196.6533610821 4770518.8654785156
982704882.3878760338 5867446.1777343750
955498156.3881218433 4776252.9377441406
1056821022.9900004864 6948637.4194335938
931487124.6576967239 3112765.9391479492
932978566.0770864487 3336187.8029174805
955303063.8618385792 4754564.7274169922
955133896.3465205431 4742708.1634521484
982606723.8630445004 5861469.5639648438
981725999.2317095995 5832844.8535156250
932733136.6512000561 3311778.1314697266
1056520486.2878980637 6948248.3999023438
1057381229.8899549246 6949907.8725585938
931572559.5531384945 3130271.2624511719
981265040.3369455338 5813188.8476562500
940837690.7401713133 3900882.5085449219
940727715.4205074310 3894932.3681640625
980869312.9359291792 5798283.2890625000
940503289.2424281836 3883778.6245117188
981142810.3376171589 5810508.3833007812
932009389.5865901709 3192031.8721923828
940416397.0668033361 3878180.1468505859
932048606.6171880960 3193415.3413085938
1013833004.5809837580 6568884.6337890625
931883492.6461027861 3177506.3697509766
932218948.2963932753 3207833.0508422852
932262116.5188468695 3217132.0186157227
932317136.7235361338 3222442.1177368164
932566910.8776838779 3245682.0342407227
940085801.0569515228 3839170.6281738281
1056929295.3450073004 6949013.6440429688
932602728.8807657957 3251395.5442504883
1013958566.6327010393 6571214.8574218750
1014011164.1072999239 6572474.4052734375
940098838.4432864189 3839520.0224609375
979051418.7122642994 5710851.7985839844
979089945.2640485764 5711293.7365722656
979090415.1999146938 5712782.4504394531
978437272.4494261742 5691377.8537597656
978555189.5987330675 5695320.7604980469
978957804.5337972641 5704581.9948730469
1058076723.7324488163 6950644.2788085938
978376573.4222440720 5689853.9240722656
1058554676.8213511705 6951099.7846679688
978375264.4467757940 5689402.5729980469
1014294987.2855050564 6575666.0107421875
1059179463.9728733301 6952689.6655273438
1014260298.5239982605 6574784.1967773438
939556033.1046142578 3798137.5932617188
1051140746.9746866226 6903569.6674804688
939406947.0608878136 3767645.7885742188
939480756.7033803463 3778386.4661865234
939059146.0034034252 3741859.2949218750
1050583345.2715947628 6901718.3168945312
939429347.5372531414 3767955.5593261719
939382605.1572499275 3757752.0019531250
954738428.0504896641 4669416.9855957031
954509693.5478489399 4654562.6140136719
954652643.3298587799 4663839.9274902344
954497148.7314459085 4653005.0881347656
1051176591.4117307663 6903570.6870117188
938318765.3624702692 3658753.5520019531
938120280.4570791721 3645524.7913818359
1052429824.1602492332 6906732.0727539062
938856852.5470012426 3705008.7432861328
1051669279.1852669716 6904970.4370117188
1051740791.5879137516 6905118.1342773438
938207966.6435984373 3651598.6668701172
938080877.3841811419 3645480.9056396484
1051259216.1883009672 6903796.5112304688
1051357880.7480299473 6904756.9165039062
953087066.3877198696 4571592.4213867188
976477069.7926516533 5569058.6489257812
976183541.7275767326 5559655.2749023438
976183375.8972598314 5557570.2729492188
938614963.3750925064 3680248.8833007812
938481765.8356623650 3672486.0823974609
975987848.2926692963 5539201.2744140625
952005986.5607783794 4493299.2436523438
951990669.0719053745 4492794.5332031250
951928186.3635715246 4483269.9316406250
951781845.5628387928 4477415.1854248047
951682659.7527749538 4469137.6837158203
951868880.3103830814 4480611.3616943359
951854646.0101624727 4479777.7210693359
937939365.2054839134 3618225.9950561523
967795683.0843261480 5205138.6975097656
967729831.3525798321 5203716.5307617188
951193801.1229473352 4411123.3502197266
950666728.2400887012 4379544.4195556641
975804154.3598465919 5518028.7724609375
975886676.8430122137 5525183.2343750000
975627677.9929473400 5511802.5578613281
950453732.4636036158 4367752.5623779297
950513441.6989835501 4367807.6837158203
950368769.6792052984 4362340.8607177734
1019339280.8537724018 6610667.9306640625
1018915339.0038249493 6602612.8310546875
974644925.9753725529 5477482.6208496094
1020012897.6462466717 6619746.5322265625
1020390304.3104813099 6624955.8149414062
1020564366.4350888729 6629595.0874023438
1004165365.4383970499 6236250.3906250000
1022057096.3678687811 6648629.1284179688
1023158937.0010459423 6659621.4750976562
1023430532.2050561905 6660986.6079101562
1023587090.1255567074 6663871.6333007812
1023854229.7227855921 6667753.3159179688
949568670.0381836891 4309217.6483154297
949608921.6280719042 4309380.8817138672
972869051.2247320414 5394440.5710449219
972958468.0797038078 5394668.5114746094
973079586.4361226559 5396785.8312988281
973277713.0997216702 5406737.8823242188
1003895617.5324263573 6228985.9248046875
973139861.3741774559 5400236.6345214844
972865501.6388273239 5391979.5900878906
973124615.5218410492 5396881.7231445312
1004111989.7435839176 6235393.8413085938
970439444.4908334017 5294798.5739746094
970555201.5518491268 5298158.0476074219
969543877.6947557926 5259200.3479003906
969427603.7770807743 5251626.6118164062
948628144.9158911705 4228239.7667236328
948578905.1336257458 4227862.8746337891
968654963.6735081673 5223187.1408691406
968709239.3453183174 5223932.5095214844
968803123.2708680630 5227300.7336425781
968516117.6304116249 5219020.4592285156
966602237.2841768265 5115740.6418457031
966525354.4482955933 5110893.8039550781
966377687.6023397446 5106270.5529785156
965695875.3246257305 5077465.6694335938
965700844.9727479219 5078062.2783203125
965257253.1405241489 5055829.1169433594
948288692.6318687201 4180937.9660644531
948266801.2509766817 4180557.0263671875
948217184.0774660110 4177125.1875000000
947048396.8767510653 4006007.1614990234
948139811.9474865198 4170211.9101562500
947260032.4283680916 4033557.7337646484
947598099.7798734903 4062383.0996093750
947598683.4058392048 4064270.8643798828
947427247.2331991196 4043112.1119384766
947469466.9154833555 4050174.3162841797
947943567.7718044519 4083027.4689941406
948107257.4113041162 4118653.8740234375
947977339.7771692276 4103868.0273437500
1003453811.5257620811 6070895.6264648438
1003837869.9140373468 6078978.2783203125
1002634425.0158277750 6052563.1030273438
1003276793.3805359602 6070401.4609375000
1002891395.8445936441 6061060.7231445312
