1029904230.6680809259 6823665.1333007812
1060454169.9713059664 7007942.9609375000
1060249857.0370191336 7007580.2832031250
960637826.6838629246 5125473.5031738281
960746404.7744463682 5134678.4331054688
960370823.8409323692 5120337.3605957031
1032548439.4795349836 6852126.3286132812
924562781.2001777887 2685652.7153320312
924492189.9501949549 2680969.3557739258
924709965.2323081493 2686620.1939086914
960239718.2612017393 5109764.5129394531
1017553547.1017413139 6693820.7265625000
1018495794.7689411640 6699027.8623046875
1060168444.7277597189 7005202.8222656250
924724984.2774591446 2698678.2031250000
925427383.7522242069 2846617.7294006348
925920012.2260147333 2905968.2789611816
940558141.3380258083 4000395.1143798828
957616438.8997738361 4979675.7756347656
957324800.5631839037 4963211.7136230469
960255234.3213660717 5113492.3518066406
982052747.3542032242 5933677.9770507812
1000086588.3841719627 6413931.0883789062
999975660.6785521507 6412691.1020507812
999859549.2525687218 6408782.2988281250
999861440.4840879440 6409928.4965820312
1004434809.8043638468 6497626.0014648438
1031827738.5559967756 6844003.4672851562
1032334666.8585726023 6849134.1186523438
1032283324.1168321371 6848580.6967773438
1032387080.3274098635 6850915.0893554688
1032035907.3359123468 6848535.5375976562
1031931424.5552867651 6845677.3364257812
1058185581.6980437040 6996734.9169921875
1060518997.2485452890 7008704.8105468750
1067274911.5134196281 7022041.5175781250
1005036579.9272447824 6498035.1762695312
1004230034.2889941931 6491633.3530273438
1004021359.5044885874 6491584.7299804688
1016760343.4984791279 6683650.7084960938
1017162724.6337649822 6689467.0517578125
1016928342.8643035889 6686548.9926757812
940160482.5362236500 3984739.9373779297
957469515.4349088669 4971516.8371582031
981391041.6604448557 5913351.9306640625
981434860.4734160900 5916051.7080078125
925434125.6938970089 2860275.6413269043
930772438.0441045761 3334918.0866699219
930825658.7965688705 3344199.5596313477
1003784995.4503282309 6482144.5659179688
1061153113.6549254656 7009270.1601562500
925653514.3267368078 2879394.6676940918
957517858.9654376507 4972512.4465332031
926137355.3913516998 2918764.7906799316
981455595.3542877436 5917044.4277343750
940722989.4535125494 4004961.3341064453
926505636.0207376480 2921875.9846496582
931345527.1974751949 3373148.2202758789
931407349.2793786526 3381414.7014160156
981978218.1422799826 5930595.8632812500
981800998.6417822838 5924974.8461914062
1003684348.2158817053 6481525.6674804688
981591560.5631477833 5919925.0483398438
981708542.1404201984 5922815.4624023438
961825563.2179746628 5146123.4193115234
1003802512.7854868174 6487197.4702148438
931200564.0749685764 3368105.6879272461
999125625.8064563274 6391679.8022460938
931233564.4364914894 3370865.5266113281
957520620.9705734253 4977358.6945800781
1031110855.5965409279 6839572.7290039062
1031435035.0967924595 6843079.4135742188
1031962785.0939199924 6846414.8061523438
1031502787.1675562859 6843216.5092773438
1031383311.2143845558 6841670.8686523438
999089280.5379128456 6389707.7993164062
1058713406.0159190893 6999324.2626953125
1059122257.4044363499 6999862.7363281250
924924290.9173387289 2702187.3812866211
930610233.7897202969 3310209.8321533203
962202753.4571503401 5186793.5784912109
962109828.3824481964 5185856.4119873047
962033028.9550336599 5173527.5667724609
939903007.1770042181 3965151.1783447266
939664899.4014348984 3942719.2742919922
987781480.1033582687 6071549.3930664062
960985734.9570904970 5138638.1932373047
1030987366.3796271086 6838364.0786132812
987182198.5048843622 6065493.2358398438
1063701636.8216445446 7015207.2548828125
987000445.9004892111 6062105.7753906250
987016690.2123794556 6063276.2363281250
987261516.2897318602 6069721.5878906250
939446639.9556531906 3927665.4249877930
960967106.4153096676 5137925.7586669922
1003195011.6080081463 6471304.3793945312
939300772.8055336475 3918498.6311645508
939217059.8912837505 3913991.4436645508
1002952086.6963410378 6466065.2221679688
1063396664.9861394167 7014152.8857421875
1063303253.5040760040 7013561.1210937500
1063161549.9483456612 7013488.5429687500
1062743059.1813125610 7012107.5380859375
1002077934.5980172157 6448190.2524414062
1002239678.6823618412 6453408.9023437500
1002147790.0363895893 6449691.8315429688
1001874825.2839293480 6439802.8593750000
1062947857.9811674356 7012424.3496093750
1063036664.0538388491 7012886.3466796875
925138210.5989402533 2708099.4601745605
925104631.9767152071 2703738.9438171387
925206691.7929633856 2710097.8007507324
959758608.0918581486 5069982.8020019531
959831147.5995928049 5076313.7614746094
930306402.9025318623 3278976.6006469727
959624458.8077301979 5065986.2714843750
959500661.2427808046 5061491.4926757812
930195097.9911878109 3268977.9164428711
959269712.4108937979 5045341.6855468750
959276220.0472570658 5051122.7377929688
1055063798.1460494995 6968917.1254882812
959141731.9830808640 5043870.8354492188
930085289.2464438677 3254024.9437255859
929989758.2150543928 3251331.6699218750
956752112.2880088091 4907895.0144042969
929936312.7115775347 3245095.5208740234
956433971.6495596170 4895018.4045410156
1001540530.6778764725 6435731.5581054688
1001692632.8077659607 6438602.9575195312
938395854.2432235479 3838879.5632934570
938174432.9362821579 3826692.1011352539
938089832.7288081646 3820830.8701782227
938375435.8456523418 3834425.4014282227
938083671.3109622002 3820611.8052368164
959495060.2348227501 5055099.5732421875
929229948.8933818340 3176597.0217285156
929340310.7550776005 3184830.2070312500
938067721.1972277164 3804538.2787475586
1056101602.1434295177 6972272.2758789062
937679496.9786567688 3783913.0504760742
1055953552.2611231804 6972192.4213867188
929402702.1123387814 3192419.9198608398
937875991.3609519005 3803747.9437866211
1029179228.1716164351 6812476.8862304688
929599928.1876353025 3210496.1456298828
929453609.7565126419 3197422.4431152344
1029191149.9617546797 6813695.2436523438
929306227.1938869953 3184779.6105957031
1056604702.5914376974 6972973.6401367188
929162243.4853274822 3165478.7552490234
937185443.7756793499 3750156.1198120117
957252804.4173623323 4923732.2949218750
928405406.2128446102 3089909.4536743164
928605814.5715759993 3103027.4515991211
937467481.4791285992 3769503.9253540039
937401194.7905921936 3761502.9845581055
1013844830.4148471355 6629830.1376953125
1014122391.8203061819 6634145.9462890625
1013883995.3129602671 6629938.1484375000
1013689632.0340998173 6624534.4892578125
1057321249.2022047043 6974907.3530273438
1057380129.4507846832 6975334.4887695312
937022830.7478339672 3739444.3240356445
936875776.9885933399 3730307.4335327148
1013404772.5851409435 6618883.8681640625
1037720195.3989235163 6858464.0644531250
1013516516.5729856491 6621857.3857421875
1013731535.4740777016 6626362.8183593750
1013314245.8720197678 6617346.2519531250
1037871961.7753623724 6858888.6230468750
1037397701.3356041908 6856454.2993164062
928695308.9942374229 3114403.0802612305
928506646.8751366138 3098679.1620483398
928345674.1199485064 3075059.5071411133
936754648.1113644838 3716399.9479370117
1037966480.7117702961 6860235.6669921875
1026992814.2279009819 6784503.2163085938
1027210476.4189863205 6786477.2260742188
936639192.1638909578 3709755.9133300781
1026743425.1498754025 6781673.7832031250
1037895566.0642995834 6859500.3056640625
1026309375.1309729815 6773480.0517578125
928174963.8596398830 3052469.2641601562
928125498.3569033146 3043192.6152343750
1011993663.5863586664 6594446.7412109375
1011805448.7297655344 6592041.0019531250
1011389756.1970077753 6583275.2709960938
1038202308.5015540123 6861368.9726562500
1011270192.2504975796 6578518.1586914062
1011628491.9082090855 6588209.8002929688
927911678.5026366711 3016843.3945922852
1038037307.4822421074 6860306.0429687500
1038168858.3563120365 6860594.7910156250
1010827527.2728477716 6571944.5014648438
1011068929.5825985670 6575133.0556640625
927786370.6388489008 2925544.4230957031
927642850.9441689253 2922288.1552124023
984804905.9321893454 5979274.9863281250
985635149.4222775698 6004455.6884765625
984716799.8335448503 5978755.7861328125
985497452.2845612764 6002192.3457031250
985247676.3413071632 5992618.3935546875
985321385.1623561382 5997041.2050781250
985296345.7843391895 5995422.0483398438
935490895.4702490568 3599797.0977172852
984939506.5048277378 5984497.3969726562
935085282.1262704134 3570399.9365844727
935299375.2789417505 3582486.6431274414
935116689.0231858492 3574423.1299438477
934842050.0631250143 3549458.7767333984
934995623.1237257719 3559541.0468750000
934990199.4685176611 3555258.1717529297
1025819698.4578697681 6746196.6313476562
934583745.2589989901 3530659.4476318359
1006807248.1382815838 6504939.3818359375
1006649356.6292011738 6501542.7548828125
1006568598.6048109531 6501048.3613281250
933660168.2863653898 3453420.4175415039
933508413.9020434618 3435302.7734985352
933170509.9758343697 3406595.8621215820
933417169.4181627035 3419171.5010375977
933506724.4984772205 3434996.7669067383
933553313.6468652487 3438385.1326293945
933282173.6808892488 3416600.0127563477
1007801025.7732375860 6519143.8408203125
956081456.3640038967 4821346.0965576172
1008332003.8732315302 6526779.9404296875
1007351382.4118324518 6511293.6191406250
933134491.9937914610 3399683.2192382812
1024961150.9587324858 6738865.0039062500
1025417315.7280172110 6744909.0009765625
955704758.4779102802 4792839.0147705078
955578765.0186640024 4784583.0667724609
955548665.5243482590 4783000.4285888672
955410196.6533610821 4770518.8654785156
955498156.3881218433 4776252.9377441406
955303063.8618385792 4754564.7274169922
955133896.3465205431 4742708.1634521484
979051418.7122642994 5710851.7985839844
979089945.2640485764 5711293.7365722656
979090415.1999146938 5712782.4504394531
978437272.4494261742 5691377.8537597656
978555189.5987330675 5695320.7604980469
978957804.5337972641 5704581.9948730469
978376573.4222440720 5689853.9240722656
978375264.4467757940 5689402.5729980469
1051140746.9746866226 6903569.6674804688
1050583345.2715947628 6901718.3168945312
954738428.0504896641 4669416.9855957031
954509693.5478489399 4654562.6140136719
954652643.3298587799 4663839.9274902344
954497148.7314459085 4653005.0881347656
1051176591.4117307663 6903570.6870117188
1052429824.1602492332 6906732.0727539062
1051669279.1852669716 6904970.4370117188
1051740791.5879137516 6905118.1342773438
1051259216.1883009672 6903796.5112304688
1051357880.7480299473 6904756.9165039062
953087066.3877198696 4571592.4213867188
976477069.7926516533 5569058.6489257812
976183541.7275767326 5559655.2749023438
976183375.8972598314 5557570.2729492188
975987848.2926692963 5539201.2744140625
951781845.5628387928 4477415.1854248047
951682659.7527749538 4469137.6837158203
951868880.3103830814 4480611.3616943359
951854646.0101624727 4479777.7210693359
951193801.1229473352 4411123.3502197266
950666728.2400887012 4379544.4195556641
975886676.8430122137 5525183.2343750000
975627677.9929473400 5511802.5578613281
950453732.4636036158 4367752.5623779297
950513441.6989835501 4367807.6837158203
950368769.6792052984 4362340.8607177734
974644925.9753725529 5477482.6208496094
949568670.0381836891 4309217.6483154297
949608921.6280719042 4309380.8817138672
972958468.0797038078 5394668.5114746094
973079586.4361226559 5396785.8312988281
973277713.0997216702 5406737.8823242188
973139861.3741774559 5400236.6345214844
972865501.6388273239 5391979.5900878906
973124615.5218410492 5396881.7231445312
970439444.4908334017 5294798.5739746094
970555201.5518491268 5298158.0476074219
969543877.6947557926 5259200.3479003906
948628144.9158911705 4228239.7667236328
948578905.1336257458 4227862.8746337891
948266801.2509766817 4180557.0263671875
948217184.0774660110 4177125.1875000000
947048396.8767510653 4006007.1614990234
948139811.9474865198 4170211.9101562500
947260032.4283680916 4033557.7337646484
947598099.7798734903 4062383.0996093750
947598683.4058392048 4064270.8643798828
947427247.2331991196 4043112.1119384766
947469466.9154833555 4050174.3162841797
947943567.7718044519 4083027.4689941406
948107257.4113041162 4118653.8740234375
947977339.7771692276 4103868.0273437500
