96220614.2784323990 237997.1953531611
96475720.1617764980 246802.3900074810
96735689.5819216967 255048.7163741440
95851962.1821423322 220234.2481718841
96127189.1267402321 233975.5944737303
99985523.2294286340 325095.4787429571
97842427.8080625236 284206.8144512177
96645488.6531953812 251017.2712213323
97630065.8025056422 279760.9509487152
95841828.1827798933 220143.5723057850
95475236.5604333580 202493.6005662023
96408263.4729892910 244213.3939137310
95704778.0565367192 214931.4911992266
97009666.9399307519 260704.3423507065
97085254.2494452000 263815.7100210637
96348846.6605241746 242277.9560517608
97845585.1400356889 284209.5824052163
95514927.3862188160 203369.2502773996
95951039.1752854437 227238.9502945724
95905933.0458026975 224263.7844645246
96535957.4146583527 248335.7049488872
95443842.1158580184 199221.9193567573
98116053.8633660823 289133.8753067814
96303805.5285418034 239789.7644070848
95876865.4267310351 223747.2067290130
97189007.8975103647 267413.9451832622
97054733.9712915868 263293.3384444565
97256915.8506305069 268440.3035721630
95756255.9604734331 216021.2612706288
95961802.7160909176 227269.0832219450
97058483.0960309356 263465.2303547710
96866342.4042475373 259171.0274093002
95886138.3020378351 223748.9110253635
96495360.0129800737 246804.1885971799
96558392.1132045686 248426.4765378833
100340951.4339113832 333618.5078907013
96005218.9406955689 228527.8183889131
96267104.7599228024 239629.5161539423
96733915.5665129572 254802.6924673915
96047335.2887618989 231329.1518614034
96940499.3903608322 259447.3750791550
99831126.1161975116 322838.4652651995
99697779.4569970518 320913.4670962542
95915205.9211094379 224265.4887608751
96374956.2538331300 242435.8536552712
96293438.5526449382 239789.6701137363
95781362.5588006377 218994.3282242599
96098254.4439248145 233092.8551432001
96608289.2663992941 250924.7010426372
95741176.2662713230 216019.1623942121
98856829.3164342046 308807.0880563259
95820750.1479978561 220141.4734293683
101773440.7777662873 338804.8534517288
97777649.3666737378 283883.2619838715
100313036.8692861497 333597.6834685392
97050770.2961960435 263264.2926187515
97698630.6963574737 280285.5033988953
96761756.6854054183 255048.8106674924
96859293.4111197889 256554.7840795442
100107793.3398827761 325869.3818725348
100289301.8878884912 333388.8834403753
99583226.7324169427 317525.8725551367
98496997.1179696172 300260.4783166647
97327629.9342744648 271297.6465010047
98355366.1814086437 294285.0599890947
95565859.9553456753 206686.8691289141
98823748.7515172064 306607.2880586386
98439565.4584093243 300208.0102266073
100111540.9307320416 329141.2057250738
98623014.8192730397 304330.3212617636
96160923.7411161661 235517.3683753340
97229438.6594657898 267938.0210562199
96780727.2014065236 255057.2541403621
96685281.9413610697 252459.8145737424
100208637.8130329400 332630.7009643316
98820048.2267863154 305714.0894454718
99528969.0266203284 314246.9693835974
99206105.0968924165 311582.3445667028
98382136.7994378954 295806.6811149120
97128968.8206330687 264529.8473028573
96926343.2704586089 259359.1732842922
95725048.4552598000 215589.4090461317
97367986.7056803405 272060.3320913762
96151207.2718237638 234000.6998640834
96014491.8160023689 228529.5226852635
96918831.5750379115 259342.9193196148
95435243.7203171402 199099.4457372068
95585705.0695874244 207344.7869758192
95819265.6209322959 219904.2894170000
96182900.4023215175 235519.0726716844
95696173.8406122178 211908.4505688488
97259950.6693353653 268652.1583380136
98270774.9037775993 293460.6970552206
95940692.5705562085 227205.1345244232
97188422.3157362491 265349.0249624699
96614547.3675370514 250926.4996323362
96469079.5424410701 246287.5165812238
96212500.6389376074 237451.6985416154
96817550.6285565048 255307.9846663475
97613555.5157251507 276798.8075216389
96152430.2683352679 235507.2051187861
96003304.9039064944 227937.1295447676
97426770.4882085621 273437.5577511191
95949965.4458630383 227206.8388207736
96449635.6849857867 244215.0982100815
97459003.0432930589 275665.9814429134
98296739.4649572819 293641.5149606466
98252643.0219902694 292751.7450476885
96785174.2765547335 255230.7872182541
96686984.5915634930 252526.7886531353
100181344.6113463342 332003.1302856207
95805136.3229997158 219844.8154068771
97627891.0698844939 279529.9361837483
96253345.6969404817 238311.7440304160
95957779.2510322183 227238.9523000459
96958618.1312201917 259470.0063012906
97722778.3309344649 281063.2511251546
95428092.2677652538 198438.1071611247
96071353.4338454455 231834.5005643903
97222021.8266420066 267651.9808830000
96076954.6771419346 232049.2773233759
96821328.3625953496 255464.7972336388
95473194.5060617328 202379.1235712408
96339436.6116637439 242218.5122476923
96680396.7118298262 252173.6801071740
95903407.2308163643 223749.3076109032
96474503.7571865022 246556.3661007285
96360540.0498169661 242378.6662074863
96535121.7599169016 246886.0092818588
97247407.2315624654 268028.7926452160
95982981.1125429273 227871.2240659932
96284165.6773381233 239787.9658173858
96085448.1499228179 232059.4405799238
98855481.1324723363 307888.6505769491
101621901.0810452104 338277.9140548706
101376674.1205303073 336351.2470831871
98855144.1183450818 307881.2363876104
95725562.4412731826 215722.5043717208
97802047.8905615211 283910.9458627701
96117780.5833808482 233973.8901773798
96592847.8854716569 248517.7757929973
96370913.7330953032 242434.0550655723
96186244.1997684836 235722.7479366660
97298897.7510326356 268658.8361086696
101998392.0178924203 341038.6925491095
96038062.4134550542 231327.4475650529
95973708.2372360826 227869.5197696427
96234830.9832719415 238097.9055088866
97020398.6875750124 260980.1401485801
96342981.1643647254 242220.2165440428
96239391.1402734965 238097.9998022350
97076880.0427239835 263589.5493824482
95545552.5901166499 204055.4883638616
96023807.0187818408 229208.7807676534
95558345.5265607536 204518.9987398381
97777524.7850100100 283734.5603610813
102763237.1550954580 351192.5746154785
102794433.4053185135 352359.0670471191
96094370.7861724198 232207.7269868194
96137420.4345844984 233975.6887670788
95682656.8257576227 211898.9502354725
95448343.3424707651 199245.2349458928
99952854.8133627176 325081.5538725071
97186557.7804397047 265348.4750904888
95620215.2153330594 208376.2774430099
96065758.7804109454 231386.5983799803
96105519.1022422910 233329.3875064591
95947432.6463030130 227205.1365298966
103216743.4671778381 358826.0876159668
102112256.8214884698 344811.9508972168
96014534.1434750259 229207.0764713029
96050679.0862088650 231384.8940836298
96674202.0663661808 251114.5512139797
98062416.8073751330 288629.4340125322
96318354.8756897748 239845.0589718223
98045157.6569133103 288587.2015926242
96816155.5514125526 255236.8622491360
96966733.9143961370 260677.0008213520
98874094.7244462520 308917.9889370501
95771801.4400221109 216309.8721806719
95521023.7704931796 203480.6484846338
96114436.7859338522 233331.0918028096
96327889.8779757768 240091.0828785747
95856723.3367591947 220896.8274832484
95496917.4108017087 203222.4759406629
95630932.8800188601 210809.1801640703
97665841.9608095586 279815.9763569683
95654508.8414009213 211659.6673466875
95986324.9099898487 227926.9662882197
95858887.9052965641 223082.8234892669
99167683.7219828814 309619.6539014578
99091745.2571216524 309491.7362531424
95667331.0897534788 211896.8513590558
98804964.7619650215 305369.4252179861
95789882.8406549096 219053.8022343828
95734082.7231274545 215781.9783818438
103011479.7221888602 355849.0956115723
102877208.5488918275 354828.7363586426
95924245.2876706123 224865.5215836349
95397840.3098593652 194291.1904786169
95939324.9818726927 224867.2258799854
95860936.4405271709 223116.6392594161
99453410.3600540608 312235.2778517902
98435837.4775427878 296482.9757222347
95525546.5201905370 203482.7030846342
97853838.0730818659 284219.1466459045
95723131.2072809637 215168.6796561000
102610455.1937992722 348534.7841491699
106705319.5975774825 372107.9190673828
95876016.1347292960 223118.3435557666
95602258.1650802940 207774.5403238996
95833297.0426399857 220141.5143778413
95835829.8421999812 220143.1777257188
96841170.9518674910 256295.9911423302
104658642.8807499409 369896.3228759766
104549681.0595714450 369269.6263427734
95802705.0890074968 219290.9906912562
106664859.5048620850 371676.9913330078
106884921.8843972534 373691.8000488281
98040169.1076881588 288186.5688094310
107002229.8879343122 374882.6425781250
95476254.0269186348 202560.4181962810
97832545.8125751615 284169.8718054295
103396505.0027019829 359126.3844909668
97800669.7022192180 283903.1893238872
95637079.1318476349 211031.6109785303
98188916.9872008711 292518.1336962581
95680124.0261976570 211896.8923075288
96025821.1876485348 229696.8310606221
95595336.1267544329 207602.9595197900
106996894.7197443992 373816.1799316406
95644001.1701734811 211046.3686209437
96211556.8541161269 236331.7423183261
104630880.4702177048 369764.1632080078
96332956.1601691991 240454.0533534824
95508874.5255214572 203367.5459810491
95424985.0784209669 198400.0473600230
95542445.4007723331 204001.9777804608
95470530.8706013709 199292.7342412188
95414459.3355806619 198371.2895310461
95552474.6284425110 204440.7719609453
96001404.6041919589 227928.6705845702
97822114.4245575964 283962.3883557171
95696799.0270287991 212157.1392702046
103474770.7941236943 360554.3317565918
95515796.5638473183 203415.0452763750
95444711.2934865505 199222.7151704631
95623322.4046773463 208503.6089859786
97324539.6212923080 269187.0760552990
95589189.8749257028 207537.3563115313
97634909.9879841208 279788.2924780697
95558937.9170198143 206679.1091281171
95572006.2071744055 206909.2999433740
95549367.4390982091 204313.4404179766
95700626.6112939417 213159.6105839922
104013766.1790681332 363597.2456054688
106837265.1159581244 373017.5649414062
106674218.7716219425 371869.7558593750
97542268.8732547164 276789.5145021784
106765432.7027094960 372472.0688476562
97315343.6254368722 269151.8291530351
97881380.4376881123 285436.5042652935
97534201.7108034939 276737.7296596873
97907105.7489173710 285443.9184546322
97727563.7018936276 281321.6074194759
106770904.2489182651 372980.6635742188
97410827.2952589691 272615.4186245310
97614084.2534643114 276896.1793231308
97183902.0474411249 264977.7332753877
97617877.5747175813 276953.2724775672
97941761.0687891543 285703.1867468357
103726400.1651943475 362694.0014801025
98179946.8455174565 289635.0021588802
104135399.3495836556 368072.1325073242
97934833.0209636688 285534.6900436282
97921522.4777206779 285495.7032971233
106854611.6312146187 373575.0126953125
102367546.5501610190 346800.5446395874
104739986.8202207685 371116.9118652344
106555097.1834007204 371481.9570312500
