389118999.7435811758 468.8149400185
386655857.0313968658 444.8187961196
385979318.7439558506 438.8896036701
379846215.0151327848 346.8696888101
392952541.5070371628 505.5767964832
381702865.0412247181 384.5566672022
378940561.9161399603 328.5897642309
378833725.2111617327 328.3216460580
389541013.9117729068 474.0994937619
385719373.5521466732 436.8807735652
385760697.2003419399 437.1162397176
379287761.5214409828 340.3122684905
387740363.1323002577 458.9466411899
390322826.6824016571 482.5596339688
396946399.7537922859 534.9419803619
380455358.0806400180 363.7701976083
379448031.1520339251 340.9451640492
390268271.0507155061 482.4028338179
385650980.0327848792 436.7524628848
396229849.6939368844 530.1600356102
379565378.3232560754 343.2997794563
381169550.0526278019 375.1585282555
380882698.6695693731 372.3334866932
380733285.7051142454 368.4769994405
399756019.5998044014 546.2040420175
399275976.9255731106 545.6093235612
381476653.4617211819 378.4451810987
381660935.1318684816 382.0591575454
379738396.4449980259 346.2835361076
389352145.7432984114 473.1353675853
394619030.8171082735 519.0557590574
380669796.9948595166 364.1813479534
393522302.5244098902 511.0953146666
380862767.8151153922 369.4875365069
383968390.0046547651 417.2017830599
396584999.4757077694 532.7549111843
384786108.4879974723 426.5889544921
378786115.6401560903 327.9089369293
386290454.3313592076 442.4343501841
379958278.9213069081 350.6419250417
378497017.9318627119 312.3872260729
395742633.0584117174 526.5170769989
386989433.9368771315 449.5178748625
378889724.6731296182 328.5105511519
397199613.6308245659 536.7226464748
379244113.3143259287 334.8150124989
393989910.7853002548 514.6378339678
402214813.0026332140 549.2206371427
380194170.5489796400 355.0005886919
380345635.4873649478 358.4556010283
386043197.2110396028 440.7111813979
393078357.3744350076 507.6247290969
380097452.2643849850 352.9715109402
380367270.8336321115 358.6287446535
381799646.5424684286 386.2170565398
379102725.6133046150 332.8647515766
397361103.6256753206 538.2402106524
390406958.4725798368 483.3192545142
397532431.9054419398 538.7955225706
389635964.1956929564 475.8693562946
381898026.0162816644 387.1883997569
379277081.2391879559 336.3999691448
385300266.7911720276 433.5825412931
382806888.0347846150 399.6172356509
383138626.4904797673 404.2648271726
397171031.6273574829 536.5934977531
388718872.8748314381 467.7352678607
382186876.8492255807 392.0156811835
380252260.4723705053 355.7933624123
380312274.3504499197 356.1182001416
385766622.6140219569 437.9539205645
383186373.9438312650 405.0245069616
387973970.6186277270 461.2388822864
388207884.0456560254 462.1233900412
381958467.6564850211 387.7063131283
378984973.3432078362 328.7008365799
385410433.0814927220 434.9004919143
402413928.0725268126 549.5619404912
385496108.8940208554 435.6145582707
390333524.2117387056 483.1683269641
384358147.7679833770 421.4589838074
393423712.4710354805 510.4528152496
382255721.8939114809 393.2511349348
382972436.8741901517 402.5099592411
390392466.4496067762 483.2985237440
382445142.2233564258 395.4196629275
382777241.6340622306 399.4817385875
388466470.5737363696 464.5781064163
385802191.6079999804 438.8397970413
384160958.3451132178 418.9014637677
385400870.1420456767 434.8962762864
398411000.0876802206 541.3219233453
378653156.3245451450 320.3340236524
383623097.0649521351 411.5898365606
382762829.5995820761 397.3422320389
393292060.6006606221 509.1765938252
388110091.6575438380 462.0343584846
379941438.6328053474 350.4293953804
386120976.7543354034 441.0071029280
385183128.7799144387 431.9378444766
386580705.7520495057 444.4190452610
394541485.0098356009 518.9188113064
386266117.9580113888 442.3279942447
383226104.7845869660 405.4416466355
402606940.0398566127 549.9019091725
394037427.5665925741 514.7783849388
383333097.7918364406 407.4669464830
383832235.4295560122 412.9945031140
378549604.8874795437 317.6283897439
385569412.5960797668 436.5388567658
392071846.8952615857 499.8894889466
378720693.3501522541 320.6472372988
383418612.3157619238 408.4121387307
391793848.2074337006 497.8210812323
388035110.1840156317 461.7312085758
382954449.2487324476 400.4585817784
381348942.7464159131 375.9643921204
382321500.6929625869 393.4299263800
381992882.4553650022 388.3763368165
383913269.6894372702 416.2349012125
388909198.1824806929 468.8019283543
378569445.2181061506 320.2680467769
401719810.2048246264 548.5244556069
391400503.7903975248 494.2749430127
381350839.0131291747 376.0773961343
388448350.3821849227 464.4163889418
388796964.7460968494 468.4763220976
392067095.4905166626 499.6088056676
388669693.0769100189 467.0604142080
381851712.0475524068 387.0705307818
387735109.1727449894 458.2832419629
398850375.4593251944 545.0623155236
398718322.5409319401 543.8500171304
381288345.3999347091 375.8520037480
398743724.0690127015 544.3450489640
388611449.6502214670 466.7391089927
379902356.8744953871 348.6145001028
391225051.6914866567 492.3872843869
391995943.3497154713 499.1994064264
379894437.2473823428 347.9429407475
384259254.5124303102 420.0536372516
387889612.6512394547 460.3446401040
387865578.0664445758 460.1313450317
381554045.7136095166 379.7595614292
391168094.0848488808 491.8276721500
391152558.4252341986 491.7270533442
386427813.1402870417 443.6069823046
386931510.3262178898 448.8533233326
387042488.4174597263 450.4265283273
391159595.1596686244 491.7315618880
385074581.5443443656 429.8554322490
385397014.6456094980 434.1259228503
384910145.4024251103 428.6970729070
389901906.4656123519 477.3116559139
381666138.2993416786 383.4226928188
383867532.6525934935 413.7561931324
383686890.3805733919 412.8682838712
386472404.3619927168 444.2282710810
387695798.9280473590 457.4219158070
379767700.3926973939 346.8000329479
386199055.1904817820 441.1044053500
387235771.5149465203 452.5459764527
387495107.8332259059 456.1236938910
387365860.3613794446 453.7253107057
384454280.8611400127 422.3926572887
385261982.5702072382 432.8894684376
396778378.8930144906 534.3078582287
399846957.5125935674 546.7842763066
381699384.6062871218 384.3724808341
387033437.4956589937 449.8772324847
396948072.9324184656 534.9770427942
387221181.4339290261 452.4138193653
387112976.7059876323 451.7243318424
385139311.0372130275 431.2201925130
384055671.5851595402 418.0237272022
381615460.6037076116 381.4979431279
382604802.2621179223 396.6501012943
387432014.3783962727 455.1948517115
379646508.2730031610 343.3231317584
387191248.9834517837 452.2854837106
386925199.3630606532 448.1403184003
378784722.2882796526 323.2902023303
383013646.8263200521 402.6598393445
400888717.0269643068 547.9381316304
393224092.2270966768 508.5806083232
383430251.0557178259 408.7747295412
398449333.0074399710 542.5449220538
382562400.1713309288 395.5885919093
389574518.6936637759 475.2478198059
381496703.6926521659 378.5939346703
400732511.8921500444 547.6787407994
384485336.6058567166 422.7789440242
383900503.6410508752 414.9875974465
384297383.1677707434 420.6434717191
392910404.3560161591 505.3160713837
383868284.5350655913 414.2542042244
392349384.5652940869 501.9740271978
384115115.1675622463 418.2228766029
393344785.7534067631 509.5080412775
392958548.5539597869 506.3028886728
394029457.0071949363 514.7660976797
389440825.0557193756 473.7038978398
400441660.6796022654 547.3768151402
393775713.9130642414 513.1589510590
389804672.1748550534 476.1637528206
394449305.5739681721 518.5324543566
384549300.9408323765 423.8883335987
394126387.2626221180 515.9187991470
392022868.7860295773 499.3428443484
391223583.9438376427 491.8636372797
380173159.2777118683 353.0917766178
391852847.4436640739 498.2425788008
389413799.8995584846 473.2887993738
391087316.0867695808 490.6991448365
396360150.0946167707 531.1081806421
392512247.3497292399 503.2313224226
396178139.5421292782 529.3543327451
399672722.3796076775 546.1986952424
379021473.2975212932 329.7356362233
392751089.3400358558 504.6916879267
392246101.0107067823 501.1067489199
392645489.5626173615 504.0241941661
403510067.7246146798 550.2314572632
403236447.2107907534 549.9398596585
389974398.1215187311 478.5251394570
389437676.3318393826 473.5149929414
386726548.6644832492 446.4095710452
397203809.6409990191 536.9173407555
392997713.0952829123 506.3838307410
403246049.0223081112 550.0585509837
386825657.3397783637 447.6629166763
393060554.8964384794 506.8709090203
401572949.0978142619 548.0202724040
390561154.5864241123 485.4022180364
396826929.1826046705 534.5647675991
396646503.3017514944 533.5882926285
397084093.1137781739 536.1865091324
390145017.7694112062 480.3446551953
396996842.9199228287 535.2621430457
390209678.3776432276 482.2631659601
390031731.9929167628 479.3937190045
390425733.4378933907 484.6555032823
390442472.9546799064 485.4020960126
393826067.0580484867 513.7751657069
391660198.9291393757 496.3159093652
390417431.9435836077 483.9837766085
393708041.8747482300 512.4525119960
403356532.4010426998 550.2140071690
393680295.5184014440 512.2791660130
395481862.9127635956 525.5433131456
403324324.7261507511 550.1894334853
399164238.0714511275 545.3866129518
390000010.5901051760 478.6868593296
389913816.9870532155 477.8547789216
390718671.0577803254 487.0904823039
395885245.0052727461 528.3983065784
394960224.4230300784 522.3862026632
390967949.6839562654 490.0312009547
394925166.9413075447 521.9580897987
395456890.3775899410 525.3595981300
395993713.1712808013 529.2420992553
396115931.6914405823 529.3205487430
391316277.2692543268 492.9930601511
390877521.3023602962 489.0373810325
395823104.7520754337 527.4018279016
395290458.1682294607 524.2526733875
395904552.7754965425 528.7184676826
390642101.4544639587 486.8576075975
393483182.0976633430 510.7019198388
398233928.8462606668 541.1984382868
394060112.9133251905 515.1266497970
398460309.7494071126 542.7408839464
398507957.2624300718 543.4783270359
397582152.8733079433 538.9145110846
394874244.2671383619 521.4634951353
399667057.6019148231 546.1710606217
399209471.3329180479 545.4515287876
394363318.5546888113 517.5433589220
399355030.4671387076 546.1362953186
395099466.8772506118 522.6761962175
394228503.6196240783 517.0971858501
395638279.3753774166 526.4655553102
394914163.9514801502 521.5371197462
394683007.8602972031 520.1978877783
400089451.9467905760 546.7884712815
398478035.8271005750 542.8428017497
394207228.5155358315 516.3938102871
397884592.8280091882 539.5992776155
398883611.5383436084 545.1162007451
397765795.6502920985 539.2163796723
399226323.4929628372 545.4687871337
389193187.5285459757 470.6794043979
389328459.5514031053 471.9619612297
398113217.9360862970 540.7425212860
397959700.7485690117 540.0650334358
397077505.3583656549 535.7722994089
402126648.1139466763 548.6547419131
401594089.7110881805 548.0903179944
400322344.9116469026 546.8343206942
402166584.3730807304 548.7938119471
