361347724.2720068097 967.8621236290
361298847.9595792890 942.6304059454
408163445.0727999806 3122.0437808284
361328047.9336206317 967.0153239536
361389413.4209883809 1007.1162888813
430047223.5971271396 3823.2912933321
430426569.2147274613 3834.7692148180
361328047.9336206317 967.0161547689
361348912.3810573816 987.6872846144
361581444.4586977363 1060.4865275387
361307223.2320758104 948.2352391350
361283017.2857375741 923.1656838948
361328047.9336206317 967.0146506595
361328047.9336206317 967.0148810660
361561768.1203115582 1059.6390545692
450362142.8341755867 4414.3298397064
361307223.2320758104 948.4258608686
361283017.2857376337 923.1657799614
361283017.2857375741 922.9686548678
361414565.6974008679 1011.2052304819
361466351.6599341035 1036.7014015281
361328047.9336206317 967.0148739185
444392180.1741558313 4194.4119119145
361283017.2857375741 922.9671629739
361307223.2320758104 948.2348131280
361328047.9336206317 967.0146628750
429015203.3263333440 3761.5391389540
361283017.2857375741 922.9671507584
361307223.2320758104 948.2348166322
450230124.6832467318 4409.7249126434
361307223.2320758104 948.4266162979
361287653.8441519737 923.8612658916
450706053.3188345432 4414.9824542999
361287653.8441519737 923.6627327552
361287653.8441519737 923.6634060492
361287653.8441519737 923.6629560141
361287653.8441519737 923.6629631616
407691509.8940857053 3083.8835599731
431974722.3197305202 3841.6327766888
411816681.7668613195 3216.1126200908
420441562.9476627111 3488.5965137212
361497005.7602358460 1037.4339975716
402066430.6262789369 2851.4445589126
401927002.5673915744 2839.4099255272
416967623.2941011190 3473.5206735179
434394612.4722450376 3883.2971852659
434937196.6893103719 3903.8373165964
361569086.5537398458 1060.1162410006
361556271.0152698159 1057.2114417057
361324040.5640851259 964.9785732924
361506466.2349087596 1050.5396089355
397136644.5993730426 2663.0553204859
395410777.3496667147 2610.6671657426
394880984.6135678291 2587.3995633659
361662208.7305110693 1073.0444329378
398375830.2097080350 2726.1206743474
435969857.4329938889 3968.0594401407
416042691.9945446849 3372.9667136276
361322490.2374656796 958.0750350908
361322490.2374656796 957.8836783127
361563938.6456335187 1060.0709167913
361438840.4933219552 1029.3373669471
361554066.6543523669 1056.8930027409
405820270.6146718860 3008.0450628028
400066449.5802137256 2747.5685124017
361371907.6079241633 1006.7006781339
416113931.9064528942 3424.9308097288
424125996.1595802307 3652.4413927595
361459264.8407474160 1029.6161545819
404143733.0961084962 2930.2031989515
361981601.2201548815 1102.1157122229
449777524.9913728833 4384.9177365303
405244746.9956077933 2996.3854652476
405351291.0848945975 2997.5528617931
404389038.0558727384 2930.7137690960
380248968.3898200393 1926.7195332427
415090205.3740860224 3335.6190308699
402914595.6764242649 2856.7563515844
375464752.0481753945 1646.4352381062
382926789.5504845977 2026.1222695486
421138266.6588892937 3595.8054623054
421169834.4571620226 3609.8701023506
361488946.5326816440 1037.4118209785
407061037.5453315973 3059.1740380656
431688570.4529586434 3836.6305465820
378069262.9928385019 1795.3727777621
413046304.4087446928 3247.6840724166
361744145.9751722813 1098.2888768148
402943220.5351670384 2871.3394316629
400286883.6708382964 2773.4241729732
362377073.1629782319 1105.5572394514
424885320.0237542987 3705.1892659034
414983457.6385058165 3294.2265162896
406906472.0282644033 3046.3300696018
409386332.5193989873 3151.4037309312
409063438.4034684300 3128.0498041546
403090306.7375268936 2892.8476839858
443646868.5836801529 4125.8281965796
442769731.6447639465 4100.2542896830
383568228.7417357564 2031.3434303936
404971153.8477999568 2951.6350653658
401741285.0384303331 2821.7615275220
436594127.4757821560 4007.2684157901
375312362.8389473557 1621.8658563278
433093847.7846339941 3866.2349712700
361642198.4781792760 1066.4228657233
382944938.1616798043 2027.9739575036
449422982.5492767692 4355.1829943657
413440267.9548892975 3273.0745134895
384289307.6540164351 2042.4304919799
449335029.7493738532 4325.0580806732
449335029.7493739128 4325.2245845795
448809415.3782643080 4315.7334156036
433680407.2684552073 3867.7465431598
410456095.6556506753 3183.8011324610
448415682.8861842155 4312.4771018028
408130839.6259043217 3087.6655365686
409251887.2456446290 3148.1470810949
411006389.8823153377 3201.9745709162
448287377.9856458902 4309.2042508125
447779698.5813040137 4303.8711218834
447556777.8747538924 4303.1432662010
447405189.2281062007 4302.7568793297
447556777.8747538924 4303.2975497246
447229166.4713829160 4302.2113480568
446590044.4185581803 4301.6168093681
446528220.9634680152 4288.2918615341
446161346.4493785501 4284.2354459763
446161346.4493785501 4284.2458257675
445910831.9922554493 4278.6368494034
439251255.3141244650 4040.5565585196
445522880.7262008190 4273.9737081528
445910831.9922554493 4278.6472291946
421052705.3474297523 3494.2493125438
445109185.0458807945 4241.8305690289
439188072.9801809192 4030.3401615303
444909018.4196983576 4223.7825834751
442762841.0377654433 4084.4215016961
442377007.4255264401 4082.6696897149
443560610.9551206231 4100.8347111940
363993753.1549138427 1123.4222828093
364198612.4672466516 1135.0115147778
364665750.8886217475 1156.6959035752
364559136.7603518963 1154.0140576250
364486038.3504433632 1146.8879470971
364578015.2406516671 1154.3127173071
364785313.6039562821 1165.1913812805
364696157.3171867132 1160.2742699611
364934699.4652475119 1166.2874838063
365042637.9051011801 1186.5650021209
365647983.6667721272 1224.1824366950
365311070.8211926222 1203.5660741455
365262599.7293317318 1191.5331269683
365286253.4138525724 1195.0395231028
365486740.7429565191 1214.7328499564
366041898.2368174791 1244.4838036132
366773791.9344377518 1295.0721278944
366613416.4812515378 1289.0916751508
366629259.1304191947 1292.4788607036
366614723.6707789302 1290.4852425341
366515495.7571681738 1284.6334631238
366747257.0197014213 1293.6570988976
366854068.9804288149 1299.8485069388
366892551.7849231362 1301.0142133168
367545617.5326464772 1321.1040338674
368850003.8811186552 1379.3069937339
368743999.8386008739 1372.7486874174
368647422.1782217026 1351.3768072057
368647422.1782215834 1351.3761117984
368647422.1782217026 1351.3769674454
368724416.7377420068 1358.1096591209
368788345.1404241920 1375.3153135899
368860251.3065760732 1382.3819947992
368947662.2046547532 1404.5858772700
368901990.2546260357 1388.3534016324
368942868.0059299469 1404.0053021308
368878530.0260978341 1387.4825154921
379053609.2274745107 1889.7939899450
368918103.8067669272 1390.4119216359
369179810.6974129677 1452.3144203534
369179810.6974129081 1451.7844134679
369287887.2392573357 1472.8244871035
369358109.2700094581 1476.0223605247
369358109.2700093389 1475.5222904045
369358109.2700094581 1475.6756135734
369773219.1941583753 1499.1174091143
369358109.2700093389 1475.5223718943
369358109.2700094581 1475.5278377147
370099591.6207243204 1519.5090968122
369409398.3276103735 1498.0406188616
369740096.4035345912 1498.8573667617
369358109.2700092793 1475.5222818466
370980983.3494334221 1545.3138561311
371335520.8965836763 1551.3083517411
371179130.2408091426 1546.0492885680
370818359.8611962795 1527.9732668259
372578772.7703075409 1553.6389737264
372921662.4109020829 1572.1857063162
372667853.5389853716 1571.8110070079
372945420.7480343580 1579.4979782700
373297657.8104485869 1619.1306754008
373032222.1549075246 1600.7207319561
375165079.9990895987 1621.5045416113
374846144.0096793771 1620.9641078654
375869182.0278265476 1652.6534255927
376227181.4348117113 1711.7967873859
375931967.8657970428 1689.4657616663
375961596.5735305548 1689.5614383454
376064345.8180021644 1699.4071988773
376365823.3914062381 1716.9559561479
377101800.5901671648 1728.8449917645
377385490.0541529059 1744.4424643017
377369249.6919168830 1738.3715422490
377334082.6212887168 1738.3090570309
377314891.4634947777 1737.5232282934
377900993.6315173507 1780.8774090792
377737260.1805366874 1745.9160303943
378872254.9089701176 1807.8973173285
379033919.4490000010 1817.6684863195
381635320.2999247313 1940.6968833958
381614200.9338218570 1939.9121424216
381840067.9367798567 1947.6963990813
382165389.8394951820 1960.4384844011
381850007.3318519592 1959.4212830145
382346941.1975861788 1967.3956520514
382226887.9778136015 1965.9024614713
382374263.5811501741 1968.4760852789
382565856.2812942266 1981.3908105681
382300847.3562510014 1967.3062448927
382698541.9620767236 1989.3789134123
382662559.7419862747 1987.4583043293
384289197.7355436087 2032.3879029296
384525528.8997725844 2053.1281551636
384586647.2877128720 2072.8620116037
384576406.3062130213 2063.1957718722
384870676.4304281473 2087.4567562364
385032100.1436275244 2100.9546769656
385032100.1436275244 2104.9700430431
385032100.1436274052 2100.8959001102
385106670.1379127502 2125.6039827861
385449096.6000850201 2146.3869576253
386065573.2250763178 2190.0075526845
385410031.3595362306 2140.1348705920
385137911.4143691659 2128.3108993204
385402208.9613605738 2134.8134805359
385647055.1438274384 2164.1433804877
385647055.1438275576 2164.1673215278
385673801.8577365875 2171.3438855656
385647055.1438276172 2168.1784780868
386172278.0773699284 2209.3977819097
386172278.0773696303 2206.3807814729
387189577.4165830016 2252.8451213850
387486145.8886889815 2253.6766424928
388178546.6632022262 2302.6385338989
388654787.7949438095 2331.3491079083
388757984.9300341606 2362.3150479912
388088052.9410372972 2297.5383265701
388352932.2538316250 2312.4314904746
387820523.1725591421 2267.0995405948
388562122.2361087203 2326.0605041727
389477786.8387561440 2369.1361442978
387866939.9838348627 2282.2671042749
387920740.2705547810 2285.2501173088
388008570.2128435373 2288.8483283588
387862013.2073225975 2269.6792038561
387730984.7130391598 2265.2285782465
387730984.7130391598 2265.2503878245
389477708.3791978955 2364.3850231270
388478444.2314872146 2322.7629084269
388478444.2314870954 2322.5072436015
389477708.3791977763 2364.3220644096
389918756.4376991987 2403.2309308881
389787624.6026699543 2387.5159380147
389745738.8888832927 2381.9308126801
389574486.9471342564 2378.8921658629
390492037.0188916922 2428.3719052554
390489038.9112198353 2416.4249517203
390282095.6349679828 2403.4494156317
390418031.8823063374 2404.3916420714
390599210.7553653717 2434.7936925666
391197833.5319086313 2438.3738805747
393678697.7827274799 2508.3530354940
393048677.4906625748 2480.5329115095
393868573.7707957029 2524.9814601385
394186946.6997694373 2531.3958228074
393856586.1543918848 2513.1194368147
393678697.7827274203 2508.3200355016
394575623.7292380333 2537.9677901708
393680062.0786148906 2508.4308557950
396599506.5861034393 2619.7413720544
400914815.4411453605 2811.5628533196
396937895.9258723855 2635.5939696208
396728536.0986881852 2626.5906687155
397009240.4894754887 2641.1284302846
396728536.0986881852 2626.5390082970
396728536.0986881852 2626.5610398427
396728536.0986882448 2630.7360548154
396728536.0986881852 2626.6457218304
396728536.0986881852 2626.5569278374
398134331.1211929321 2665.3651148928
