123611100.9916358739 1429169.0551757812
128916835.8938002735 1894510.0917968750
131249732.1310684681 1953378.6416015625
130984341.7407030016 1950418.6533203125
122909043.7187672853 1299952.4384765625
123509400.1492579728 1409730.0395507812
129944473.9610292614 1927079.6181640625
128631896.2962914705 1885103.9804687500
122906296.7196416706 1293483.7651367188
126388353.5258255601 1739660.2128906250
122855913.1346995831 1283378.8920898438
122883242.7665334493 1288646.3608398438
122921939.3958190531 1301442.8691406250
123020769.5290295482 1322085.6333007812
123059130.6364554018 1324267.8974609375
122784979.6506680399 1248061.3129882812
122997633.2726858109 1317402.4287109375
128496111.5257633626 1876907.2177734375
130426081.4057643414 1940187.1826171875
130134277.0219254941 1934484.9423828125
124769958.1255854070 1575846.5112304688
122980315.2992625684 1308317.0820312500
123743302.4759040028 1450147.5488281250
125246151.7560327947 1628115.2788085938
126248512.5123920441 1727370.3076171875
124556548.4377523214 1553078.0659179688
122847433.6444540918 1280246.7207031250
124479863.4708360136 1546735.7377929688
126038816.3628994524 1706343.4843750000
153229714.7009947002 2154419.7187500000
122800782.3614536524 1265149.3989257812
129644658.8621458411 1915516.8769531250
123367284.8712115735 1383608.6992187500
123815743.8673274368 1462724.8515625000
124234293.2591301799 1519384.1137695312
144987671.1673635542 2098113.0273437500
122770550.7722473741 1243838.5620117188
124288025.3063858002 1526088.3833007812
123982178.8695077449 1483243.1538085938
124081915.3305628449 1498079.6699218750
125548231.4410051703 1659267.0527343750
122807426.4865945578 1268250.5361328125
123944539.9320330322 1478754.2119140625
122898275.3579249382 1289163.7436523438
126023860.4128756374 1706197.1132812500
124191603.7156235576 1513331.1625976562
124418823.1424811929 1539794.3647460938
122981166.4481418282 1310750.6293945312
123671143.3359602839 1441125.3632812500
124679631.2098118067 1567470.0439453125
124973098.8306028396 1598489.5668945312
123205652.9135428667 1356200.1250000000
123117770.0787594169 1342061.2285156250
123381395.6846400201 1384556.8876953125
124235275.4922415167 1519657.8012695312
130226415.4599659592 1939356.9697265625
153980120.8642657697 2157920.7382812500
126562462.1261333823 1752623.6787109375
152248284.2846496105 2138481.7773437500
126667450.9345804006 1757563.3193359375
123831774.3260940015 1464555.3081054688
123137999.0245855004 1345248.0185546875
126578658.8663405329 1756483.7500000000
122972585.9886830896 1307887.8842773438
127056064.6856106073 1787830.0390625000
127138122.5855931342 1801419.5322265625
126090147.3779264688 1714849.4990234375
122788778.9429185241 1252014.3422851562
123012189.0695708096 1319371.4023437500
123659700.3482649326 1438395.7368164062
129948768.8850772530 1928181.6210937500
127474934.7592602074 1815604.1650390625
122817832.2240022272 1268610.7011718750
123816977.6230634898 1462991.5185546875
123691630.6386977434 1442202.6196289062
150623427.9825799167 2120179.8750000000
150793016.9064340889 2127709.2812500000
122812856.0436321050 1268536.3574218750
122844513.1519177109 1278061.3950195312
126002035.3223828822 1704647.6230468750
126515393.4475386143 1747404.6298828125
126402630.3675311804 1741302.4140625000
125409915.3915032148 1646398.0839843750
124773210.9936924130 1577756.7753906250
124408709.3391164094 1538291.7915039062
126413619.2851126194 1741448.7851562500
123852091.4607576132 1465874.8203125000
129325312.2384849340 1908457.5595703125
126225462.4535515904 1723418.3974609375
153553143.2464289367 2155298.3496093750
127523483.9469898492 1823882.5009765625
126271934.1027496457 1729886.9140625000
127374123.2172297537 1808712.7304687500
130601143.0450762659 1944159.7597656250
124136022.4234542847 1504156.7675781250
147929370.3581962883 2118200.9609375000
123579479.0707736462 1419425.7646484375
125456798.5190292597 1652839.4443359375
123429570.5234564692 1393877.2797851562
124748594.6382493079 1574461.8681640625
125049251.1631881446 1607796.0209960938
123620891.8792553991 1432689.0551757812
124646412.5463325083 1564680.9213867188
123301095.6918191165 1373345.6645507812
152731583.2129652798 2145940.8671875000
129151258.0513423085 1900456.9609375000
126684683.6876199991 1760715.3691406250
123230054.6571766883 1360778.9331054688
123244177.5719206631 1366411.7353515625
129813241.5537117869 1922729.1269531250
123861901.8457240313 1467526.6279296875
127733383.7797180116 1834293.4365234375
124805299.9629624933 1582898.5053710938
129644230.1957201213 1912117.7656250000
125693697.8907761574 1674416.2626953125
123683136.7918363512 1442135.3935546875
124344418.7000110149 1530594.4926757812
124608278.7732821107 1559779.0600585938
129151516.5465828329 1904996.6503906250
127341267.3735252172 1805617.5292968750
130048594.2290304452 1931027.7578125000
122793104.2841670215 1255493.5083007812
127742997.1805892289 1835077.2333984375
124523768.2957523465 1550918.1816406250
126195276.8501022905 1720915.5488281250
124619238.2343944162 1559831.0014648438
123412316.9895555377 1391627.2661132812
125516141.9485719502 1655732.7480468750
123060521.2523733377 1333343.8696289062
123745827.4597550035 1452273.6123046875
124781720.4348195940 1580944.3510742188
123474602.6418004483 1403487.5664062500
124715606.3482728302 1572324.0297851562
126051470.9238982350 1708200.2265625000
124433982.7008954883 1542469.8872070312
124531756.6713266224 1551191.8691406250
123179804.3024586141 1351004.0483398438
123735066.6400893033 1448973.3759765625
124246286.7150062770 1520394.1440429688
124287043.0732744634 1525814.6958007812
124397168.5141552985 1537597.7592773438
125681804.1112319380 1672013.3007812500
128260549.9090035409 1860061.6601562500
123114450.7903550118 1342018.4101562500
123393331.4865366369 1389560.7167968750
124821511.4634019881 1583860.3310546875
123163485.7631384581 1348509.8989257812
124094841.7538348585 1501106.0610351562
124789056.6001230180 1581281.1772460938
124158166.3256595880 1508141.6528320312
126235682.7641204000 1724129.8359375000
123723893.1501045525 1447067.8632812500
125677938.3396682888 1670489.5009765625
129271389.6179406345 1906274.9287109375
127067253.0801238418 1794148.4658203125
126321350.9806795120 1734203.5361328125
129116394.8616774678 1899596.1093750000
128889800.4904051572 1893269.4707031250
134176282.9259419739 2034139.4296875000
123977502.8508727551 1481992.6943359375
126923992.4331045598 1784667.7490234375
128960618.8577035964 1895491.0351562500
125831322.8348095417 1686788.2919921875
123112888.0768810362 1340076.0546875000
126879360.7946113795 1778077.5214843750
126874679.1761794388 1776651.5126953125
125301374.8806373924 1636760.2695312500
123340281.1893550456 1380375.9140625000
128725000.1807060540 1888956.2128906250
124171553.8982429653 1509867.5190429688
124727410.0875620097 1573312.7480468750
123458845.1793182641 1398163.8925781250
124034797.6486661285 1494045.0532226562
123763042.9483489692 1454171.6191406250
129076846.2298876196 1897757.2099609375
125307728.8128294796 1636844.9746093750
123642010.1952358335 1434754.7719726562
123871564.7501695305 1468436.8710937500
123516459.9318257570 1417467.2963867188
123584094.6153737009 1420964.1220703125
125754022.1458622664 1678919.5263671875
123317008.9435000271 1378166.2055664062
123990882.3498352319 1483927.0727539062
134360837.0961425304 2050266.8994140625
133468391.8565596789 2013374.9072265625
125660441.4875485450 1669650.1899414062
132743447.7368295342 1987652.3310546875
128159804.0705634952 1855501.0976562500
134198689.9969801307 2034949.4238281250
127502897.5337389857 1820899.5830078125
123886406.7694820315 1473321.0014648438
123909139.6732560843 1474527.6166992188
125075284.5889364928 1614563.5541992188
123782320.3239860535 1458256.5678710938
123274092.0099626034 1368169.7827148438
123386751.2812035084 1386572.1079101562
125760376.0780543387 1679004.2314453125
123830808.3919013739 1463769.3837890625
130068972.2335228026 1933203.8662109375
128257830.5312640667 1860017.2324218750
129847967.8819946200 1924531.4042968750
124980157.5463939160 1603415.3051757812
123704761.0001026541 1444449.2661132812
134319593.3798846900 2039846.1279296875
123192489.6979438365 1353908.5507812500
125797635.4857408106 1684426.0839843750
123495880.9171041995 1407422.5356445312
124866099.5146320909 1590505.4018554688
129807085.2323620617 1918165.4716796875
137962497.6464851499 2071860.3027343750
125300392.6475260556 1636508.1484375000
124687745.1971483976 1571544.8696289062
130553953.3561065644 1943734.6933593750
125154199.3377291560 1620839.8125000000
128367316.5798068792 1865280.2548828125
127755208.8702107966 1838641.9316406250
152053759.4303129911 2128807.2714843750
127602906.7432466596 1826725.9687500000
140227094.1975386739 2085127.5253906250
140034659.2733380198 2084800.6074218750
124922831.9537954479 1598242.6108398438
131341083.7907820493 1959001.5292968750
123449521.4536273032 1396205.8300781250
126939114.4114055485 1785525.3691406250
126909881.6196761131 1783739.6953125000
131431335.7561064661 1965665.8320312500
124681325.7382874340 1569476.6982421875
123842966.4576580375 1465721.8315429688
134004284.9327115864 2032357.4609375000
127652247.3059618324 1830775.7109375000
134080944.1691147685 2033588.9101562500
133257128.7345838547 1999708.8359375000
128568491.6336359382 1878221.3486328125
131613853.9787116796 1967883.5937500000
128600503.4480221123 1879137.4765625000
125728324.1976978034 1678281.9511718750
133341663.7380802333 2006131.3203125000
128465819.6634206772 1871028.1328125000
127471446.3431523144 1812600.7363281250
131759138.8667127639 1978360.0849609375
131575844.5819217712 1967204.6054687500
124897889.4397315383 1593906.6489257812
125340748.4943342507 1639797.8959960938
127973060.7156584561 1853883.0712890625
125195875.6896840036 1626738.4721679688
125502818.5872708708 1654356.3159179688
123572175.8781477362 1417785.9291992188
133932132.5470694304 2031144.9042968750
127497611.5286077857 1817672.0839843750
133789666.2668762058 2026166.2041015625
127785231.3775203228 1845256.1640625000
123283576.0964234322 1370689.2631835938
133404547.5968444645 2008579.9335937500
133408146.6204363257 2012574.7832031250
124891535.5075394511 1593821.9438476562
128301489.1717114896 1864415.4228515625
123035224.4426808655 1323519.8701171875
147438067.4867077768 2101845.6552734375
147403446.2693633139 2101219.3486328125
134233393.6288211346 2036589.9003906250
127848394.1418733299 1846433.8427734375
123915720.6451075673 1474841.2480468750
130336171.9171438366 1939628.0888671875
133260465.4988124073 2000452.3574218750
127744648.7530911267 1836269.2373046875
125594559.5767604411 1664256.0039062500
124842074.7457014769 1584610.9106445312
132080661.3881951720 1981158.4560546875
134183568.9056365788 2034217.0625000000
131639310.8792804182 1968638.3769531250
124665849.7573025227 1565169.1523437500
126780847.5535283983 1767092.2099609375
138393306.3159428835 2074262.7851562500
137927069.7284029722 2068614.2929687500
126791236.8243188858 1767438.6904296875
130018088.9591218829 1929408.4082031250
125368374.7080900371 1641427.4047851562
125765038.2618284523 1680189.3398437500
126724155.7402648032 1762592.7607421875
143281338.7346642017 2094137.6113281250
126706508.7781127244 1761801.4736328125
125274917.4223328531 1633657.6650390625
137192608.8180577755 2054916.2128906250
137391406.9938385189 2060324.6484375000
132392881.3491613567 1983188.7216796875
125791423.7173529714 1681095.8242187500
125025884.3964168727 1605928.3491210938
125613545.0797793716 1665642.4541015625
133355062.6440252513 2007692.1132812500
125707521.8711794168 1675413.6386718750
125837256.1306294054 1688473.0625000000
133396456.7402366847 2008373.1191406250
131636242.1780772805 1968034.3437500000
130858935.9168786556 1949380.7773437500
131740672.9152372181 1974506.8710937500
150770386.7859824300 2121533.3398437500
130619179.7081663311 1944927.8017578125
130841090.6205541044 1946616.2373046875
130727152.9524362385 1945210.2226562500
132085121.4097785950 1982585.8408203125
