242866632.2339116931 2243724.3876953125
242877802.2122154534 2244086.5009765625
242819831.1796077192 2236510.8496093750
243210364.9560556412 2419638.4296875000
243180492.3405014575 2403583.0078125000
243461626.6910863519 2474330.5498046875
250739945.3067109585 3296260.8007812500
250115976.3412114382 3271161.7265625000
253143566.0081989169 3414534.8945312500
260801739.2271019816 3615628.4101562500
243847241.2817373276 2543793.5136718750
245264713.0182408690 2789040.2714843750
245289813.5734950304 2792369.7861328125
248531537.9869498014 3151147.2431640625
249127328.2800467908 3207163.9394531250
252933570.4069662094 3405749.0390625000
260808554.9557619691 3616218.4980468750
267851708.8838546872 3701417.0546875000
274173422.9617719054 3727451.1972656250
276052350.0325280428 3729633.9414062500
274257114.1682952046 3728569.4589843750
274060129.7980712056 3727056.5898437500
243909676.0103695393 2546044.2753906250
243778820.9778690040 2542162.8691406250
248560882.2587496340 3160294.6220703125
248726064.3771253526 3178821.9570312500
249410962.2856559753 3215926.4140625000
261143360.7603203654 3619810.2421875000
265658103.9930936098 3684214.0859375000
268023531.7479813397 3705406.7343750000
268943567.8350615501 3714748.3242187500
259246759.5849351287 3591621.3476562500
265586442.3697434068 3682498.9355468750
265232527.5948576331 3678579.7050781250
243294992.3426068127 2450517.0126953125
243240131.9753890336 2423320.9140625000
245812612.0675243735 2857513.2578125000
248587761.0467194617 3165416.0351562500
249262018.1063791811 3208348.8847656250
253054504.5575055480 3411470.5292968750
258304696.2787160277 3571592.5195312500
258215530.3894923925 3566808.0078125000
274048394.3186162114 3726760.5468750000
243729687.8562242985 2538838.3691406250
248639060.7715879679 3167823.5205078125
258502811.9694893062 3578228.3242187500
259058164.6886332333 3587693.3828125000
252843198.3688967824 3399267.5703125000
243826143.0941471457 2542618.6474609375
245832570.2585918605 2860041.4814453125
253001706.6885569692 3409888.5234375000
255449700.2465885580 3497575.3613281250
268832953.2023926377 3714567.0156250000
274253763.5305560827 3727886.7363281250
275835252.3039985299 3729344.0000000000
242883165.2358951569 2264839.9609375000
260438102.4872847199 3611215.9785156250
253084712.2884924412 3411772.5820312500
255821901.4826882184 3506551.7656250000
255946980.6658373773 3509167.1171875000
255815550.6117663085 3505354.6191406250
268553466.3597477674 3713482.0253906250
261315290.2000111938 3624155.9765625000
256041605.0650371611 3510294.2675781250
255609802.8191397786 3500220.0683593750
255944509.6143789589 3507379.2597656250
261158298.6583105326 3621642.7421875000
260842130.7701053619 3618106.7109375000
260748778.5003270507 3614253.4160156250
243662784.6937420666 2524703.2666015625
249275350.0286097229 3210359.5136718750
255613948.2044143379 3504158.1835937500
269419733.9508157372 3716154.8730468750
268605884.8257098198 3714005.4804687500
249286061.1695241630 3213105.6582031250
269139695.2926209569 3715560.9824218750
245654677.4899199307 2845355.6816406250
248691938.6190714836 3175385.9365234375
255375102.2186687887 3497220.5820312500
255256611.2337237895 3493816.0488281250
255500575.8389486969 3498395.8710937500
255131416.4264474213 3490818.1640625000
245050636.2107066512 2767001.4130859375
245640716.5962503254 2844233.6533203125
254911664.8680917919 3484046.1230468750
258802736.0747993886 3583294.9843750000
243602588.6434179842 2517222.6074218750
243581789.4713726640 2506806.2031250000
245094849.0285492241 2773734.3935546875
248812261.5268575549 3182125.4580078125
246248449.5213649571 2910666.0263671875
246490564.0784463584 2910813.5166015625
258128330.8652513921 3566513.5781250000
259198892.1455329955 3589630.5878906250
245099325.5518445969 2777472.3271484375
259691875.9781563282 3598575.3281250000
268729216.7937697172 3714474.8359375000
242982550.3515467644 2291166.3164062500
245022888.5585440695 2756730.4560546875
248874927.5787465274 3188712.9023437500
265768379.3736190796 3684218.2167968750
275468362.9035109282 3729164.2949218750
243556801.8785476685 2500816.6025390625
248857667.7647178471 3186844.8125000000
254746921.9526494741 3476655.3730468750
265023156.2627050877 3676253.6269531250
245172077.6467616260 2786889.2304687500
245513997.6431729496 2830004.2197265625
245562872.3958654106 2834735.7158203125
245719849.0568663776 2850469.1865234375
248886896.0239394009 3188913.6914062500
248921288.0959339142 3192101.6992187500
248832305.2225374579 3184344.1757812500
254370111.4840193391 3461197.9453125000
259394131.2353453934 3593789.5859375000
259609474.3061955869 3597360.5351562500
275210336.5465821624 3728907.9218750000
243250957.1372687221 2432313.5927734375
243216645.6958546638 2420047.7617187500
248948892.2561906576 3192639.7558593750
265543826.5668668151 3682051.7558593750
265300990.5106618106 3679307.6718750000
245409481.6199053228 2816852.6347656250
268155611.6052976251 3709497.2832031250
259603773.1937424242 3594989.8085937500
243191012.7993127406 2412736.9570312500
268260068.2208794057 3711260.6562500000
259223962.4030191004 3590163.1269531250
265005991.9857982397 3674868.5839843750
243464122.7733711004 2477700.8867187500
242923335.2518345714 2275122.4511718750
243160163.4571224749 2391711.1259765625
264838504.8135119081 3671388.2753906250
264402091.4175219834 3666041.2910156250
269076766.7579122782 3714783.0644531250
273839003.7343392372 3726053.3339843750
243186437.9060975611 2408791.1582031250
245970865.5023881197 2878676.1503906250
246195814.9649623334 2903359.5996093750
243383311.6901780665 2465171.8105468750
254504649.2280454636 3467442.5781250000
250998627.7536694407 3304140.3691406250
264403727.9702334404 3666274.8359375000
269114504.4912268519 3715069.7324218750
243580388.4049382806 2504035.6337890625
243514167.3785289228 2490427.2421875000
243515418.2780301273 2491951.8105468750
243468431.4275247157 2480361.1972656250
246057788.6987399161 2890898.0644531250
251234410.5772956312 3313219.4003906250
251266728.0919701457 3314981.3535156250
253820172.1531260312 3435708.2421875000
264436400.3046233356 3667463.2324218750
245381646.5820645392 2811973.9121093750
245907680.0226931870 2871773.1718750000
257862026.7963891327 3559112.2773437500
258024076.9527172148 3559545.9160156250
249792942.6962866783 3245060.6591796875
251155828.7852030993 3310829.9863281250
250858236.7390195131 3298456.8789062500
251350789.5007169545 3317201.1171875000
251062669.4362693131 3310807.5312500000
274020934.2570558190 3726337.8476562500
244475210.5149857700 2656692.0078125000
250882330.3210463226 3302461.4218750000
260270682.7871182859 3608689.7500000000
245894843.1307525337 2869845.3496093750
254301611.2522035837 3455116.6054687500
246108393.1183618605 2894885.1904296875
254020498.4563365877 3447978.4843750000
258087950.4337712228 3565762.1894531250
245981018.8176847398 2881231.4736328125
245916276.2330729365 2875279.2148437500
254083686.7656587064 3450005.8320312500
259997785.4454589188 3602461.5000000000
254175370.7287487984 3452175.1406250000
244557700.3802943826 2678718.2500000000
254188930.1084824204 3452578.0878906250
267504521.0447134674 3699560.1250000000
259858610.9906377494 3600920.6328125000
245335412.5583856404 2806808.8730468750
250880519.0733205080 3300893.2519531250
267619349.1898776293 3700792.1621093750
249686669.4694179595 3231646.7255859375
254247931.2996361554 3454581.3554687500
267675843.1756293774 3701400.1894531250
244556856.1029126346 2674559.2041015625
244487767.1202838719 2667623.1796875000
249741936.4435449839 3240219.4462890625
245026763.2654268742 2758065.3925781250
249429371.2279826105 3218301.1152343750
249612083.0822357237 3228260.0400390625
245011122.3380587697 2752048.3896484375
249489178.1125015020 3220613.3740234375
245037480.3867609501 2764563.9306640625
242997946.8267688751 2303463.9472656250
249614993.6918191910 3228264.3369140625
249561485.0815126300 3227561.4736328125
249706516.5420844555 3238109.6103515625
244890897.0437469780 2735641.7460937500
248389925.3596035242 3114402.0615234375
253708259.0367504656 3430162.9785156250
244431208.3286981285 2649542.9873046875
273724619.6881859899 3724205.8417968750
243034019.5688280761 2311015.9853515625
244945795.9289904237 2747555.3427734375
274237039.3139824271 3727513.3378906250
244704132.8850806653 2692880.5546875000
264012230.8790996671 3658902.9785156250
244945363.0863252282 2740159.7578125000
244940208.6892605424 2738470.4951171875
244914219.9852102995 2737719.9082031250
244378885.7600787282 2635999.7236328125
263226910.8506661355 3643477.8574218750
252671931.6281692386 3379488.8613281250
252560177.8413520455 3374714.6523437500
263316801.2720866799 3645029.4843750000
263413579.2953694761 3649425.3300781250
263623487.1756431758 3651088.8789062500
252760994.1792915165 3385391.0312500000
252527035.6456669569 3371483.6289062500
247664688.6521934569 3037568.9687500000
244451322.3170056343 2654166.2011718750
242989973.6217466891 2296945.9931640625
242940586.8070417047 2282479.2968750000
247723440.2877467275 3039344.9218750000
243018402.9710394144 2304988.5878906250
263031120.4830016792 3641458.4296875000
244357375.8845140934 2631462.7285156250
247948433.4203775525 3062456.3603515625
244861042.5701991916 2718709.1835937500
244825667.0323653519 2711519.8994140625
244866736.8423236310 2726280.3505859375
262791765.2521582544 3637944.8437500000
243157140.0599406064 2368498.2705078125
263272573.1213067472 3644719.5898437500
262697502.0162097216 3636070.2773437500
247707742.4151227176 3038104.3203125000
262909046.9094939828 3640622.3750000000
248382589.3614463210 3106965.6689453125
248235585.1241213381 3094866.9208984375
243093704.7071653306 2331457.1611328125
243102375.0643109083 2341823.9257812500
247777721.2066697180 3052241.1074218750
247976105.7018552125 3067137.6494140625
248315544.6311309636 3098928.1396484375
248049703.0819144249 3074874.3740234375
272359794.4208799005 3719344.6113281250
243119595.6687345505 2346014.3554687500
273466748.8450367451 3722967.6601562500
262375926.9420744479 3624876.0878906250
262414217.3838836253 3626152.0390625000
244827914.6920207143 2712809.8935546875
247854694.2179807127 3059086.6943359375
243069495.1760284901 2326436.1796875000
262416612.0182473063 3626722.3066406250
272495834.6254287958 3720574.6660156250
272209709.3765735030 3717135.4042968750
273678415.2417214513 3723362.6308593750
272367663.7397612333 3719953.5917968750
244792448.8348112702 2698982.9638671875
272501638.6794348955 3720907.9902343750
272673365.1741831303 3721677.0625000000
248130049.2809517086 3084156.9277343750
273381312.2593488097 3722574.6796875000
247979467.3275547028 3068982.4013671875
248024491.4615096748 3070582.8105468750
243111175.7713370919 2344725.0058593750
246619521.0507004857 2921282.2304687500
247579079.5028191507 3024686.4042968750
257594312.1604273915 3531149.3671875000
244255581.2825162411 2591557.8437500000
252137233.0696825981 3328908.9726562500
244258980.0331445932 2593561.3300781250
244279541.1943228841 2596385.0107421875
244247113.1414141059 2585454.3378906250
244164041.9952832758 2577363.9707031250
252276027.7233250141 3331049.0664062500
244067994.6923867166 2548085.5615234375
244110643.5649445057 2560798.3808593750
257565336.4852709174 3528835.8769531250
257487883.3389716446 3528222.5664062500
257107832.1339952350 3517513.4101562500
244091834.9214450717 2552281.6962890625
246640592.9465160966 2923102.0136718750
251985093.8517006934 3319051.2675781250
247490016.8516437113 3006107.0156250000
247147981.8385476470 2976914.2792968750
247100073.8176989555 2974866.7578125000
246941175.0177731812 2959156.3300781250
252082571.3566485643 3327540.9609375000
246739076.9491969943 2939276.6933593750
247110739.7675008476 2974924.0566406250
246683141.9280799925 2931475.2656250000
247063255.1785703599 2969988.8173828125
246836325.6699136794 2949421.9628906250
247249879.1173138916 2984542.5498046875
252428795.1164247692 3341562.7050781250
252318458.7630643249 3338652.4453125000
252276983.9609239101 3336598.1835937500
