67925840.6833269149 0.4429047519
70112572.7891729027 0.8253569958
70241336.2410801351 0.8434568743
70885497.7682475597 0.8818799499
72232081.3408425450 0.9014837286
70197299.6912280023 0.8410732637
68784812.3576557785 0.6134074740
68701139.3665206283 0.5928728634
70336228.6133339703 0.8527191477
68078047.1317011118 0.4836866429
70934854.8959799856 0.8834217731
68020438.3161631227 0.4680317681
68184198.0345684141 0.5065954957
71124746.7013933808 0.8874277882
69685655.6659556925 0.7616782335
71529847.1315413415 0.8926489251
71217299.5401760489 0.8880000012
71122884.9413782060 0.8873281395
72436508.6489548832 0.9039485976
72430704.3606564105 0.9016095921
67936720.2595460564 0.4435620666
68290900.6485223323 0.5227587911
71490905.5019899011 0.8916239170
71518458.3119218051 0.8921509739
67994800.1051757485 0.4475013867
69687060.6069852859 0.7642577845
67987920.1664168835 0.4450606538
70968481.9635178596 0.8836788284
71291111.2121595442 0.8906403119
68144247.2927077860 0.4894231884
68181739.0552523732 0.5048682033
69994266.5086844265 0.8084309248
68295853.1969103962 0.5233484751
71156295.7291321903 0.8876848435
67704929.9595407993 0.3027271473
68098725.3858687878 0.4868296619
70442716.6869486719 0.8666133434
70263232.0139033049 0.8462840128
70974350.7168125063 0.8849376189
70855644.6856450588 0.8812276069
68744729.9834319800 0.5956944239
69907899.7968809158 0.7918050321
67996029.7354381531 0.4650131151
69864661.6278514117 0.7877165609
70241897.1941283047 0.8446531496
69844120.0661894828 0.7856470092
69772626.7403393090 0.7696965896
68081812.7887600660 0.4842990155
68639340.1935202032 0.5761129384
70561710.3533785790 0.8734380421
67799224.6479851305 0.3801647057
67858515.0930845886 0.4046935925
69938542.2578050047 0.8058742316
71936942.9865989387 0.8976609474
67828675.3807865828 0.4005782606
70364761.8697291911 0.8622959414
70288747.2605702579 0.8475032323
70537286.1741582900 0.8713233746
69803021.8710672408 0.7854116383
70729840.3534038812 0.8789314474
70776725.9969957322 0.8809316037
71230756.2719773799 0.8881501425
67984462.2686458081 0.4448882407
67878619.7789711505 0.4219476685
68301364.1050323844 0.5266524591
70758317.0985588878 0.8791885027
70610340.6469206363 0.8764412780
69774010.4463780224 0.7715729001
70423472.5229343027 0.8648509700
71180879.7168515027 0.8878930872
68079714.7345898449 0.4839592743
68090265.8687987328 0.4845816479
68270869.1104273349 0.5224398005
72298685.9182566702 0.9015472867
67839818.3710297495 0.4011085096
68149919.7789007276 0.4904199827
68236829.1280363351 0.5097645955
69724365.1869302094 0.7651921072
70487273.1852750629 0.8687709463
68166554.8055863976 0.5048359123
69751105.9825216681 0.7658176316
71916290.3272595257 0.8975581750
70397236.6917445064 0.8629105231
70129035.9281723946 0.8262465628
68109334.7817631811 0.4872291913
69686656.8423418850 0.7617368044
70534515.2618338913 0.8711317889
68051058.1972268075 0.4694673537
68613421.7519185692 0.5748057026
69879611.5949592739 0.7897876111
68163986.0680428147 0.4998554683
69855095.2987060696 0.7867483805
69766342.1576184630 0.7665479626
67779844.3233291954 0.3618942147
67951596.3500297517 0.4448064560
68753502.4843710661 0.6052275792
69766987.2038042694 0.7691673116
70466838.2294120640 0.8679945478
67789039.2955485433 0.3794140137
68881801.6547645628 0.6138970561
68816739.1283465624 0.6134549575
68122415.9733936638 0.4875701799
68067373.3741657883 0.4830669847
69804023.0474534482 0.7854702092
72214163.8032581210 0.9013752053
68689955.4952651411 0.5921135103
67787431.8841423541 0.3793546396
67720572.2396874279 0.3205737814
70385197.6741702110 0.8624686040
70050854.5904386044 0.8202662948
68066482.3831785321 0.4830516566
68720775.5402629226 0.5934133829
70223943.5029601157 0.8426741359
70645088.4462272972 0.8767387243
70192843.1367578506 0.8403356206
70489447.9407842010 0.8697280302
68058982.8285229057 0.4695178778
70498786.8818945140 0.8697927804
68090402.8570809066 0.4861496207
68017234.8958350420 0.4671970773
68064626.2170959413 0.4709868166
70201361.3743180633 0.8415072646
70258855.2190453261 0.8451643579
70308003.8851790130 0.8487479980
70540056.7660126835 0.8727312661
70694272.0023330599 0.8769302899
68570822.4803083539 0.5739251095
69793468.8189562559 0.7807492303
70106805.3618323505 0.8244858540
72102991.4019429535 0.8976639574
67774528.6623632014 0.3618747365
68549371.3026284724 0.5693379347
69972133.9359653592 0.8065503741
68059588.7208466232 0.4708493865
72111649.9054542333 0.9002886470
70710855.3711859137 0.8772215918
67808544.1933432519 0.3807562342
68263939.2944512367 0.5112374039
70300720.5762454420 0.8477726560
68004714.7134552151 0.4657781427
67782185.9658634961 0.3637695069
70201600.3447756916 0.8420669229
67723281.2676506341 0.3208309643
68473887.9007491022 0.5511421904
70083555.5950291604 0.8234344643
70079175.0153581351 0.8232278557
67735994.8257452995 0.3229127231
69913346.0843404233 0.8014665676
70549240.3962065727 0.8728571618
68014212.5201659650 0.4663556016
70964358.6075459570 0.8835933236
72226247.9905094206 0.9014444817
68555176.3767053783 0.5729502362
70592753.6978136748 0.8738034070
70818397.3551273793 0.8811031543
70051081.1109529287 0.8219291609
69924333.7508735359 0.8018599373
70501708.1854736656 0.8700933950
67740658.0122509003 0.3231923869
68530308.5899196267 0.5690935823
68651294.0127570927 0.5891015965
68687770.0679953247 0.5916923937
67742815.0525477976 0.3232098784
68770771.6045910567 0.6094242302
68625653.8230270445 0.5749904700
68651944.5724132359 0.5914925253
68148714.8465515673 0.4897004505
68645480.6530067325 0.5890520896
67725324.2848382443 0.3229074335
70408451.5562711209 0.8630477837
70014768.5713790208 0.8086643042
70412485.6314989626 0.8641524608
67756414.5965905935 0.3454513743
68721669.8143511266 0.5936437288
70585522.8093228489 0.8735095048
68136291.7064559460 0.4878066501
70048250.0587954968 0.8091023830
67752372.2126737237 0.3445357821
67744347.2878950089 0.3439930567
71593507.2560970038 0.8928119540
68722424.5762723535 0.5938416521
70301032.0406189114 0.8481405322
68769807.2751415074 0.6062152303
68735446.9001135677 0.5948049192
70328407.4368737638 0.8488743699
67856368.7846707702 0.4014926247
69003716.6031739563 0.6320602934
67747953.3840441704 0.3442955016
67800410.7149357498 0.3804521110
69067682.6935713589 0.6337915394
67764318.3349575400 0.3615894072
68924878.1054928154 0.6318541051
67815092.8747532517 0.3816323492
68523298.7817917764 0.5658793260
67780416.3070644885 0.3619889935
68778297.4363939315 0.6099235475
67914796.1465487927 0.4230070962
68444890.7938717306 0.5499256338
67919247.8274497986 0.4231759727
72106204.3385191560 0.8985985070
67899881.6548006237 0.4222056197
67800562.2778409272 0.3805746212
70077800.6319616586 0.8230273509
71913385.2562365383 0.8959525526
70147847.0868096650 0.8267373629
70161466.9244101793 0.8292408672
70128443.7410675883 0.8256715543
67817955.6464512646 0.3832547400
70933779.7204664201 0.8822687352
70151905.9095719606 0.8285479860
70328960.4083303064 0.8501410913
68898612.3971343040 0.6146659241
68503331.3878157884 0.5539222268
72291860.3211666644 0.9014995527
68219633.6086002588 0.5069268730
68491872.2067778260 0.5513699803
71736618.5313447118 0.8931254358
68499172.3585130274 0.5518282313
68457179.7141061127 0.5510438063
71850084.5829202682 0.8932975172
68141779.5549224317 0.4880060716
71874248.2487471998 0.8947090963
68415021.6173916608 0.5344366177
68431845.6814776659 0.5453775340
71865481.8484045267 0.8936685035
68437851.1166685373 0.5471452257
68358617.3067266792 0.5299157609
68495782.7494477183 0.5514626276
68355817.2330812067 0.5294800998
68354272.3778687119 0.5293681288
68389348.8763872534 0.5313959056
68354955.0131884068 0.5293745541
69595737.8522098362 0.6988680464
69562638.2395012379 0.6984539775
69395978.0274779499 0.6769504682
69633826.7281290442 0.7006105830
69099556.9010402262 0.6349028813
69520224.0383433551 0.6980583053
69353748.4187291265 0.6761314207
69445196.3486760110 0.6785425114
69238784.7471910268 0.6545708148
69170174.3049065471 0.6399348444
69229809.5250336081 0.6545403806
69220115.9105862528 0.6541450014
69255241.4858042002 0.6560799754
69148807.7421404272 0.6367296903
69258522.0927467048 0.6579286327
69282922.5991611332 0.6603397233
69113305.8582956791 0.6364416237
69100460.1148792505 0.6359422133
69473895.7325693220 0.6820576039
69134003.8999493420 0.6365592247
69150068.4367584735 0.6382746995
69333600.0682737231 0.6611085384
69514955.2689589113 0.6826827327
69506224.3065423518 0.6825122543
69216413.3135941923 0.6417958812
