69608974.0754214078 0.7418730674
69844434.1490979195 0.7863203125
70095633.0777856410 0.8245071454
70406766.8093538433 0.8640656397
71202563.6573089659 0.8889512112
67723816.6717612743 0.3225080955
67688433.3454661369 0.3045704258
69506763.1654099673 0.7362363639
71279018.3877437711 0.8914413806
67892707.6789319068 0.4223037112
70551013.8602693230 0.8731809095
67974155.3927313387 0.4473297905
67732658.7117018998 0.3258788982
67897816.8842171431 0.4237139639
70045490.1139903814 0.8200876482
70703119.1400594264 0.8781069089
70466968.5036507845 0.8679950526
69573036.4865886420 0.7386906222
67712535.1898070872 0.3212583475
68254295.4311584085 0.5104062759
72411709.3979578763 0.9016095921
70290316.9337594807 0.8501714440
71009903.0937172621 0.8861512011
70420566.6125517190 0.8666963577
70357876.2574754357 0.8629935374
70558506.3895499557 0.8735027923
68290571.1314207017 0.5233920906
69788144.1328838766 0.7810957109
70451426.3965225220 0.8673109394
70771717.6731699854 0.8809316037
69869725.4173677713 0.7927498313
69642889.2139925212 0.7608307224
70207534.2367558777 0.8425644187
68092094.8348924667 0.4864178460
70265563.7698101848 0.8484847602
67811315.7178810239 0.3811073581
68268019.3512120992 0.5230165088
68180896.7711339891 0.5064816222
71113906.4516852647 0.8886941560
70393566.9045886993 0.8634510580
71149376.9839110076 0.8888530359
68313546.2251620889 0.5280057621
71521907.0500274748 0.8937523030
71103996.8687610179 0.8871344356
72417855.2245031148 0.9039485976
69844445.2391923368 0.7885403392
70963830.2845263630 0.8840556941
70696761.5217043310 0.8779283678
70241473.6949241608 0.8453529458
67837465.2675101012 0.4006926476
71187776.4665577114 0.8888984257
68703993.4765750468 0.5933108182
67957900.9069330096 0.4464821449
68171398.9644232392 0.5058718106
71465599.2846506089 0.8929520426
69903939.4728160053 0.8000291612
70724496.2659502476 0.8789314474
70606145.6437886208 0.8764412780
67715784.3998796493 0.3217151722
70264968.6142691225 0.8475862467
70189241.8313281983 0.8316746301
70193549.2840114981 0.8421499373
67953993.7516431957 0.4456274318
68252881.6810880005 0.5098315959
70352746.8129172772 0.8623789558
68302085.0222799331 0.5268983670
68650087.1256341189 0.5891259604
68067548.9833554178 0.4839814721
68741708.1361107826 0.5980311912
70918550.2130902559 0.8834217731
67798195.9765300900 0.3803888136
67992022.4124846011 0.4646387321
70189648.0483468622 0.8392971140
68779661.3800888062 0.6115081462
69933351.8557054996 0.8058742316
67738224.2742932886 0.3397959877
72196529.1844359040 0.9013752053
67825038.9430346340 0.3835649454
69961922.3761302680 0.8078233929
67881953.5351681113 0.4221152381
67925219.1527182758 0.4423537014
70399387.4618803114 0.8635946363
68586954.6506135464 0.5740120862
70226066.2325775623 0.8436262987
69740907.7709138244 0.7666303577
71268356.0697519630 0.8907030970
70234433.1398625374 0.8443490844
72228261.6410840750 0.9014837286
70256921.5331404805 0.8457323527
72281101.3521331549 0.9015472867
68190963.3863113523 0.5076817589
70547723.1423075646 0.8731053057
68825536.6518560648 0.6143644643
68138728.6327354014 0.4904501584
70497784.0908257216 0.8699065712
69747566.5156862736 0.7703305284
67842599.8462398648 0.4024066931
68711509.7135201842 0.5963851815
70113328.6022731215 0.8262465628
72224384.5180259645 0.9014444817
69831875.8829614669 0.7854972708
69685245.8281944692 0.7652598288
67717138.0159983188 0.3220176171
68294804.8915412724 0.5266318077
70230328.7094199061 0.8442596819
67940162.1991873682 0.4449873119
70964855.6845262200 0.8849376189
67719115.5541209728 0.3222491817
68193317.0087030828 0.5082507013
71104036.9155250639 0.8878338309
70103095.1849177927 0.8260119937
70527284.6825808436 0.8715769961
68176752.8430330604 0.5061720258
70997785.5334673226 0.8853436615
68264330.9955449998 0.5126975847
68710796.2483097166 0.5944077755
68095532.4469409585 0.4867824633
69765633.4751212597 0.7715174427
70004985.2405472100 0.8101916335
68719529.2051299214 0.5968710461
68031147.4975061119 0.4683567143
70910950.8734960407 0.8819991332
67784873.7898784876 0.3796574610
70254384.4434321076 0.8455583767
70122653.1697881222 0.8266881362
68157142.1567493677 0.5010804496
70046885.6195309162 0.8219291609
70585631.3893493563 0.8736165832
67808318.0668216199 0.3809557542
69746926.2855962813 0.7682935161
67839102.4546032846 0.4011125359
70946015.4406164140 0.8836788284
68173823.2229884267 0.5061616887
68067574.4171129167 0.4840380744
70754629.0561476499 0.8791885027
68290630.0175129175 0.5266279495
72032750.4356949329 0.8977984777
69933055.4655162841 0.8046613311
67925840.6833269149 0.4429047519
70885497.7682475597 0.8818799499
68784812.3576557785 0.6134074740
68701139.3665206283 0.5928728634
70336228.6133339703 0.8527191477
68020438.3161631227 0.4680317681
68184198.0345684141 0.5065954957
67936720.2595460564 0.4435620666
69994266.5086844265 0.8084309248
68098725.3858687878 0.4868296619
70263232.0139033049 0.8462840128
70855644.6856450588 0.8812276069
67996029.7354381531 0.4650131151
69844120.0661894828 0.7856470092
68081812.7887600660 0.4842990155
68639340.1935202032 0.5761129384
67858515.0930845886 0.4046935925
71936942.9865989387 0.8976609474
67828675.3807865828 0.4005782606
69803021.8710672408 0.7854116383
67878619.7789711505 0.4219476685
68301364.1050323844 0.5266524591
69774010.4463780224 0.7715729001
68090265.8687987328 0.4845816479
68236829.1280363351 0.5097645955
70487273.1852750629 0.8687709463
68166554.8055863976 0.5048359123
71916290.3272595257 0.8975581750
68109334.7817631811 0.4872291913
68051058.1972268075 0.4694673537
68613421.7519185692 0.5748057026
67779844.3233291954 0.3618942147
68753502.4843710661 0.6052275792
70466838.2294120640 0.8679945478
68816739.1283465624 0.6134549575
68122415.9733936638 0.4875701799
68067373.3741657883 0.4830669847
69804023.0474534482 0.7854702092
68689955.4952651411 0.5921135103
68066482.3831785321 0.4830516566
70223943.5029601157 0.8426741359
70645088.4462272972 0.8767387243
70192843.1367578506 0.8403356206
70489447.9407842010 0.8697280302
68058982.8285229057 0.4695178778
68090402.8570809066 0.4861496207
68017234.8958350420 0.4671970773
68064626.2170959413 0.4709868166
70540056.7660126835 0.8727312661
70694272.0023330599 0.8769302899
68570822.4803083539 0.5739251095
67774528.6623632014 0.3618747365
68549371.3026284724 0.5693379347
68059588.7208466232 0.4708493865
72111649.9054542333 0.9002886470
68263939.2944512367 0.5112374039
68004714.7134552151 0.4657781427
67782185.9658634961 0.3637695069
68473887.9007491022 0.5511421904
70083555.5950291604 0.8234344643
70079175.0153581351 0.8232278557
69913346.0843404233 0.8014665676
68014212.5201659650 0.4663556016
68555176.3767053783 0.5729502362
70592753.6978136748 0.8738034070
70818397.3551273793 0.8811031543
69924333.7508735359 0.8018599373
70501708.1854736656 0.8700933950
68530308.5899196267 0.5690935823
68687770.0679953247 0.5916923937
68770771.6045910567 0.6094242302
68625653.8230270445 0.5749904700
68651944.5724132359 0.5914925253
68645480.6530067325 0.5890520896
67725324.2848382443 0.3229074335
70412485.6314989626 0.8641524608
67756414.5965905935 0.3454513743
70585522.8093228489 0.8735095048
68136291.7064559460 0.4878066501
67752372.2126737237 0.3445357821
67744347.2878950089 0.3439930567
68769807.2751415074 0.6062152303
69003716.6031739563 0.6320602934
67747953.3840441704 0.3442955016
67800410.7149357498 0.3804521110
69067682.6935713589 0.6337915394
67764318.3349575400 0.3615894072
68924878.1054928154 0.6318541051
67815092.8747532517 0.3816323492
68523298.7817917764 0.5658793260
67780416.3070644885 0.3619889935
68778297.4363939315 0.6099235475
68444890.7938717306 0.5499256338
72106204.3385191560 0.8985985070
67800562.2778409272 0.3805746212
70077800.6319616586 0.8230273509
71913385.2562365383 0.8959525526
70147847.0868096650 0.8267373629
70161466.9244101793 0.8292408672
67817955.6464512646 0.3832547400
70151905.9095719606 0.8285479860
68898612.3971343040 0.6146659241
68503331.3878157884 0.5539222268
68491872.2067778260 0.5513699803
68499172.3585130274 0.5518282313
68457179.7141061127 0.5510438063
71874248.2487471998 0.8947090963
68415021.6173916608 0.5344366177
68431845.6814776659 0.5453775340
68437851.1166685373 0.5471452257
68358617.3067266792 0.5299157609
68495782.7494477183 0.5514626276
68355817.2330812067 0.5294800998
68354272.3778687119 0.5293681288
68389348.8763872534 0.5313959056
68354955.0131884068 0.5293745541
69395978.0274779499 0.6769504682
69099556.9010402262 0.6349028813
69353748.4187291265 0.6761314207
69445196.3486760110 0.6785425114
69238784.7471910268 0.6545708148
69170174.3049065471 0.6399348444
69229809.5250336081 0.6545403806
69220115.9105862528 0.6541450014
69255241.4858042002 0.6560799754
69148807.7421404272 0.6367296903
69258522.0927467048 0.6579286327
69282922.5991611332 0.6603397233
69113305.8582956791 0.6364416237
69100460.1148792505 0.6359422133
69473895.7325693220 0.6820576039
69134003.8999493420 0.6365592247
69150068.4367584735 0.6382746995
69333600.0682737231 0.6611085384
69506224.3065423518 0.6825122543
69216413.3135941923 0.6417958812
