430995611.1566537619 24.1260126676
431924188.3738703132 24.6842025459
432342956.6471704841 24.8619148011
441501090.8821679950 29.1147329832
441978470.7413233519 29.4213962477
441819687.7445148230 29.3131627037
467267956.1134660244 36.3335002586
468596454.7071345448 36.4041508660
418499294.2938812971 13.6731094729
418439363.8731451035 13.5247592219
418571752.2707650661 13.8268490772
418933001.5213152170 13.9311860708
432637721.3805981874 24.9601702157
432715677.7138281465 24.9875920626
441838592.4834491014 29.3487851961
441698753.7515282631 29.2447348504
462761072.0869451165 36.0557736456
467510611.8802658916 36.3610479459
418696686.1239694953 13.9235392715
429268597.8667535782 23.1021468302
455966729.2636441588 34.9273490235
418512804.3294674158 13.7519308830
474459103.9022859931 36.4987891540
421081875.6118254066 16.4977244803
421667309.2896159887 16.8574191308
421518513.8738979697 16.8206568175
430889989.8279384375 24.0221954767
421393831.5089026093 16.7277293205
421560433.7975776792 16.8324721848
418152096.1978567839 13.1643642025
421296368.7820757627 16.6737293547
429733173.7408534288 23.2612592101
432017917.2984905839 24.6846757560
456168081.3418040872 34.9331293330
468514814.6349610686 36.4013234451
430828649.3997221589 23.9959945098
449555352.2307732701 32.8234813670
467703479.1288638115 36.3822389022
467323174.0623193979 36.3591760024
429279293.7055733800 23.1186937543
441701399.3192152977 29.3032634227
467652993.0401949883 36.3798908815
416003276.8086401224 9.0242576236
450056393.7255448699 33.0398979271
450195054.7864472866 33.0442816475
450310747.6859035492 33.1003630133
449345173.7617600560 32.7465545908
462242433.4972543120 36.0131364912
463005872.3616547585 36.0891334265
431779218.2875694633 24.5825558072
454742273.3873489499 34.6626754776
462521002.2025285363 36.0309023708
467640204.4510422349 36.3689822480
449503513.5867374539 32.7991444310
461295816.2037970424 35.8157216460
418054978.2693715096 13.0965424217
429747332.4795290232 23.3306613654
455840246.0129919648 34.9135060236
415922287.5985987782 8.7018769620
415891441.9206992388 8.6972288173
420821389.5694015622 16.1712710434
441821788.8363391161 29.3219148783
454945013.4061210752 34.7205351144
449971691.3188875318 33.0142808864
450223975.7234255075 33.0504187727
415796405.6788306832 7.9975290989
415848613.3786379099 8.4157047658
421108134.5972449780 16.5001668988
454758531.6220536828 34.6680158228
454780963.6042649150 34.6798422933
417857616.3575201035 12.7028743429
454841557.8334361911 34.6974703372
430863140.2812352777 24.0108831465
420753252.9847639203 16.0445217377
431077290.6577940583 24.1606748515
449823391.9228125215 32.9271666938
420913112.4707630277 16.3170023286
420788001.9348887205 16.1557112372
420756804.6131553054 16.1453939402
449748198.4462863803 32.9215974445
415805663.1598954201 8.0121880184
468275245.0474677682 36.3899573758
449543307.4614779949 32.8111900432
415852350.7107510567 8.5056525088
455599197.2862172723 34.8619198278
455353522.6511378884 34.8103419915
455070077.9145355821 34.7548505813
455485382.2570859790 34.8466514051
417854997.7715558410 12.5813336239
420467662.4855408669 15.8377022280
455292174.1729624867 34.8053824753
461489958.5671489835 35.8827784806
415821914.6494677663 8.3321559067
418101877.2338661551 13.1500170712
418025986.6129010916 13.0187274997
461172789.5802035928 35.8013468087
474272314.7662501931 36.4905739948
461512563.2712474465 35.8856393546
454499647.8398455381 34.5647236034
454417286.4845839739 34.5403417610
462982238.9196555018 36.0879508108
449614276.9021977186 32.8379204059
431753666.9554931521 24.5377907860
431688870.0167378783 24.5352848350
420333633.8814013004 15.6556334745
420433264.8696726561 15.6903430345
420449727.4811003208 15.7331388873
420394814.7303657532 15.6897175934
420297276.8147897124 15.6413612727
431425607.9714578390 24.3854400674
418263129.7028356194 13.2842323749
461808013.2916535735 35.9056150317
441894278.7038018703 29.3897787115
428815659.9629512429 22.8047766800
450264925.6596012115 33.0668810057
454741595.8488910198 34.6500954181
461722955.6101298928 35.9052163064
420248202.5944137573 15.5332039841
427075414.0924990177 21.3983717091
429175958.9074975252 23.0444499029
454665223.7960277200 34.6276419759
427183670.8615589738 21.4614285632
429033100.8130682707 22.9698386339
461863106.0979579091 35.9302445203
441952296.3316562176 29.4163432388
428989079.7514425516 22.9343773422
430765412.0024788976 23.9796020871
430980023.7428303957 24.1211889118
430938033.7461217642 24.0321139789
461688083.5171692967 35.8981003910
430653578.9625479579 23.9389305732
430354620.9178376198 23.6489605739
466216935.1930088401 36.2336592600
427505537.5240609646 21.7422343368
466465836.0883930326 36.2716059908
473867643.2222002149 36.4726325795
429938196.7273700237 23.4868100990
429786747.6974375248 23.4233593742
417583399.8229547739 11.7129635233
417588649.7844846845 11.8661139454
417702628.6192547083 12.2116646777
417592502.3412505388 12.0317216004
427243637.9876691699 21.5656514494
429508239.8482992649 23.2517509858
430222870.5359858871 23.6163647152
419851053.4971985221 14.9941583787
420009445.3424764872 15.1652500185
419699112.1722950339 14.8480047727
429762085.1727470160 23.3459271766
473504775.5240530372 36.4542835727
419649194.8024508357 14.6935952621
419699863.4003763199 14.8480143117
453528112.7611310482 34.1949751526
417626316.4606130123 12.0402143307
419659616.4735220671 14.6943630062
419548264.3093095422 14.6749827651
419426221.7834514380 14.5096194105
419346850.9439834356 14.3465539909
430633808.5963246226 23.8282307663
473706665.3377965093 36.4658301547
419418723.7926646471 14.5029989577
417776165.9201483130 12.3072339135
427410819.0450543165 21.6867102692
417688382.7943840623 12.1142132081
428773692.8590931892 22.6603615315
428592879.2323448062 22.5265059130
428676531.8759675622 22.5977811597
465644079.4253255725 36.2095781043
453239060.4389389753 33.9993894803
465590976.1393005252 36.1978881434
419540093.2912170887 14.5499811457
450728313.2396243215 33.1978951767
419103128.9084040523 14.0015678122
428737322.6469563246 22.6537981395
417775438.4101617932 12.3050572467
419219859.7589747906 14.2001208576
464761752.4793224335 36.1474739984
465261649.8407251239 36.1708772108
453100181.7496444583 33.9623861561
442123671.1577253342 29.4304380160
416516515.7254703641 9.2765671318
416525189.7652120590 9.3645584924
416641803.2099913359 9.5596010492
461038519.4196737409 35.5743347257
460861244.9903098941 35.5586552024
461041754.1704640985 35.5998687446
460701283.9299276471 35.4900360815
464964017.0565972924 36.1559826806
428409846.1776269078 22.4215508520
465450803.8745918870 36.1764318570
465456447.8431532979 36.1832783446
465476818.9299507737 36.1835788116
416878336.6775468588 9.5910551451
451176323.6072793007 33.2865454406
452035807.0522038341 33.5380368084
450911229.7602255940 33.2184925303
442426842.6674613357 29.4506467637
416882416.6563245654 9.6046033036
428289531.8043256998 22.2877192547
427980522.4034947157 22.0468286319
439783896.9352234602 28.3087560334
452914819.5852140784 33.8690261423
440563362.7345829010 28.7038762085
440699667.6640865803 28.7695672773
428062999.3249981403 22.0644084675
452724958.4555995464 33.8264940009
427960944.3461015224 22.0035969355
440342766.3472410440 28.6022375338
452624063.9049617648 33.7728944197
452949812.2982999682 33.8706389703
452651292.5010685921 33.7779595256
439456388.8311316967 28.1604017599
417017551.7041094899 9.8691372308
416973511.1713495851 9.7086095291
439326233.6547695398 28.0746105334
440746436.5577831268 28.7834972292
417114075.0563765764 10.0314119327
417205700.8408380151 10.2572301350
426761120.0046410561 20.8627828966
440881302.0805237293 28.8603334240
473054644.8509271741 36.4047249034
441242971.7373298407 28.9863220249
440470495.4922970533 28.6735838614
451467747.1103263497 33.3694147021
473286526.4693605304 36.4047441259
439101833.8711607456 27.9192302208
427055819.9611024261 21.0877806438
426976674.6964476705 21.0216237498
439232349.9060177803 27.9462781830
460472813.6249845624 35.3822245672
417402333.5063546896 10.5666357401
417354775.0161823630 10.4242997740
426411093.5220955014 20.5635862178
417312860.0002334714 10.3942110774
425831220.0044751763 19.9372797456
425896978.9203594327 19.9444893097
425822472.6695701480 19.8872152810
425904242.1173853874 19.9641619495
425924157.2604211569 19.9985456410
425944506.4385851026 20.0150916397
425983201.4582945704 20.1017297192
423968441.1397112608 18.1704088694
439607428.3427234888 28.2235608830
417401283.0499867201 10.5339199521
439415340.2458916903 28.1057832597
423263905.8924036026 17.4449950008
422851649.1230823994 17.0252873811
422989303.6173425913 17.2880294283
417580257.1324074864 10.8754005772
417495590.6688597202 10.7037921888
441113976.1752462387 28.9637783961
459824362.8256399632 35.2508511692
460153548.9142295122 35.3184268773
459421106.3104532957 35.1568145677
424186036.4185112119 18.5227017049
460050306.2095495462 35.2874338031
424888144.3270213604 19.1140197464
424618171.1779559255 18.7929162396
424489341.8300516605 18.7673632665
424711416.9625003934 18.9339883737
424673719.9830735326 18.8143421337
424754932.6529181004 18.9490371756
424534097.4277524948 18.7774287872
423499490.2989042401 17.7112970592
423571757.4367614985 17.7873070099
423711602.3114832044 17.9557479703
423434934.2733691335 17.6550231668
423352377.6470088363 17.6125311934
448454545.9253984094 31.8505267619
448090994.1564657092 31.7527145794
447986324.6741265655 31.7367784581
447533315.3580767512 31.5306635220
447251567.9100016952 31.3697323222
448837447.3723642826 31.9648862537
448752097.6610984802 31.9548361209
448645654.0976603627 31.9069552031
446911872.7914581895 31.1034938916
446100661.4414628744 30.7608154709
446294127.3835651875 30.8761805108
445862405.9035297036 30.7125889617
445848456.0880834460 30.7088158759
446041919.2889592052 30.7527761530
445545150.2900135517 30.6023363876
443986509.9388531446 29.8831331102
443965348.1981279254 29.8830091209
443895624.5559201241 29.8504320835
444164869.2396484613 30.0100136706
444365019.5791517496 30.0558701125
443499822.4206376076 29.6644791328
443630487.5206926465 29.6907384303
443339813.6426521540 29.5491308031
438974095.4326425791 26.6791795259
438560376.1600250602 26.4998709603
439046363.5095024109 26.6847424488
438768914.6823927760 26.5457961615
437783636.5620595217 25.6243500851
437445046.1528629065 25.4423419118
436725158.0853461027 25.0462641033
437034397.9102814198 25.1987902466
436789027.8486173749 25.1205948237
