1098535516.3379511833 8456604.6367187500
1137468253.8965091705 9310296.5986328125
1143217397.6143431664 9394978.5869140625
1159854222.1593966484 9551031.7285156250
1176245420.8708410263 9634095.0751953125
1184281780.8757510185 9661799.9150390625
1184485559.6780855656 9662755.1416015625
1031138712.4897732735 4108057.9436035156
1030972473.4652637243 4107968.1584472656
1030572874.9115175009 4090854.3188476562
1030835001.7237256765 4102517.5180664062
1030643523.9513858557 4099894.6728515625
1030685181.1767975092 4101266.3574218750
1045981725.2312597036 6000283.1301269531
1046263344.8895753622 6018889.4201660156
1046286681.4170452356 6021819.3283691406
1045810705.0100771189 5989988.0610351562
1137040708.8493120670 9306321.6953125000
1084109598.0626270771 7997076.0493164062
1097542383.7685377598 8435458.8310546875
1037910913.8962514400 5203922.6242675781
1111275274.5667200089 8816618.9287109375
1111434766.5708348751 8821755.2109375000
1145638041.1747870445 9421574.7597656250
1074083417.1155607700 7620003.5903320312
1073973676.1325583458 7612570.3066406250
1073806748.0401525497 7606199.1542968750
1073938924.0806858540 7610846.6093750000
1063897502.3525396585 7165873.9169921875
1063952579.8886992931 7167194.0917968750
1064024574.9329097271 7173226.3222656250
1067346966.0598638058 7338059.2119140625
1160058553.8098790646 9556450.9589843750
1064020095.9202146530 7171771.2558593750
1158097363.5696165562 9542742.4648437500
1038061912.4818323851 5217457.3288574219
1063970461.3705027103 7168108.6914062500
1063930160.3122693300 7167175.1884765625
1063972056.0131453276 7171299.9589843750
1038912072.3466871977 5323579.3571777344
1137161451.2982370853 9307691.6230468750
1038771610.1824488640 5315236.2175292969
1039009129.6674869061 5326577.4592285156
1027957233.2768161297 3513784.4700927734
1098029161.5015265942 8451108.6464843750
1124220532.2071430683 9089754.3662109375
1136464462.2152268887 9296391.2558593750
1145483559.3315005302 9419792.5800781250
1176197023.9988236427 9632542.3828125000
1028050774.8758840561 3544061.2518310547
1028696719.5965594053 3697779.1242675781
1073855000.8524885178 7608188.9306640625
1097497196.6793420315 8434490.4707031250
1097215117.3543770313 8427451.3027343750
1143729891.1566662788 9399838.0869140625
1028136824.2117798328 3574149.4808349609
1073348139.7764364481 7586762.3613281250
1083488510.8971064091 7970669.5673828125
1083368840.3391902447 7966875.5185546875
1137037359.1748785973 9305603.3349609375
1028203175.2434513569 3593758.1346435547
1049812571.0558493137 6269883.6276855469
1049956147.4228689671 6279360.5344238281
1097036180.6942005157 8421369.4287109375
1184482563.1436212063 9662517.7958984375
1064432424.1535990238 7195484.0600585938
1028519859.0511809587 3680599.8070068359
1045562328.2668362856 5968220.8989257812
1049642162.7637196779 6258850.4558105469
1083527722.0997297764 7973217.8378906250
1083612142.1193194389 7977658.1035156250
1137176231.8705000877 9308821.5429687500
1136853391.1525483131 9303945.8974609375
1049771104.4178022146 6268947.0476074219
1136784572.5646822453 9301926.8837890625
1145327182.9501600266 9417376.0283203125
1028415272.5504351854 3658708.4191894531
1028426270.1530841589 3661652.8918457031
1049721573.0896760225 6262394.1804199219
1049863728.9088907242 6274069.1228027344
1123885410.2273218632 9085383.2734375000
1067123991.3885241747 7329094.2485351562
1073627038.9588135481 7598706.6982421875
1112004803.1414988041 8834202.0820312500
1145096122.8234052658 9414334.7158203125
1145192021.1494202614 9416332.7216796875
1049229095.1650962830 6231275.9172363281
1111687340.1725435257 8826519.2998046875
1111891230.9138860703 8830337.4082031250
1049099891.3665065765 6222191.4182128906
1065879600.0549287796 7263560.8461914062
1158908904.8483123779 9548403.7958984375
1112160347.4435949326 8836817.7167968750
1038504369.1972656250 5286015.9040527344
1049310877.6174556017 6236018.7336425781
1124024519.5980157852 9088573.6425781250
1048823205.6297332048 6197549.8566894531
1144530554.3858542442 9408139.5283203125
1030186307.3348472118 4015956.2785644531
1072581412.4176075459 7554177.5463867188
1048611859.7488759756 6189492.4020996094
1112068588.3349807262 8834283.2763671875
1113122739.4906351566 8854987.0214843750
1112897893.2201910019 8850316.8417968750
1030154450.4770832062 3993925.6944580078
1030110955.2210755348 3985723.9876708984
1030050638.5570905209 3975242.4200439453
1096504303.5236332417 8403945.9492187500
1083125515.1344897747 7958378.7978515625
1029991612.8754444122 3957994.9193115234
1123733977.4991407394 9083242.2832031250
1082946392.7464191914 7951385.9941406250
1183835772.7662003040 9659505.2490234375
1183468109.0536653996 9657620.9794921875
1082575798.3562335968 7935012.8447265625
1082474351.6708734035 7931236.4179687500
1183558014.5804586411 9658487.3037109375
1072331204.5204918385 7542912.2148437500
1173188578.3543593884 9613875.7958984375
1072123004.3486304283 7533835.8540039062
1038170607.7273885012 5242058.4416503906
1066565395.4489014149 7296486.5258789062
1047622494.6354557276 6105672.3664550781
1047275090.3571557999 6072095.6340332031
1072165469.4106094837 7535471.2519531250
1047404715.9254035950 6087949.6384277344
1029926080.2438476086 3940574.4320068359
1183044819.5210394859 9656612.6943359375
1065438310.8924775124 7242125.5737304688
1199720819.5026786327 9679480.6962890625
1028934600.2628983259 3707999.4163818359
1095937448.9138174057 8373316.5332031250
1199707475.4643428326 9678961.1474609375
1029783545.1160776615 3910776.4731445312
1051170015.0701069832 6325178.8642578125
1066408086.0630942583 7291661.3935546875
1199403283.4445135593 9678636.8505859375
1050948150.8025963306 6302271.9086914062
1029746599.1747279167 3887011.0609130859
1172824587.6344532967 9613575.4804687500
1050796992.5068304539 6292856.9824218750
1050993919.2563140392 6310270.6821289062
1142299695.2989754677 9376060.3437500000
1156240050.1667842865 9505552.3906250000
1045003853.7128225565 5887705.1281738281
1156256086.9038581848 9506288.7597656250
1156276361.9440283775 9507938.6044921875
1044220659.7002682686 5810736.4143066406
1081432185.4634718895 7884720.4599609375
1081013205.5111958981 7870341.3046875000
1080468436.7280876637 7846476.1474609375
1173383671.5221445560 9618718.7412109375
1081246820.2205812931 7877747.7553710938
1037436988.3293544054 5104327.8603515625
1037457008.2905392647 5108106.0312500000
1029121468.6563422680 3737078.8131103516
1071371252.9194489717 7499546.3520507812
1037356592.3555821180 5091261.3359375000
1155953659.3271872997 9504110.7666015625
1071003341.6011162996 7479901.4731445312
1141406403.1141841412 9361726.0039062500
1173339004.1707432270 9618412.4091796875
1080514895.8127927780 7846530.2055664062
1045161602.0007826090 5898922.8029785156
1141371927.4540114403 9359200.5263671875
1179995885.9326047897 9643664.8154296875
1044571825.3107872009 5843529.6931152344
1181166145.6821062565 9650704.1787109375
1029456399.7467278242 3808268.3006591797
1029439334.1073522568 3789600.7905273438
1044445919.4343695641 5831538.9709472656
1180886763.0430967808 9649592.5166015625
1180755562.0184340477 9648499.5966796875
1179999566.2323286533 9646105.7138671875
1155653123.4469621181 9498292.2636718750
1155553855.9842956066 9497236.3994140625
1155503480.3642508984 9495653.0800781250
1037538167.5975549221 5120233.9111328125
1175774612.2535798550 9627897.2294921875
1198987427.7839777470 9673452.8359375000
1079968423.8790602684 7820649.2358398438
1198492855.4772791862 9672406.2578125000
1080199489.7218604088 7832029.9936523438
1079942576.9731218815 7813838.0068359375
1043895143.8251745701 5768022.8706054688
1043837523.0524771214 5762923.1362304688
1037764048.1080563068 5147694.5463867188
1043854057.4180877209 5765705.0708007812
1037758531.4111453295 5147183.0471191406
1037722042.8548804522 5141828.3557128906
1155314216.0245039463 9489739.6982421875
1055854664.5186682940 6603579.9528808594
1154447290.0972616673 9476024.1748046875
1154976987.9336340427 9487415.5664062500
1154795615.2764408588 9484558.6826171875
1154530417.5817797184 9478687.5205078125
1043264888.6961274147 5701121.4907226562
1043152382.2378070354 5688070.8867187500
1056170175.7317315340 6608104.9482421875
1043242570.4245643616 5697872.8427734375
1040904265.7551102638 5458979.1250000000
1040735446.2783606052 5453625.0751953125
1076758515.7480752468 7686490.5488281250
1040137876.5126681328 5396683.1799316406
1076662902.3229837418 7683337.1230468750
1140855768.3089613914 9341759.6679687500
1040065620.4810049534 5385324.3039550781
1076543171.3001213074 7677824.4794921875
1076569124.5011725426 7677849.7392578125
1039957069.2769700289 5373316.5539550781
1153768507.4749743938 9468810.8398437500
1039793953.7521563768 5355439.1247558594
1140027109.9828064442 9330009.2607421875
1175449725.1136112213 9624012.4560546875
1153805782.6459755898 9470615.9179687500
1042772666.8604182005 5637089.0295410156
1075509711.4373342991 7636708.5952148438
1075746688.4455137253 7642192.8696289062
1197350561.8668978214 9667623.7470703125
1042800700.3481465578 5642436.1760253906
1042650394.2305530310 5628667.6699218750
1196296857.2447953224 9665639.4228515625
1153773326.7048592567 9469976.5019531250
1197063398.3040640354 9667214.5869140625
1115746655.5574824810 8887643.1933593750
1149245569.6283500195 9430173.4726562500
1031789130.5396932364 4114273.9129638672
1116122059.1286900043 8895564.7041015625
1116376967.4030129910 8899182.9013671875
1116412406.4376137257 8900729.0195312500
1116829040.6289904118 8906981.2675781250
1118869219.0835018158 8949322.2021484375
1118766181.9363801479 8945266.0849609375
1118620120.2232687473 8944171.9453125000
1093391814.8829715252 8251048.7241210938
1092858789.0156588554 8222392.6440429688
1092947683.5367624760 8233673.0454101562
1093102087.6950502396 8235988.0991210938
1093131745.5430965424 8237012.6010742188
1092928630.5023050308 8225641.8520507812
1117867389.9440453053 8926165.0097656250
1118219223.6251244545 8933004.0068359375
1118781164.3440983295 8946471.2236328125
1118019810.8789956570 8930730.0820312500
1041878126.6862232685 5542410.7861328125
1041799688.7815712690 5537981.8041992188
1032975967.0710805655 4248268.9633789062
1033031821.9093672037 4249272.0781250000
1041215430.1326260567 5467092.7158203125
1172102363.8457777500 9586303.5009765625
1171707352.1991224289 9581719.3349609375
1054761913.3344482183 6486232.9965820312
1054834196.6753078699 6491036.2827148438
1054639038.5936080217 6476253.3596191406
1033277481.7947592735 4273603.3553466797
1054818915.0827678442 6488445.4240722656
1054610001.8312646151 6467259.8586425781
1054737721.9479478598 6478823.0607910156
1089264396.6333117485 8054227.3354492188
1089966395.1833570004 8066796.4838867188
1063543572.6531721354 6974095.0117187500
1134939326.1980750561 9189479.3007812500
1063364112.0979746580 6952126.1347656250
1063365650.2387000322 6953192.1030273438
1063211109.5219390392 6944309.3354492188
1063216784.9177342653 6945288.0742187500
1034049595.9466552734 4330759.8638916016
1034107742.9179663658 4343274.4954833984
1061634039.1922777891 6856218.4575195312
1034048169.4050104618 4327244.7825927734
1133281767.4424316883 9156922.4375000000
1132293424.8431780338 9139966.4082031250
1132743640.7573506832 9149602.4775390625
1132860233.1510217190 9151109.4912109375
1132719754.4362776279 9148571.6484375000
1132375736.6560044289 9142326.5185546875
1131860871.0491354465 9132360.6855468750
1033909110.8336563110 4280128.8510742188
1033942492.6217072010 4294246.0261230469
1060697422.0045346022 6784850.8969726562
1060878555.2259572744 6799518.3906250000
1060760940.6980708838 6789381.4531250000
1060784271.1057041883 6792287.1552734375
1092786050.1548616886 8159018.2827148438
1060428355.9023900032 6769879.6069335938
1060460501.8629457951 6772178.1816406250
1091659572.7346334457 8123701.0395507812
1059888608.7995671034 6732863.5112304688
1091181109.4049720764 8103856.4106445312
1035981531.9077879190 4538089.8232421875
1035942517.7472876310 4536105.1518554688
1036049817.7243243456 4545969.1801757812
1058242272.1006791592 6628177.3471679688
1036550104.5761005878 4596505.3371582031
1036503872.4274533987 4593653.7736816406
1036487459.1608842611 4582470.2238769531
1036756397.7571021318 4611453.6420898438
1037253752.6393409967 4670801.5341796875
1054601666.2474131584 6364722.9970703125
1108607792.3016853333 8483467.2285156250
