327019000.1921703219 2963880.7626953125
295101958.4875390530 1120214.3387451172
298756324.8304811716 1677326.4492187500
299197996.5786246061 1691100.0524902344
314693477.6209215522 2731229.4365234375
299255011.3176058531 1694055.1926269531
315161817.2410237789 2744332.4355468750
295730316.4968273044 1262105.1892089844
298702407.6689744592 1674510.1684570312
298668570.2211247683 1667786.5737304688
303110835.7967438698 2093123.5773925781
308526700.9254651070 2462271.5517578125
308740364.8565502167 2472539.1542968750
297429287.7455441952 1516935.7626953125
297409676.8510939479 1506935.0654296875
302881930.9843857884 2061401.1694335938
308541657.9122475982 2463691.0742187500
313994306.9940555096 2699205.8159179688
314391325.6712214947 2719026.2612304688
323626936.4082141519 2923016.4433593750
298530621.8711996675 1657185.6232910156
298865980.9760167003 1677946.6281738281
308635231.7103814483 2468960.0185546875
314577043.7382127047 2727752.0957031250
295861190.2367407680 1269871.8391113281
297393819.7043380141 1504574.5771484375
304946613.1978345513 2231204.2314453125
308697071.0977192521 2471697.4707031250
308521551.8185915351 2459220.4418945312
313838486.9724636078 2696158.4135742188
314253775.3017895222 2715299.7016601562
331380334.2053521872 2995720.7998046875
295028719.4216043949 1112735.6292724609
305117537.0579645038 2237757.6074218750
308447650.0505405068 2454171.1801757812
318671777.1511075497 2836860.6562500000
295641028.5894025564 1249635.7166748047
308511944.1747981310 2454420.3930664062
297323947.3270057440 1495251.6972656250
304873955.1364814043 2223857.3603515625
308656547.9476171732 2471683.7910156250
303157297.6025229096 2097895.0087890625
302955557.5709971786 2083736.4829101562
323288515.4173808098 2917611.6103515625
298406622.8019689918 1643110.7006835938
298698782.4385651946 1669385.6250000000
330749188.4885070920 2994565.4248046875
298050992.6309069395 1599053.0671386719
303054310.8190563917 2091985.7451171875
303549830.3815107942 2129249.9438476562
304909194.8497180343 2229057.8291015625
318963814.9476562738 2844404.3027343750
298441749.3250809908 1645585.7734375000
318905489.5889445543 2842389.2421875000
298636099.9746395350 1665359.0644531250
298579282.3226714134 1661978.5498046875
298461918.2508556843 1647446.3564453125
318532283.2104934454 2835169.9316406250
318448211.0647552013 2832120.0341796875
323450699.1757891774 2922950.2802734375
297381785.5594013333 1502288.1542968750
303149505.3341724277 2095991.3979492188
318856730.7154648304 2841392.3906250000
309257094.6023786068 2501718.9736328125
330658339.6877945662 2993853.2421875000
330603862.6085468531 2992943.5585937500
294929395.8829931021 1079129.2908935547
308843867.7416008711 2479397.3330078125
309743487.9440516233 2524869.6328125000
294947456.0325077772 1086194.1033935547
318815381.5184725523 2841058.4453125000
323845984.1698232889 2926709.8994140625
297329682.7171424627 1502161.0117187500
294990163.5955153108 1097505.4517822266
324318958.9238862395 2932818.3876953125
309076295.0848083496 2490328.1259765625
318914130.3905075192 2842664.8378906250
310418802.1018155813 2554894.1123046875
317924537.0431154966 2817095.3691406250
327110300.8761273026 2966188.1572265625
327338598.2895849943 2968258.8232421875
330422584.8615037799 2990694.6113281250
303663124.8422015309 2132579.5996093750
303321153.3447862864 2108971.4018554688
330533430.7505202889 2992624.9550781250
303261372.2524026036 2107541.2348632812
319056889.8120925426 2844952.9394531250
328049886.7138800621 2974446.9091796875
317809501.8816663027 2816867.1660156250
295123711.4585014582 1133305.0711669922
315101137.1456209421 2742505.8203125000
327265329.7015310526 2967049.4599609375
316362254.0043981075 2780501.7763671875
324098162.7929754853 2930749.8710937500
298095469.8887612820 1602875.0021972656
316385781.4156895876 2783501.2392578125
298212502.1259933114 1617050.7060546875
318262464.8047646284 2826750.2851562500
318321201.6405643225 2830353.5292968750
318295740.6025161743 2828939.2363281250
335113669.7109758258 3001938.7509765625
310899368.3766487241 2570006.6953125000
316856418.7665033340 2793259.6123046875
314815766.6291214228 2736839.1025390625
314458009.4192026854 2723770.1435546875
322318634.1629217267 2904168.9462890625
323637895.2910277247 2924793.5205078125
323960496.3010465503 2929118.6914062500
305173459.7567791343 2242851.0590820312
318049744.0788420439 2821555.8203125000
327648031.2743527293 2971454.1982421875
334997915.3526153564 3001895.6474609375
324083933.2044521570 2930369.2167968750
323890799.9883564711 2927358.8066406250
327884471.6062881351 2973998.2451171875
309838925.3072424531 2529244.0615234375
317800606.6358195543 2815925.3828125000
316228116.5134570003 2776195.5048828125
295036240.9516069889 1115151.6148681641
316781432.1003100276 2792964.7001953125
328081541.4816079736 2975149.0556640625
328195097.5353561044 2976142.6806640625
317950143.0547029972 2821543.6992187500
303423941.9656427503 2118769.3725585938
322790050.0731458664 2912153.0087890625
303448411.1807655096 2120429.7055664062
317647758.4490795135 2814427.0117187500
310711989.0822086930 2564788.0976562500
322184851.2119731307 2902074.6455078125
322812867.4371942282 2913310.0390625000
334542175.4157239199 3001199.5068359375
303757653.9300919175 2142574.5810546875
303753617.1720842719 2140435.7038574219
305011682.2974796891 2232137.0400390625
298178525.3548842669 1615660.2412109375
303854083.1883967519 2147288.4460449219
309496958.2286428213 2513575.4467773438
327739512.9537536502 2971806.2373046875
310299249.6707831621 2548859.5927734375
327431234.4098576903 2969908.7021484375
310117289.3603726625 2541671.2636718750
334362616.1525657773 3000606.8603515625
303792243.7072741389 2144817.9853515625
309959141.4337834120 2534043.9042968750
329921177.5878282189 2985580.0136718750
309847309.3346282840 2529280.4707031250
309908560.9157139659 2530319.0048828125
309615209.6955204010 2513840.3984375000
322465271.4342642426 2907999.9921875000
295531611.3989609480 1228075.0858154297
309909920.0503417850 2533097.4941406250
305414217.2604206800 2248965.7675781250
305444044.4788975716 2251634.8872070312
317431197.6259725690 2807401.9414062500
305670386.0616644025 2253522.7519531250
310285202.1770288944 2547841.3320312500
304685371.3850365281 2208244.5688476562
315876154.0951909423 2765529.7519531250
295571497.3093869686 1234624.1058349609
295544407.1001714468 1231810.1693115234
301754540.0358996987 1948370.3398437500
301265234.9619725943 1910234.0476074219
301452865.3428393602 1930918.4665527344
301290110.2745467424 1916920.5202636719
334118810.4035952091 2999431.9414062500
317114383.9765618443 2801432.1816406250
301514815.2464771271 1935346.5866699219
330050784.7235340476 2988682.0517578125
334301487.6204904318 2999984.8740234375
326871928.9937692881 2962971.6718750000
329702768.9234190583 2984170.9121093750
326284075.3269651532 2954593.4648437500
333433292.3487794399 2998666.4873046875
295220594.6631429791 1156306.1768798828
295206399.0997952819 1147585.8890380859
295237777.4467774630 1158303.0589599609
333650317.2376819849 2999059.2177734375
295267530.2988415360 1160616.6292724609
316025862.4316892624 2768466.8691406250
304636539.8251123428 2204889.4975585938
315734744.8757433891 2760713.5195312500
295376631.4917716384 1189136.3660888672
304595997.9653298855 2202434.7573242188
309615692.2924628258 2518409.8515625000
297594851.0202366710 1534168.7033691406
316260450.6653777361 2778158.8740234375
304566856.2010608912 2200467.8774414062
316033738.2505763769 2771251.6318359375
330223551.1166602969 2989882.3173828125
304505908.3957925439 2195580.8930664062
316075492.3048415184 2771818.7119140625
295494835.6918298006 1221633.1170654297
295332971.0852179527 1174454.6966552734
326545410.6115318537 2959197.3525390625
295442770.9600136876 1210938.5211181641
300793179.7888662219 1872667.7534179688
295408452.5956100225 1193551.6285400391
321733665.6320967674 2881825.1347656250
321672792.1836460233 2881380.0712890625
332859553.7520222664 2996941.2968750000
301168586.6656639576 1903141.7907714844
297497365.8400817513 1523871.4667968750
333002225.8464457989 2997130.9462890625
326134623.2377098203 2952478.5126953125
332671905.4393204451 2996389.9472656250
300879877.3440979719 1880631.4458007812
332837982.0733737946 2996894.3359375000
304347897.7853460312 2179830.0644531250
304220920.5857931972 2169047.5673828125
297724798.0531606674 1553125.6303710938
297656965.7993931770 1542189.3117675781
304041557.8530769348 2155666.5712890625
332628625.0114808679 2996108.3261718750
295967513.4663702250 1288101.0704345703
332383026.6745280623 2995784.8710937500
297423888.2623381615 1511611.3310546875
296150503.5657189488 1312825.6771240234
298035721.8691695333 1590968.9287109375
296195439.9756569266 1315472.9802246094
325987058.4101828337 2949200.0751953125
301082975.9361902475 1901605.5563964844
300867007.5371566415 1878579.0288085938
300823491.2261138558 1874659.7402343750
295913793.6400724053 1278828.4154052734
300788307.4324886203 1870141.1293945312
315621829.5765026808 2752176.5830078125
297913448.3536083102 1571119.9047851562
295924901.0971181989 1282013.5604248047
325801640.9025573730 2946876.2871093750
315732254.1496173143 2756512.1054687500
315732394.9896054268 2756639.6347656250
321259708.3475154042 2879384.9013671875
321753959.5671041012 2889013.2519531250
297777048.0903602242 1554783.5874023438
297611087.5614464283 1536204.4846191406
297317881.1662890315 1490201.7875976562
321913453.5646964908 2892624.8193359375
329584030.7802141309 2980308.3164062500
297300229.6368815303 1485294.0617675781
329286337.4640092850 2978619.0927734375
313213887.4434522986 2643391.8994140625
329394622.9645262361 2979025.2119140625
325393111.9265047312 2939900.0302734375
325234219.4735748768 2937891.9365234375
325130413.7958078384 2936199.6689453125
297057024.9196723700 1454094.5554199219
297276266.3400748372 1481546.4372558594
297134606.2242252827 1463963.3913574219
302292989.5724682212 1992663.2421875000
302598138.0778191090 2012691.6604003906
302755754.7650577426 2035991.1840820312
302658134.5347809196 2018777.1948242188
302175342.4637154937 1986572.4001464844
302514064.6243999600 2010364.0258789062
302480455.7489296794 2004758.5083007812
301991162.2001522183 1972989.3645019531
301955972.3976981044 1966257.7993164062
301815742.2962167859 1956889.7770996094
296384828.6037220955 1320642.7082519531
296521012.3776705265 1352315.0397949219
296407774.9765989184 1323071.9880371094
296499763.7296394110 1342637.6425781250
312324225.6107438803 2613379.6250000000
311461827.2062438130 2575594.1733398438
296458136.5011785626 1336495.3928222656
312175688.8096075058 2607574.6127929688
311620543.3929258585 2584074.4316406250
311903201.1926481128 2596582.2734375000
300202495.4637514949 1790389.7766113281
300582352.9012951255 1829366.8166503906
300697470.2344840169 1841731.4018554688
300225067.2948926687 1797726.6926269531
300523327.5766384602 1826867.3518066406
300354700.0420297980 1808485.1203613281
300366734.3545548320 1808634.7414550781
311872363.3256105781 2592584.5527343750
312237897.0614680648 2611618.4335937500
297033248.6762824059 1427594.5092773438
296784017.8521918654 1373449.0065917969
296851943.9907208681 1389408.3461914062
296817419.6677660346 1384143.1479492188
296981274.1887129545 1424088.9409179688
296825098.1433925629 1388872.0273437500
296868597.3482320905 1399543.8830566406
296941441.0678929687 1415015.2685546875
312396267.9013176560 2616431.0332031250
299978077.6725398898 1751641.6999511719
299646893.2071119547 1707131.8469238281
299593092.2847244740 1694552.1186523438
299750245.0919249654 1716339.1833496094
299802688.1950067282 1723210.5263671875
299638398.4580612183 1700680.9331054688
307387979.5473756790 2287760.5546875000
308083868.7941138148 2324555.5629882812
308224978.8555496335 2335605.9379882812
308207455.6678140163 2335197.4785156250
308142245.9503932595 2333719.6879882812
308371831.7515701056 2341254.0761718750
308035322.3420066237 2319655.4414062500
308001983.5145586729 2312573.7519531250
