420303482.3088242412 28.9351706190
420236224.2093321681 28.9291115224
427006755.3058146238 30.6561807636
411784340.9506710768 25.3732526297
421076029.7657523155 29.1488424425
411488270.7702893019 25.2289976006
417769777.0054345131 28.1102092549
409473685.8537395000 23.5081276116
415082379.0921864510 27.1516911049
425925795.8887046576 30.4476175415
416447964.7792522311 27.6111816282
413257141.7666232586 26.2856462917
420431847.1306031346 28.9920357249
422753795.7403358817 29.6520537772
420108006.6474128366 28.9044088974
426710873.6032094359 30.6018087845
411935022.7229983807 25.4087180439
416447964.7792522311 27.6151163543
416525299.0190880895 27.7558319131
413200468.6263930202 26.2524677855
424542222.0985782146 30.1083070073
420642427.0328622460 29.1215281079
420344099.9008612633 28.9668023779
410049779.9665308595 23.8970384761
420037060.5945276618 28.8541028655
419229818.4736836553 28.5973446955
432498035.9954518080 31.1711826865
413506765.3867922425 26.3130118236
412306668.6552136540 25.6813031537
425966938.4266620278 30.4547251235
416730474.6248875260 27.7795727094
424142018.1134740710 30.0007858109
414897461.7624834776 27.0579367986
415828597.1560157537 27.4295929487
419440515.0431502461 28.7004492571
420037060.5945276022 28.8512273438
416039291.8091644645 27.4544863219
411086957.7333085537 24.7883024263
420635086.7242697477 29.0766463715
410338128.3387856483 24.3053080020
411826713.3133965135 25.3973885247
426430008.4472121596 30.6009770678
424450760.2910119295 30.0900608869
428134100.0570046306 30.8546329187
423862824.4451687336 29.9509200777
413974952.2786234617 26.5522999735
414175596.4012545347 26.6921241758
411398224.7611556053 25.1478582397
425142331.5398196578 30.2414342617
426393642.2262131572 30.4978038501
420584110.4305493236 29.0681400451
426767755.7443077564 30.6203527143
425298967.3408969045 30.2584794234
427571570.8011106849 30.8144951500
419957605.0498413444 28.8125481165
411938279.4389030337 25.4093542788
415009178.4341420531 27.0739401138
428897827.9180620909 31.0002916809
423975121.8899779916 29.9669329506
429543573.3025683761 31.1323261540
424619564.5734321475 30.1289227470
421750976.6296656728 29.3693244751
417216352.5933805108 27.8700008959
424236326.8387328386 30.0377396615
421483381.8780569434 29.2854461695
417083871.1371722221 27.8629214663
412362809.7635089159 25.6921121222
411160729.7325659990 25.0036032107
412167391.5768655539 25.5960329662
423595688.5159347653 29.8892144500
413257141.7666232586 26.2880671195
418112814.7637587786 28.2288825381
417694131.3010094166 28.0308263495
414707927.9387397766 26.9152348163
418620168.6926965117 28.4027814915
427552219.1847879291 30.8124881163
412514999.9979438186 25.7891085775
423423693.7659948468 29.8100285130
412594582.7821618915 25.8998096733
419270961.0116410851 28.6046518487
420635086.7242696881 29.0740674871
417175210.0554232597 27.8638262176
427985034.0931828618 30.8286958076
417426577.5516040921 28.0250124617
417003185.2214568257 27.8501065490
426419127.3759657741 30.5049429513
415048485.5778097510 27.0830163712
413660288.7198770642 26.5085766634
409369079.4275060892 23.4837163042
427006755.3058146834 30.6582660023
421483381.8780569434 29.2823488439
412799560.3137315512 26.0209929634
411784340.9506710768 25.3769610369
414059054.0627409220 26.5795587657
412221816.6302931309 25.6768124103
414268476.9884771705 26.7850199509
425880617.0172516704 30.4290459375
411120850.4803406596 24.7953335518
413095630.4941133261 26.1652479925
418904485.8358976841 28.4502690562
414096897.6963530779 26.6378845697
414518605.8487214446 26.8549827994
412027525.9705085754 25.5147410870
419440515.0431502461 28.7033247789
419583233.9811500311 28.7146857576
421750976.6296656728 29.3742924031
419084208.3962882757 28.5635930737
419270961.0116410851 28.6076511544
418687271.5859620571 28.4030194370
415464552.5863388777 27.3065748720
417318881.9328699708 27.9076028194
411872152.5127250552 25.4055055152
411390900.0698267817 25.0882836607
420444910.7632828355 29.0251912891
409880127.4573668242 23.5726807858
424364072.1633253694 30.0538579729
419103983.3682329655 28.5720895370
421341134.7088013291 29.2651896795
415987360.4040763378 27.4402795032
420365205.0214717388 28.9810881227
417178995.2949222326 27.8692444804
421274144.0885596871 29.2380378565
418071672.2258013487 28.2220349761
419125350.9342456460 28.5737757486
410681054.3929521441 24.5149787037
421614581.2191197872 29.3302348277
427388166.7998612523 30.7799777836
420136061.1394079924 28.9253956310
412221816.6302930713 25.6761978594
423382551.2280373573 29.8013149379
420635086.7242697477 29.0781141508
421145361.0702757835 29.2327753680
423763962.7220839262 29.9203931354
424837478.8643036485 30.1654929300
415787454.6180584431 27.4222857955
417378565.3259372115 27.9568850052
424364072.1633255482 30.0546786841
418067587.8479985595 28.1975299864
412826974.0486323833 26.0364948705
410825942.5349639058 24.5983476179
416251965.0205388069 27.5069526816
414715785.5086033344 27.0128218523
419405890.1856619120 28.6313178883
418977914.8915256858 28.5450384167
427357125.2767227292 30.6595968297
418488176.6303124428 28.3448727680
418275027.4963154197 28.3135995715
414991339.3501585722 27.0647117598
425383519.2885965109 30.3557737540
419195129.1414614320 28.5870947630
418251000.6536843181 28.2535172551
411977539.5926032066 25.5020009657
428104117.3192706704 30.8313348489
416309678.2926980853 27.5120899983
416409651.1273174286 27.5501288034
416136966.1227040291 27.4734217067
419804892.3120334148 28.7888261231
432435318.6663736105 31.1696446296
410568629.6425423026 24.3580198797
414065241.0609211326 26.6231383947
433976912.6972159147 31.2495802119
413009478.7041113377 26.0399794784
414986869.5743774176 27.0585786811
417279476.1770658493 27.8855170349
411650168.5437529087 25.2551785800
411974282.8766984940 25.5013647308
419195129.1414613724 28.5850514711
419669849.7484276891 28.7550008448
417259966.7306589484 27.8718729404
413393024.4215435386 26.3086538522
424837478.8643037081 30.1681495686
415305234.1237254143 27.2016262664
412752902.8253340125 25.9544536349
412318454.5622854233 25.6887890416
413512807.9322054386 26.3474944163
420136061.1394079924 28.9263604067
414707927.9387398362 26.9157856526
419628707.2104702592 28.7476936916
415986708.4239913225 27.4300598471
415530305.9435246587 27.3445375478
410611050.2268128395 24.4367922462
411044467.2502711415 24.7594453018
412038793.5079126358 25.5201192874
415498170.6637198925 27.3174984651
418687775.2125236988 28.4129963119
419846034.8499907851 28.7948659847
416199563.7491700053 27.4979416924
423975121.8899779916 29.9645476174
423975121.8899781108 29.9674913418
414460340.1449071765 26.8006758805
414365661.0680158734 26.7962545824
414449074.4773122072 26.7982610200
418817802.2169654965 28.4143677705
418905230.2082646489 28.4506010312
418567531.5412480235 28.3501738432
431635367.8031373024 31.1472788062
410849349.1340433359 24.6571240197
423975121.8899779916 29.9642653894
419845921.4604059458 28.7911990715
410478621.5692875981 24.3111163690
410132624.5723654032 23.9772931106
415415142.0312230587 27.2232020442
414143845.9641212821 26.6572054882
428589060.2443928123 30.9371427847
425866505.9087923765 30.3942905669
426255456.1821399331 30.4823820894
409998314.2378203273 23.8285906675
414140589.2482166886 26.6565712005
418890901.5808410048 28.4260184967
426255456.1821399331 30.4776271736
422743406.5240013599 29.6201966321
433514455.4511693716 31.2184873596
432390285.9621450901 31.1538947430
423303569.9047807455 29.7508354076
423011113.6099188924 29.7151059648
429370732.2585374713 31.0266850973
422814689.9154301882 29.6571392772
422646644.2219628692 29.6080981503
412453577.5605268478 25.7147728099
421958539.4950936437 29.4542026861
411946662.5838453770 25.4274041140
421136824.9766168594 29.1509161336
412045074.1623142362 25.5211661343
421833434.7339751720 29.4050050924
423347917.8987371922 29.7567343443
433422723.0375370979 31.1859094780
412454358.3022657633 25.7240519850
424961197.1861211061 30.2102583410
414471173.1236300468 26.8167699993
413032268.9068402648 26.0893243660
423289988.9030705094 29.7504927116
423203650.5886766911 29.7441276368
412433394.2829397321 25.6956488831
413887691.7659965754 26.5274778796
423574482.4466972947 29.8468871276
412089760.1877269149 25.5655698117
412464161.2377571464 25.7589180159
413537461.9798322916 26.3480427695
425101721.7021694183 30.2279391052
413917659.2353143096 26.5482019788
432168425.0218504667 31.1510640439
413887691.7659965754 26.5243805541
414574901.4480350614 26.8709189545
414000021.6239260435 26.5603942674
422267409.7849100828 29.5168701532
422129611.6028600335 29.4763692310
421548941.1903482676 29.3048956977
422455235.2344100475 29.5432483265
421552197.9062529206 29.3069162467
412565161.6017815471 25.8073463841
422471715.2581375241 29.5679337281
421702130.4210767150 29.3350124812
422225298.0531302691 29.4821963935
415986708.4239913821 27.4368659305
421816648.2762658596 29.4038866205
424921334.3595171571 30.1965685659
425223804.5033654571 30.2524177064
424910463.8452178836 30.1875134879
422126354.8869553804 29.4745704858
425340563.6888207197 30.2618984161
420938100.9967943430 29.1430853258
413859051.1292081475 26.5154382601
413562476.4668474197 26.3490020854
424418242.4187918901 30.0569525459
416345561.5501370430 27.5272137986
416197626.4363352656 27.4965015929
418202183.0445579290 28.2335539310
422615003.6538809538 29.5892698407
421475928.1609513164 29.2665923094
424763866.7546806931 30.1606354541
