371517508.6514713168 138064.2489034416
368427442.6396697760 130518.1826721554
380123395.1360695958 152572.5234966278
380123395.1360695958 152562.6059169769
375754961.7119978666 146238.2170763314
373438258.9624360204 142173.9496136010
366242287.3499461412 125683.1751685948
371016474.8671752810 136947.4241405903
374058251.6579593420 143311.3874995038
382942256.3631168008 155082.5865064263
374109504.1656742692 143355.4484719560
384904268.1444123387 157056.0038833618
376067237.3767321706 146521.2499581426
380123395.1360695958 152561.6827368736
379575620.9557481408 151760.2728395462
383547972.6999063492 155541.2185478210
371203081.5067302585 137388.5711046635
367630620.3162849545 129336.2567971875
374625473.3259610534 144367.5637873411
374488977.1727384329 143930.1467832103
374625473.3259610534 144370.8461786807
383547972.6999064684 155563.6700248718
377497989.1278505921 148823.9981651157
383724869.6375509501 155777.6540527344
372174856.2384879589 139729.9140980877
371123638.0438216329 137375.9167474686
369364476.4591196179 132331.0329577004
371283052.0897319913 137713.0303880154
372799981.6416941285 140284.1953176726
368759932.1682695746 131590.6889036104
368608754.1902921200 130850.0149093692
366023048.0079199076 124680.1694902112
382505271.4697582126 154871.2619532536
366438685.1936261654 126019.2267166493
375667826.8323900104 145703.9972342104
372106971.7240611315 139645.8763795216
375643530.0026348829 145616.3347184807
372106971.7240611315 139619.3206082508
367414868.1288021207 128496.6325088856
367473004.1779118180 128617.7650340721
386083212.8540937304 157752.1299591064
370616890.0174567103 135822.2134408057
377039424.3214025497 148021.0414553434
384904268.1444123387 157028.3627700806
371283052.0897319913 137674.6873829095
372354065.0443610549 139868.1027374789
387818316.6390975118 158494.2612457275
372029975.2853886485 139429.7353635859
370729877.6531861424 136151.0451835692
376045653.0742780566 146279.2850239575
380866370.1873154044 153121.6437134147
370616890.0174567103 135839.7942785323
372412201.0934707522 139964.5584400743
372412201.0934707522 139935.0003992841
367473004.1779118180 128594.8982156445
366367876.1309147477 125726.4509613968
365378359.4910561442 115993.4809929777
383302582.0377205014 155123.3798407316
380866370.1873154044 153122.7248943448
379659139.8233173490 151794.0118370056
371517508.6514713168 138062.2149984123
371406734.7207865119 137904.2470806866
367617022.1259820461 128950.4001268921
379659139.8233173490 151762.0951519012
384904268.1444123387 157041.1808853149
385089601.1154590845 157212.4243545532
367925721.0153797269 129561.0021220308
384683420.6167249084 156678.9477958679
366480702.7372333407 126187.8837601063
377136963.8832650781 148112.2509322539
367473004.1779118180 128596.9311105616
366205080.5916674137 125074.1442935183
377263532.5661112666 148393.2377720252
382942256.3631168008 155098.2914025784
370757950.0835729241 136244.7276786864
367473004.1779118180 128581.4238046338
368759932.1682695746 131566.0546262666
381295940.0359297395 153330.6887462735
378009723.9241042733 149417.8133583181
373808808.1925730109 142866.3924400713
370953864.0216293931 136849.2836340843
368759932.1682695746 131553.4300494596
385328019.1899377704 157435.3875923157
374096795.9335704446 143327.4159273915
367200904.1425095201 128337.1382708116
365559141.3859358430 122734.9276225083
367334634.6928033233 128437.5136941602
375072434.9411311746 144931.5457058251
386511674.7305366397 157756.5017242432
370106568.7225603461 134446.4227232039
370106568.7225603461 134418.2042615712
374043264.7543123364 143217.0792076495
373059378.7042573094 141366.1678676903
374332662.0675513148 143695.2823133767
367146169.8722929955 127852.9524247795
370282120.6125072837 135270.3682233393
370282120.6125072837 135265.0936945975
379176504.9812352061 151450.2965259552
375028370.8758890033 144894.7796116173
366747548.1732594371 127232.3574123299
371517508.6514713168 138037.2141373040
373154983.0901899934 141522.4449467957
373208586.4447703958 141926.6005864441
366849743.5580624938 127537.3472157097
366696639.0252011418 126305.9765008618
377789941.5433816910 148907.9513007104
370282120.6125072837 135252.7754110396
375072434.9411311746 144965.2189549208
366805385.8084480166 127412.2185646412
376548283.1451475024 146956.0645099953
369231352.4501677155 132086.2482371732
367581744.5302918553 128877.9362129451
367616017.4579089284 128900.9348701717
373208586.4447702765 141900.5441398919
374153419.5872244239 143499.7618141398
374101400.8034220338 143338.5031578448
375727195.3528785110 145765.3407324553
366187652.3718827367 124697.2983864107
385019003.5878363848 157152.5215950012
385866445.0734512210 157453.5056533813
384245706.0315547585 156053.9498367310
366696639.0252011418 126298.3469099128
375095384.9466941953 144966.8630091250
370640222.4436059594 136035.4569205223
367473004.1779118180 128575.6462625195
387776703.4951449037 158397.8379974365
376493949.2199012041 146833.7148733512
366849743.5580623746 127520.0515016248
384694108.4124281406 156688.3931045532
371943330.8431184888 139117.0701481625
383819763.9949286580 155943.2382812500
379806744.2094313502 152277.7469387054
380812036.2620690465 153037.7764181495
380812036.2620690465 153001.0138153434
373208586.4447702765 141858.4694227576
372925558.2717478871 141150.4304147065
369289120.9395504594 132119.1334645526
383634431.0238818526 155773.7666435242
374293351.9141426682 143536.5388666913
373543072.2780001760 142288.7315274104
370470562.0554692149 135681.8264240324
385142686.2188910842 157227.8206558228
372925558.2717478871 141183.9842518568
373997713.3730211854 143203.6731407549
365411234.3824897408 116726.5233284879
383399974.4621425271 155437.6468505859
366786782.5817403793 127247.7054849793
376521854.2374646068 146841.0780470148
373208586.4447702765 141894.0719629824
383526439.5954683423 155476.1478805542
365911848.5841649175 122820.5298441732
366849743.5580624938 127547.2023729016
387428726.1633483768 158263.2821502686
374859929.8877002597 144756.0630365908
387338287.5496794581 158253.9676666260
386711315.8871039748 157833.9065704346
387428726.1633483768 158260.5023345947
374859929.8877002597 144688.9745269120
385328019.1899377704 157437.5485954285
382942256.3631169200 155102.6691987514
376924208.4233514667 147732.0684288517
374343960.7274134755 143734.5448464677
383399974.4621425271 155409.8745117188
389193576.8220512271 158603.0920257568
370799750.1235718131 136526.9694084227
373850651.1056982875 142987.1986119077
379153490.4297148585 151087.2867699862
383634431.0238818526 155763.3903579712
383559683.6128538847 155634.4778747559
368446144.7743579745 130743.5796083018
384364268.7102433443 156336.7318992615
384129812.1485041380 155978.0679512024
369394211.7670004368 132596.8016112720
371643640.0442783237 138226.8020321308
369231352.4501677155 132088.1450758383
376924208.4233514667 147694.0862696245
377865376.9333303571 149141.4063472562
383840308.0198354125 155948.5953598022
371645647.3376451135 138242.8611649452
380812036.2620690465 153007.8229545653
379153490.4297148585 151090.8159241676
372412201.0934707522 139954.9133235738
388872572.6561460495 158553.3358917236
370106568.7225603461 134410.6226228774
378359126.6244750619 149811.8677272610
376794620.9555391669 147504.1150841266
367935602.5718451738 129582.9233196288
376625126.1971402764 147104.9580958858
378550461.3926776052 150256.1750003099
378162068.6136662364 149664.9257240407
377865376.9333303571 149218.9922187254
375504855.4806155562 145140.0179468691
380990052.8183699846 153292.1466669440
374931351.8744984269 144867.8109531701
382501865.6726264954 154835.1275518729
382746823.3437611461 155036.4716833426
376645088.2611689568 147157.2107725516
371893980.1504986882 138805.3855965044
370122343.1029837728 135005.7361215651
370006831.0952065587 134046.5428489745
378060774.5933411717 149490.0812153630
373186037.4227098823 141569.6526584923
373198903.8871830106 141824.6149998009
382357387.5166775584 154291.5512579276
380795131.2730785012 152929.0971593857
371792508.6122424006 138629.1032315521
382357387.5166775584 154363.0924079284
370729877.6531861424 136132.2812673151
369341943.4204507470 132232.3681801856
382357387.5166775584 154301.7024687125
382357387.5166775584 154329.7009475238
384253494.7795587182 156093.6124305725
384784547.0260971785 156737.5458984375
380123395.1360695958 152655.7549985349
384994706.7580813766 157088.6664047241
376367673.2154371142 146719.6840004399
376367673.2154371142 146672.6360726729
384678720.7133385539 156644.9556655884
384523977.8609548211 156465.0434875488
382357387.5166775584 154290.0828741385
382020318.2867929339 153875.4718093872
384487951.3412980437 156460.5274658203
387428726.1633483768 158259.8421783447
382715526.7094714046 154989.6955459125
374298458.8142309189 143537.1900440976
379676335.2954129577 151970.4647256136
372812943.3788735867 141002.0678150356
381661772.5957462192 153613.3581384970
368845911.6698201895 131671.5299930817
374750273.9520087838 144525.7730109990
387243393.1923015714 158079.7764129639
379433217.3175479770 151747.2062875032
380986504.7021331191 153134.2582206726
369996684.4468877912 133939.0832799971
369822933.1999276876 133712.0876666605
385193398.7484216094 157294.3359146118
378162068.6136662364 149531.4713802151
378162068.6136662364 149625.1893043630
365956327.0816281438 123700.6013566321
369045432.7384789586 132077.8375449198
378294783.0434430242 149771.5446400456
380247077.7671242356 152849.4173089266
375534308.5238106847 145294.0026664883
379262192.9875569940 151514.7707711458
374553469.0549953580 144000.3909966499
374553469.0549953580 144034.5014521182
381808711.8218969703 153674.9967532158
380217040.6716329455 152771.4298593998
371918224.1114425063 138965.5560142901
381822320.8559488654 153763.5768332481
375534308.5238106847 145282.2823686898
375534308.5238106847 145325.3805871308
374553469.0549952984 143991.8766581416
385930898.2217642665 157727.9954986572
383490413.0758115649 155468.9608154297
369615002.1698178053 132632.1889515256
382079194.9032930732 154060.2367453575
368079547.6568349004 129879.0117894316
370096004.1090649962 134085.4900737107
379990030.0052470565 152353.9651120603
381323946.9996096492 153374.3979823589
376367673.2154371142 146698.9608588591
379044990.2320387363 150951.8472264707
369986909.9604301453 133805.0134697258
375235202.8316577077 145107.4803961217
374518624.7975764871 143949.2419306338
380986504.7021330595 153125.6896181107
379990030.0052471757 152372.2765696049
368267912.2831969857 130125.7879692236
372533156.8530620933 140229.5333186910
375534308.5238106847 145312.8849019110
374984730.5137479901 144874.9522694647
374477421.0293450952 143769.5501515195
368250902.6765172482 130092.4448062264
368330873.2595190406 130400.6898326050
378392352.2696424127 150062.8100795560
368355170.0892741084 130419.7500149061
377798292.6094012856 149005.6698070876
379913235.4040853381 152326.2362440228
381426598.5515572429 153443.9464693069
387494981.1470068693 158271.7635345459
379888938.5743303299 152311.8481943607
378367943.8242723346 149932.0409278981
387051295.8619776368 157997.7872772217
386861072.2909661531 157889.5424041748
387051295.8619776964 158005.0608978271
369665638.5014680028 133383.1258965600
372533156.8530619740 140219.4145387542
372533156.8530619740 140223.2279312592
372389122.4938006997 139901.7963169720
376777081.8747780919 147264.8829069510
378864178.9501985908 150635.6135963909
376766833.7703258395 147255.4056539908
378864178.9501985908 150603.3678059578
376777081.8747780919 147321.9783343524
378864178.9501985908 150600.5888633840
378888475.7799537778 150682.2055545673
379098635.5119379163 150966.3164968118
387009291.4635536075 157902.1410369873
375637970.7938855290 145367.2980914116
