778528743.5542786121 8731599.0546875000
759939439.9508758783 8101994.6171875000
764790663.3704947233 8369420.8476562500
760172712.4368174076 8111626.7021484375
772899267.8171111345 8618492.8105468750
765079918.2650839090 8382032.6933593750
774237925.5756212473 8643889.3017578125
785600321.4363954067 8839679.6552734375
764114694.1437599659 8337538.8583984375
760553375.8971184492 8130207.2871093750
775138139.5689523220 8663250.3486328125
775190958.7835433483 8663263.4599609375
764445896.2641428709 8357049.2626953125
774343330.9684518576 8647220.1562500000
760641931.9064617157 8152282.4335937500
760583565.3743915558 8150854.1904296875
765620921.5509221554 8390581.4042968750
763314017.7293250561 8297446.1298828125
798936982.8062739372 8924882.8085937500
770328411.4479366541 8553623.0742187500
772149342.2417898178 8602593.6513671875
771938344.8889642954 8598901.4033203125
764156817.2882912159 8345588.3300781250
765325742.8587932587 8384159.7255859375
772291455.0704780817 8606249.6494140625
770179709.7881201506 8548977.2597656250
772542790.8963717222 8609886.0664062500
762665804.0037803650 8272739.3583984375
763427977.1123877764 8304006.8212890625
770265631.3508940935 8551300.3896484375
765690427.4472079277 8399586.5927734375
764864577.9168496132 8375370.1269531250
766701583.4666165113 8433418.8320312500
759777738.7544993162 8099081.1552734375
764285072.4409404993 8352158.5195312500
764747005.3961451054 8365514.4169921875
789167193.0132932663 8873864.8222656250
770228054.7783904076 8550576.5722656250
762628087.2104693651 8270775.6533203125
762478467.3097128868 8269958.9277343750
770006495.7772725821 8542700.5019531250
761409786.5743907690 8202181.3945312500
790599828.1036406755 8882038.5439453125
762335321.8960859776 8264223.2822265625
761923630.1724519730 8252858.7812500000
772065101.7491679192 8599487.1396484375
763880454.6008756161 8325567.0458984375
776603392.1473788023 8695865.7080078125
760999327.2396270037 8198899.5546875000
773618326.1279200315 8632034.0771484375
774224867.9876594543 8641203.5966796875
774394421.1860312223 8649588.5419921875
765841568.0518823862 8405493.5166015625
765927739.4219691753 8407558.3916015625
770550392.1991786957 8558252.2500000000
770471241.5486170053 8557596.7011718750
770579157.7039418221 8559778.1093750000
770417895.0153608322 8555756.3505859375
774115030.7698153257 8639719.2666015625
765699622.4799395800 8402034.1806640625
760381948.7062844038 8128564.1289062500
769617998.5793401003 8528933.2294921875
760085669.4717741013 8104856.6865234375
760292659.1555149555 8126749.5957031250
775398714.8811407089 8669044.3828125000
766057684.2165046930 8419309.5830078125
764634601.7817212343 8362646.2099609375
770616838.1547757387 8565821.1660156250
777105939.7154784203 8702319.5615234375
776956673.9626295567 8699752.7451171875
773915315.5810569525 8637354.6259765625
769434774.4417309761 8525565.2695312500
798020509.6950099468 8923508.1835937500
762701501.7811292410 8273428.3173828125
766290416.7956210375 8423728.1650390625
788779534.5001012087 8872194.9560546875
778559856.1235013008 8732979.3144531250
764614090.8544592857 8362123.2353515625
760866472.0791854858 8163239.7431640625
764856571.4827915430 8371183.6259765625
774331210.9782388210 8644621.7705078125
762302990.5692914724 8257589.2626953125
764147298.8930208683 8340779.8515625000
763020510.0706356764 8283881.7363281250
771533350.3781377077 8585763.6884765625
771537792.5393322706 8591539.4199218750
771186295.9831488132 8581765.6699218750
793329836.3936929703 8902617.9345703125
798659626.1380720139 8924745.8535156250
771144450.9348926544 8575876.5273437500
798245557.4555480480 8923572.3593750000
771726830.2533973455 8596164.3164062500
760309582.1392509937 8127932.7861328125
776335156.8855308294 8685504.7490234375
763025373.9999436140 8290082.5156250000
775628004.0147013664 8675216.8291015625
760879750.9204096794 8182610.2021484375
774299025.0931500196 8644351.2089843750
795584189.8883391619 8915689.6835937500
764248236.3546907902 8347230.6416015625
766235583.7417277098 8420873.2246093750
795982198.1117722988 8916208.4335937500
797517118.9697514772 8921143.7988281250
775484125.4421104193 8672856.2910156250
775863954.0087659359 8678266.2910156250
776985836.4884533882 8701028.4521484375
776233646.5192023516 8684748.2255859375
772762345.0366584063 8614295.3173828125
770862353.6186772585 8572692.8847656250
795499671.3945349455 8914302.4160156250
776397223.4299359322 8689304.2490234375
763089585.4131870270 8291479.3232421875
776895518.5975308418 8696449.3095703125
761905711.7157194614 8219347.4423828125
765971100.8842159510 8411035.3779296875
777714994.8714749813 8716652.9697265625
795418303.1094040871 8913681.1308593750
777133605.6199684143 8704444.5927734375
762837634.8698575497 8279761.9648437500
760230689.7261044979 8123857.5664062500
785937513.5908000469 8840098.0810546875
775865623.3994314671 8680560.0341796875
766038502.7855623960 8412151.6689453125
775408706.8318705559 8669750.2773437500
777833908.8811818361 8717084.2285156250
777875428.7459236383 8719536.0585937500
769989414.9658280611 8540420.2382812500
769835075.9156600237 8539205.3984375000
775983924.0238456726 8682033.7353515625
775470687.3131500483 8671694.6162109375
764475924.5369042158 8357147.1357421875
771410211.2822574377 8583257.8476562500
775012484.3549199104 8663012.0126953125
774464972.9071652889 8651338.2998046875
772886027.6184370518 8616171.2314453125
770119723.6297671795 8548043.4765625000
773184540.2037649155 8623409.0859375000
772924120.4883711338 8618841.3017578125
771053772.3796511889 8574667.5019531250
764127920.2613809109 8338745.6601562500
760825974.5088244677 8158373.0361328125
773135877.9157991409 8623142.8808593750
763923801.1762659550 8337439.8867187500
762970570.7244722843 8282706.7441406250
775333155.0767650604 8667416.3212890625
771181672.6189988852 8578062.8398437500
786256480.6514322758 8843873.7353515625
778024989.5347328186 8722128.8427734375
761833718.8578956127 8213039.1386718750
772686179.4599055052 8614090.9072265625
763684327.1242188215 8310563.5009765625
761512251.0675760508 8211142.9414062500
797838027.5691885948 8923126.0253906250
767255131.9545080662 8454496.7441406250
777605836.5333566666 8716255.4541015625
772899137.1520515680 8616926.0253906250
761456196.3389087915 8209693.9755859375
763181139.1588231325 8292895.0341796875
796533130.6612951756 8918049.9541015625
767571727.1699734926 8459935.7929687500
761416034.9281177521 8209361.8876953125
767605223.6257332563 8461858.0253906250
782784094.1564706564 8802941.8857421875
786987955.9109339714 8860408.6435546875
780446487.6928800344 8762275.9335937500
777558494.2800955772 8711694.0029296875
779301609.8121955395 8743845.4062500000
777911804.2222137451 8720858.2138671875
778159392.8495413065 8723175.1806640625
797356367.6308981180 8918100.9160156250
769833895.0751218796 8533297.5644531250
763793218.3569338322 8314932.8017578125
777362607.9622389078 8709518.4990234375
779138032.9014612436 8740132.4941406250
761199788.3757573366 8200050.0625000000
797389212.9768146276 8919080.2187500000
779597555.8848773241 8746449.6191406250
797563103.2857491970 8922809.3593750000
767512561.9585950375 8458342.4248046875
766902720.4462410212 8444573.3593750000
766551441.2525632381 8431555.6396484375
766465587.3063468933 8426887.2060546875
779260213.4239739180 8742860.1621093750
779016373.6758761406 8737970.0048828125
767315844.0320054293 8457730.1455078125
766703591.5958029032 8436579.4697265625
778939156.8351316452 8737953.7734375000
778154522.3029490709 8723040.9912109375
789329877.0832915306 8875683.4482421875
766760140.5891948938 8437028.7958984375
766503063.3311789036 8428807.0947265625
788482034.1300269365 8871951.3115234375
778379882.0418062210 8727949.5664062500
786104297.3244105577 8843691.9130859375
789154015.1077924967 8872389.9218750000
766517619.6431462765 8429985.7626953125
793385745.5000631809 8903108.1035156250
790032060.4749822617 8880863.5136718750
789729279.3769842386 8878139.3046875000
774096687.0128206015 8638882.1406250000
768910923.8873492479 8507130.9052734375
783065327.8778864145 8805972.5478515625
794660006.6228303909 8913452.7812500000
768609333.7076199055 8497109.8046875000
775842362.0526568890 8676320.0439453125
768966654.7382985353 8507606.1835937500
789670486.0384762287 8877597.8144531250
792883309.5700792074 8901701.3935546875
767952141.8161921501 8477281.5498046875
793623249.6827666759 8904506.3085937500
767758273.2380815744 8468144.9599609375
768499787.3000903130 8492161.7656250000
768081424.9535481930 8481244.7089843750
768352473.4077289104 8487205.8916015625
769169456.4128895998 8513186.5927734375
768762008.7418969870 8501629.5517578125
775286618.3264485598 8666787.7216796875
794548670.7208541632 8912245.7890625000
768467923.6989735365 8488441.3164062500
787929359.8928940296 8866465.1064453125
768211413.1845431328 8484544.3906250000
765433248.2013356686 8386691.1464843750
768603664.9285049438 8497012.4550781250
768719747.8308804035 8499553.3017578125
787799696.5452154875 8864679.5146484375
768491167.8525805473 8491579.0742187500
805990973.6229023933 8935491.3769531250
804293493.8039801121 8935038.7695312500
778648860.8494342566 8733305.0478515625
803247410.2193760872 8931420.3125000000
793586362.3326146603 8903410.8203125000
786786402.0471824408 8856489.7392578125
791118449.8268406391 8889841.2119140625
791121960.6586228609 8892256.5673828125
790650556.1991025209 8887670.7158203125
791230250.3256841898 8893850.4521484375
791380646.9624752998 8897367.8076171875
788191140.9576112032 8868844.8251953125
787720171.1261609793 8863744.7607421875
793813505.8719348907 8905105.8066406250
786934456.3652262688 8857509.0263671875
786595776.5048149824 8856087.6962890625
768904183.2983314991 8505250.6630859375
778448431.3622574806 8729209.9150390625
768692209.2766156197 8498739.9003906250
802957120.4641566277 8931395.5351562500
806004261.2528682947 8935771.2421875000
799988304.2183709145 8925367.4199218750
774586412.6541936398 8652773.2529296875
786283463.3176054955 8848352.2998046875
788137653.5525524616 8867625.9677734375
794265713.2627060413 8909765.8046875000
786553886.7579002380 8853442.5908203125
780600463.8421595097 8766202.5996093750
793951453.4477083683 8905465.1035156250
780916485.3509891033 8771686.6835937500
793956640.5780570507 8909031.6523437500
801753359.2350755930 8930063.9257812500
792140492.0860259533 8898160.3349609375
783653504.7877182961 8818482.3212890625
780350124.0158663988 8762062.2207031250
785526196.3937466145 8838821.7197265625
785115832.6705416441 8836801.8623046875
783189722.7529561520 8809553.0205078125
784682570.5948287249 8833110.7373046875
783657309.7439352274 8820454.7978515625
783587124.1848528385 8816954.5439453125
784445871.4811891317 8829069.4169921875
780115538.6847745180 8757075.6660156250
779061870.0113910437 8740095.7695312500
784182533.5908263922 8826976.9072265625
779953159.3294807673 8756996.7949218750
792206577.7139595747 8899958.2236328125
784778285.1286438704 8833502.1142578125
790335872.8654696941 8881586.5976562500
782832125.6010162830 8805163.3994140625
801530704.2766369581 8927673.0351562500
780537131.6399303675 8764781.0673828125
779732165.3581764698 8750210.3535156250
793859185.0152565241 8905447.4550781250
782466807.9623194933 8798568.8564453125
779842263.8198183775 8752240.4052734375
786347628.9703841209 8852621.5380859375
792607017.1009880304 8901351.8681640625
783860742.9274902344 8822112.7978515625
781579579.4977490902 8787852.8974609375
805966696.4285659790 8935319.6113281250
781438788.4451788664 8782610.0400390625
781342248.9367939234 8782100.3349609375
785016190.4130166769 8834346.9306640625
781683704.8965431452 8788816.8486328125
785938865.7688469887 8840180.7548828125
785104536.3478611708 8834562.0654296875
801482377.1360285282 8926827.5390625000
781155075.8534904718 8776658.1923828125
782226498.3772151470 8794426.9111328125
781940951.2157680988 8791163.0126953125
781935992.9667963982 8791078.8056640625
782116861.7708874941 8791339.1650390625
780791572.5677779913 8769641.1298828125
