550407743.7383691072 6894811.7539062500
536227391.9509908557 6440741.5849609375
537927650.2681823969 6510589.5498046875
537739936.1256265640 6510496.7333984375
560776268.6742858887 7065228.3085937500
536324808.1186231375 6441016.8945312500
534573834.8395782113 6284803.7832031250
536462644.4642782807 6447907.9199218750
536662557.7903116345 6456003.2207031250
542879972.4554501772 6707225.7578125000
547450655.1369721889 6836261.0781250000
543617446.4869669676 6723041.9648437500
540798649.4548643827 6632871.3808593750
537974543.4754267931 6510710.6718750000
549956038.7002274990 6887785.7099609375
543269064.2802636623 6716612.0371093750
539628299.7771682739 6568743.7587890625
533430426.5523213744 6210590.3437500000
534948150.7411569357 6333106.3437500000
559123317.2998920679 7046501.6455078125
533671859.1306269169 6226656.1494140625
536426902.0188495517 6447507.2666015625
541047505.4556646347 6639368.1748046875
533171918.2298274636 6202475.1269531250
538330215.3528116941 6526720.6083984375
544212238.0522985458 6736234.0380859375
534659246.7442023158 6311848.7011718750
535311587.3176018596 6357079.6523437500
533673689.0345662832 6229654.1191406250
597055573.4019513130 7275893.7119140625
541780800.7783472538 6671283.9121093750
557405877.5141617060 7020029.8398437500
546452566.6436041594 6809797.8808593750
544811887.0484091043 6758831.3486328125
533074006.8214873075 6198743.7539062500
597271501.0655920506 7276150.0751953125
544439706.3402013779 6743862.7783203125
534999513.9065105915 6355729.1562500000
598353636.5461635590 7277786.7197265625
541055582.7390550375 6645581.4423828125
543683705.4412496090 6724912.6533203125
558265995.8323346376 7033722.9746093750
534910880.2484949827 6324049.8593750000
539006625.9281004667 6551577.0810546875
539716777.5694096088 6576466.3603515625
559693611.1762733459 7054247.8271484375
547423901.4924759865 6830124.6728515625
533538226.1338320971 6217677.5517578125
584387114.1979030371 7249164.0126953125
586719826.3569587469 7253987.1708984375
539764478.3633422852 6576751.0341796875
585374415.7879368067 7251721.6611328125
583676790.4855394363 7245964.2080078125
558657362.4921826124 7037684.8925781250
599244048.6526106596 7278878.7226562500
544297323.2816537619 6738135.4472656250
540462186.4349482059 6618506.8398437500
540273407.4141817093 6606050.1855468750
537451944.9560111761 6486868.2363281250
535123424.7688933015 6356395.2167968750
536997681.0298234224 6460002.6376953125
535392332.9789167047 6374108.0751953125
588167379.2997794151 7256540.3320312500
536209929.5920539498 6419595.1113281250
540291945.9426792860 6610487.8046875000
588919721.9200603962 7257174.3203125000
559433226.8050051928 7050843.5439453125
547196274.5294221640 6827711.5791015625
537724107.4374402761 6502437.7675781250
558735632.7487121820 7041156.5400390625
540693892.3200432062 6622178.0810546875
535543617.2162034512 6375063.3564453125
536076568.8463851213 6404589.7402343750
539845239.5231829882 6587523.7880859375
548031979.7765117884 6843989.2617187500
561704400.0722942352 7082604.8828125000
537202321.7070714235 6471383.1298828125
559194098.3466739655 7046568.8271484375
535324068.1950200796 6365527.7480468750
535651661.7336062193 6381351.2343750000
535746164.6400995851 6387274.4599609375
556241745.0395761728 6999736.3984375000
535634674.3061919212 6379633.5419921875
535962281.4216629267 6398765.5097656250
558327588.9322748184 7036937.6406250000
535696816.3232291341 6383720.5439453125
541322254.0534729958 6649311.1269531250
588116429.1538323164 7256307.9042968750
541502653.7160806656 6658391.1835937500
545695976.7580416203 6786842.3066406250
557110584.7388992310 7018738.1386718750
533826501.1313292384 6244142.1376953125
558161490.9376418591 7031421.7910156250
546426052.1330171824 6808691.5966796875
561810630.2304127216 7083511.2578125000
561148911.3279105425 7075407.2050781250
544037086.5839593410 6731471.8320312500
539512227.7587369680 6566919.3378906250
543810111.1318869591 6724999.9960937500
556356138.1932947636 7005346.1806640625
544134282.8339614868 6734372.2763671875
540942335.3922910690 6637531.5986328125
598851725.4786238670 7278756.6191406250
598288856.5997425318 7277736.9492187500
554343772.1331145763 6963901.5527343750
547065311.1298469305 6820088.2744140625
545710425.0981544256 6790337.5986328125
546395447.3746213913 6803600.8378906250
557906567.5003238916 7028669.5000000000
545979483.3555555344 6794132.7421875000
560989368.8847901821 7071601.4199218750
546612593.7176454067 6814433.6621093750
546214192.9021204710 6803600.6933593750
545424944.7058759928 6781198.7548828125
545945163.0505809784 6793528.7373046875
545682988.8031517267 6785883.7978515625
560212128.4971257448 7061360.7089843750
554501053.5472189188 6970738.8925781250
556928914.9652252197 7016106.9316406250
557683232.4093873501 7026035.3769531250
545274597.3208975792 6778243.7451171875
556692718.6113127470 7009791.2041015625
549460475.0762189627 6873271.0537109375
545200255.0554852486 6769657.9199218750
556490605.5373028517 7006338.9716796875
559994277.8329839706 7056709.4570312500
544958934.4550840855 6761357.8339843750
556300034.7792609930 7004030.4384765625
585592841.8415048122 7252597.0234375000
537700670.9559960365 6500415.5654296875
557443892.0809941292 7022279.4140625000
597431460.9694523811 7276738.9667968750
548344527.0233224630 6848873.1445312500
540710664.8920704126 6624656.1035156250
539503816.7809617519 6564831.1191406250
548571384.9193087816 6854338.4638671875
562726314.9361758232 7092248.5351562500
549833134.9466873407 6884590.9160156250
540258089.9156019688 6603281.3271484375
554778503.7714116573 6976336.2324218750
555933289.8173271418 6997098.7373046875
567910527.3374974728 7142630.1015625000
555673652.4130430222 6993808.0371093750
553044882.2273097038 6947477.0341796875
554855319.5866104364 6979182.7080078125
552025117.7424272299 6930730.6933593750
551585010.0688312054 6925143.0351562500
539218377.9911041260 6559044.3769531250
553425609.1409765482 6953992.3398437500
548615883.7236205339 6861244.4365234375
551446646.8637062311 6920400.9121093750
555809328.2076359987 6996078.0791015625
555935786.3772428036 6997975.3105468750
552321242.2659103870 6936538.4824218750
549010379.1150255203 6869533.7841796875
553720545.7606325150 6957434.0283203125
553271846.7078902721 6953629.7880859375
552751857.1951313019 6941167.1279296875
544390845.2877084017 6739694.9335937500
555415591.4738950729 6988548.8632812500
536202774.8458061814 6411695.2275390625
556492450.9580729008 7008933.7011718750
566035866.2837513685 7126278.4267578125
554372951.3744732141 6968685.9931640625
551718226.0026624203 6925578.0156250000
555174000.4851399660 6984613.9091796875
587682405.9583873749 7254913.5761718750
566532786.6282681227 7139921.2773437500
537639316.5363866091 6493643.7822265625
537364727.0498152971 6478559.0839843750
552621084.9755133390 6937810.1953125000
544559538.3676464558 6751081.9853515625
551422802.8359404802 6917007.2714843750
542069237.5966426134 6679016.9843750000
550816573.3343364000 6904835.5244140625
568002407.2838007212 7142918.5244140625
542256321.6583310366 6689049.5605468750
550347534.4622845650 6892785.4755859375
541459551.5036364794 6654704.7792968750
539814427.9896856546 6579146.8994140625
533964441.3588147759 6255167.2128906250
537656342.1970101595 6496986.0585937500
550500044.0989475250 6897464.2587890625
538313717.5179328918 6525243.0830078125
548368238.3000029325 6849303.4365234375
550246409.2593488693 6890399.6152343750
585779180.1191573143 7253293.4697265625
566394738.7474167347 7135621.2636718750
539779552.8240158558 6577785.7919921875
539986885.7370343208 6592926.2333984375
537594255.6350257397 6492993.5117187500
539469100.7631186247 6563885.5263671875
596358032.1820955276 7272768.9150390625
538168421.2167476416 6522991.3017578125
542878271.4257594347 6704355.7382812500
534877334.2020406127 6313920.4794921875
538465828.0752274990 6539503.6806640625
538340146.7780109644 6535925.3935546875
538361205.9610545635 6537419.3652343750
542104593.4348921776 6680241.7050781250
565218618.3322410583 7121564.3671875000
538711916.8388448954 6543383.2685546875
596258867.6737962961 7272715.4560546875
541746748.8817709684 6669965.7265625000
542004123.4857301712 6678086.9296875000
541594031.3760031462 6662579.9511718750
542206301.7521584034 6684471.5283203125
564851388.6491159201 7120145.6132812500
541615090.5590466261 6664065.2880859375
596374961.2800670862 7272823.1943359375
565431677.5739703178 7125253.9257812500
554101838.9148782492 6961063.6572265625
566992698.8433418274 7142481.3164062500
565236584.3655183315 7125143.3789062500
567479513.2903618813 7142583.4863281250
561582505.3727738857 7080659.7802734375
542652730.1349140406 6695227.9130859375
566126952.2683680058 7130677.1328125000
595674298.3291864395 7272348.6884765625
594258387.1835278273 7270790.8759765625
534376195.5773438811 6272356.0214843750
595067267.0283769369 7271673.0400390625
534187468.7287302613 6265503.6933593750
553044682.5027121305 6945435.1230468750
534517270.2005394101 6283170.1992187500
534387347.4468761683 6275054.9824218750
534462605.6948279738 6275080.0488281250
561926184.9672055244 7084307.8876953125
595166170.6414300203 7271788.8583984375
594409570.3582223654 7271047.2392578125
593216690.4166743755 7269070.6357421875
593361386.1649469137 7269326.9990234375
587350113.2682466507 7254346.5888671875
590793998.3338670731 7262464.3798828125
563871117.6542165279 7108606.6113281250
589714212.5916602612 7260154.7216796875
591718533.1019179821 7265229.3681640625
591870214.4207692146 7266182.7412109375
580512909.0893646479 7239221.5732421875
590398923.2576172352 7262421.4892578125
591762507.0986344814 7266166.9599609375
589928394.1811739206 7262189.0615234375
592999476.6466687918 7267184.8642578125
563533058.9348187447 7104651.5527343750
578618455.9931291342 7230583.5830078125
559006210.3534595966 7043293.9257812500
559811242.3131034374 7056220.2304687500
589050992.5212118626 7259743.5117187500
589638021.5917234421 7259996.2851562500
571602827.8976529837 7189228.3339843750
572773276.3681403399 7196406.6855468750
563348095.4402487278 7101648.6787109375
562941188.4269436598 7098917.2470703125
560508092.7420700788 7065070.5908203125
561459663.6296645403 7076651.3291015625
572181742.2678551674 7195132.8320312500
563228720.8137913942 7101273.6982421875
560790867.2608945370 7069297.1513671875
562066221.4554387331 7088352.9951171875
569974425.8818765879 7176188.7089843750
573220063.1002628803 7203681.0410156250
573001902.8413429260 7198137.4492187500
568776331.3284038305 7162316.5878906250
570667792.6118746996 7181303.4707031250
577684472.7251586914 7227105.2744140625
571127733.5188153982 7185561.5312500000
569366645.9347573519 7170493.2089843750
568976024.6749424934 7165586.4414062500
569218444.0947567225 7168000.9960937500
579346363.0370264053 7230774.6914062500
579827129.7577849627 7233810.7382812500
573953481.6639736891 7205090.3701171875
578193379.9792644978 7227774.8681640625
578369341.7287161350 7227967.4345703125
574189941.2283546925 7208455.4667968750
574744189.7322119474 7209540.4619140625
581399636.5707055330 7240927.9462890625
580213941.3267616034 7235884.9091796875
580485623.5659364462 7237559.9306640625
576201153.3405324221 7218799.2041015625
575408457.0322694778 7215332.0400390625
575533655.9134194851 7216623.1689453125
576731844.4269896746 7222374.5849609375
575777887.0553936958 7218543.1220703125
575498961.4999778271 7216364.1298828125
581146141.6955119371 7240015.9931640625
579522897.9027545452 7232335.4394531250
568325282.3027499914 7154125.1367187500
568145802.4491757154 7151772.4091796875
574681597.7211421728 7209048.0302734375
582924261.6311202049 7245825.9931640625
571601452.9749008417 7187894.6367187500
571472264.1293942928 7187879.1093750000
582455026.2022051811 7244399.9902343750
582806849.7705687284 7245095.5000000000
582281810.9908667803 7243969.2949218750
581869928.7693264484 7243261.5527343750
581681687.6651378870 7242930.2949218750
574606898.6915433407 7208587.9287109375
574957547.0942777395 7213683.3310546875
