119598606.4844519049 1328.7040023916
120669958.0007912964 1421.4374920113
125999908.1108155698 1705.0958044529
125864696.2514578700 1698.8646366596
119843766.7017231733 1356.7496904714
126165849.4990296662 1706.7914063931
120995065.5057463050 1446.8760817044
121143706.0794333816 1458.6431696203
126406217.4159837663 1720.2878482342
124496554.4852206111 1638.2926379207
125707853.9972632527 1692.0375822261
120050286.0403587371 1377.8559723480
127193755.0511885285 1740.3074855804
122685102.6470808983 1547.2839241965
125627801.4648320377 1687.5908401683
121338742.6226202846 1472.6920929314
124244070.8584399521 1630.5595236782
130491209.3012055457 1777.3057889938
125063829.3162675351 1663.1037929729
125928610.0441483557 1699.2886898518
126271005.5566260666 1714.0566804409
121747983.3842138052 1492.8937303508
122566234.5360939056 1541.7292500479
123810480.2513332963 1605.0938570264
124349736.1138861924 1636.5382510189
125665743.9737495780 1690.9606102183
120913303.2445400506 1439.3809397008
120672070.5721391588 1422.5060927861
124804197.4389277995 1647.8101778987
120464521.6869143248 1405.0151712888
125265115.9215506911 1675.6100738719
125349705.1150363982 1678.3257406428
124637279.7350303084 1645.2388545040
119672446.1845797896 1342.0140969903
125320158.5111248195 1678.0733001903
125185455.8496169746 1670.3293512538
131293411.1576178670 1779.2117624283
131489158.5576786548 1779.6258764267
121483437.1189518273 1481.5249004723
123990314.2049314827 1612.9465416435
131301935.5316694081 1779.5933160782
130745844.5751388818 1777.8826055527
129355025.3762092441 1773.0136566162
127722094.1011256874 1752.8548679352
128047180.3091140836 1758.2343044281
123916145.5067795515 1611.0725843671
119759209.9757125825 1350.0733241422
123768885.5771004111 1603.7644445661
125560078.7183033675 1684.9818828776
119652263.4089067876 1341.8288201673
121358925.3982932717 1474.3475963054
125894242.8553693593 1699.1170771122
125425823.7665710449 1684.0520275310
125602188.7418170273 1686.0588548854
119873692.0367378592 1369.7658596618
125079790.5941707790 1664.3506239131
123886598.9028680623 1610.8201439145
124551713.8121471852 1640.0770636562
120307738.7342962772 1395.2825260742
124056361.5587393492 1619.9769352439
124379282.7177976966 1636.7906914714
124003702.9414859116 1616.3914942506
119344417.1787795722 1301.7109711283
124631766.3445783108 1644.5238057140
120883756.6406285316 1439.1284992483
124109368.1969321519 1622.3702215913
123780933.6474218071 1604.8414165739
125455370.3704825938 1684.3044679835
119295496.3287297785 1284.5378335864
124273617.4623514414 1630.8119641307
124602219.7406668216 1644.2713652614
121589102.3743980527 1487.5036278130
119294296.5174296796 1272.2687550933
121662269.2414993644 1487.8521667315
121512983.7228633612 1481.7773409249
120296129.9012211561 1392.7654619210
121618648.9783095568 1487.7560682656
121291855.4983219504 1463.2579519742
125572642.1379055083 1685.8064144328
124526101.0891321152 1638.5450783733
121203519.1435554326 1459.0755063472
121802890.0297482908 1494.5857207371
121131193.7373954356 1455.2011714341
126401742.6616397500 1715.2777001858
124138914.8008436561 1622.6226620439
120357437.5588972121 1396.9254597575
129752306.7259485424 1775.1122713089
123701785.2504830509 1599.2389817897
129935118.3446750343 1775.5950784683
120816765.0684707463 1431.5311582082
120656024.9797307104 1419.9360415929
120474051.7828098238 1406.3014049523
120499242.0271126628 1410.2033963783
121919547.5063087195 1506.9353319937
121771069.9853621572 1494.5482970072
124021301.5643758774 1619.0094460014
120445503.6616352499 1404.0999221795
138086998.7157343626 1782.5440788269
120642554.5232112259 1419.8495795720
119274113.7417566925 1269.9655678852
120548940.8517135829 1411.8463300617
119846156.5084292740 1357.5729771240
119324234.4031065851 1299.4077839201
119504251.6662020832 1319.1041741951
120227497.5039384067 1385.3341688814
120365456.6281436831 1403.5315867646
130827053.5581277013 1777.9462509155
119392363.9029589444 1302.1853170322
121995666.1578433812 1512.6616188819
120677468.4162116796 1425.7293871028
119172619.0239715427 1233.0817475376
121680620.3448875546 1491.7859585816
120742762.1173903495 1429.1833060673
119545703.7840626836 1323.0749327057
120806197.4880284667 1430.4092290827
120840852.0328526795 1438.1208578498
119412236.5083441287 1302.6071916206
120563516.8492257595 1419.5703981282
120247680.2796113938 1387.6377781919
120978752.3123591840 1444.0913870328
119525521.0083896965 1320.7717454976
122054183.7762460113 1517.6928854932
120169269.2729974389 1384.9244967664
121113933.6167333126 1452.4307558530
120035994.2111220062 1370.4132985773
119644910.6562711895 1331.9391248376
120989421.8960747421 1445.1072265890
121890000.9023971856 1506.6828915412
122545906.6325323135 1540.3702271028
128091063.5512176603 1759.1704139709
120037659.8012456894 1372.4938474281
121302374.1629898548 1465.9322450949
122925470.5640349388 1561.9918153031
122627388.4762766659 1544.4525102163
119475354.1201841235 1318.4937352521
122120177.8785019815 1519.8155442072
122800958.8433763832 1554.6440089727
121261545.0362130255 1459.1741371514
121084294.9545603395 1450.6153127131
122695293.5879301429 1548.6652816320
119696782.7480152100 1346.4307747467
129079169.9530527294 1768.1993885040
119725680.2940331548 1347.0412136896
122675110.8122572005 1546.9880225403
124204083.4680534154 1624.9881733421
127325518.7901267707 1744.7961454391
127073035.1633461714 1737.0630311966
126900380.4960416853 1728.1315283775
119179283.0152859092 1236.1439160921
123211095.8231864572 1573.0812451584
119086272.0616814792 1228.9286656436
122194055.6033975035 1521.0909996821
121805132.0655461252 1498.9398839070
126970985.7571243942 1732.9797196388
121678314.8339078128 1490.0831390215
121058731.0787012577 1447.0666473700
119581019.3756303340 1324.4724625928
129253230.4990618080 1769.8113632202
121755391.0662545264 1493.2399983002
119433006.8409575075 1303.3427641971
119624727.8805982023 1329.6359376295
119187130.0228251964 1246.9198784885
121869818.1267242432 1505.0040093256
122446051.0842588246 1534.4686841114
129108716.5569642186 1768.4518289566
121975483.3821704388 1510.9827366663
129153047.6779482067 1769.4748439789
127258529.3782685399 1741.8433699608
129589537.1745994389 1773.4399995804
127774566.3936510235 1754.6114130020
122127045.1590864360 1520.2082484202
127006045.7514878809 1734.1102557182
122021379.9036402404 1514.2295210795
122156591.7629978955 1520.4606888727
119237391.7787590325 1248.0146169756
124233630.0719649047 1625.2406137947
126843737.7235974222 1724.9600653648
124878013.2018740028 1651.1250609148
126865320.5016781986 1727.0009922981
127000532.3610358834 1733.2321600914
122597036.0145246685 1543.2034561677
129182594.2818597406 1769.7272844315
123211381.9122415781 1573.1951698128
129425661.5934112370 1773.0977354050
127639660.8630688339 1751.9289846420
129650217.7718555629 1773.7289361954
127771324.8859575987 1753.4200363159
127446238.6779691726 1748.0405998230
124901826.7738002688 1652.5515108258
127549663.0067761242 1749.5684957504
126150902.4839423597 1706.3712599277
125994244.6877606660 1701.2930719852
123846864.7688924819 1606.7482235197
123298680.9064687937 1579.4730108741
126814191.1196858585 1724.7076249123
126919856.3751320541 1730.6863522530
126866622.9077574164 1727.1360602379
124920767.8365784734 1653.8943811432
123224803.1815732718 1578.1975553993
122766571.8412140608 1552.4627959473
124743942.9871731102 1645.4912949565
126211353.7363234758 1708.1867144108
129702282.6600158811 1773.9598293304
121477268.1544384807 1475.2507853104
125036529.4353081733 1660.2954597622
127849041.4205784798 1755.2021522522
121961279.1556810737 1510.2865248515
124751845.2955662161 1646.8720787528
126240900.3402349502 1708.4391548634
121478539.4726913571 1476.9197315766
126949402.9790435582 1730.9387927055
129351783.8685157597 1771.8222799301
126243493.3359466344 1708.4469070435
123119137.9261270761 1572.2188280586
128211740.4331984371 1760.9160766602
124996534.0774776042 1655.3355159834
122014512.6230557859 1513.8368168665
128695819.6246638149 1767.5515708923
124478647.6943367869 1638.1993736070
128112046.9245261997 1760.1479377747
125026080.6813890934 1655.5879564360
122849351.9125002325 1556.2655284150
123096110.6828016639 1569.9200027946
121770869.5387672186 1493.5089684321
128543604.1244808286 1765.7068548203
122819805.3085887432 1556.0130879624
128119815.9657190591 1760.5170917511
124508194.2982482761 1638.4518140595
128031540.2976559997 1757.2605504990
123254349.7854847610 1578.4499958518
125819618.6611638367 1692.6105573848
126264716.2615367621 1708.5322310925
124834272.1794289052 1650.9762583226
129281147.6513137519 1771.7382011414
127910435.4082094133 1757.2439241409
127475785.2818806469 1748.2930402756
137513502.1701529026 1779.9145660400
122557823.7383425832 1541.7236067696
122452158.4828964025 1535.7448794289
126784930.6121604294 1723.4348044395
123373847.4513595998 1582.0081679884
122480014.4826678336 1536.5455268963
122479602.5039736181 1536.1510128124
126692594.1659868807 1722.6413054466
126370793.4956771880 1714.9054725170
122206853.0208838582 1522.3950034146
122312930.2550242692 1528.7682448392
122995849.8242547959 1562.7776998048
122576610.5076126754 1542.5242542370
123197604.5579353571 1572.5124778142
126693006.1446810365 1723.0358195305
122503591.6014233232 1537.2737150257
122400273.6067158282 1531.8287997310
128333429.3775610477 1763.5279245377
122886796.6894447505 1556.4727671807
124132642.7596167177 1622.5749751094
122649953.3692534417 1545.1179465726
123757464.5180751979 1600.8696146670
122503179.6227290928 1536.8792009418
127510845.2762441635 1749.4235763550
127223301.6550999880 1740.5599260330
123671847.5758620054 1596.8136984855
122600187.6263681948 1543.2524423664
123562488.2960958779 1593.7635639086
123479512.7068057954 1587.9868953291
123046810.8056573123 1563.8526733581
123479924.6854999661 1588.3814094129
123628016.0835622549 1594.8636737529
137589935.7163752913 1780.6261920929
123638596.4070882052 1595.3149405185
125820030.6398579925 1693.0050714687
126894867.1055896878 1727.2534327507
126071062.2415970713 1705.1605348587
131254323.9237434566 1777.9914970398
123355060.6820895374 1580.2806568805
123355472.6607837081 1580.6751709643
123461137.9162299186 1586.6538983050
123759138.0407323539 1601.4594288021
123944933.4599160999 1611.3572297457
123839268.2044699043 1605.3785024050
137583062.7924869955 1779.9470882416
123546083.9968720675 1588.6344907060
137522798.1943915188 1779.9330615997
137610330.3770614564 1781.0678272247
