173458877.9414229393 3596497.9785156250
169545559.6671538353 3311762.7236328125
167483385.4109443724 3078670.6191406250
167877803.1166648567 3126559.5722656250
169436011.7849544883 3310747.3134765625
170324965.7206395864 3386116.2080078125
172794337.5330393910 3559622.8183593750
183938688.6301488876 3903147.6523437500
169637310.3905440569 3323989.4658203125
174432782.2836015821 3650075.9384765625
177990390.0612691045 3796799.3671875000
183556778.1517279744 3902856.9179687500
166092699.1737540960 2840917.9511718750
167445477.7935500443 3075759.6835937500
169666064.7636805177 3336848.3466796875
170365594.1280142665 3389971.2587890625
170372876.9552645683 3393620.1982421875
172939529.3085373044 3572267.3408203125
173103298.6050076485 3583613.0917968750
172933787.2168073058 3567377.2539062500
177734445.2783808112 3792539.7343750000
179485556.3125411868 3840605.9482421875
169784449.2201617956 3346106.9033203125
172873388.0676422119 3566360.6035156250
179932323.1208068728 3855944.0888671875
182677587.4943999052 3897424.2871093750
179876489.4072297215 3852642.3935546875
166187408.9846237302 2862633.2402343750
166462808.0426326394 2896094.7441406250
166460855.4840938449 2892696.7177734375
167379986.9656738937 3064665.9570312500
170525622.9924540520 3396288.6396484375
170883354.7727234364 3433871.8505859375
179631904.6881175041 3850167.9677734375
166088790.2571488023 2839551.3808593750
170250326.2577023506 3384993.2255859375
170100600.9315021038 3369268.2119140625
177076212.6823146343 3765137.3759765625
182712904.5331184268 3898055.0771484375
170167607.6947340965 3379622.2978515625
166350771.4171808958 2888981.8955078125
169931126.9327537417 3355105.9462890625
170006675.6723764539 3368337.7666015625
169980073.3865663409 3360600.0517578125
174146348.8090581894 3640254.6982421875
179581189.7485213280 3847463.5205078125
182319582.0661866069 3896700.7324218750
183471564.0258435011 3902021.1035156250
166467906.3890406489 2901918.6435546875
166298999.8298996687 2874306.4287109375
166237052.7803595662 2870689.7548828125
169918763.0893241763 3352955.6201171875
169909723.4790238142 3349941.9833984375
178011260.4212874174 3798959.7636718750
183449670.1407380700 3901492.4365234375
165702506.5809636712 2711560.4892578125
165665950.6585083008 2704606.3349609375
167440352.9484023154 3071700.8222656250
179615617.0535773039 3847899.3525390625
183332785.6063407063 3901378.2216796875
166103425.5156937838 2844237.6250000000
167817276.6316231787 3120120.8017578125
183331308.7493595481 3900101.3447265625
173881492.1471999884 3625678.4101562500
166177475.3864050508 2855775.2167968750
171270383.4245493412 3460102.6044921875
174508994.2726756930 3653738.4482421875
183041341.8873806000 3899043.4931640625
167501612.0851301253 3082951.4765625000
167912898.5229544938 3132667.8349609375
174524542.5971066356 3655337.3095703125
177092521.5167112350 3766559.3154296875
179443706.4297705889 3840285.7753906250
182870695.5510388613 3898495.9384765625
170900534.5761978626 3437822.7216796875
173838814.4563453794 3620904.6796875000
171119791.2311125398 3448107.3701171875
171217364.1988846660 3456468.6103515625
174899833.7117671967 3669258.5732421875
173510712.6705986857 3601338.2871093750
174765244.6942255497 3665387.5507812500
177046102.2068831921 3764672.9570312500
182179364.2794614434 3894850.5566406250
166058032.0230407715 2838976.2714843750
177111797.0187271237 3769819.0195312500
179165834.7738322616 3830977.4316406250
177391148.8809209466 3778824.8476562500
177562665.4723486304 3786737.7539062500
179501204.0019303560 3844918.6611328125
181978304.9159536958 3890590.1386718750
193260423.5551970303 3920959.2392578125
177071379.5487993956 3764906.6757812500
177191595.7641710043 3772131.8554687500
182757314.3695132732 3898359.4228515625
165705743.7346943617 2726523.9638671875
169833474.6714372039 3349909.0498046875
177205683.2405496240 3772778.9101562500
166020354.4113796949 2823714.8437500000
165743542.7065767646 2733155.5185546875
165765494.7991131544 2753793.7783203125
167991685.3368833363 3135470.9003906250
171664825.0751338601 3472224.0742187500
167299511.0933569372 3048664.9707031250
170755741.1011959314 3421902.8955078125
171531800.6721926332 3470664.8642578125
174794510.6672067642 3668317.8876953125
167337430.6300067008 3053771.3417968750
167712812.1830560863 3109597.5527343750
181098344.9480916858 3875379.7089843750
165816894.5079721808 2768571.1914062500
175029502.5999090075 3676365.7763671875
177008504.0766696930 3761774.4472656250
176922812.3242455125 3758961.0917968750
165911995.3832664490 2792873.7265625000
165885646.2131789327 2783452.1210937500
165957296.8048931360 2807846.8007812500
167319044.5874803960 3049972.4023437500
169755660.9140054584 3342224.5751953125
165942257.0198734999 2795863.6816406250
170849955.5354681611 3430005.5458984375
167534033.0157432854 3085070.4570312500
174602366.8798767924 3659896.5068359375
178169204.1475661993 3803375.5615234375
167790785.1042021811 3113828.3437500000
169806830.5690938830 3347852.7509765625
170790388.1131578088 3429124.7626953125
173577290.8966602683 3607934.4355468750
179765426.3808773756 3851667.7861328125
177854169.1667253971 3795379.7998046875
180969468.6050434709 3873122.0722656250
165838025.4397958517 2775696.1464843750
170782360.9584653378 3428432.7001953125
165722717.3539004624 2728533.6513671875
167266385.4576706290 3030580.1738281250
173471092.6973211765 3600272.1435546875
169935847.7335388064 3357984.3193359375
170934064.4645336866 3438275.4072265625
192966236.9071646631 3919381.0322265625
167598737.2483771145 3093515.4843750000
165803795.1855992675 2765164.3613281250
170056368.5594686866 3369063.6025390625
174710910.0024400353 3663304.9306640625
172682933.6807369590 3555646.1660156250
174505672.8918749094 3653507.1826171875
193497960.4523489773 3921643.8369140625
167577777.8252452314 3085527.1738281250
168128279.0913242102 3150667.1484375000
173684172.9148136377 3610612.1347656250
174647773.2520521283 3660155.9541015625
193034609.1222894490 3920447.9238281250
168113692.2435218692 3144089.1933593750
165755449.1386190057 2734118.9287109375
167218988.9115833938 3029251.8105468750
168224113.0667517781 3165766.8554687500
172483258.7482083440 3539825.0820312500
174432567.1963546276 3649704.8935546875
180299733.5597144961 3859657.3544921875
170685916.2558370233 3419789.7548828125
172331500.8473989367 3532408.8164062500
193672290.6403560638 3921702.9169921875
180530091.1140053868 3862695.5185546875
180017627.3304076195 3856691.3701171875
167376070.1208299100 3062408.4628906250
180320441.6121311784 3861711.3583984375
168444681.7726551890 3183757.2949218750
171047745.8436602354 3446292.4003906250
174040850.6498638988 3633186.3691406250
166448332.4546588063 2889181.9531250000
193427712.3874993026 3921470.9013671875
165711013.5271905661 2728192.1533203125
172544741.4569620490 3544827.5000000000
181808031.8013643622 3886232.8369140625
181520885.7623625398 3882585.3291015625
192648704.6648676693 3918614.3310546875
172629557.2648056149 3551330.0839843750
181791321.1936112046 3885705.7802734375
192547447.8396616280 3917640.2021484375
181862683.2303674817 3888935.0253906250
172711242.4317378998 3557410.7968750000
181502094.1524379253 3881248.4589843750
181808577.4916749001 3887606.5058593750
170426138.7765482664 3394958.1464843750
181607819.3691037297 3884413.2832031250
172566043.2906801701 3546918.3046875000
173854376.8294237852 3623813.3398437500
172589926.7153114676 3547900.9218750000
192832667.8390204012 3919009.5615234375
178059369.0349456668 3800067.3076171875
175501701.5348309278 3691229.7412109375
172651212.7701504230 3555124.8652343750
168536958.0468073487 3195440.4492187500
172643458.5213086605 3555077.8437500000
177948139.2276534438 3796584.4658203125
180773079.2276770473 3867873.2207031250
171392288.5300557613 3463601.0087890625
181378143.3211302161 3879211.1230468750
181430154.6347979307 3881084.8964843750
178557732.3323094845 3812401.8886718750
180693077.7617787719 3867533.2412109375
180637200.2095189691 3864604.6113281250
170618892.0337418914 3410479.8037109375
172662865.6246458292 3555143.3750000000
168192921.1667337418 3155815.4755859375
178302927.1130808592 3807629.4033203125
178141717.9284644127 3802461.2119140625
176239991.3603280187 3726104.5292968750
178454212.8433440924 3812380.4433593750
172934365.2096752524 3569780.3847656250
174508152.5929209590 3653626.5703125000
175532895.5487291217 3693281.2460937500
168349872.8647875786 3177161.5917968750
168507726.8780952096 3191822.8906250000
176267466.9538619518 3726180.7656250000
175986117.3514536023 3715082.3388671875
168268820.6166915298 3167021.2285156250
173722660.9404094219 3616678.7050781250
175867264.3431651592 3710634.3662109375
174143759.7294652462 3637184.5000000000
173738481.4260762334 3617652.3574218750
173719327.5890432000 3616637.0878906250
178293763.1411364079 3805624.7636718750
175732523.7206778526 3707735.3701171875
178560387.7684220076 3812734.3984375000
168393232.2933180928 3179910.9179687500
166774713.7414489985 2905505.8076171875
168318458.4332880378 3175155.1816406250
173215558.5906087756 3587256.5693359375
178949389.4100371003 3824099.0380859375
178876775.3749600053 3822951.8427734375
175364144.0413653851 3687809.1044921875
178712382.1081913114 3818018.1669921875
178829697.9409003258 3820159.3535156250
178657699.6780405045 3816473.0566406250
166660055.2824882865 2902967.2587890625
170348865.7599670887 3388040.2001953125
173611020.6265881658 3608336.5693359375
175660876.8069159985 3701690.4697265625
173553952.6403928399 3604074.2294921875
178362363.7783321738 3808719.8027343750
175654601.0160433650 3700135.4492187500
175398048.6372011304 3688601.4580078125
175628272.9207770228 3697787.8662109375
190963292.5898227692 3914043.0283203125
192472613.3061617911 3916837.7294921875
169132681.7423121929 3249233.6660156250
173254987.3272653222 3588572.4951171875
175632837.9931299686 3698989.6875000000
173347191.6239440441 3593262.9599609375
169081556.9399811029 3242906.9804687500
168753919.1679961681 3215294.0039062500
172297924.9200550318 3526000.0615234375
191908774.9485770762 3915548.7851562500
173294104.1188935637 3589130.3906250000
191926648.1032891572 3915746.1367187500
176732803.1872466207 3741626.1699218750
176583018.8347121477 3734501.3417968750
176585677.0883128047 3737027.4492187500
172184094.7697237730 3515691.1250000000
192211165.7521041334 3916385.2148437500
192003984.9947198629 3915791.0859375000
190906323.8655173481 3911355.5478515625
168985832.8406608701 3234632.5566406250
191131013.3299666345 3914054.8017578125
168762099.6172106266 3215779.5527343750
168769652.9286913872 3220568.0917968750
191286095.1480417252 3915453.5400390625
176852168.5998851061 3748596.0527343750
176772091.1012449861 3743129.2021484375
192106638.7304594815 3915915.1660156250
167205497.9708090723 3016477.7431640625
168621716.3828697801 3200890.2089843750
167127276.7462146580 2995504.5058593750
167171151.9101183116 3005327.6582031250
167100885.5854688585 2992416.4121093750
167049014.4779880941 2968133.3144531250
168866934.3751685619 3229539.0351562500
168666832.6874831319 3208561.0781250000
190760539.9094934464 3911109.7373046875
172145214.4191411734 3497685.3359375000
172034491.2237567306 3489326.1787109375
171936747.6643673182 3487845.1279296875
171882675.2700977325 3482982.1132812500
171876382.7290315032 3474949.7392578125
171837047.6657893062 3472846.9658203125
166953300.7612986267 2944218.3125000000
166993873.3211407959 2946710.1445312500
166927340.2022323310 2936797.5136718750
167037803.6199070215 2953493.3125000000
167000046.6390297711 2949214.2763671875
166944562.1526162326 2944008.1406250000
166814219.8440679014 2914172.6875000000
166852344.3370424211 2925750.3300781250
190585505.9662933648 3906693.5488281250
169420835.7758726478 3270439.9199218750
169356368.8896875978 3263167.4414062500
169247583.6930882335 3256185.1054687500
190657156.1073275506 3909541.8525390625
169375742.2974771261 3265901.5410156250
169380313.1557473540 3269588.3535156250
190550699.4228520095 3903570.5205078125
