1140299782.8251297474 22387550.4423828125
1170415589.7673504353 22907435.3330078125
1170892812.1507377625 22909606.0927734375
1041071176.5136797428 15522804.1259765625
1040904281.7112965584 15510934.9853515625
1040811654.4249455929 15498981.9990234375
1035226486.4921613932 14192684.3378906250
1035373350.4615486860 14200891.5458984375
1040961423.9537265301 15514624.4228515625
1170960394.3546619415 22915508.0927734375
1171575522.3341338634 22923691.0263671875
1035085800.6517385244 14170354.2285156250
1080605444.1153795719 19675853.3398437500
1080449089.9077835083 19664411.2695312500
1172314462.4979374409 22927415.2636718750
1034115395.8691499233 13865446.8945312500
1050839063.2732949257 16848270.1826171875
1080504762.1118109226 19664765.3828125000
1124266802.2038631439 21915358.9873046875
1162709226.4938182831 22786238.9892578125
1035205163.4151501656 14178705.5332031250
1142040587.7923786640 22425324.2041015625
1141918727.8925731182 22423715.8212890625
1213034712.3685753345 23145013.2841796875
1066633390.5044779778 18546904.6757812500
1066855868.3412287235 18566544.3417968750
1106261913.1873548031 21259931.3613281250
1048782341.9112517834 16599664.1748046875
1050767437.1511915922 16836613.3505859375
1067024650.7194950581 18570328.3554687500
1080666687.6766386032 19677057.1699218750
1106009856.2344441414 21250631.6972656250
1124234226.9138536453 21910970.3076171875
1163182152.9263491631 22796605.1181640625
1187798454.6335725784 23039161.5380859375
1214517680.1601049900 23147735.8544921875
1050747073.1250777245 16829191.9365234375
1105888869.6395325661 21244205.3613281250
1066819104.1389291286 18563255.5820312500
1078821712.4057941437 19543139.8896484375
1080594254.2708847523 19674550.9423828125
1191964414.4526760578 23076185.5537109375
1140038011.1392285824 22385469.9501953125
1050616422.6255205870 16815743.5400390625
1080792716.4996817112 19681002.4785156250
1066616367.6058741808 18545439.8496093750
1066811262.8336640596 18558208.5859375000
1102633329.4686028957 21079299.8847656250
1050527870.9475827217 16809904.0087890625
1078963841.0646221638 19552727.1035156250
1080523464.0056650639 19669752.9843750000
1108491371.2143702507 21334883.0273437500
1066127732.8625814915 18499877.6425781250
1108040994.7084012032 21321011.8417968750
1066734166.2619231939 18554264.9531250000
1141787763.2305409908 22421184.6259765625
1191459220.6341164112 23072716.3662109375
1048848076.3876196146 16606697.4414062500
1107604826.8468303680 21298079.7949218750
1139632442.5496857166 22379999.2685546875
1142280341.4599049091 22426478.8798828125
1066448536.6784151793 18533019.1347656250
1141710416.7885715961 22420515.7392578125
1214627768.6535274982 23147787.6552734375
1141469972.4328148365 22416569.8798828125
1141287578.8995258808 22413170.3759765625
1211940813.1269490719 23138745.6240234375
1107875491.0952184200 21314176.0644531250
1212421489.7721965313 23144326.4521484375
1107697206.7075686455 21306017.7226562500
1107709776.4383018017 21308095.0253906250
1134403090.2360954285 22237316.9160156250
1140893488.6694867611 22404174.9189453125
1169611732.7318041325 22897072.3466796875
1107619124.7209556103 21300825.5917968750
1048960284.5458890200 16619897.7763671875
1103089872.0856342316 21096987.4238281250
1103427922.5796892643 21113961.1406250000
1169479068.5608372688 22893972.4375000000
1191379404.4229166508 23070922.3193359375
1215033458.8879563808 23147875.4755859375
1041300227.5639698505 15529832.3046875000
1103401013.8520867825 21111696.7089843750
1107608041.4848058224 21300507.1562500000
1139733725.2535135746 22380565.4414062500
1050749689.3871281147 16833292.0966796875
1103377814.3508901596 21106202.6142578125
1103231763.2494313717 21105800.0917968750
1103617839.7004559040 21119348.8320312500
1103452557.5934984684 21114937.1484375000
1050651088.9615905285 16824884.7998046875
1139486606.0311138630 22373506.2578125000
1098679388.0220189095 20821339.2626953125
1034615271.8981776237 13935542.4062500000
1096437760.6467077732 20687934.2626953125
1098567063.6317164898 20816778.8310546875
1167625305.5324251652 22859731.9482421875
1034788585.4512009621 13964235.5986328125
1034965934.0626946688 14100003.6064453125
1081131826.0550603867 19702029.6748046875
1104808286.1197955608 21175470.9248046875
1081341459.6322882175 19714325.7880859375
1081464507.2168145180 19719017.5322265625
1034633045.6899088621 13962230.7460937500
1104479310.2019433975 21156650.0888671875
1139270196.9579141140 22357433.1953125000
1034890977.6541372538 14078033.7695312500
1103997273.6432046890 21135785.3056640625
1104709914.4017641544 21170397.4443359375
1079615483.2245750427 19599024.3681640625
1065549210.7372968197 18416262.5273437500
1034841413.2386913300 14061841.8671875000
1081189701.3279368877 19707541.5771484375
1079821566.7272560596 19612681.1611328125
1080926330.6150333881 19692716.1025390625
1138206175.4509429932 22338979.3046875000
1081051911.8574457169 19697929.8056640625
1188165154.2372512817 23048585.0019531250
1167729940.7352550030 22861448.7412109375
1167164981.6908442974 22853189.3388671875
1167002018.1421048641 22846383.7529296875
1167430747.8119006157 22856668.8857421875
1064968565.3249834776 18343665.2578125000
1187810023.2024493217 23045685.8037109375
1188976725.1272451878 23053632.1474609375
1036172186.1246231794 14342803.7080078125
1125436585.4109272957 21945084.8925781250
1125715125.3856801987 21952144.9462890625
1188825625.1795263290 23052792.0419921875
1064485572.1200456619 18292530.1406250000
1125658962.3775458336 21951409.2998046875
1036312993.6637551785 14374608.4658203125
1064519300.3286409378 18303708.4804687500
1125153210.7428379059 21938820.4658203125
1188211631.7186095715 23048746.3164062500
1064247421.5772495270 18273835.9609375000
1064585319.9449794292 18308845.5390625000
1048385844.5667059422 16523063.2353515625
1048278186.6877412796 16516462.1708984375
1048154322.8269845247 16490931.4755859375
1048229410.6137712002 16496568.8564453125
1099877391.3366613388 20885940.5185546875
1100034742.3335897923 20901974.5712890625
1187346440.3863027096 23038776.0732421875
1099879326.6857824326 20892354.5107421875
1099917157.3123872280 20894118.1425781250
1100060301.3560175896 20902967.3974609375
1099699049.2380342484 20873470.2822265625
1099161727.1955080032 20852561.8349609375
1099198270.5953369141 20853303.8896484375
1047803926.1217445135 16436878.5742187500
1135449897.0731863976 22259461.9140625000
1135287211.6394886971 22257053.2109375000
1187034879.9072742462 23036674.7958984375
1186439096.0528481007 23027307.1787109375
1078467819.5136811733 19478878.5537109375
1211558713.3687431812 23133259.9921875000
1047489824.5481669903 16371800.6796875000
1035993738.3949422836 14230689.3720703125
1098325940.6569764614 20790515.1005859375
1040221844.9645391703 15196943.6767578125
1097996516.4860405922 20772657.8056640625
1040139516.8968595266 15185721.7294921875
1040516464.3541017771 15255667.8535156250
1040459998.9662804604 15243632.1660156250
1047327179.0207873583 16335850.6562500000
1186182681.9633784294 23022403.7451171875
1185212443.2190866470 23010086.7021484375
1185225119.9676742554 23012757.3115234375
1047222153.3035852909 16291956.6953125000
1037992866.9757978916 14586421.5703125000
1077131859.7939193249 19311389.7275390625
1076959942.6866173744 19284536.5644531250
1046775288.3699947596 16232866.4960937500
1046497781.6820627451 16179204.3437500000
1046690135.9237923622 16206872.8330078125
1046692575.5007703304 16215424.5781250000
1037588456.8126095533 14479328.4746093750
1046384163.3957563639 16173887.2128906250
1046217716.0801632404 16141917.8769531250
1045971179.5311057568 16110992.7832031250
1045858049.3004750013 16091946.1933593750
1064090209.0160406828 18204078.0644531250
1130340926.9639129639 22053403.9843750000
1130699413.7575788498 22064182.2226562500
1064006474.2398552895 18195399.2167968750
1130508536.9162814617 22056256.4218750000
1037830656.2959368229 14552587.3173828125
1076035360.7594738007 19194558.5283203125
1076133211.3202476501 19201383.2041015625
1162276135.1089205742 22738098.8281250000
1076678934.1558856964 19240200.5517578125
1076539143.7316977978 19234902.9365234375
1037786999.7918761969 14515950.5166015625
1038107039.2052876949 14606594.0986328125
1076085530.0686743259 19199046.2548828125
1129028688.3254013062 22008298.9560546875
1129201841.7526454926 22011843.3837890625
1037809721.1843051910 14524393.1611328125
1044561690.7987061739 15853261.4296875000
1161881823.4639618397 22734456.5234375000
1044486016.1958887577 15837817.2792968750
1044440192.9909619093 15837723.2441406250
1044629283.7119640112 15857937.8750000000
1044625197.9823224545 15855182.7890625000
1044412443.9583177567 15831040.1601562500
1075971060.2152149677 19192975.1220703125
1129015375.3158097267 22005824.7841796875
1128949093.3643960953 22001397.5908203125
1043414015.4589142799 15667720.5136718750
1128601535.4950037003 21987979.4306640625
1042974353.1482439041 15606452.0273437500
1042808469.8447600603 15576006.0957031250
1038454134.5620424747 14613975.2285156250
1042646607.3238346577 15552586.7480468750
1160822089.6926119328 22711868.3095703125
1063431597.7905058861 18113528.8281250000
1063196292.3093435764 18081883.4726562500
1123829526.8235294819 21833235.2919921875
1160457808.6093430519 22697511.7246093750
1153576735.5009322166 22578321.9453125000
1153867990.9438538551 22585110.1953125000
1153520506.0456557274 22575797.2500000000
1153202677.9094383717 22566975.3320312500
1062717617.9376364946 18002952.6328125000
1153639791.0245685577 22578638.2343750000
1159981883.3067688942 22676443.8798828125
1160006346.0141375065 22681439.4580078125
1039664763.6374740601 14805046.1250000000
1039694925.7277382612 14817676.3564453125
1039880434.1204103231 14865432.4697265625
1039944151.4449763298 14875609.1611328125
1039963242.3118164539 14877511.4462890625
1040008506.2393554449 14890517.2978515625
1040016749.8103809357 14907721.8251953125
1040109985.0360455513 14922135.6533203125
1157104980.5617411137 22630562.0634765625
1062478625.7313665152 17933837.9023437500
1062418577.3769255877 17929505.1210937500
1062399035.7117701769 17913486.2832031250
1156217567.4088416100 22616950.7158203125
1062164954.6476309299 17883517.6660156250
1208540697.5804026127 23091383.1074218750
1062252272.2458382845 17906300.4062500000
1074171814.4694585800 18972000.4257812500
1073961278.1635563374 18953947.3310546875
1207874858.9065268040 23086594.1210937500
1208243799.7520797253 23091268.3632812500
1073408595.3682426214 18906603.2275390625
1073595956.1703559160 18928657.8173828125
1073426434.1434876919 18907021.9970703125
1073301088.7939059734 18900849.4599609375
1073325039.5196493864 18902496.4765625000
1073146548.3256465197 18886182.9277343750
1061395265.9403625727 17733806.4902343750
1092355748.6940522194 20211651.7695312500
1092329180.5662512779 20211467.7314453125
1092214902.0307984352 20208868.6328125000
1095352177.4015522003 20414425.2714843750
1095599667.6665425301 20427538.9941406250
1095300916.2334671021 20405649.3222656250
1095558542.6180324554 20421735.7324218750
1071574919.1554770470 18712605.3105468750
1071608792.1682640314 18728062.7851562500
1093080670.8849773407 20251161.7832031250
1092829160.6864318848 20241184.5683593750
1092682771.0686342716 20230803.6679687500
1092630478.2063341141 20227146.5429687500
1070240629.2907236814 18594336.9365234375
1070177037.3906288147 18589236.8935546875
1090652630.3705539703 20020388.9726562500
1060826051.4632916451 17615223.6318359375
1060801807.2549651861 17609555.2568359375
1089379964.3951694965 19898521.1386718750
1088935720.1856899261 19875338.7851562500
1089176675.3656976223 19892363.7148437500
1089269818.1194248199 19892390.0195312500
1089076250.4170796871 19883228.0410156250
1089155784.8834927082 19887419.3046875000
1087998990.5440075397 19808410.1298828125
1060650871.9431885481 17570785.5107421875
1060613901.5629311800 17552160.8662109375
1060607994.9224662781 17548548.7021484375
1060646022.7943574190 17561667.2910156250
1060433372.9011806250 17527754.9404296875
1118158614.8445713520 21362731.9716796875
1118236105.9651510715 21373251.5009765625
1118048860.9900670052 21362652.6201171875
1059887248.4542325735 17409882.2324218750
1059541342.7973583937 17362057.5917968750
1059673727.4967842102 17377832.4062500000
1059219013.1409147978 17206258.4433593750
1059133618.4792008400 17198513.0839843750
1057626134.3219220638 16885089.3271484375
1058190553.1689758301 17022604.4736328125
1057630242.0493103266 16894633.5556640625
1057878359.8560394049 16949686.8261718750
1058166848.0755792856 16993245.9335937500
1058093132.2645269632 16983518.8554687500
1058028690.6683802605 16966109.2675781250
