218114834.5149859786 2632463.3037109375
217277933.9312531352 2574180.0283203125
215034881.0670357049 2366261.2343750000
214696201.1577127278 2320591.1728515625
219500692.4043706656 2706973.5136718750
215102728.5267995298 2368550.4726562500
217919720.3777134418 2621638.9941406250
214696201.1577127278 2320564.4541015625
215034881.0670357049 2366117.0703125000
214583073.4137652218 2305417.7861328125
220530588.4365770221 2750319.6953125000
214586642.8077729046 2306182.4599609375
219098767.2328332961 2689497.0566406250
216771748.9926253557 2535409.6904296875
214404724.3599467278 2231987.6518554688
216484813.4945366681 2508845.3193359375
215101435.9932243824 2366891.3999023438
215135676.7074428201 2373360.5195312500
219903164.1238230169 2723359.8554687500
216030257.5072497129 2472253.8642578125
224309583.1791312397 2796555.5039062500
214900415.9831370413 2350810.7314453125
215079474.1842639446 2366784.6191406250
215034881.0670357049 2366056.3105468750
217006303.7126004398 2552132.9003906250
219903164.1238230169 2723325.8261718750
214440184.5375111699 2249786.8559570312
217029558.0551359951 2553873.5166015625
219903164.1238231361 2723469.1796875000
220000161.7488225996 2729079.0234375000
215648259.0827317238 2439528.1152343750
217029558.0551359057 2553527.6494140625
216381174.0694383979 2502333.9062500000
214475695.9298085272 2262105.7719726562
215033503.3414979577 2365188.2617187500
214278243.4510977566 2183144.7949218750
215128279.5498344600 2372921.5166015625
216695692.0607545376 2529874.5214843750
214433762.5778134465 2238644.7983398438
220034827.7775891125 2730334.0585937500
217816786.0890483856 2613168.9316406250
220004128.6289821565 2729331.1152343750
217006303.7126002908 2551787.0332031250
220470624.0003879368 2744978.1269531250
219362882.6033887863 2700820.8007812500
214532988.7452925742 2271499.3027343750
214571381.8039306104 2289191.4570312500
220419674.3659110665 2744238.8066406250
217816786.0890482664 2612969.1621093750
216695692.0607543886 2529520.8789062500
219903164.1238231063 2723390.7480468750
215671542.0976260900 2444814.9316406250
220598368.9521740377 2751165.3671875000
214586992.1157450974 2306209.3505859375
219183438.2340076566 2692583.7128906250
219183438.2340077162 2692781.0488281250
214543650.9612754881 2288744.4667968750
214453038.1459391415 2258767.0322265625
217983792.0208951235 2626430.1308593750
221358447.2016127110 2772470.8261718750
214984425.0076258481 2358166.0341796875
219183438.2340077460 2692937.3554687500
216672199.7338896394 2526754.7724609375
217880436.1388783157 2616288.1357421875
215850313.7822872400 2461412.0615234375
219926554.2785968184 2723810.3339843750
217200530.7882156968 2565810.3554687500
216179613.3691277504 2488225.0107421875
215870017.7778562903 2462491.0126953125
214278243.4510977566 2183188.3203125000
215975997.6907118857 2472114.5068359375
217094948.0329498947 2557691.4140625000
216621627.5488192439 2522604.6591796875
214979227.5980418026 2357957.6123046875
214749774.2849792540 2331943.0888671875
215795953.2659209967 2455035.3818359375
218302656.2705639303 2644446.5595703125
214288071.3778552413 2196143.1787109375
216050435.9933352172 2477910.6816406250
214288643.0410186052 2197543.0986328125
217094948.0329497457 2557494.0781250000
215846395.0803073645 2460629.9873046875
215806198.1883798838 2455524.9931640625
214285212.5158585310 2184483.0234375000
216050435.9933351874 2477697.1914062500
217543586.2021007240 2594211.8779296875
217653081.2280898094 2604481.4804687500
220909196.2726711631 2756739.3417968750
215870017.7778562903 2462277.5224609375
216509636.6899597645 2509630.8828125000
217846677.9997865558 2615650.8359375000
216753915.1940966547 2531097.0087890625
215541920.3133217096 2432315.5351562500
215534062.6195582747 2423162.1933593750
219086392.4308285117 2687836.1992187500
215740395.9935518503 2449778.1259765625
214364554.6108230054 2203128.1279296875
216070256.8770564198 2479609.6816406250
214640565.2430116236 2317404.9365234375
215873806.1091520190 2464113.5625000000
217846677.9997865558 2615629.2460937500
214543650.9612754881 2288472.1132812500
220470624.0003879368 2744902.1816406250
215170768.0250447989 2380609.9326171875
217426188.4390279353 2589478.7490234375
214640565.2430116236 2317559.6865234375
216072522.3482837677 2481204.6328125000
217426188.4390278161 2589132.8818359375
214869334.5950124264 2343716.7587890625
217870787.0892027617 2616237.6064453125
227134401.1116778851 2801054.6855468750
214389905.1614112258 2221998.7641601562
220909196.2726711631 2756745.8652343750
221036941.2244573236 2763123.2851562500
216672437.7182189226 2528126.1298828125
217971639.6872191429 2622308.3193359375
217227472.1998960972 2572041.8115234375
215767162.6847161651 2453925.9990234375
221052392.0526149273 2763687.1464843750
215607235.4397061467 2436247.2851562500
215536654.5145378709 2424177.6923828125
216169568.1514628530 2486203.0214843750
214744204.6681098640 2323808.2011718750
223056547.7398656309 2792566.3300781250
215755016.9986814857 2452015.1435546875
217971639.6872190237 2621954.6767578125
214753692.9869591296 2332706.3544921875
215685364.2581784725 2449087.6962890625
215893393.2285094261 2467262.6132812500
216364267.1336660981 2499868.6269531250
215142124.2209851444 2374825.4619140625
214950674.3739540279 2351048.0351562500
214856037.8809733987 2342364.5673828125
222484430.7742716074 2790125.7832031250
214722187.9061114192 2321525.7734375000
214722187.9061114490 2321592.2031250000
214962831.8178937733 2356506.2138671875
220909196.2726712227 2756936.0449218750
218034569.5152814686 2629218.7763671875
216586728.8168040216 2517457.4443359375
216586728.8168039024 2517265.1904296875
215316678.9814280272 2399213.8886718750
217227472.1998962462 2572293.4482421875
215631527.6051926911 2437850.9619140625
215462188.0293449163 2416518.1386718750
215484229.2040453553 2419828.1796875000
215494091.8934422135 2420497.5937500000
215573481.3577082753 2434000.5312500000
214950674.3739540875 2351192.6445312500
215494091.8934421837 2420300.1796875000
221005114.9959620237 2762635.0410156250
215484229.2040453255 2419630.7656250000
216982677.3138101399 2551538.6845703125
218179158.8633913994 2636704.3056640625
221052392.0526150465 2763759.2695312500
216695692.0607544780 2529866.7460937500
217612128.1674930155 2600358.3623046875
216152517.2120329738 2483337.0546875000
219273295.6498145759 2696589.3066406250
220989664.1678044200 2762206.8847656250
218302656.2705640197 2644677.8896484375
215400130.7824387252 2406279.3447265625
216275886.8497152328 2493708.4746093750
215400130.7824387252 2406286.0478515625
215218156.2442186773 2383253.9931640625
227122172.8863626719 2801029.0742187500
218302656.2705640197 2644705.9716796875
215404955.1711590886 2412891.2714843750
216256561.8476042747 2489162.1562500000
224805205.5462549925 2797936.6132812500
216317858.7259187400 2495381.8593750000
217715733.1901750267 2607877.8447265625
214887926.2429104745 2343857.8818359375
215263371.7539745569 2389335.7470703125
215297785.8884244561 2397417.0976562500
217361508.0946910679 2580442.9843750000
224780114.6880955994 2797192.9921875000
215297785.8884244561 2397369.4394531250
215297785.8884244263 2397150.8632812500
215235577.4617100358 2387448.0517578125
215297251.3589240909 2395391.5986328125
215341928.3126165271 2399624.5458984375
214619066.0372123420 2306885.8388671875
223430066.4939744473 2794820.4707031250
217063960.8256235719 2556715.9492187500
215148310.9215556085 2376523.5664062500
222413641.1464710236 2787962.5820312500
215197411.6951944232 2380644.5615234375
217578556.3712441623 2596735.1162109375
220275592.9832778573 2737888.5917968750
222740290.6125233471 2792452.3945312500
217578556.3712440133 2596483.4794921875
222731747.7313592732 2791214.6894531250
220909196.2726712227 2756860.0996093750
224780114.6880955994 2797189.2988281250
220679602.4833091497 2753858.4316406250
216840394.9265815616 2539061.6328125000
220792475.2359061539 2756022.3027343750
221795089.5103806853 2779326.1660156250
222582161.5026158988 2790699.2441406250
222473836.6615577638 2789400.6308593750
219271410.8899631798 2694740.4482421875
224780114.6880955994 2797492.8808593750
216880869.3736876249 2542158.1943359375
214744204.6681098640 2323760.4941406250
220321435.9134879708 2739671.3427734375
220485960.1264593899 2745787.9765625000
219055495.7994205058 2684261.0244140625
219825238.6961069703 2717969.4072265625
219798046.6552700698 2717773.1103515625
219829039.1097313166 2718733.4970703125
223691951.4769385159 2795624.8613281250
219829039.1097311974 2718480.6083984375
217036510.0882266462 2553882.8623046875
223770243.5399744213 2795710.2460937500
216820589.4434820116 2537833.4228515625
225703192.0402435958 2800795.4570312500
216845007.3708072603 2541115.1201171875
217109446.4716181457 2560587.5976562500
217115504.7169659138 2562054.4921875000
224722268.4053301811 2796939.6054687500
217502188.6034045517 2589921.9775390625
216667011.4927343726 2524556.6123046875
217777434.7153742015 2610825.9238281250
224722268.4053301811 2797140.1699218750
216515448.6836364269 2511069.1767578125
216515448.6836363971 2510989.3759765625
216565252.8965278268 2515110.0185546875
218968379.2316444516 2681416.7392578125
219441459.7374153733 2703501.4736328125
217370519.6277198792 2581379.1357421875
217236855.2467786670 2572793.2177734375
217395815.6361272633 2581869.4150390625
217146079.2943797112 2565322.7705078125
217142416.4720135033 2565172.7119140625
216960695.0773407519 2549690.3808593750
219825238.6961069703 2717962.8759765625
224327458.9228187501 2796833.8046875000
217323389.7752673328 2576682.4873046875
220132606.7897409201 2732641.9560546875
218261213.4578442872 2643221.7197265625
217907936.8353775442 2617673.3564453125
218168735.0805042684 2635850.4267578125
218168735.0805043578 2636120.0986328125
218143829.7400735617 2634907.9462890625
219951236.2061585784 2725302.4482421875
218832198.4239271283 2674174.1816406250
218168735.0805043280 2635970.0400390625
218561157.4289987087 2657057.5517578125
218384001.4471879303 2649956.5576171875
221190038.9363202453 2767845.6093750000
219662679.4323550761 2712381.7216796875
218769126.4620607495 2670380.0634765625
220116202.7259418070 2732264.6318359375
218645862.0850657225 2664047.0937500000
218864657.9435203671 2676240.1279296875
225499074.2175542712 2800596.3984375000
219017091.0516127050 2683010.7529296875
218622678.5769810081 2660300.8183593750
219034710.3690672815 2683130.3408203125
218034300.8286639154 2627005.4365234375
218034300.8286639452 2627155.4951171875
221135861.5205465555 2765800.6933593750
221330995.3430949450 2770299.1933593750
220367672.3108732998 2740337.1533203125
218602493.9575781822 2660218.8828125000
223258676.0121060610 2793462.3652343750
223258676.0121060610 2793541.2011718750
223555473.0388094485 2795423.6679687500
223555473.0388094485 2795321.1699218750
220963867.3410147727 2759956.0351562500
218625965.9896028340 2662300.9960937500
218740497.6859385073 2667973.9316406250
221236455.4911252856 2767962.0312500000
221273147.0137423873 2769239.5527343750
221105711.4549614489 2764579.2910156250
221503550.2879488468 2775310.9433593750
221540241.8105660975 2776820.0742187500
221512093.1691129804 2775558.6445312500
223073139.9336644709 2793374.0957031250
223297469.9490848184 2793820.0781250000
221876015.6108177900 2781396.9667968750
223171144.6520794034 2793391.9765625000
218093549.7354567945 2630387.5439453125
221817914.2074630260 2779607.5371093750
221912707.1334350407 2783051.5976562500
221885428.9331389070 2782912.1718750000
221990215.0056002438 2784104.0957031250
221501231.2261691988 2773252.9082031250
218575173.8571685851 2657733.7294921875
222415838.0572419763 2788027.3691406250
220918033.2880665064 2758093.5605468750
221912707.1334351599 2783088.2734375000
222251172.3512232304 2787205.4921875000
222106237.8679417372 2786419.1542968750
222075420.4683392942 2784453.5078125000
218554938.9607757926 2656897.5136718750
221941861.0459762216 2783099.8085937500
222135391.7804828286 2786532.3691406250
221804661.8927868903 2779485.6328125000
