836450248.2129975557 240482.8088850919
835308705.6140205860 213327.2720525530
852205807.3755321503 354147.7940665036
834983818.5630437136 203399.7256097798
835869998.8983621597 231656.6821607742
835839015.9496258497 230282.1975385044
835869998.8983614445 231641.7272047196
835953682.9811958075 231827.3361173067
836959804.8711062670 249766.4221198349
839124654.1547887325 277602.8808941892
876780647.9607858658 399268.4989071153
843584673.2896064520 313964.0214713337
835787237.9401587248 227232.5808033887
936743212.0308215618 519154.1792672643
835608637.8908189535 223325.5286758635
836078599.4744113684 234395.0343544725
945935474.8826653957 535838.1300749456
838031333.4480723143 265156.3864119253
843089222.6638284922 311029.7973792749
835500269.9524972439 219983.5791518954
835839015.9496258497 230267.2685834263
837728216.3925337791 261098.9422007152
837471706.4140448570 257143.4892359474
1027612549.2943443060 702795.1327095032
841422200.4660997391 297936.1588527006
840231244.5955827236 288792.2640735400
836935279.7148265839 248487.8543197601
842768668.3865227699 309061.6404745369
848304490.1304107904 335953.1653204355
835023570.4909288883 203681.6601877217
839680658.8889681101 283312.8562696404
839737673.7534391880 283559.4423796660
835415610.4715294838 216715.6147114304
839464514.8204207420 280497.3838007492
834983818.5630435944 203398.5622797017
835106098.0268617868 207310.1160867480
835364442.1166738272 216440.0930822161
843418310.2051508427 313029.7583778100
838797251.5568033457 273439.6576326094
835044757.9726610184 205400.8351068501
835044757.9726611376 205402.9382562642
835661582.4205805063 226141.9637092743
835827873.8235309124 230032.0148924980
848721323.4159562588 338604.9858548697
840411228.9526119232 290368.6353994426
836020840.7458940744 233507.4373914395
835342480.5356479883 215000.7745263842
835342480.5356478691 214997.5287988451
839737673.7534391880 283559.4381072051
1027785397.4735637903 702857.1329231262
835827873.8235309124 230032.0164794121
839963633.6556593180 285201.6467008940
836223144.9369673729 237438.0326673184
836866708.1268832684 248073.8732826202
852476724.0775322914 354963.0157553703
835827873.8235309124 230032.0026854668
836630854.2491155863 244086.8070299379
851706292.2595049143 352777.7843842134
854757015.8990560770 363798.4820660859
835044757.9726611376 205402.9453363423
835827873.8235307932 230029.7321776543
836667953.1127583981 244388.2443110398
836703671.6162815094 244542.0699665300
1027271604.6765544415 702339.5338325500
983767072.4395457506 603783.2090109587
836404810.5506989956 240213.5196752790
838430060.5592138767 269572.9758997015
835425541.5111683607 217895.5778533518
839178458.4306278229 277713.3445825628
835630599.4718449116 224768.3324478362
839299452.0151435137 279011.1734824753
835037273.3889248371 203753.1977014546
836468059.7134586573 240490.6376213077
992824753.3859578371 627099.3175129443
835149312.4894000292 209178.6882684496
835225684.4524723291 211302.9942701128
836346537.7979452610 239489.5029975567
838904405.5805144310 275413.1763962409
838116177.0908364058 265603.4466983876
838272905.9603278637 267880.1286594472
840767699.6934325695 292530.9507087884
837377722.0897755623 256685.8273855397
853132400.9626818895 357117.8949243524
1018602510.1378123760 684877.0147944987
838249167.2992305756 267246.8390467367
838748581.7953572273 273393.1068619392
963599677.7823169231 572094.8724204147
993326894.0148246288 635858.6794172525
837357760.5939249992 255991.7006717655
837272514.8695534468 254955.3442033627
840389079.1062484980 289673.3300515008
864779565.2099918127 389883.3662143014
837153115.4708722830 252903.8738731244
1027057517.9413392544 701622.0708808899
836787352.5114395618 246439.5918385438
865554439.6698621511 393444.6824679635
836293886.8341636658 237909.9645047579
836584272.2176003456 242490.6325962297
1013218147.5832004547 674380.9480501115
863359110.5753775835 380565.4315260169
848044350.4389122725 335012.9073568131
838615591.5869630575 271750.2318971655
836721048.9959480762 246076.7258803598
840017234.0405482054 285301.7267913497
847686834.5325539112 331136.0673627141
840804635.9703243971 294042.9018746209
836485721.8071397543 240667.8174308781
837272514.8695533276 254953.0658830502
837582766.6679544449 258802.0836144635
840569063.4632784128 291250.9736304400
837235416.0059113503 254666.5742806592
840937759.0838140249 295351.0882791099
837116016.6072294712 252615.1039504209
1012934697.7765624523 673257.0906331837
1013082098.1653652191 673782.5445668995
840191679.1145777702 288073.2461270806
976707359.0751098394 578232.6517945323
837116016.6072294712 252617.3822707334
841087026.5603797436 295911.8609596160
847376614.2510101795 329600.2314384575
841087026.5603796244 295904.8181281951
848672480.1572818756 337495.9342811084
848198427.9488980770 335732.2822494204
837028534.2488909960 251008.9324416318
848895578.6097770929 339037.8228766280
837225217.2897484303 254347.8654529103
838632374.3222401142 271777.3704469702
864703373.3545858860 389687.1885550581
835185949.5625674725 209481.0894152191
839109211.2483754158 276427.9935535095
978729567.2581470013 600262.7682793960
978999291.0691688061 600514.1361688003
837898343.2396781445 263512.0398346982
840657571.7042737007 291551.7565590558
865253036.5594083071 392194.4101290964
839853130.4382143021 284147.9643765665
838667206.6848485470 272331.4084022543
839648355.2830257416 282992.7979841805
854879708.8181777000 364504.4312609602
864503558.2646416426 389187.1516608261
865123929.2120658159 391772.5045275949
962937336.0471547842 564512.2049787206
837582766.6679544449 258774.9576379010
865561601.9501699209 393644.9990630411
863812231.8465248346 384936.8324041826
863729551.8680905104 384646.2546453936
836540353.7791572809 242431.3018195382
847387500.8269213438 330899.7276678737
864339573.0262544155 388378.9751493428
841291801.7155681849 297062.5927664307
885728574.0799937248 423306.5989270600
885278598.4934810400 423282.0540242585
865131203.0965634584 391902.6879077218
894525125.8130706549 446799.7589108353
894202861.7801350355 446671.3318586689
836820619.7458101511 246981.4503717213
865457143.1805895567 393142.0801577829
859006048.1707931757 372157.2948117605
858540954.5126005411 370352.0465666405
995916837.9980139732 636837.0330695212
855473515.5284533501 366611.0475011398
865419967.2907856703 392929.9678225778
839853130.4382143021 284148.2276517130
853689664.8808382750 357991.4935532124
852017399.5625412464 353063.0297874734
838459765.1287276745 269729.8727396033
1008577252.7507897615 657265.9507808238
1009182989.7545884848 659064.5477656871
850732053.5039367676 347132.5975161097
845143258.6152338982 320465.5347815501
850206348.3525776863 345573.5439272425
926787492.5340284109 502840.2536685388
908041621.6729333401 468696.1084515144
907393411.5695285797 468350.0540844490
852019965.8631136417 353251.0089744851
838585433.6777166128 271474.7956478796
847732187.6398457289 332298.5446370426
852995277.7305163145 355903.0900403708
865604694.8064178228 393863.3909487985
852156153.9339272976 353543.0317405984
863457514.3126344681 383801.1919354785
847946450.3805574179 334522.1537254932
865497954.4957319498 393376.5475988649
1012476105.7687605619 670140.3521163762
844380446.1733092070 319901.9161005141
844630936.4298170805 319910.3394954326
843822653.1983799934 317617.6464173021
1002743645.1117404699 642394.0629983246
851013529.3228300810 348526.1983000804
849733727.8722902536 343376.4590771552
1009525596.6939651966 665643.7088991404
938833825.5623378754 521090.0917044975
842449516.4086201191 307196.8963903980
846736303.2895203829 327244.8525123480
864328440.7148349285 388375.7500140164
1003260052.5689340830 643070.7052411437
846930824.0194118023 328637.7253532293
847522899.6870759726 330964.4180975440
977933136.5607311726 588680.4446106404
842525348.6622202396 307204.6669077473
844344872.8030673265 319856.8772450807
842668792.8274095058 307372.3404098572
849415857.2148917913 341314.3786395709
848952477.8556470871 339691.3231000225
842293222.2434047461 305171.2869399684
1010621994.1270980835 665651.4774400890
846556632.3026283979 324358.4598428491
846703258.9634585381 325609.0445050183
864547244.7205175161 389307.1674442108
854674684.4440759420 360018.7106357875
859863564.3356595039 378122.6727053854
842851052.2593114376 310580.0835484387
955160232.1352758408 549201.2035138769
849131206.5099290609 340947.7894066439
854228306.8689967394 358998.4610253781
843139243.3348077536 311980.2895667674
982282126.0973801613 602503.8618943393
859263296.0614839792 378121.4964010343
863894436.3156542778 387240.5365498466
843392229.5197819471 312995.9027659874
842981049.2402141094 310943.2107437970
1007225169.7612773180 650351.2764962204
1007653218.5934003592 652089.7351005562
844104565.5193986893 317877.1976497294
842892619.8557846546 310605.1673745038
864859090.8311470747 391505.4203764759
978158325.2111864090 591623.9225824308
863135764.4321601391 378855.0236915741
925498470.9642789364 502445.8446151689
970467941.4619129896 575747.4198910114
925205202.3144927025 500580.9106326774
842205879.4830332994 303485.6244960707
969849528.0778617859 574911.5880760364
919726611.7038315535 488519.0246032529
969556354.7657823563 574360.7201561145
919378388.4158610106 487905.1623048171
846176092.1353068352 323658.2026100373
845991600.8622312546 322864.5194626069
905327072.0477609634 459622.6555626015
945492403.7917493582 533594.5223846751
843647116.9111253023 315084.5877494039
841584563.1823512316 299710.8198258993
844698672.2415369749 320339.3195369365
897861480.8863823414 452932.5236652442
898396851.1530590057 454046.3925209013
1026766280.6004991531 693128.3697395325
842021926.2143622637 301615.9837348578
905739224.4052722454 462284.9956853534
976680389.8777115345 578042.4064706210
1026893592.5659331083 693492.5501251221
984318551.9651024342 610559.5698713604
924642994.6069010496 496091.5699709048
1026606570.7117609978 691397.4016838074
1026270978.2728345394 691294.2271842957
1026011874.1070575714 690803.4850273132
1025817922.4689292908 690503.9451103210
1026233882.9453949928 690893.3061943054
891244005.8312399387 439411.2620320059
922305235.5408912897 489648.6061099018
903153969.1809630394 456123.0668366286
903023518.8564114571 455992.8358033034
907391971.2886630297 467255.5032305722
906863639.0885950327 466019.8022969369
909526537.3276998997 473895.7029757909
1025306287.0415179729 689002.4432487488
1025383988.8298237324 689044.6728630066
977416697.6316374540 585956.6755600646
891783555.7251268625 444200.6776282617
977806946.4275118113 586527.4291001037
891266785.5544528961 443785.4128577539
889530696.5039304495 427333.9826767063
1025424314.2053875923 689069.2548942566
954387877.8895279169 546898.0357694899
922782719.4704610109 494949.7618192130
922711728.2518932819 492905.0690473014
1005485274.5467358828 648921.9840194434
1004657666.0165752172 647064.7959090918
1025153063.8476780653 688516.1248893738
1024694856.6348413229 687874.4545097351
1024774788.0024420023 688080.0302238464
1024626584.3528198004 685631.2035064697
1024485139.5652807951 685497.7891082764
909491523.9640834332 470874.4401515577
932365519.2590214014 507306.5366505679
931870294.2720698118 505254.8001322249
879607769.6678360701 411249.9157523063
879475265.6657553911 410293.7469693569
1024243004.6528974771 685070.8501586914
915665794.8033053875 481541.7436348172
915337910.7630929947 479753.1349126073
881542612.6862845421 420031.9084137011
1007281153.0229811668 650964.9130456150
1007750103.4093093872 652177.3678089082
961863707.1629444361 555134.7947996320
988705079.2138285637 617365.6892490089
876592792.1782981157 396170.5263849348
989894953.6494388580 620293.0086236596
962325321.0163595676 558855.5514495490
877351907.7537970543 402049.1341805054
877753105.1091434956 403504.3560943684
