146995405.3006551266 65723.0245494843
146993429.9841423631 65646.4777050018
135283097.2223997414 36504.2834271882
135237703.8744409382 36440.9818461370
134786628.1022140384 35186.1818357203
138405185.7308405936 46313.3672304181
147147069.2983646989 66089.6735057831
148695587.3948431313 68651.7001647949
150608753.3598239422 70468.1263427734
136102682.8278887570 39641.6212200616
137220469.2165005207 43226.3315971456
146847430.9200062454 65487.1359729767
148065323.8158841729 67745.5470199585
149214539.7006896138 69400.6592407227
134694524.9862407744 34648.2316464875
143729360.1891573370 58953.2125952244
143334738.8942667544 58045.3216040134
147095773.9413323700 65784.8908214569
147660125.9566868544 66918.2066955566
146971904.5935173333 65536.8628978729
133354768.5405808240 19588.5250553613
138477695.9708001018 46435.1935169725
147173659.1879332662 66286.6166210175
135071688.6213372052 36136.1961857341
143108473.3610669971 57540.2994482517
152279679.5126233399 70778.5957641602
149043129.9182853997 69285.3366088867
147375596.6132520735 66449.7435178757
135119865.8835197389 36406.2358846162
138500508.3338283300 46698.6345837144
148234474.8963889480 68081.7693786621
134800101.2923946381 35356.9273629645
136455644.8647397459 41329.1718278620
143375676.9834346771 58124.9470312595
138093240.5903749466 45744.7471668748
141706726.2468505800 54403.3035708666
134801307.8416629732 35494.3063191865
135135692.5491175056 36416.0778046707
147490326.2390048802 66504.7803220749
149365530.4462343752 69572.0758666992
134455725.3560482264 33736.3027480673
137061942.2177131176 42551.7088827193
148131237.9557957649 67852.1298427582
134831222.1681673229 35595.8259968851
138046329.2820893526 45155.6272955397
147498601.2714384496 66860.2374753952
147762920.0373832881 66960.3645477295
136726876.7380655706 41781.0661527375
137112640.1099250317 42865.6080438457
143363811.6144099236 58084.9984228611
151579799.5344541669 70724.8823242188
133353394.1105187684 19580.7143382555
151046641.9398594499 70666.1048583984
133341761.6791827828 18668.1323533220
148051052.3287042677 67661.3744201660
136835327.5569897890 42283.5813928340
137045731.6899494827 42513.7401622860
133976275.7481589764 30934.1261830404
137073822.1579653621 42771.9272707159
148391648.4608304501 68337.4322814941
136394773.1137983799 40784.3704872821
133516553.6639180928 28194.5569629464
147776008.9919340014 66985.9481048584
136649918.1301395893 41634.3336821562
134559194.1057993472 34536.6755551789
137748093.3143664300 44810.2998114089
151277425.0492630899 70691.9328002930
150610092.5516411662 70483.6168823242
136935893.7391330004 42498.8089416586
150882768.2842619419 70644.8543090820
133845332.2902369946 30124.3120860849
143203849.2063766122 57847.1686499119
133653182.1505100578 29229.5564339422
136584921.7340592444 41393.5714860652
133368976.6193982810 19618.3918478017
133849283.4513958544 30200.0320186410
143042152.3984403014 57351.6947462559
150402931.9581333697 70238.6982421875
137861881.0962839425 44930.3463943433
147749438.9978954494 66938.2561645508
137157543.6210191548 43164.1243762502
152259696.5850307941 70768.7319946289
147895907.2959939241 67332.6605529785
143195763.3224643767 57781.8310034275
147859115.2882039249 67294.1288757324
148892512.5447033644 68996.1304931641
136767096.6387156248 41956.7626062129
143228174.2810986340 58022.3048193455
137319266.1764348149 43338.9551996682
142321915.3513124883 55734.1037594080
133838157.2078206986 30038.5751952920
133893519.2036835402 30925.9664516244
137880935.7180418074 44956.3433588240
142401869.9272629321 55792.7859493494
133908714.7413891107 30929.0049914792
147943597.5089383125 67608.6416931152
147790167.7658164203 67173.0088462830
149326630.2499839962 69562.6654663086
151160098.2179044485 70677.7548828125
151197008.3353234529 70689.9456176758
151916391.7523469031 70757.4525756836
148301481.7922601998 68134.7397766113
152048421.1544341743 70759.0184326172
142820354.9324713051 57005.5635575205
148905042.5199920237 69093.2506713867
133385852.5588421375 22436.0725466734
133713577.5388524383 30014.0368861947
136590225.4026216567 41575.7868791316
142946373.6219617426 57210.2787687778
151744847.4620087147 70725.5057373047
150730594.7432686687 70536.3822631836
137738298.3258036971 44379.6616493724
136344997.3512769043 40742.8101700041
133490935.5400799960 27471.3865649229
133676819.2300934047 29245.0897132410
149303767.5740830600 69537.6822509766
143028988.9878121614 57338.0875799656
148359887.7386836112 68231.8346862793
137813429.0894160867 44897.7413368952
137727961.8796972334 44277.0693594851
134235711.0850427449 32752.2459176257
141651668.4961259961 54276.8568766117
150817988.7488008738 70559.8188476562
149248992.3091788888 69464.3546752930
148925945.8428068161 69163.9002685547
136331343.0194054544 40422.0105291102
137705632.0464809239 44237.5034958683
133378968.8001342267 22384.7133185392
136431181.1840623021 41001.2732682917
148811428.1226233542 68858.6952514648
133506327.6964526922 27626.2314186519
137433223.3570760489 43983.6708673928
138189252.9757277668 45807.5299982522
138247358.9966451228 45817.4099420998
135117111.0622205436 36147.4671920519
133775364.0908352882 30015.4149331879
134540482.0327447653 34278.0157998279
137626823.2531134486 44116.9284907840
138272163.7341605425 45824.7354686353
133423006.1112739593 25829.3227755552
133585465.3167526871 29102.1073207650
148439617.7043284774 68414.1141052246
148509133.9460728467 68572.3981628418
150587221.3682594895 70443.3574218750
136277562.6823763847 40388.8383794520
137805235.1288186312 44895.6004328225
133418798.4305054396 25041.9920718198
149109693.0518102348 69392.2879028320
148849071.3340612054 68953.9788208008
136779617.8333946168 42048.3721605036
148756252.4665519893 68736.0612792969
148999868.9089303315 69215.4701538086
133371893.9526072294 19670.4829849874
136818864.1381454468 42261.4094665311
133411932.8157770485 24920.8888968950
136929071.6249171793 42349.4663981888
137533592.8433148563 44064.3992747758
148791270.4686421752 68816.2205200195
149435966.5278483033 69593.1790771484
137120229.6499263942 43041.8949876521
133428942.5007151514 25849.4973818784
134217075.3519922942 32543.9815133289
143962724.4922210276 59116.1992015839
142993292.6697060466 57323.3222754002
133394642.7089502364 24025.0038897520
133399699.5336397439 24086.8771502500
149389270.3399586380 69589.2521362305
148734785.9535936415 68721.5584411621
133436541.6731071025 25954.5194079404
143155635.8624076545 57683.5725195408
134107741.6217964441 31431.3100185189
137382987.3962737024 43460.0771740675
133390266.5088647455 23223.4032504087
133421713.9203938097 25070.8709017759
137150682.2066389918 43117.9096925909
148199035.2074408829 67908.1700363159
133413573.0864989609 24965.8488757139
149020311.7948625088 69278.7174682617
134167512.8874168247 31714.4775600228
137207109.7169131041 43176.9179702997
134127610.4578550011 31689.1302041840
136241183.2134241164 40385.8483416148
133408031.7435272485 24240.3914324766
143588998.7980369031 58604.2304785252
143672569.3259108663 58778.0840892792
134011440.7477313131 31098.7154140268
133435280.7334172875 25925.6405779844
150296327.5651526749 70027.1896362305
150137965.9807884991 69955.1408691406
133446504.4158395082 26712.9712817197
133880046.2066334933 30775.8225917611
140971521.0211958885 52313.5752609447
141781856.0030413568 54599.9254972935
133775560.7811816782 30033.1164836679
144202382.6169143319 59804.0253677430
144088647.4356726408 59568.8683605194
142001824.7518106103 55044.2510651350
141090281.8572828770 52542.8098877147
150112454.6933268309 69885.2797851562
140980413.0135622323 52422.9456451610
149808131.0330012441 69743.0704345703
133559847.1929145604 28378.9369227415
149325943.7768961489 69554.9477539062
135051181.2136727870 36006.1563668707
149847477.3604643941 69767.3581542969
143754116.8540943861 59031.8815135956
150212982.6425226927 69977.2908325195
149933767.9998429716 69847.3463745117
150228699.0209698975 69979.2712402344
141071882.4102820754 52508.9519470409
140820111.2249567211 52203.3000610545
136224233.7981276512 39725.2996493485
133699482.0882135183 29352.0519466195
135447827.8937322795 37178.4804354813
134758642.7770616114 34935.6088441089
135662616.3822846711 37896.4213534500
135587713.1981922090 37633.7207919266
141099756.8240280151 52840.0907715037
136224805.4870946705 39740.8878390696
140885708.7961266339 52259.4013554230
141148356.7103504837 53115.2296264842
141538677.2958945632 54067.2223609686
135724509.7976284921 38144.5244799759
135764295.4806277156 38265.6517516281
135796360.2469868064 38294.8474103119
135990757.6755088568 38877.0548264887
141357139.1895954013 53352.0467916727
135665539.5675665438 37906.2857023384
141233399.3284993470 53143.7609481197
141442883.8982487619 53617.3912147284
141610158.1778502464 54073.1060957178
134424302.3925665319 33664.1754830554
135325490.6228134632 36989.7882296946
134758218.4456485808 34880.9782910037
135476162.5762197375 37301.1793230250
144062465.1000065506 59449.7710122466
134736217.9796873331 34849.1389951203
141993538.3879924119 54994.3498911858
135516431.4385033250 37382.9178448822
144568667.9905769527 60277.7763464451
141409587.4842170179 53597.4326270819
135680772.2851424813 37921.9705320094
144379367.7887437940 59961.1543829441
134355221.2198616862 33455.9110787585
142737797.6979960501 56554.7893751860
144435155.8397367895 60080.8909158111
141766967.6389241219 54550.7082356215
144416406.1383216381 59973.7642676532
144425644.0219982564 59977.0158483982
143994226.8730631769 59357.3014929295
143535785.7386167347 58318.0583899021
134530745.3465220630 33853.7085751984
142144025.6703393459 55235.3473347425
141849313.9039680958 54750.0423420668
146800115.3425307274 64335.2366447449
142529971.4472885132 56123.6708542109
146296792.5144483149 63386.1382637024
142442968.1987397373 55809.8937240839
142208655.9559036791 55464.1680760831
142466259.7615093589 56042.5693527460
146742154.6939968467 64305.5894279480
142263394.6787175834 55577.5687212273
146576736.9061419070 63887.7045402527
142582929.0750320852 56396.3356491327
146403878.1444402337 63485.2078361511
146726643.3201878071 64254.3515129089
134201575.3618787080 31753.2487333575
146145960.9803443253 62760.2351959348
146167282.3912953436 63015.6466339231
146044979.8312259912 62460.0884992480
146083822.9475895762 62648.7468841672
145787950.7858041525 62324.5719587207
146004995.6693065464 62432.7148420215
145471931.3640381992 61644.2293968262
145274096.1395358741 61145.4186668458
145378964.7703521252 61508.7128562989
145032158.0608486831 60909.1705324352
145099738.7590090334 60947.2401735485
145628665.2254297137 61751.0130299032
145072842.2904421091 60933.1490480602
145015476.6204995513 60715.9440173846
139801318.0562913120 47882.6949849948
139555224.7389690578 47247.8531499729
139601398.6405161619 47575.5365606174
139537950.6763852835 47174.8887733445
139607826.1530356705 47668.8122783136
139674803.7773984373 47706.1447330117
139263661.7003794611 46754.1039205417
139282277.1594344079 46785.7217593789
140712975.4299057722 49838.5694532394
140662718.1435266733 49291.2573804855
140783961.4496312141 49902.1318729958
140375914.8531983197 48566.7049667337
140084999.2381714880 48262.3330884501
140077920.9221101701 48181.4247211143
140559594.0312295556 49146.9363911748
140424162.1962339282 48825.9024208924
140453158.3228931427 49078.6557167908
140391352.5660287142 48805.5840497538
140535163.2395825386 49091.6844246984
