481107635.3765074015 7139683.0234375000
491669111.2663801908 7161216.1542968750
463203764.1994959116 6783638.1054687500
463511935.5652126074 6798160.3789062500
447495138.3922237754 4763172.6132812500
455860780.9039790034 6266357.3925781250
455814969.2537223697 6265340.8300781250
463051962.5450173616 6781348.5273437500
471157723.0282198787 7027207.7148437500
472734042.9598568678 7060297.3066406250
479986757.2600488663 7131934.6640625000
483944749.2848479748 7153438.4140625000
483669103.7504453659 7151200.0722656250
493215815.6038260460 7162798.1894531250
463412629.3588912487 6794477.4960937500
454660584.9289460778 6139903.7783203125
467320402.7054257393 6931807.1230468750
454572263.1988579631 6126221.2929687500
449952144.9861506820 5387759.4941406250
455857765.1383934617 6266163.2646484375
467226647.1374010444 6930925.8339843750
472614369.3671607971 7059036.4199218750
473634476.4584836364 7071170.4726562500
473254484.4768176675 7068334.1953125000
473215993.9931747913 7066871.8632812500
480281461.9994053841 7137441.6347656250
483824381.7123922110 7153089.5527343750
447406643.8001868129 4752781.1044921875
453184412.7787026763 5940814.9755859375
454286955.1168287396 6085204.5673828125
455769501.5541332364 6259277.9414062500
454438599.4529324174 6110198.5595703125
454313686.4033929706 6099075.4873046875
479783050.9488612413 7128882.1464843750
466954425.3471055627 6917806.3964843750
467071426.1342788339 6925604.2421875000
453390871.1894267201 5971479.1503906250
453371018.3826615214 5970794.8974609375
453442807.5897180438 5979442.4238281250
467146193.3908699751 6925895.5117187500
449709264.6917600632 5331246.1904296875
455558741.3446832299 6239126.4218750000
480736397.5580790043 7139663.3398437500
453469587.5874966979 5983450.2060546875
453325707.9846639037 5963253.3222656250
453404950.3588449359 5972623.7207031250
453876018.9106237292 6032980.5419921875
461648926.9677896500 6697934.0410156250
474024070.2722907066 7076179.8183593750
492942783.8931502700 7162568.0136718750
449775754.3465470076 5344064.9580078125
449793087.1240888834 5351646.7724609375
474241689.0161362290 7077777.4492187500
492366427.9065926075 7162177.3925781250
453432984.8284224868 5973072.6250000000
461522972.1262004375 6688744.6367187500
461462128.0031168461 6686747.3945312500
480473461.9501441717 7137931.5761718750
473938660.6520696878 7075132.6015625000
474140665.1028272510 7077473.0332031250
447347136.3999519348 4751933.5380859375
453366486.2185640931 5967053.9082031250
474113822.3951644897 7077010.3515625000
447263335.7320330739 4728842.7275390625
468466847.3849515915 6959501.9941406250
473811842.3235960007 7074233.8691406250
473788195.7059087753 7074233.4199218750
468546748.0824428797 6964511.3066406250
446204900.8811241388 4243084.2026367188
473710213.2414528131 7072165.5117187500
466620162.6677496433 6912177.2128906250
462780324.6107164621 6765490.1210937500
481191306.2353363633 7141474.1835937500
449544189.8028587103 5308843.4277343750
446236802.2111336589 4294224.1489257812
468924696.3512963057 6972747.9199218750
468988957.9392727017 6974341.1796875000
449249851.3962233663 5246898.5996093750
454244750.4358856082 6083801.2099609375
468655004.0320835114 6965792.4980468750
447167344.2137392163 4696783.3496093750
458124142.8532196283 6423921.7421875000
480455132.1205673218 7137827.9453125000
480536642.8943609595 7138184.3828125000
483285623.6095298529 7150209.2617187500
491889400.1114690304 7161695.1015625000
473640994.6477859020 7071750.7324218750
458215892.1087071896 6425139.3398437500
457975531.2944386005 6417174.5351562500
457733959.9882103205 6397218.1171875000
482534144.0759121180 7146825.3730468750
483238683.5873843431 7149809.9980468750
492699059.0081963539 7162252.1230468750
449424461.8749672174 5283962.1337890625
473499587.1379910707 7070653.2832031250
449289998.2335172892 5256232.8671875000
466593589.9120924473 6911301.0996093750
471466197.7740299106 7035825.2070312500
466217145.6233721375 6897904.9550781250
466162843.2753860950 6895277.5566406250
471665014.3376358151 7040469.6738281250
453843237.2790290713 6032634.1591796875
456279964.4016122222 6286311.2978515625
492112278.9178423882 7162008.0292968750
446429950.2547923923 4363675.3779296875
472538537.1736775041 7058494.7187500000
456389732.1813989282 6289039.9853515625
461935787.0108382702 6714264.6406250000
466114718.0895653367 6893272.9316406250
461674844.6246718168 6700037.1953125000
461732590.8037716150 6704278.5585937500
466071687.3673222065 6888698.6367187500
482765497.0763375759 7148533.8203125000
471474769.6116303802 7037502.1054687500
454050262.7268332839 6060175.8779296875
449236828.7538344860 5240297.7597656250
468743968.0727877617 6969633.0683593750
453696743.8019142747 6013407.5810546875
466109897.4103322029 6890282.2226562500
480099122.5095260143 7134662.3769531250
449274395.4863300323 5252519.6328125000
465974918.8472026587 6883322.6269531250
461935458.2184121609 6713994.1953125000
461582262.8045727015 6694197.5410156250
466172137.6130558252 6895587.2441406250
446385968.0055169463 4361627.6562500000
446344981.9206591249 4347044.3554687500
449152125.6025099754 5218896.3457031250
446303641.3345938325 4324162.8051757812
449225802.6295540333 5237081.3847656250
449210728.2436804771 5227900.9296875000
461794691.4786459208 6707294.0234375000
446209566.1118311286 4248315.1181640625
449118568.3519470692 5203180.1953125000
468137212.5811139345 6948741.4550781250
458035448.3089293242 6422863.1074218750
473074924.0074287653 7065107.4042968750
483001136.6555595398 7149193.8867187500
491266221.6158842444 7160344.4824218750
446314881.3194962144 4326838.9057617188
457701146.0798964500 6386437.6777343750
472198278.4103216529 7053105.6269531250
461956525.8364497423 6717117.6640625000
453563280.5308308005 5986867.2597656250
453543897.7219771743 5983812.9589843750
457884302.3035924435 6411964.3906250000
482917480.6187205911 7148968.0410156250
451392970.4399148822 5571208.5898437500
451486481.2336103320 5573828.9580078125
472118594.9546309114 7051131.1601562500
451096190.0335351825 5558832.6464843750
451217480.0932406783 5571118.0810546875
491349301.7457777858 7160690.2089843750
451080244.3818603158 5556103.6914062500
457930298.9085810184 6415572.2734375000
451134745.2978830934 5563727.9912109375
491599142.5087658763 7161118.3964843750
455168507.4532718062 6184505.4765625000
490595462.2728223801 7159195.3378906250
455076510.9965397716 6168097.3007812500
455123026.7345381379 6174419.6621093750
451145437.4236095548 5565919.4101562500
446297070.9517249465 4320104.7114257812
447072525.7082127929 4638567.2900390625
455092752.1208977103 6169552.8613281250
447103542.9280199409 4653657.1728515625
447108456.7435997128 4659773.1591796875
447003939.0582225919 4616692.7988281250
461857494.7919741869 6709730.1152343750
455146978.1740924716 6179350.5976562500
457803960.5752772093 6403713.3925781250
479644248.4520480633 7128221.5136718750
465406576.1032727361 6860218.4531250000
490913579.1552829742 7160026.9316406250
447045888.4505231977 4634686.4267578125
447014527.9009011388 4624038.8222656250
447750657.1039373875 4805708.2949218750
448902095.8286335468 5140177.7304687500
447567848.4032865763 4778336.8056640625
462296420.4149588346 6734102.5097656250
462545709.7035583854 6746311.8437500000
462441164.9794766903 6741153.0156250000
447593574.5261313915 4780229.1875000000
462218245.8914154768 6729031.4042968750
448846908.3857388496 5122568.9003906250
464286298.3771571517 6815147.9941406250
464304842.9483674169 6815930.6386718750
464333936.5776913762 6816773.9531250000
464361062.9228314757 6819736.0722656250
446513857.0378633142 4389740.7202148438
448953228.2579153776 5154589.3359375000
482339642.7021366358 7144164.2167968750
450765614.2325773835 5501250.4628906250
450720955.3612782359 5490892.6826171875
464502615.0024976134 6825481.5996093750
464460696.5306569934 6825390.0625000000
449093723.0641036034 5187110.3046875000
464369344.9791797400 6820539.3007812500
465935002.6527165771 6876189.7324218750
449060218.5197637081 5179243.6572265625
450687170.3766269088 5484913.6787109375
450753598.8186542392 5494024.1513671875
457523327.3624643087 6378547.4785156250
448865399.9321899414 5135367.0878906250
450618471.2534710765 5468144.9775390625
490225956.5576082468 7158475.7480468750
448886446.9662266970 5139102.1914062500
475946968.6910176873 7083564.1015625000
490223237.4638648033 7158131.8691406250
489984755.6839730740 7158049.8144531250
479295807.4438663125 7119154.1503906250
475389261.8004602194 7081909.1132812500
450612535.2711969018 5467665.9267578125
450589384.3333511949 5464979.3818359375
475553929.4076478481 7083341.4003906250
458590198.1574562788 6450603.5175781250
475620096.6749012470 7083523.7597656250
458473671.0485842228 6447634.1679687500
448653349.3973127007 5062814.0341796875
489883048.3744304776 7157889.9511718750
448752555.8341694474 5083500.8652343750
448567152.8282743096 5040342.0527343750
448771282.8302854300 5084188.0449218750
456965664.0382530689 6318005.6181640625
458316856.6288890839 6438513.6484375000
475419598.8598671556 7081999.5332031250
448590093.5544285178 5044493.4794921875
475247733.3799169064 7080927.7988281250
488405845.1783814430 7154469.9414062500
448426802.3851835132 5002231.2509765625
482053209.4867634177 7141638.4570312500
482049853.9843795896 7141514.5214843750
482016353.3292232156 7141494.9746093750
448522277.5097815394 5024593.1845703125
456982269.9497550726 6324719.6591796875
456835955.2220478058 6314297.3525390625
446700022.7252650261 4435150.2070312500
446652390.7442661524 4419613.4375000000
446625136.7951664925 4405503.9287109375
450318171.1228175163 5402299.7207031250
450472400.2784848213 5436168.3740234375
458222555.2330558300 6428463.5664062500
489223247.2579364181 7156429.0117187500
448410923.9502871037 4995879.5019531250
448482995.5362509489 5013318.8417968750
488722321.0326159000 7154957.3300781250
489490100.6368269920 7156728.2148437500
457177467.5203498602 6344954.8310546875
488798403.3804515600 7155578.7675781250
489175007.8220419288 7156280.9687500000
450383450.6676269770 5413455.7343750000
450288067.7561100721 5392074.2275390625
457148366.6185444593 6341122.9326171875
446785796.9397937655 4442041.9257812500
448253064.2786222696 4940945.8535156250
448208974.0058648586 4934505.5039062500
448115167.7315013409 4904955.2333984375
446827415.5103487372 4452361.7197265625
446896676.2718170285 4474419.3544921875
448160288.6655796766 4919740.8818359375
448086005.9721446037 4896015.1650390625
488092777.2170253992 7153908.6425781250
448153659.1705249548 4906903.9746093750
448012275.5961077213 4871633.6445312500
447934478.1868852377 4844512.6220703125
446902211.7734513879 4500966.7539062500
446916989.9002254605 4504517.2968750000
446950632.0019585490 4517448.2216796875
447920929.7593091726 4842591.6601562500
447920339.9938132763 4835975.1191406250
447890499.9233156443 4826918.0751953125
447833435.3704805374 4809994.1455078125
446969213.3770925999 4542870.2968750000
446968409.8738968372 4540010.3808593750
459496104.9739595056 6501964.0253906250
459870847.4120511413 6516673.5566406250
459442834.3604286313 6492374.3671875000
459456014.6678178906 6494953.6406250000
459483526.0843394399 6497357.3564453125
446953488.1791206002 4527276.9882812500
459310465.0275260806 6479949.7568359375
459112572.5920739174 6464259.7392578125
479131757.5658939481 7111103.5156250000
478669182.1396705508 7105936.6914062500
478373148.3336539268 7100429.4921875000
478221732.7458683252 7096539.1894531250
478224032.2143440247 7097087.2031250000
477821318.4905059338 7093295.5429687500
465823153.9354897738 6865655.5722656250
477993547.2675719261 7094683.0703125000
477696972.5396807194 7091971.3144531250
471001897.9374313951 6987569.6015625000
471010895.3182480335 6988303.6992187500
452796423.7443564534 5671788.8525390625
452539022.5418639183 5628335.2998046875
452595444.7035558820 5641046.7949218750
452555420.1525020599 5636235.8476562500
452459727.1410249472 5610328.4453125000
452399336.9431904554 5595959.6972656250
452372918.3746668696 5585760.2822265625
