708708354.2655718327 4458323.2846679688
714398466.3042320013 4524052.6298828125
714774528.5617361069 4524601.7753906250
714214117.4456176758 4523233.8642578125
713961514.0574182272 4518830.8090820312
713487886.3582661152 4516335.7885742188
657181653.3224780560 2735275.4980468750
657803940.4942144156 2768032.8900146484
657396921.9992481470 2748358.2216796875
657528943.8398429155 2751899.1363525391
659500142.8167705536 2902258.6234130859
659213131.3303821087 2877760.9886474609
660489519.2690098286 2930374.4244384766
672660682.1044307947 3483059.4594726562
673508295.5168795586 3515474.8718261719
673418115.8717833757 3513560.9133300781
678179968.2851333618 3680312.1914062500
678125121.5791531801 3676817.6760253906
705073845.1997333765 4380561.6181640625
709162466.5400434732 4460824.0786132812
708815066.8248991966 4459202.1206054688
713616674.6520239115 4516740.7270507812
713326111.7148789167 4514515.9526367188
713213491.3574757576 4510574.9624023438
738350479.2012468576 4666669.5078125000
659855053.2392579317 2913736.3138427734
660055182.4673006535 2923750.2198486328
659704046.0274456739 2906125.9520263672
659592052.6241328716 2904841.1214599609
659407369.7880445719 2894605.5062255859
659359359.4316532612 2890147.4866943359
659392929.6748237610 2891094.0191650391
659290732.2084908485 2888797.1512451172
658957986.3750193119 2863773.8533935547
658960334.5855288506 2866390.9898681641
678206844.2032359838 3680827.4487304688
678168077.0851324797 3679396.8437500000
677847004.1980519295 3672389.2895507812
677815521.7489495277 3669990.1044921875
659120957.3578561544 2871538.7379150391
677963917.2134665251 3673372.9399414062
677672103.0705195665 3665999.8881835938
677641913.8003548384 3665182.7651367188
657989029.0049200058 2778845.5054931641
657788873.3259167671 2767501.7296142578
658098390.4389746189 2784633.1356201172
676398931.9616991282 3622985.7841796875
676587316.1959947348 3623549.1914062500
676393332.4204854965 3619947.4804687500
676315604.2423850298 3619768.1020507812
676108073.0890773535 3611575.5500488281
676205923.4998846054 3614599.6562500000
657950699.1799422503 2776133.1309814453
657889706.1051442623 2774145.5513916016
657829109.4918612242 2771401.2540283203
657849618.3354004622 2771409.1407470703
658883291.8283598423 2855320.7579345703
658883047.1712684631 2851548.5531005859
658594850.6551883221 2838156.1168212891
676041320.2901495695 3611248.4829101562
658351867.5012731552 2812942.4373779297
658537002.1411273479 2831258.9698486328
658577597.2384001017 2832653.1853027344
676183212.7232009172 3613462.0795898438
675936918.3909389973 3604742.7731933594
675947417.8548117876 3606281.7551269531
704935227.3023339510 4367060.5131835938
658178695.1903877258 2809208.9569091797
673349926.4407064915 3511837.5373535156
675469388.6348150969 3585970.7634277344
708471676.8503950834 4450322.5747070312
674832139.8897646666 3569093.7216796875
741351254.5539705753 4672681.3691406250
674304805.3320120573 3546180.2202148438
739727533.3587346077 4670352.3359375000
739916469.2851326466 4671956.0107421875
673759264.5744882822 3525990.6469726562
674368400.2908284664 3552874.9848632812
674542111.4551613331 3556742.0168457031
708467201.2258079052 4449777.8325195312
738494778.6832861900 4667437.6894531250
739573095.5934102535 4668954.0869140625
740701593.8222061396 4672445.6230468750
739950019.3000522852 4671989.3642578125
739842606.2530045509 4671016.0791015625
709579753.1176412106 4464683.9448242188
737301106.3717290163 4662990.0253906250
737492829.2685118914 4664158.2421875000
737545812.8933942318 4664257.4648437500
737563409.6558405161 4664314.3056640625
672871678.7483912706 3492651.6630859375
674294322.2842662334 3545716.9785156250
674163404.7822302580 3542124.0114746094
673934117.8725142479 3534146.1147460938
674267985.0636370182 3542569.1328125000
673765303.6925259829 3528692.8713378906
674113568.0595016479 3542080.7612304688
673862389.2255162001 3532471.1379394531
706470959.2995532751 4408273.4990234375
735161433.9124946594 4647996.3745117188
673092074.2416723967 3499567.4758300781
672971833.2447255850 3497399.3771972656
673021701.5324938297 3498529.3928222656
673029820.2647923231 3499153.2111816406
672867359.8236929178 3491606.9973144531
672374731.4439166784 3475363.3120117188
672267867.3943194151 3460011.3310546875
672258000.8535124063 3453703.2661132812
672226443.9656352997 3452308.5087890625
672264526.8403126001 3459993.8530273438
672085549.5298988819 3451037.2763671875
672062343.1860059500 3440586.6035156250
671764481.5578733683 3437911.8076171875
671570376.3623582125 3427871.0603027344
706807252.9269149303 4413332.1279296875
707164709.3726550341 4418691.8173828125
706868721.8768581152 4418150.9150390625
707387133.0768281221 4426516.4028320312
707294712.2741090059 4424671.2290039062
706867157.2436815500 4417315.0732421875
707320892.5490320921 4425167.2075195312
707222454.6644446850 4424645.1782226562
707499337.1090992689 4429912.0844726562
739333347.4335222244 4668133.7343750000
661991034.6627615690 2931427.1816406250
739418254.1614111662 4668264.3300781250
707921104.7323710918 4436918.1430664062
735972390.6932438612 4651049.9282226562
712636006.1973139048 4492212.0581054688
712631027.6038979292 4491684.7822265625
712712021.9031031132 4492266.2509765625
712203075.2723056078 4488310.5195312500
712521016.2182768583 4491581.6494140625
707831269.5639530420 4433807.7441406250
707747089.0196800232 4431601.9760742188
708203682.3327507973 4441177.0903320312
711921133.6926801205 4480435.6831054688
712078869.8613969088 4482717.1069335938
711596308.3096674681 4477289.4282226562
711308947.8755093813 4473619.2690429688
710968326.1318215132 4469444.9057617188
735038877.5746299028 4643270.0307617188
735585139.4340511560 4650652.4291992188
670750641.4082099199 3390432.7158203125
670454681.5831366777 3378977.2055664062
670192799.2801232338 3362031.5156250000
670378547.2254918814 3365604.6193847656
670202073.5664258003 3362650.8732910156
670086541.7428336143 3353287.2419433594
670325451.0777999163 3363136.8952636719
670336666.2698084116 3363321.8166503906
670007381.2376152277 3349724.5437011719
737033623.6480393410 4654803.7607421875
669835813.9870082140 3327908.5244140625
669725772.4506855011 3321755.7111816406
664044302.9710832834 2950537.6108398438
663821643.1945134401 2940032.7856445312
663747795.1870017052 2932423.6264648438
663817397.4610888958 2934292.9692382812
736548792.9735516310 4653621.1040039062
736500401.8669880629 4653228.8598632812
664036073.9188135862 2944192.2565917969
664276454.7279278040 2961019.6857910156
685965116.0864254236 3806664.1406250000
664159142.7528336048 2951860.4011230469
664674344.5346623659 2978734.0439453125
664445838.5244668722 2971081.8596191406
664225380.4174340963 2959718.0656738281
685787835.0258131027 3800100.3820800781
685533571.4565823078 3797185.7277832031
685674447.5805829763 3799926.1315917969
685373636.9074076414 3792296.4475097656
736956493.5709170103 4654396.0507812500
703335756.4713578224 4212448.1840820312
702535405.2833684683 4196886.1865234375
702966682.3489311934 4207439.4057617188
702642940.9447956085 4203490.1508789062
665475397.3389301300 2991584.8135986328
665036154.9054508209 2985378.8154296875
702734420.0596866608 4205651.4096679688
685902259.0219429731 3802434.0837402344
702852536.4220573902 4205739.6137695312
665789950.9779473543 3003133.2352294922
665847997.3483446836 3006988.7972412109
666269416.6891280413 3039223.0712890625
666367091.4844685793 3044394.4440917969
665729006.2698781490 2995326.8143310547
665879008.1114333868 3013554.6590576172
666130959.5719556808 3037383.6520996094
665936024.5891300440 3016980.8312988281
666555694.5316642523 3053989.3493652344
666762992.2045118809 3061816.9406738281
666864798.8990410566 3066054.7521972656
666883882.8955893517 3078012.5812988281
666971149.9331750870 3085413.2319335938
666925962.3730517626 3084862.2031250000
667091254.6781452894 3098711.7897949219
667033884.1300948858 3089209.7761230469
667316670.8315247297 3106556.8996582031
667390151.8530337811 3116464.4016113281
667737961.7966594696 3129225.5749511719
667974829.9580096006 3141489.1123046875
667449805.9552346468 3120254.3532714844
668026170.5809354782 3143851.6987304688
668086992.2498989105 3149167.0981445312
668131769.8004372120 3150382.8872070312
668381258.8024638891 3156727.5229492188
668469640.5784476995 3162698.3276367188
668556329.0973645449 3171727.2412109375
669503055.6891459227 3255600.3603515625
669542523.9053568840 3256121.1767578125
669544154.5271015167 3257254.2080078125
668663741.7175649405 3176292.2773437500
669637790.4351987839 3259378.8940429688
668893072.4847011566 3193819.2646484375
668920419.0717108250 3194031.5522460938
669316391.8339802027 3221721.4770507812
669340515.7381976843 3227276.9453125000
669277824.0901662111 3220804.4843750000
669117618.7547125816 3204329.8095703125
669240157.9017239809 3216269.9931640625
669165340.3962912560 3216267.1611328125
686144782.4261474609 3808089.7302246094
684740100.8491954803 3765032.4719238281
684477251.8490328789 3757266.9118652344
684485993.7472974062 3759508.4250488281
684271851.2367911339 3751261.5275878906
684532871.1480653286 3759691.2797851562
684282580.9801737070 3754200.9401855469
684229296.5798468590 3744697.3513183594
684377172.7714306116 3755808.9792480469
684855928.0715986490 3765838.6125488281
683981515.3207585812 3717828.6296386719
683789557.5544780493 3701837.9501953125
683823014.4774380922 3710813.7346191406
683558058.1822057962 3700792.9882812500
734491448.7672456503 4562996.8999023438
734808984.4129478931 4567891.8891601562
702510496.1310195923 4191244.9033203125
704909775.0373003483 4219459.7895507812
704931378.6311628819 4220920.2905273438
704929289.4237121344 4220060.6440429688
704850932.0500165224 4218591.3989257812
701691821.7055606842 4133829.0883789062
701760980.4371567965 4137717.2543945312
701383468.7221652269 4130821.1381835938
701837278.0882416964 4138052.9423828125
702099418.2013692856 4139248.3120117188
701384798.0490126610 4131345.3979492188
702304452.9985259771 4142496.5698242188
702321504.5484594107 4144581.4438476562
702242175.6198259592 4142131.5058593750
702179859.4428316355 4141510.1435546875
700428973.7407910824 4081750.8276367188
699698921.5843098164 4062654.1098632812
699840381.7280569077 4066783.5639648438
700187334.2785705328 4070663.7333984375
691883142.8951749802 3825651.3173828125
692007451.3072413206 3829000.4296875000
699413504.0599172115 4040435.5249023438
699169653.9416897297 4032074.6376953125
699296956.2245566845 4036910.6362304688
699589241.4835789204 4041082.4638671875
699641234.0999641418 4041494.7094726562
699253750.0135686398 4033358.5141601562
691719245.8336654902 3815024.0034179688
691711114.5348054171 3808974.6669921875
698661194.8224757910 4001224.1552734375
698609125.9305686951 3999639.3120117188
698371444.6166534424 3991623.8955078125
698420554.1423083544 3993137.2392578125
698427087.2446715832 3993397.6181640625
693759400.5787624121 3845471.5029296875
693679454.8034025431 3843100.1240234375
693691987.9704864025 3844948.7797851562
693607368.5233819485 3839646.6899414062
693856172.6518250704 3851187.1533203125
693764034.7327560186 3849905.0688476562
693998276.4262524843 3855754.3676757812
697837466.2899253368 3955860.7465820312
697441087.0603373051 3948939.0209960938
697765490.7865595818 3955823.2763671875
697587588.8594427109 3950296.9086914062
697137120.5492757559 3937063.7797851562
697130069.5900492668 3932592.4799804688
695199074.1461421251 3874956.7768554688
697128809.6520251036 3930191.8437500000
697429643.4046143293 3938476.7172851562
697021911.6265065670 3927467.6293945312
696015875.5883634090 3884458.9575195312
696000733.8865466118 3877910.2387695312
696217944.6611573696 3888410.6386718750
695754731.4071369171 3876611.6196289062
696680831.6827136278 3889178.3774414062
696717113.2994425297 3897561.7104492188
696563079.6451313496 3888586.8569335938
696708684.2882864475 3891778.3945312500
