796424495.7617682219 5415605.6240234375
769632465.0778080225 5189536.3554687500
766247161.3017171621 5104530.1684570312
758813072.8611451387 4854224.9748535156
758468421.5631679296 4845774.7702636719
758840725.5031591654 4863443.8513183594
777167055.0298980474 5302566.6044921875
761519909.1972248554 4962209.5231933594
764553787.9840687513 5062926.6379394531
767009070.3965513706 5129884.9067382812
780691375.2547610998 5332583.7441406250
768447437.3323404789 5165270.4638671875
759131366.5201658010 4872628.6213378906
761936100.7588464022 4979039.5422363281
759868850.5208989382 4906871.8957519531
757610803.0480664968 4773609.6328125000
765747522.9923125505 5093417.1718750000
757485518.6391706467 4764864.1279296875
765468168.8486158848 5091630.0112304688
769372449.2447938919 5182767.7216796875
766139022.8617221117 5102803.1572265625
764906054.2031233311 5068740.9956054688
765112749.2226973772 5072389.0332031250
759222416.1168202162 4886334.9909667969
759979365.2795430422 4912595.9543457031
765537711.4940036535 5092967.1625976562
770972638.2108757496 5212013.5439453125
762105818.9649870396 4987017.5480957031
768529687.4573951960 5166699.2548828125
780326678.8676643372 5329877.8671875000
760436963.0761762857 4931219.0383300781
769584563.4860370159 5189449.5419921875
758097881.4809792042 4783826.4379882812
759744289.5557075739 4905877.7302246094
765890819.3783334494 5102714.8085937500
770778907.1387014389 5210698.9897460938
769789713.8317165375 5190490.3613281250
794185009.3900735378 5408686.4121093750
768165355.7435694933 5153767.7597656250
775622850.1847140789 5278517.3544921875
763283950.5978883505 5026020.0432128906
767876959.5600252151 5148673.6870117188
757253362.9639608860 4762535.6503906250
769993805.9984395504 5198854.5302734375
778096389.8410415649 5310548.6816406250
757035119.6488653421 4736880.1569824219
767526138.6016008854 5139482.6738281250
757524818.9421498775 4771825.4855957031
759096909.4160621166 4870174.9143066406
760656372.6163750887 4934465.1325683594
777643559.8530840874 5307922.8173828125
765189790.3632100821 5073231.4736328125
760752461.6496789455 4942660.2062988281
759607758.5643399954 4896039.4631347656
760032539.0915304422 4912980.0695800781
765041654.8079072237 5072098.0834960938
756896976.4511888027 4726880.1870117188
768378323.1376644373 5157793.9184570312
761795156.2484859228 4974940.1184082031
768090868.2801228762 5151855.3613281250
759979365.2795430422 4912579.3220214844
780806558.3030370474 5333290.1562500000
759222416.1168204546 4886380.8996582031
758067629.8544991016 4782415.5187988281
780876727.9667338133 5335364.5439453125
760236678.3060383797 4924248.1799316406
758191418.6584334373 4788584.6154785156
776383333.5333203077 5289308.2475585938
780720063.0152405500 5333069.1123046875
773898845.7316690683 5255806.7031250000
757781494.6418213844 4779897.8774414062
779829991.9179172516 5325117.7382812500
784751424.3997737169 5363562.6357421875
768423384.0546337366 5162584.7500000000
775622850.1847143173 5278582.8574218750
777567302.8388925791 5306449.1835937500
778539903.7722189426 5313674.7841796875
795406500.0030444860 5410569.3417968750
772009745.0835508108 5225332.0390625000
774088213.1129435301 5258614.5195312500
790582403.9304229021 5397991.0166015625
759648740.6727036238 4900267.3635253906
806765793.9691340923 5420444.1279296875
760037455.2063173056 4914595.3312988281
772332230.8258819580 5232444.6215820312
760098978.1127033234 4918211.1940917969
775664883.7667604685 5279642.2744140625
787227078.1143579483 5385047.1269531250
807291798.9981555939 5421692.6962890625
775603276.5643612146 5277884.1025390625
771985802.3024083376 5224151.9448242188
764938253.0868132114 5069510.2470703125
777902197.0376074314 5308759.6240234375
778861232.0178872347 5315162.9130859375
783392201.1251143217 5357788.4423828125
807028681.3229835033 5421290.0615234375
774462478.3962163925 5261947.9863281250
786220957.2317965031 5379098.4257812500
766299171.8825126886 5108561.0864257812
759649806.9713746309 4902265.0437011719
766922974.5819399357 5122225.0468750000
759135013.7718219757 4878950.2399902344
767427256.1164580584 5132296.3403320312
766272309.5316129923 5107805.0351562500
760872102.8075211048 4943838.4084472656
772639031.8904160261 5237444.7905273438
793541940.9600723982 5407927.3525390625
762330902.5815734863 4989980.6035156250
758028952.7266736031 4779951.4912109375
758216094.6900776625 4809180.0234375000
778890312.5679748058 5315251.6464843750
782744902.1791353226 5351550.5263671875
764786013.7668089867 5065409.1284179688
765314823.5285267830 5080390.4624023438
779829991.9179171324 5325012.4414062500
780422170.8801549673 5332298.2587890625
759034407.6363109350 4866336.9543457031
764259154.1645985842 5055894.6162109375
757569510.4802618027 4772051.6047363281
776924271.4585427046 5297639.7949218750
783519290.3777339458 5359964.0800781250
763368893.4646672010 5027224.8308105469
783955532.2411235571 5362315.6044921875
780062099.1254668236 5328034.5859375000
776819723.0581918955 5296948.7285156250
777125663.1712433100 5298091.4921875000
783955532.2411235571 5362196.8115234375
772827902.8119006157 5242885.0771484375
803546322.8795889616 5419912.2636718750
779550907.0334168673 5323335.9931640625
781623577.3940476179 5342806.4350585938
783519290.3777340651 5360001.8701171875
763189850.7677235603 5021948.7092285156
761360319.7614035606 4960820.7697753906
772375591.1976221800 5234982.6484375000
761299654.5269286633 4959476.3225097656
761011763.4874258041 4949532.3049316406
763475226.3413070440 5031336.0573730469
774651717.1182147264 5268155.0371093750
773648496.3900369406 5253723.4169921875
774842868.9292353392 5268319.2041015625
764163235.1614099741 5049132.8403320312
772358505.1539773941 5234587.4956054688
776924271.4585427046 5297508.3437500000
766671859.9718297720 5116641.4848632812
763508007.9686837196 5034989.9855957031
773302188.4086434841 5250338.9609375000
763733641.0890644789 5038071.0502929688
779271644.9333933592 5322217.3457031250
763733641.0890647173 5038119.8115234375
783519290.3777340651 5360014.1396484375
791420793.2879842520 5399550.1083984375
763456518.1269806623 5028558.0251464844
793285512.4943590164 5407091.2646484375
802019787.9339373112 5416857.9970703125
774542841.6941848993 5264087.3330078125
760228733.0156990290 4918527.9226074219
763475652.6438959837 5032730.4094238281
794977916.4948769808 5409774.2744140625
766634424.6360989809 5115254.7089843750
767209827.2304114103 5130188.6733398438
785373147.3165196180 5369745.4677734375
786123310.7762337923 5376542.4316406250
793145382.4434611797 5406885.5117187500
766439393.8153086901 5110813.7792968750
778960222.0358337164 5317509.5644531250
772775506.4161876440 5240331.9169921875
758267667.6177157164 4815179.4465332031
761201059.8243091106 4957248.6413574219
791876210.1587659121 5401978.3095703125
761061980.9283952713 4949804.7053222656
762931054.2718970776 5015770.4128417969
766521643.9403632879 5112010.5517578125
785651500.3869627714 5371710.0791015625
759603526.9962350130 4890413.8044433594
763001372.7125697136 5018910.2639160156
791895218.3608698845 5402582.1992187500
768329388.7540861368 5156395.0517578125
761848372.4934554100 4975651.8093261719
773254957.6599763632 5247791.7187500000
759095078.6279908419 4868247.7824707031
768237168.5386344194 5153872.1015625000
788806750.1697013378 5393601.1396484375
792721754.1581373215 5405096.0078125000
767757486.8066514730 5144126.7265625000
761240199.1217768192 4958234.4060058594
786901531.1019834280 5380094.3457031250
789049397.4915872812 5397147.6865234375
789038602.2734402418 5397003.3798828125
762786276.9639657736 5009360.9948730469
762413101.7397004366 4996170.5563964844
762617193.9064229727 5004571.5173339844
772950234.3649336100 5244149.5385742188
773574506.3192667961 5251867.9951171875
796192592.1449655294 5412310.3779296875
763165107.3794493675 5019583.2707519531
758269619.5792622566 4824939.1462402344
795921966.2505532503 5411230.2050781250
768347226.7037816048 5156399.5898437500
762413101.7397004366 4996160.9450683594
763673904.0161411762 5035118.8513183594
763737242.2108113766 5038403.7165527344
768255172.4353331327 5155615.7490234375
788492934.3593318462 5391479.3564453125
763260612.5800654888 5025511.0354003906
788369261.7150375843 5390945.2539062500
795286422.3514801264 5410249.6933593750
787138914.5581727028 5383585.5156250000
792774246.2730233669 5405889.7685546875
761608615.2136888504 4964782.6813964844
774901528.2367004156 5270807.0830078125
791639996.4715306759 5400465.1718750000
762413101.7397004366 4996173.1931152344
791639996.4715310335 5400651.9169921875
775944627.5493793488 5284308.0781250000
770473220.9898236990 5204297.6645507812
769474817.4966067076 5184461.1977539062
762519422.9683734179 4998912.5397949219
761534768.9413924217 4963854.7082519531
775907740.6132826805 5283654.8242187500
775907740.6132826805 5283726.2001953125
802933459.7857925892 5417244.0986328125
790870822.5632041693 5399237.9365234375
776825313.2144973278 5297301.5615234375
795167392.3448842764 5409807.0312500000
773974419.2732455730 5258084.8046875000
787655026.3927267790 5387954.7148437500
770308560.9189261198 5199015.4184570312
762797280.5458469391 5010598.8664550781
794737941.7344357967 5409220.1582031250
794737941.7344356775 5408966.9130859375
762411334.1148483753 4993987.1467285156
783275547.6670911312 5355983.4384765625
775343474.7435834408 5273987.4316406250
783275547.6670911312 5356001.8535156250
775417346.6383157969 5276946.5996093750
773952230.2276477814 5257782.9003906250
776638494.6695393324 5294640.2050781250
782519824.1444963217 5350250.1406250000
775073029.2611678839 5272256.1728515625
771017377.0305634737 5216836.9091796875
792659796.7921992540 5404387.8886718750
772863421.3464068174 5243564.8974609375
782427308.7347806692 5346915.8017578125
769253732.3917618990 5179589.2602539062
783329761.0070900917 5356921.7753906250
772130600.4900926352 5229128.2880859375
776238262.1628566980 5288665.0976562500
766880272.0545855761 5117753.0046386719
764954855.8805484772 5071402.7687988281
762380619.4193930626 4991576.7614746094
776638494.6695393324 5294582.9150390625
769253732.3917616606 5179462.3920898438
776533709.1192826033 5293293.1367187500
771752261.3577544689 5222146.9697265625
806717097.4858698845 5420415.8662109375
792144451.0996590853 5403329.6728515625
769162350.8694342375 5177582.4038085938
771545984.5007463694 5221598.1718750000
806765793.9691345692 5420739.8320312500
768980144.5693963766 5172942.2226562500
770308560.9189258814 5198986.2250976562
771394082.3204578161 5218525.2626953125
770395441.9111236334 5201439.5185546875
768803301.8238385916 5167993.4868164062
771394082.3204578161 5218576.7490234375
785883047.2443578243 5375206.1601562500
785734335.4070641994 5374011.2080078125
772745079.7697851658 5238843.5185546875
766613057.5365695953 5113157.4467773438
769790685.0707477331 5190607.8720703125
771814798.8126046658 5223542.7148437500
771339926.3333578110 5216888.2900390625
767483288.8632698059 5132647.1899414062
801244040.0547182560 5416351.9775390625
782953275.8260543346 5352225.5458984375
806153653.1208119392 5420024.7880859375
774336084.2443569899 5261768.9208984375
782168138.0330237150 5345169.6748046875
784793735.5841213465 5365864.3896484375
784786356.5897294283 5364926.8974609375
781501338.4459683895 5340686.8593750000
784922068.9690066576 5367532.8671875000
785133404.4681640863 5367624.0371093750
784922068.9690066576 5367565.7587890625
782055050.2510861158 5344666.5917968750
781822707.3735438585 5344031.6904296875
781349317.4463896751 5338319.5957031250
781349317.4463896751 5338246.2666015625
