108514874.7426307350 1515859.8066406250
106538121.3186706156 1410456.4746093750
107198099.9262424260 1457667.9326171875
107343594.2173993438 1463661.8095703125
109710343.8099183738 1546164.6884765625
110042576.8495472074 1553585.3320312500
110731848.6657054871 1555987.6816406250
113745879.7333881259 1559417.3046875000
105425872.4447608888 1220034.6254882812
105949987.9520473480 1336525.0244140625
105944641.3772621155 1331622.8427734375
108149679.9009842873 1504451.5537109375
108165802.3344464898 1504918.2246093750
113819603.9051638246 1559427.9697265625
105466936.3092731684 1228983.2700195312
105667001.2805302441 1273598.9790039062
105843072.8323788941 1317044.0976562500
104840346.5724540949 993728.0107421875
104797784.1379168481 974951.7243652344
105320842.9691469818 1190225.5913085938
107568216.7983973175 1479356.0615234375
105400143.2930050790 1210971.5278320312
105683136.9297586083 1287790.5463867188
107224595.3088086694 1459997.2626953125
107882696.9786466211 1495805.8876953125
108070111.2450523823 1502664.6542968750
110497308.2358417362 1555459.3408203125
105304639.9944769293 1188908.1621093750
107748169.4295510203 1489141.7783203125
106952867.8134824932 1443575.3447265625
106934937.9760835767 1441538.7421875000
107614449.1908364743 1482084.6142578125
107721309.3680969328 1488236.1806640625
107954425.4434795678 1498455.0234375000
105266208.0517464280 1177240.3588867188
105436508.2614342570 1221918.1777343750
105400288.4364769012 1214231.8383789062
105380156.2626951486 1209249.9580078125
107964725.8326473385 1499093.4462890625
105367298.2623595297 1207730.1201171875
105748980.8357168734 1301359.9902343750
105241526.5388453901 1159264.5708007812
105256603.2548273951 1167925.9321289062
105222570.5097228289 1158585.7390136719
104764720.4448314309 934324.3315429688
105261731.1073242128 1174584.0698242188
105671875.8628766090 1276719.5068359375
105955866.7971382141 1337586.8994140625
106022156.8279598951 1346864.5307617188
104812302.6889241636 978172.0844726562
105369527.9589380771 1208284.6835937500
104824406.2365967035 985915.5983886719
104796274.7766649276 972701.3005371094
108248027.4032751173 1508481.9394531250
109389405.0321263820 1538394.2353515625
105902372.2065418065 1322529.0791015625
105286225.6348965615 1182367.8007812500
105867968.3788184822 1322305.5937500000
110100024.9536811113 1553916.8046875000
106638565.6041404158 1418900.2490234375
106076008.7973722219 1358131.5244140625
109883724.3716295958 1551160.0000000000
105854489.0825367272 1318837.5517578125
104966671.3311243951 1062158.1101074219
105406987.2071613222 1215716.6621093750
105363463.9514008462 1200764.5849609375
105967117.1721695960 1340558.8945312500
106106680.4801893234 1358597.7646484375
108548488.0425898284 1518297.9726562500
109947707.9685841501 1552650.4179687500
105366919.6572023481 1207406.7470703125
105768257.6206456125 1302417.3261718750
108783604.8443381935 1522868.7031250000
110543717.5797133893 1555562.0498046875
107279934.9163862020 1462433.4433593750
109467906.3143229783 1540410.2910156250
108574832.2710213810 1518798.3105468750
105822271.2302550673 1315176.7099609375
107545426.1041723490 1478558.2587890625
105721079.5744251609 1295377.2373046875
106941689.2386232913 1442778.1152343750
113665367.6153774858 1559255.1337890625
109455374.8941338956 1540342.5000000000
108712787.9011675566 1522397.2304687500
109477421.0402793735 1541694.3583984375
109840480.1003015935 1549602.5468750000
105004800.6921667457 1076245.5957031250
104776642.8518144190 944224.9335937500
107269898.4833181053 1461949.3857421875
106014550.6852483451 1345354.5205078125
108685406.1383429021 1521160.4101562500
104791796.7283005714 965181.1413574219
105479840.4214351326 1230300.8681640625
105486814.2304472178 1234783.5014648438
109722104.6242368221 1546676.3769531250
114844754.9612225592 1559693.8154296875
105729165.7235012203 1295730.0703125000
105068695.0594106615 1098006.9548339844
105794534.4586893618 1310377.8271484375
105026856.5761106908 1083718.6547851562
107223574.9380540997 1459384.8457031250
106922242.8594084680 1440574.5322265625
105064837.8901346922 1097282.9560546875
105672259.7794293463 1280053.6582031250
105060766.5982818305 1096861.8452148438
105013618.8729645908 1081194.0849609375
105141214.6427635550 1109687.4653320312
106585958.8535241634 1415004.9541015625
105327050.2835577726 1192163.5166015625
105040580.8593826592 1090845.7368164062
105697918.0339985788 1288358.3925781250
105330358.6732179075 1194872.8554687500
106125879.1023686528 1365614.2011718750
105730775.3317623138 1297435.0371093750
106171863.6797468960 1370796.5048828125
106904042.0583214909 1439265.0546875000
107259578.3017471284 1461580.3203125000
108586771.4818287641 1519030.1708984375
106155236.9838659763 1368413.7041015625
108747889.0656674653 1522856.1591796875
105029724.5602051467 1086097.8212890625
105332490.6819545925 1196078.0849609375
104829210.4133512974 989943.9020996094
106362179.8476362526 1392799.6503906250
105095914.9313002825 1104768.8491210938
113602753.3450782597 1559198.5244140625
109302220.0728799552 1536455.7412109375
104797747.2896156311 972858.4929199219
110297120.6178224236 1555173.7382812500
110370715.3015577644 1555386.8476562500
105352219.2667325437 1199221.0439453125
105333448.9848545939 1196172.2236328125
107138683.6236365288 1455248.7480468750
107863905.9991726428 1495482.7314453125
105452971.1521845609 1224802.5976562500
105748423.1703126132 1299216.6069335938
106590945.3173581809 1415868.4121093750
106114019.3084220588 1364106.2236328125
107095124.4843120128 1451775.9648437500
105717130.1140407920 1291787.8950195312
109739690.2624956816 1547319.9648437500
107232649.4937463105 1460160.3662109375
110581495.0242407769 1555705.1250000000
105397286.4387240857 1210641.7819824219
106881876.8407012671 1437967.5205078125
105712182.8629930615 1290612.6152343750
113516647.4950519800 1559031.4521484375
106039009.8692165613 1351689.8935546875
110289407.1892140359 1555156.4462890625
106413984.4881565273 1398394.6767578125
106935012.8401784301 1441924.6464843750
108611761.6458504945 1519353.5439453125
106045570.7254970670 1353133.7324218750
106606543.9869404584 1415947.0585937500
105998454.8190957606 1344478.9501953125
106737459.7876014709 1427157.8164062500
109991005.1085614711 1553083.9443359375
109253517.2624678612 1534752.1503906250
114654323.7388238907 1559601.5722656250
108241352.7200580686 1508294.9707031250
108392306.1553866714 1514254.0244140625
106050250.4136129022 1353943.2363281250
107996824.6357437223 1500846.8886718750
114787475.3694202602 1559646.7851562500
114766638.3379233181 1559610.3906250000
104784982.8259443939 955085.7700195312
106297898.0227632821 1385285.4189453125
108255555.3330453485 1509738.4931640625
104983413.3201259971 1065808.8491210938
108570198.5869512707 1518678.7343750000
104790526.2828465849 958798.4772949219
105103540.4203183353 1107629.4323730469
113556548.4326826036 1559088.8115234375
106067699.1983460933 1355597.0517578125
110234507.5227723271 1554568.9121093750
106329347.1094298363 1389092.1660156250
114450336.7084659934 1559478.3896484375
105124750.5278952569 1108135.0158691406
105019981.8101262748 1081454.2348632812
105431374.4863220155 1220822.1059570312
107866569.0814331025 1495528.9062500000
108027926.6799916923 1501232.8320312500
108013175.6127399653 1501196.1142578125
107810882.3871721476 1492747.1015625000
104760567.0197493732 927001.1105957031
105055854.2010126412 1094469.4462890625
110270859.9296078831 1554852.3613281250
114474263.2522051334 1559492.0244140625
110256747.6680565923 1554779.2617187500
106133159.3882243931 1365626.1777343750
109421929.5067908764 1539077.7773437500
108166741.0430130363 1507123.4824218750
108369229.3585553020 1512994.0693359375
105528349.6689714491 1239878.3532714844
105528112.8652944565 1237801.9416503906
105590103.9294303060 1245716.5295410156
104784741.1595713645 949137.0969238281
105003136.0461508334 1074276.8068847656
105085612.9738578498 1101634.3833007812
105077489.2837459147 1099198.6755371094
108480994.8092467934 1515605.9521484375
107926881.1495625526 1497696.6367187500
107939795.7398490459 1498396.8750000000
107027401.5666134655 1448077.4912109375
106383418.3470890820 1395933.4472656250
106637566.9985559434 1418631.3056640625
104992619.1685221791 1072143.7392578125
106271117.5050487220 1380208.1162109375
104990072.8610246181 1071045.1494140625
104919743.6323413849 1022350.3715820312
108520346.6111717075 1516508.9267578125
104896770.6752363592 1017935.5034179688
109468619.6824498475 1541371.5078125000
106428306.6461412609 1400650.7880859375
104906688.4223430455 1021826.0236816406
104862914.4611305892 998491.7431640625
105189514.2940869629 1134886.1081542969
106656344.4781448096 1420145.1230468750
109560360.5618444383 1543321.9531250000
106254396.6871675849 1380085.9873046875
109531794.7231991887 1542323.6503906250
107042787.1096048653 1449760.9277343750
108823759.5515098423 1523634.4091796875
112984637.6988809705 1558193.6582031250
104945653.8672505319 1039796.8720703125
108811353.0444243997 1523410.8701171875
106436647.7034762502 1401293.0878906250
104866946.0045883656 1004494.8012695312
106704035.4340586066 1425409.1621093750
106777159.7334412336 1430082.2695312500
106344096.6085281372 1392347.1201171875
113239802.0857643187 1558589.6044921875
107282772.8943672776 1463224.9453125000
105215446.3988721222 1151631.9150390625
106824198.7944850922 1433701.3388671875
106246257.6202892959 1378883.2539062500
109834287.6871177107 1549498.9990234375
112902859.7355926633 1558013.2080078125
106759936.8849151134 1428578.2773437500
106370811.7267058492 1394261.8427734375
109381165.0286883861 1538141.0332031250
106391887.8472830057 1396251.2167968750
109752933.3872695267 1547865.5117187500
104962461.8773967624 1050870.4877929688
105202531.7977102995 1144075.3935546875
113226931.1723846197 1558542.5087890625
106306077.5106144249 1386979.4306640625
104931939.2788572013 1033982.4094238281
105218295.5391370058 1153605.8327636719
109667506.6278786212 1545865.3496093750
109441422.0756060928 1539619.2568359375
104857133.0603138059 996160.9694824219
107101981.6156286001 1453029.6435546875
109445566.7075006813 1540185.0625000000
104760142.5400498807 921559.8066406250
104872924.4261286408 1005646.6467285156
104883108.6022715420 1011035.7595214844
104851160.0851140618 994704.3737792969
107113210.8739923537 1453838.3300781250
104758632.5018498600 915881.1101074219
104931120.1993003637 1024499.6726074219
104759354.2582370788 920278.5473632812
106254315.4524105489 1380077.5478515625
111591470.6067634970 1556369.8017578125
105568148.0092043877 1241395.5429687500
104881999.9710362256 1005744.8920898438
113447038.5852856934 1558868.3183593750
104759164.6254209131 918788.1911621094
109405475.9559260905 1538698.1376953125
107540175.0224242061 1474476.0654296875
111583922.8207481056 1556368.2275390625
104771384.2378953546 938600.8498535156
104767020.9395118505 937481.9372558594
113140457.0720259547 1558250.3183593750
113147052.0558342934 1558274.2158203125
104930369.7193720490 1024464.4245605469
113378137.1104509532 1558762.5927734375
104778774.2461252958 946639.1318359375
113398798.1619518399 1558795.9365234375
113362616.9608114660 1558692.9306640625
111487891.8661805838 1556258.4941406250
105663099.0766802430 1259818.1040039062
105648032.2602426708 1257935.2587890625
105636563.0819486678 1256093.1865234375
108991913.8102068007 1527141.2255859375
109212224.6291323602 1532344.4404296875
111263453.8447914571 1556045.8671875000
109118911.5562049001 1530186.2119140625
109100168.6909804046 1529584.7441406250
109141125.7410127521 1531614.9404296875
111443790.8796067089 1556126.9277343750
111237926.0601565689 1556032.7558593750
109103897.4908994138 1529707.4853515625
107396093.2464803755 1467183.5703125000
112567410.6269113719 1556373.9277343750
112846297.0908339620 1556955.3740234375
107500272.7500338554 1473139.5302734375
107512827.0655846596 1473932.1093750000
112790398.5021260679 1556861.3652343750
112838548.6554256678 1556936.2402343750
