509133555.3743107319 2513.9713297165
520946060.0856966972 3954.8989470711
521065817.9426928759 3967.2171914441
527950780.1412217617 4549.8906181315
528420573.5051785111 4581.6429784754
543412916.7613408566 5683.9075787067
544817109.6784601212 5764.5935618877
543254075.4521048069 5671.2335836887
543437546.0245467424 5690.8062851429
527931054.2017878294 4538.3160889605
528259286.7059770823 4570.4533679942
543260030.1977185011 5682.5102779865
543664061.6044957638 5703.3900148869
545391401.7658103704 5787.4481234550
545381945.8196960688 5780.7076609135
552722251.1172291040 6014.6312675476
506905231.8459525108 2116.3283003402
506698404.0779462457 2074.6532457994
513694455.8416272402 3161.1600649336
513592592.4320102930 3156.3214011516
550130511.1058340073 5987.6986637115
506938911.8551928401 2119.2060176783
506816596.2037526965 2100.3665323077
506840627.6679438353 2104.5399452673
528233962.6572562456 4570.0840938548
543632067.8412581682 5703.2862036228
550705919.2232537270 5992.3727178574
550795289.8746418953 6000.4711055756
506917775.8984587789 2118.0076204763
509141369.6379430890 2529.1979371231
508989183.4835590720 2508.9037903785
513771652.6684724092 3175.5607774361
513805446.8689990044 3181.5565695295
521378742.8088784218 3989.8040224628
528357234.4598622918 4580.2242165068
543695993.8305449486 5703.7655317783
550873290.6131657362 6000.6312942505
552197643.3744215965 6011.8329353333
552470700.5496624708 6013.5104618073
543808374.2482562065 5709.5177357197
505483537.8375505805 1661.8001354135
506998468.9060322046 2120.4718538659
508968780.3756120801 2494.1619549409
513763719.2798039913 3175.4390758435
513642085.6944022179 3160.7257076702
513785076.8685914278 3179.8292477110
543844638.6755659580 5716.8656628132
549878938.0346951485 5987.6534156799
551261527.2332575321 6005.0040664673
505476307.8539071083 1658.8217970680
506877470.3192621469 2110.9493986593
506885601.1811512709 2113.2023168657
521400701.4251925349 3995.1687741932
528550890.1976378560 4589.9645733151
528186537.1613029242 4567.0711590562
550874265.0625808239 6002.5834903717
521478036.9775490165 3995.4043226405
506752705.9985726476 2094.6725355611
521098002.6358389258 3970.9503852781
544263680.8787939548 5739.8059151173
509105288.5369116664 2513.8402655987
509281386.8426283002 2537.1262651827
509222433.0678088069 2535.7956457749
509014419.5754552484 2512.3620138779
514179112.0326465368 3184.2078185657
521996227.9638723135 4046.5817625161
544068580.8977601528 5730.3510124683
506697550.9933785200 2072.1197822319
509230353.6416707635 2535.8059588090
521551285.6566116214 4002.2757454749
521558746.1697576046 4002.5983647939
544146935.6328455210 5734.8479626179
508784822.8606475592 2465.0926749319
514124559.3964217901 3183.2212082085
522056957.5523549318 4049.7219994993
508823789.7368216515 2465.1954010802
550758985.0718441010 6000.1524562836
521955171.5416579843 4041.6312107678
544141576.0368664265 5732.0010039806
544623003.0005502701 5760.0061013699
508688275.3787535429 2447.2200210378
544707327.7180107832 5764.4085764885
508511937.6282659769 2418.6704181342
552383564.0108628273 6013.0164089203
522129102.0999703407 4052.6820186241
528628016.3101286888 4594.1879323337
550708059.2035439014 5998.7180442810
551079374.0962517262 6002.9336757660
505582152.7485983372 1699.5635895337
508609490.4894925356 2441.0475554570
544570108.7435470819 5758.6528241634
544670569.7338875532 5763.5684010983
549682711.9910066128 5983.4758224487
521055383.6837258339 3965.4359244760
508689782.3085470796 2451.0296649199
544212195.7542515993 5735.3827674389
549082075.0793114901 5959.1469945908
549323204.7503901720 5971.0736360550
549529297.0537559986 5976.8909339905
520512037.2197507620 3905.3166795429
549548033.2275947332 5978.5278701782
508747843.2673366070 2454.3727841119
544521642.3575885296 5752.8468291759
544306633.7015148401 5742.8580920696
544467402.2870641947 5751.3604886532
520591523.4470859170 3914.6818738636
544049981.7229225636 5726.3139166832
544411713.9566278458 5747.2632796764
544290716.0320461988 5740.2264096737
544346510.5028452873 5747.1111876965
528582175.2591930032 4589.9942847543
506685001.4580278397 2022.6003359354
508959994.8448789120 2482.7493989830
520675174.4867544174 3919.5392857641
505875019.6855013371 1742.3391549330
529515927.7524653673 4637.3466755260
529632405.1868236065 4642.4580323964
529145989.5899844170 4618.4207952368
506037805.4964172244 1764.0679977060
508478173.9710634351 2387.9956917177
506648049.7289735079 1994.1565472502
513372033.2602207661 3126.4879163924
513268762.6572780609 3112.1601790315
521876821.8851923347 4035.3477953074
513316203.8945524693 3112.2357210757
522084465.4139552712 4050.1881262299
521997996.6701972485 4047.6970064223
513342275.2996842861 3113.0178529111
513181792.4601596594 3102.9923205019
508906632.0922965407 2480.2368567734
513069198.9480123520 3078.5917201630
521833429.6194267273 4032.3462044375
521595516.8773690462 4006.5389530297
521742049.5592748523 4026.3782543775
521961359.4710205197 4042.9508217455
506152596.7223428488 1776.4891290322
506166357.6768167615 1780.4623273902
513164594.2416857481 3098.0269419319
521690240.2429422140 4021.4433192994
513117178.8534463644 3086.7512257664
551577651.5109419823 6005.5863761902
506167094.9765131474 1781.2448164428
551801172.7800834179 6007.0371665955
506461809.3661100864 1894.6926069563
552053802.9884247780 6008.9138393402
506224420.4786995053 1782.2082630469
521219963.1012849212 3976.9048952653
508715467.6163078547 2454.0689501780
545894072.8125576973 5798.9211990833
551760102.3633906841 6006.9541683197
551859420.5555205345 6007.9625778198
506568416.0690764189 1958.7909793711
506611441.5626557469 1960.0715217263
506552666.7391995192 1953.3725473738
550385999.7786947489 5991.6988430023
512960251.0046068430 3066.2433639161
506551279.6184869409 1938.4589473169
506550509.9250125885 1935.0388285188
520776426.2505646944 3932.5003645271
506358340.8704435825 1784.8073152730
512940101.0895192623 3060.0738769631
506393836.3803194761 1802.8101711643
546203209.8311076164 5812.6724896431
545810272.7615427971 5796.6268804073
520495785.9488986135 3894.9868341592
512697710.9249913692 3015.1254349372
512458659.7786298990 2988.7396100197
512651525.0290238857 3012.6390232925
548195359.0834162235 5892.8807506561
548386369.8166925907 5900.1179189682
506422167.1259645820 1807.5605293850
508325036.4064552188 2344.0122594098
512711471.8263609409 3022.0969181167
508368948.1485314965 2372.1118438700
512268115.3266167641 2940.2864274952
512371086.3624216318 2960.5390157755
508308868.7092075944 2337.3639739662
548509095.0693844557 5904.2220869064
508293084.6064146161 2315.4639871962
548475195.0506181717 5903.7414407730
508303393.5941961408 2330.1500552020
548830701.6298830509 5912.4352703094
511984699.8478000760 2896.4210781072
511950207.6192750335 2895.9986708863
547125850.6580531597 5839.4963152409
511894209.5285179019 2885.9058250794
511875689.5343841910 2874.9385784884
511847415.0365398526 2871.0045457682
511740896.0207154155 2864.6868754914
511198979.8152078986 2764.9445354729
548336114.4176188707 5896.0656528473
511577165.8886684775 2829.3426676925
508198147.6601746678 2272.3742720749
508155158.2560668588 2271.6347621310
508201295.7878271937 2275.5379802667
511505408.4380107522 2812.3787705752
508151746.4354617000 2271.4129425551
511311542.1075889468 2786.8911982256
511246473.3817589879 2769.9240630730
511334390.5907308459 2786.9584112840
511144821.8752667308 2763.5136213975
508101019.9723535180 2251.7270416285
548089652.3237669468 5884.3906221390
546753923.5757842064 5828.0833199024
519443425.6687003970 3766.9691978261
519876389.6313940883 3806.3325343341
519962579.1634626985 3817.4893379421
520119710.8674889803 3826.9831586093
508088757.3961933255 2233.2387325640
520277331.3404213190 3847.1624123291
519953006.7402336597 3806.4442858112
519238442.1587929130 3741.2367671727
547599768.4517199993 5857.8304951191
547548937.5478014946 5854.2336714268
547330254.3436397314 5850.0410826206
547577806.9941362143 5855.3992359638
547812617.5468119383 5863.0901641846
547717430.2503552437 5860.2689638138
519811735.1907572746 3800.9157645977
527463880.8815449476 4458.1865341823
519172384.7086121440 3734.2577841281
527481757.8210860491 4460.2483253638
519854971.3649075031 3801.0176292819
527518537.5127242804 4460.6370568658
547722633.9229493141 5861.1479587555
547844713.3198645115 5866.1637096405
527536670.6776664257 4466.0661106251
527519222.4395732880 4462.3587776318
527240899.8879358768 4440.6989596049
510619439.9987129569 2659.5257494005
510579122.8459614515 2640.8114465924
527145767.4651734829 4428.7478983561
510497372.4363454580 2621.8883082422
510922574.2550805211 2708.3967470201
510486098.4830201268 2620.1878025813
510804116.0710082650 2684.2988145994
510448709.7814975381 2619.1504743102
510556651.4061889648 2639.5329508099
526566893.4107457399 4372.5765234314
526655870.2596912384 4380.7596210503
526405179.2755481005 4365.5885917203
526661851.4418869019 4387.5375728766
510527878.0009356737 2636.6042515787
518873587.9231389761 3661.5710143084
510361309.7616198659 2585.2648297360
518910483.4609587789 3661.7467883463
518776555.2087258101 3640.6953198555
526109238.2355954051 4311.7659282628
526131989.4525440931 4315.2088360730
525985728.5523607135 4301.4584490004
525889875.9256272912 4293.2282097639
518757051.7583498359 3640.2619288805
518642420.3080388308 3613.5623216054
518555365.4448639154 3598.7832319161
518494499.9308890104 3580.8356599456
525726367.6724718213 4270.3967015894
525717734.4596338868 4268.2093417795
518509504.2954059243 3590.8353175542
518564833.5887000561 3605.4445211394
524579545.7033592463 4169.1893684521
524342128.4891057014 4145.7702005087
518587931.0776463747 3608.0087506117
524394846.1725131273 4149.7727157949
524570314.0756919384 4166.8040597616
524769319.3360916972 4174.4421186903
524730995.7142327428 4174.2639440191
524531668.9174578786 4162.1566367009
524662505.0033338666 4170.9624121967
524475259.7658381462 4158.1229280392
523989292.8853548765 4112.5623265357
523393313.5200772285 4055.9751559923
523441678.5215154290 4058.6224284002
523677389.5998867154 4077.7895145815
523669866.4852625728 4072.8116736668
517626031.0338056684 3366.4326059499
517758077.9474911094 3379.1942791956
517819876.6441801190 3396.0805319500
517760241.7171479464 3391.7815775889
517681670.7927767634 3374.6113912576
517865155.7336436510 3400.1085831003
517803612.0335310698 3395.8331671470
534260607.7433341742 4765.2812382090
518422465.6629852653 3468.0843431991
518256695.4526895881 3444.3539754194
534079471.9222265482 4758.9817179865
534121861.0938603878 4762.4656423754
533277143.2327514887 4695.2497058525
533297273.4315066338 4695.3561888351
533051036.2617163658 4678.8231223165
533203495.6772344112 4684.3751044883
533463244.9462702274 4707.9452543310
533414961.5311328173 4706.1279248064
533306807.2521166801 4700.1695711459
532966677.3653717041 4671.4776626243
517296042.5413801670 3261.6861078392
517277636.4992285967 3245.3411430966
517362453.7832549810 3290.0878452908
533213040.0277949572 4693.6562438621
517482397.9587134123 3292.8098302886
517532552.2645169497 3313.2827883765
