141317962.3352036774 1072.2508178752
149036116.2245972753 1727.1693596840
148952496.9835202396 1722.9737143517
149026122.6560550332 1725.8451519012
149467447.3259668648 1758.9551239014
150450926.1283733845 1807.9020018578
138815799.1449840069 643.2493492030
139012013.5993419290 722.4615432769
139161505.2940907478 739.3034331677
139193683.1103895605 739.3147609597
139129659.9125650823 738.5057470351
138948925.8235656321 715.1706621200
141095879.2458480000 1042.2642117072
141747783.9644665420 1109.5969930690
149374882.3519816995 1753.7596092224
150990417.1334549487 1819.8745856285
151888623.4700795412 1828.0606341362
152533529.4955255389 1830.9466490746
138840828.1940879822 664.2618763000
139236740.8719035387 739.4256989089
141496121.0901034772 1091.8882423442
141250992.9486486018 1068.7128342192
141531912.2865571082 1095.4971457681
148862819.8361845315 1716.0917139053
149040964.6799394190 1734.8404383659
150767555.2893548608 1818.1997046471
140666149.1806729734 983.1232027586
141012206.2715876400 1038.6630656774
141485889.7758431733 1091.8277391845
141456956.3471938372 1082.7475691836
141471671.6709518433 1082.8135039861
141888520.6738058031 1122.3986247059
149033970.7368110418 1726.9540858269
148827628.2650508583 1697.3443951607
149139025.5430209041 1742.4736485481
150541434.9353844523 1810.5232319832
151412470.4451575875 1825.8015074730
138946726.6268183887 689.5055598766
138946392.3214292526 687.8690926582
138886448.5073197782 685.7499472648
140671050.3230255544 983.8236633342
141063202.0148096085 1042.2623668711
140949787.4859530628 1022.7690132659
149330551.4002043903 1744.1130781174
149290923.9274750650 1743.9355378151
149802072.1655612290 1772.5639452934
150667488.5949427187 1815.8067164421
150640181.0709384382 1812.8799738884
150402295.6013833582 1800.0223927498
152070309.8130151927 1830.4155440331
141423968.3748511076 1076.9486000473
138914161.0452685654 686.3414152414
141133043.2096505761 1055.6584830794
141228368.6403825283 1068.5531574290
141116867.6911391616 1052.5779701514
150646142.3614596128 1815.1003088951
140833662.3378157318 1018.9272819560
151275846.6406728029 1822.5550341606
151018643.3598156869 1822.2722430229
140914870.8926726282 1019.8518713515
141403733.9705483019 1075.8472309436
141898265.7838926911 1122.5051380198
141876079.8458200991 1119.3315616648
141713278.1688608825 1104.7974102970
150787917.9481120110 1818.2035803795
139085805.5562112629 733.0320783854
148984355.0137749016 1723.9890503883
149206319.9108614326 1742.6081552505
139116859.5800310075 736.1931308396
140598367.9033235013 982.4946285289
141644114.9065968096 1099.1718979407
142029512.3443122208 1122.6635522586
149233866.3605409861 1743.7940959930
149348519.7949339151 1749.0036964417
150582568.9381451905 1812.5564246178
150719834.0514297187 1817.8711981773
141182144.3479588628 1059.3391028445
141561882.4719957709 1099.1700531047
141320896.8962633610 1075.8349681895
140736036.8886629045 1000.2337790530
141058154.3322097063 1040.5454174083
142148807.3778353333 1140.9430552821
142040515.0724767447 1135.3743324957
142034863.1746644378 1130.2706318579
149546089.3836992383 1764.1153335571
150329583.6228350401 1798.2181677818
151994267.5666154027 1829.8740458488
140559249.4686089456 961.1372659009
140988719.8431916237 1036.0040179293
142185674.4029876888 1146.0849123197
139304364.3144121766 757.1040075086
140814849.2227915227 1012.6689330142
140708260.9878170192 989.8743434947
141837700.8000924587 1117.6351819716
148909792.6139721870 1718.2866044044
150899425.1021840572 1818.9973292351
150013795.1741252244 1777.1276354790
151848754.2407763898 1827.2625250816
139288113.6986011863 755.0321319364
139651186.0844555795 789.2497523027
149345677.5204134285 1748.0989532471
149370938.4659507573 1752.0493106842
149243885.5351543427 1743.8398609161
149708301.8528458774 1767.6907844543
139575724.0593557656 784.4417789243
139373608.3772066534 765.9752741153
149364043.3011178672 1751.1623764038
149560021.9474368095 1764.9464817047
140760930.9864194691 1005.8297134440
139781190.7629608512 803.5137912892
139821391.6317839324 805.6418642869
139769228.9816454649 800.7179655693
139721941.2806616127 794.6706595086
139441749.6657662392 780.1787063740
149886831.0579006374 1774.7105288506
149535919.9609889090 1759.6059799194
149365850.6912803650 1751.4711627960
139402781.2801164091 767.4057965504
149422396.2366023362 1758.5920886993
151728784.5121208727 1826.0572466850
149119813.8600682616 1738.1823720932
149379557.3732855916 1755.7632789612
139517636.8379519284 780.5095562958
140533367.9751442671 939.6267135078
149414370.3405399621 1756.2634468079
140578643.5473069251 961.4703729087
139644951.4381162822 786.2426706736
140546191.2942894399 955.4000491629
140416345.7870499790 911.7256392966
140476559.9926832616 932.0649642478
140311647.6684887707 908.7298793326
140134845.2218375504 869.1221289168
140397382.9418371916 911.1035170982
140301179.0571139455 896.4055242072
140185350.5384281278 889.1888794432
140159236.4134903848 869.6701587283
140441450.5489098430 913.2433475100
140157325.5894412696 869.2305911456
140222934.9471556246 889.9082625948
140159363.9563340545 874.0099334989
140009848.4943690598 843.7596654829
140099420.8955896795 866.4775749121
139996059.2152504623 841.6038578900
139830252.5364576578 807.4496825910
139853398.0949042141 807.9375893865
148107162.3872132301 1598.0317928582
139877427.5002964437 818.2331063196
147489564.5404547155 1557.3967897974
147552901.0277471840 1559.9307258212
147581409.5606168211 1573.2338802897
147549105.9495852888 1559.3462956034
147507662.2115055323 1559.1031129443
147408459.6094554663 1553.0088996970
147852445.9873953164 1596.5993882500
147775970.1325541735 1578.3302624308
147800439.1951958835 1580.5782559000
148089489.2987325788 1597.6901695519
147582385.0058193505 1574.6967136942
147758759.7257356048 1576.9221717355
147573759.5099756122 1563.6339762293
150178051.4284345508 1777.1499991417
147275752.1098726094 1515.9899499499
147366603.8257411718 1539.6352517687
147851313.0939187109 1581.7796312806
147185978.7814668417 1509.0126173119
147334618.5535542369 1535.0226411902
143843841.7416657805 1176.2000478173
144151316.8345856667 1198.3508015538
144104996.8573039472 1196.9533598244
147409623.0858780742 1555.0506107123
147736436.4217333496 1576.4785459577
147412596.0296565592 1555.6063659274
144023569.0113899410 1186.5200324103
143697194.4158554971 1156.7476902867
144175250.4940287471 1201.6873677636
143774429.1813619137 1162.3999443913
144041863.5636294782 1193.5915032292
144078092.6204292476 1196.3868547573
147325329.3469395638 1524.9199797594
143854242.3314056396 1178.0891936088
143929338.5178615749 1185.1348061825
143786630.6710036099 1175.0157166386
143644890.0426278114 1154.2710476781
148532218.4853260517 1613.8524936442
148523977.0971509516 1605.0367219690
148285945.1609460711 1601.3190557603
148474688.0321783423 1602.8056446989
148192267.4002392888 1599.3356039473
148706461.3926323950 1616.0067302589
148762988.3286008537 1621.0181414783
146707541.5085181594 1226.3916049227
146910526.2672168612 1228.3958068117
146582677.0820340216 1217.7198448405
147022004.9590811133 1244.5258288682
147041237.4292889535 1251.4340736866
146876208.4598633051 1227.8054421246
147027119.2688930929 1246.5333805382
147083146.2853522599 1267.0726788342
