178236058.0755714774 194909.4712809660
177040186.9899593890 186152.9840336069
177448378.8278859556 189196.4315024503
177238251.5735894740 188038.2263660654
176027340.7681539655 175749.1721470021
176901379.5853376091 184803.4032289125
181187416.4911398888 213054.8615112305
175697902.7311501205 173413.3677094951
181978419.9823934734 215423.8739013672
176988857.5314668119 186076.1438236460
175624974.7331736982 173115.2840913311
178904588.4369198084 200242.2151470184
176255070.0156963170 179046.4587587342
179798342.8536156416 205680.5525112152
175441875.6243492067 171099.7687963024
179346454.1964412928 203092.9313411713
181187416.4911398888 213028.2007446289
176603579.0608630180 182511.2948241755
175851344.3997106552 175072.1868699566
179968233.5046781600 206444.9121246338
176306399.4741888046 179176.5227235779
177901201.6617271900 192339.0948307514
179994761.0612827539 206552.0203247070
176717434.8627115488 183647.0766908266
175501581.7835564017 171204.6188996807
176754967.9547218680 184300.5342103578
181691607.6494087577 214897.1785888672
180573485.1398286223 209883.5740661621
175743592.9527537227 173675.7621186748
177884631.4425305426 192306.9186316617
178236058.0755714178 194871.9778727628
175975256.2027865052 175107.9133103862
176372608.8720015883 180378.4007753357
177901201.6617271900 192323.0926334858
176490885.6697191894 181566.3712401912
178530622.7837897241 197424.3191455305
177386201.2630911767 189115.3387577534
177096596.8403558731 186455.6667728648
179200929.3731398582 201868.1462459564
178241346.9696045518 195450.0591820814
177231910.1117344797 187362.0266010761
176793640.2764485776 184423.8802796938
178240122.0977706909 195013.8428124525
176159563.4174831510 178133.9476274475
179968233.5046781003 206420.3280181885
178776982.3989218771 199309.5180034637
176672092.6678486764 183015.6816591434
175981795.2838651240 175367.9299595021
180617930.4710684717 209911.5232849121
175131412.7729548514 166217.9756586552
177550305.2761771381 190251.8914289549
177465799.6884794831 189226.7204428799
178853187.8126588464 200151.8811626434
179315390.3704013228 202718.5096492767
177966577.6158402264 193249.3041476347
176455623.9516971707 181181.2767577693
178821427.7301616073 199450.7107524872
177984600.4376597404 193357.7395271398
179200929.3731398284 201798.1685848236
187422857.7319187820 218807.7468261719
181752082.2091030180 214919.2492675781
180334751.2748626769 208832.4112701416
176649997.9693239927 182731.2082763240
179200929.3731398582 201849.4134578705
177752430.5245953500 191406.9617224820
176086416.1321777403 176921.8869907521
178821427.7301615775 199425.0427837372
180915535.7821800113 212036.6521911621
178530622.7837896943 197398.6511767805
180915535.7821799815 211916.3507995605
180258545.8611256182 207988.3347320557
176912652.1177298129 185257.3271732554
181925831.8853380382 215117.3267822266
180835836.3722492158 211602.2792663574
177773663.0285533965 192021.3201110102
180414450.6847934127 209121.2229156494
180915535.7821800113 211971.9162292480
175782658.8961816132 174069.9284946583
178486177.4525499344 197307.0366748273
175275432.7592564523 167559.4491083622
181611908.2394779623 214606.2677001953
178425291.6922306418 196572.3263939954
181611908.2394779623 214615.8536376953
176926679.9666720927 186011.4639207460
177491668.6706438363 190148.1963621713
176215988.1691478193 178599.6115297303
180334751.2748627365 208927.4527740479
178409908.9300382137 196431.0556420423
177159062.3641270995 186801.6871586069
179156879.9961557686 201333.0412044525
178002021.2982531786 193386.9574226476
186221251.7565694749 218669.1453857422
181611908.2394779623 214583.1070556641
178486177.4525499344 197283.1263965070
178562382.8662869334 198127.6110156476
180128482.4868268669 207575.8319854736
181874892.0772109926 215006.2094726562
175619594.7777312994 173059.9117768779
175131412.7729548514 166166.7365229130
179968233.5046781003 206393.6672515869
179540799.1991215944 204171.8689632416
176538804.4183681905 182005.6649413630
179489469.7406290174 204046.9583187103
177799429.5997515321 192254.9148658849
179704535.5126088858 205062.5972976685
178317461.1025027037 196213.1406029798
180128482.4868269265 207577.9086456299
180915535.7821799815 211943.0115661621
178562382.8662869334 198128.6038134992
175441875.6243492067 171136.7047093883
179622272.2535508871 204531.2537441254
178112135.3098893166 194270.7690681554
176194502.6667504311 178396.0896876380
178853187.8126588464 200165.8280620575
175848120.1128248870 174802.0808671489
180314628.3055105209 208538.7119903564
177729223.5876433253 191240.4978987314
175305219.2645324171 168158.3523066044
175337599.1787260473 168628.4513734356
178630762.8484239280 198319.8580859601
188724895.1332653463 219226.8475341797
187488257.0703675449 218922.8430175781
183800001.6263122261 217337.8972167969
176331275.4294332862 179865.2754091248
175395748.2079714835 170231.0233129039
177278037.5281122327 188286.1443989277
177958175.7278771102 192838.5296272375
177616940.7883195877 190282.8138266690
184521893.8126384020 218107.3298339844
177744586.5734869838 191303.1273319721
178777073.6797607541 199357.1245708466
175578555.8247126937 172839.9983247295
177958175.7278771102 192811.1626838781
176436022.0209563076 180455.0420025922
178317552.3833416104 196240.2602318861
180334751.2748626471 208807.1513824463
179483403.5749126077 203872.8887386322
180334751.2748626769 208833.8121490479
178112135.3098893166 194288.1858162023
178750648.9699781537 198792.1822490692
177688924.1832424998 190527.3363860659
175055207.3592177927 165372.2024652958
182937257.1002531648 216778.1673583984
178310097.2886905670 195469.1657494642
179277134.7868768573 202616.9852352142
178317552.3833416104 196268.8758324720
181083547.1200376451 212411.4426879883
175026136.7072593868 161144.3953363895
180334751.2748627067 208884.1837310791
178368881.8418341279 196345.7160424329
178112135.3098892868 194253.3963874914
177911756.8194161355 192591.2492317297
177718931.8037632704 190884.3455125429
179451152.4275683761 203327.0630550385
178471070.6612950563 196901.1385237314
179483403.5749126673 203898.5567073822
179622272.2535508573 204470.3389492035
188331094.7966131568 218985.1101074219
177469368.7899889052 189276.5531541444
179704535.5126089752 205088.2652664185
175131412.7729548514 166146.3587152958
177362428.4049115479 188353.9083904289
177778077.3045059741 192065.5766814761
178060805.8513967693 194212.4166511633
178060805.8513967693 194225.6347908117
177379104.3111518025 188531.8852464296
175352974.0642766953 169589.5383943096
178135431.9576655924 194289.2568611242
176272490.8762897551 179094.1109804139
175246700.0332404077 167412.0225946903
178853279.0934977829 200175.9412212372
181106972.4255962074 212571.3789062500
180179811.9453195035 207683.6535186768
175097651.0012597144 165826.7156488895
182187503.7433033884 215956.8041992188
178853279.0934978127 200203.5247173309
179961942.1287992001 206197.1000576019
181083547.1200376451 212410.6930541992
180027850.4917475581 206826.4299526215
178313804.0146621168 195980.7707323506
178060805.8513967395 194176.5561775304
179961942.1287992001 206195.5536708832
179065800.3209626079 200966.4225368500
176272490.8762897253 179057.1380800232
175182433.3522940576 167207.4896729961
178168545.1602858007 194532.1688484289
177698358.1757927239 190802.5743943788
176331275.4294333160 179918.4991640076
179961942.1287992597 206200.5412197113
177488518.3487627804 189311.3425828554
178060805.8513967395 194211.3456062414
184150844.2161827087 217882.0847167969
175040019.4627246559 163711.1121637821
179296284.3456507623 202643.6460018158
179003141.9245902896 200681.3508396149
184071337.4750809371 217741.3444824219
181106972.4255962074 212546.9066162109
179923269.8070724607 206087.0746669769
180673115.8591242135 210774.1893615723
187818546.7967049778 218952.9942626953
175300533.2981032431 167686.6744874492
179798434.1344546080 205705.1567592621
179821768.1591741741 205866.5874843597
180533732.6339065731 209648.6157226562
178425291.6922306418 196616.3598412611
177724697.9396208823 191025.0169089846
178821519.0110005140 199480.7780132294
178002021.2982532084 193401.2466072179
177676459.2883489430 190472.8048631288
175279804.3282135427 167594.2448847294
179084949.8797364533 201010.4559841156
179865129.9786224961 206047.2865810394
182077253.7085563540 215505.3857421875
180649690.5535656214 210641.4759216309
175265849.5920142531 167449.5160028934
179789561.5342957079 205222.6069412231
179188821.9517178535 201632.1103572845
179821768.1591741443 205839.9267177582
178718765.5741005242 198609.7434844114
179723776.3522217870 205119.3941726685
180059063.5149386227 207021.3317470551
179507171.1086418033 204110.8845882416
179598000.9810263515 204311.1432552338
181332441.2940406501 213612.0589599609
180716477.6785725355 210937.2395324707
177904966.1721688807 192421.1893523745
181027279.4849638343 212182.4891967773
188548567.6195685267 219062.8564453125
180453671.8849748671 209476.6321411133
179507171.1086418033 204062.2001399994
175037415.5355554223 162832.2307550907
181444688.2439786792 213831.1674804688
181332441.2940405607 213586.7990722656
184241674.0885672569 217999.9290771484
183859325.9928781986 217464.0158691406
179224612.5543120503 202123.4868221283
179265208.8710481524 202205.2641658783
178226952.0087080300 194623.8888313230
183537681.4745703340 217072.6534423828
184241674.0885672569 218057.9305419922
180807307.5509570837 211111.8302307129
180763945.7315087616 211001.1087951660
180104657.3369950056 207042.6389369965
181348742.7699991763 213660.2401123047
181580163.3204414248 214522.7781982422
181152258.2400540411 212616.1571044922
188328991.0560667217 218966.6423339844
180251230.5035416782 207819.1938934326
180694532.9366777241 210814.7989807129
178974267.7623212337 200397.6948833466
180635748.3835342228 209964.9532775879
178729919.9626055956 198681.9917278290
178955118.2035473287 200370.0363140106
180160400.6311571002 207662.9686737061
180785362.8090623617 211012.2748107910
180564805.6624439061 209761.4561767578
182475193.7481637597 216282.7159423828
180694532.9366777539 210816.1106262207
182161854.0168902576 215763.4317626953
182475193.7481637001 216257.1323242188
181077117.8636621833 212305.4942932129
181488050.0634270906 213993.1337890625
180123677.5925045907 207247.3694305420
181482934.4618320763 213945.5802001953
182997851.5925656259 216881.5911865234
182510633.8528544009 216330.4860839844
182510633.8528544009 216283.2150878906
182945678.5444494188 216782.1168212891
181444277.6375636756 213798.4212646484
177676459.2883489728 190499.4656297304
183066570.7015830874 216881.7308349609
182334745.5573668182 216143.9606933594
182282572.5092507303 216090.8609619141
188548567.6195684969 219009.7155761719
182997851.5925655663 216875.2525634766
182575940.4972124696 216409.2407226562
182907021.7201810479 216683.6749267578
183773787.2308955491 217265.5957031250
183569377.8839538991 217230.4963378906
182709187.5864334106 216666.6811523438
188385301.9059473574 218993.5892333984
183895533.9884838164 217556.3908691406
184769189.3652424812 218354.1060791016
184630818.3985940218 218243.4364013672
183569377.8839538991 217209.6269531250
183831394.0067211688 217370.1152343750
183772832.6541665196 217246.3260498047
182968867.7021350861 216806.9591064453
183252827.9831265807 216974.3261718750
183928611.0149052739 217611.7209472656
188385301.9059473574 218998.2155761719
185556428.9844523072 218467.7921142578
185152641.6419699490 218413.4797363281
183775690.7737996876 217293.6962890625
185556428.9844523072 218548.1693115234
183752205.2143886089 217245.3018798828
183401022.6562205553 217025.3231201172
