379583370.6029447317 1995017.4092244804
392444653.6063250899 2337625.4187011719
392182884.1247331500 2333272.6911621094
392643824.8418604732 2338942.7102050781
404344868.0495026112 2449745.4189453125
404034562.8279861808 2449149.9990234375
375262060.5316498280 1852117.5002913824
379019424.2091797590 1976697.7494086921
391885365.5927755237 2327539.0544433594
392799737.1125659347 2340703.5295410156
391521334.8606854677 2320045.0544433594
392554126.2443653345 2338846.0270996094
395683256.6046001315 2391353.6020507812
362897144.1106890440 1083195.2454922721
370199044.2758432031 1648790.5362446792
392220862.7805249095 2333889.4577636719
392471468.8365715146 2337974.7937011719
391992268.3725299239 2331723.8806152344
394603578.3064873219 2371626.1254882812
370316817.5511617064 1655750.2398903854
370325908.8223532438 1657432.0774434097
371492195.8570896983 1709665.4900998473
378910450.7810330391 1974650.3860247489
364000989.4097656012 1182701.4174063001
390606780.9995775819 2295455.6624755859
390681728.7169994712 2295569.4793701172
363968823.7866997719 1182526.2898698747
390800112.8482607007 2302496.6146240234
390777969.3998882174 2302075.0931396484
396583497.5289744735 2400456.3300781250
378989889.0579523444 1976311.6073491871
398983120.1345031857 2420390.0117187500
362639084.3778487444 1064557.8916255757
363790741.5202934146 1166572.8665556610
399850457.4471462965 2428768.4169921875
402988126.9073899388 2443180.6796875000
404673997.6840273738 2450288.8154296875
363835449.1577100754 1171054.4213701189
371497572.0949186087 1709843.8201779723
399400601.6003664136 2427943.0087890625
404042705.7275984287 2449701.7451171875
371409349.5564969182 1707445.2687863708
378698610.7944144011 1966438.0874789115
396627898.2347871065 2401596.1367187500
399158888.3317156434 2425640.8505859375
370277059.5121809244 1653772.1939919479
390263474.2368295789 2285894.4904174805
399310483.9725013971 2427269.7187500000
405141757.6054156423 2450439.2041015625
375451491.9996120334 1863057.9035641826
375292760.3607354760 1855159.1413766369
362752598.8999003172 1071983.2511226460
400062867.5158281326 2430573.7880859375
400097531.8868673444 2430580.2041015625
361293299.4588703513 901064.5895198293
396692949.3542838693 2402830.0205078125
395888657.0489089489 2395466.3183593750
361693150.5150364041 918012.7218969623
361354511.7085473537 911599.2089382119
363819912.0563043356 1170495.3627763689
372953239.6601375341 1754909.7836559550
399924191.2531876564 2429572.6064453125
395453247.8846684098 2390957.0415039062
399972675.4123436213 2430560.5312500000
396362176.7687039375 2400260.1796875000
396120670.4972983599 2396586.2187500000
361443683.8570587039 913427.7898086018
361242058.8093572259 897709.6840175099
371514253.3856685162 1711516.7079393978
364030283.6830875874 1191358.9552480970
396016739.7680873275 2396372.8593750000
395829962.2665157914 2394979.0595703125
361252274.2590352893 898312.6692101068
362658381.8105716109 1066887.6238033101
371509286.5504140854 1711189.5712552369
371380195.3190245032 1704088.8182248473
402787918.9117383957 2440409.3735351562
409027058.9970594049 2452803.2246093750
408848158.8200955987 2452784.5507812500
395814357.3589487672 2393757.1835937500
360785305.6854125857 776347.3294396846
378991033.8510147333 1976452.9162981864
390346202.0041860938 2286562.3791503906
395389655.8762649298 2389388.9960937500
395711697.1393995881 2393558.0371093750
360832619.6283370256 782639.8740966952
364240107.6731816530 1193305.8563102782
378956523.9238364100 1976156.7974037826
401011313.0978957415 2433755.2050781250
394880049.6993180513 2379436.0419921875
403831760.5133567452 2448775.8828125000
361205318.4330942631 878146.0058056421
363662240.9481686354 1157826.0431906283
370509228.5600540042 1665362.1926491745
403592232.4640638828 2448006.8701171875
404799143.6126053333 2450323.1230468750
370468618.1692630053 1662774.5107644089
404570845.4186745882 2450287.3232421875
364063286.8039144278 1191805.9225002229
360742013.4634800553 761242.9378686397
361106473.2113077641 854823.6390492893
363856605.9558873177 1179059.1933427751
379906657.9536030293 2000814.1009015739
395076725.3185173273 2383765.3344726562
363630927.3920789361 1156882.7047173381
363598430.6950602531 1154899.4561047256
404746397.9365178347 2450291.5683593750
372063382.0934398770 1735356.0064011454
360754841.2007967830 767686.0293908565
360990171.8070710301 821822.6258257111
370244062.1676244736 1650277.5826638229
370275387.1582083702 1650561.9703591354
360848295.3252226710 782988.5910014807
370180880.4457449913 1642272.8106911667
403474537.7068960071 2446883.7880859375
394883824.1872187853 2379771.1083984375
371715215.0386101604 1722209.2223436947
395241939.1315307617 2386602.1333007812
408288061.9645124078 2452017.1699218750
361400853.7260931730 911928.2362839289
361131432.2036108971 865795.7426927215
390517713.7358259559 2293657.0231933594
372527035.8898527622 1754761.1742809550
372226996.0451422334 1743898.4502272732
370107184.0776231885 1634758.4947731979
371683083.9047197104 1720764.4584276790
390413842.1239227653 2288865.3229980469
363704438.9054880142 1165877.1993298233
363556795.4316954613 1153572.3398937881
363502440.3798452616 1145184.2123608291
407917671.7857451439 2451843.6943359375
372101493.7633994818 1741373.5059128641
400591174.3532654643 2433625.0781250000
403125432.9191399217 2444414.4907226562
363454037.7291975021 1142738.6622137725
363463272.8395763040 1143399.1261028945
390175324.6473795772 2281823.5610351562
402851153.2296590805 2441127.5737304688
361137952.7064671516 866958.1255089350
400429947.6532045007 2432701.1767578125
361072585.3439780474 854177.7719895965
394436206.4726387262 2369507.7469482422
400248578.2167072296 2431238.4101562500
400216417.9323095679 2431235.3779296875
363101430.5913928151 1104212.6153778657
371614959.1589917541 1720081.2150194759
390989104.9435084462 2305402.2097167969
407919584.3163570762 2451875.2802734375
378421442.2661436200 1961729.3287737723
400202027.3206831217 2431115.4980468750
390238550.5568389297 2282602.8843994141
390520012.4567651153 2293780.1716308594
391000387.1060819030 2305458.5319824219
407681851.2534705997 2451581.0849609375
363015034.0466096997 1098533.6218258366
363155235.2959654331 1109873.7755951509
379521711.9126826525 1991921.9835327324
363132347.2935508490 1108967.5396942720
379382297.5142407417 1989364.6729712486
379267448.9965967536 1987807.0828979667
379239046.9102518559 1985938.1336469352
379155585.5220095515 1982299.6351254340
378814299.2318719029 1973489.0928891059
379218726.8425270319 1985472.7808449622
360993122.9530083537 830023.2244173666
362967786.7626689672 1096793.8585419282
379334991.6667715907 1988721.3701227065
360945282.8429323435 819775.1405550619
374585146.7974179983 1831950.2094321600
371549562.1841557622 1714522.1985844970
371414318.1389780641 1708084.9634662271
407766352.0539627671 2451792.6347656250
393160384.9099454880 2346607.8395996094
362942018.2377315760 1088282.6264240071
362901315.7919301391 1083831.4709428474
371180686.2545441389 1700037.1365842223
374879604.5176580548 1844765.8000960699
374478467.1917088032 1824429.0032210699
393661105.0704816580 2353285.6716308594
360905389.5975308418 787448.5324047953
362726022.4948652983 1070751.2521564290
370491535.4217907190 1663314.0107930191
397379230.0279682875 2403217.7363281250
360917677.5871940851 789844.6023510844
377672542.3847464323 1939945.7481110897
374394551.8074305654 1817432.3304305426
377758660.8725700378 1941996.5723298397
393359820.0034866333 2349738.7895507812
371299936.7294200063 1702016.3135322332
371003509.6184105277 1690754.7415646911
393012739.6035963297 2341392.6977539062
362591358.6433590651 1043229.3483450485
377667004.0006037951 1939649.3743176367
377665675.3320272565 1938849.4651673641
361018668.1337949634 831707.0526873530
370691654.2647253275 1675741.3685811050
377625931.1094183326 1938605.4102204647
360933863.5419580340 796976.4242504984
374726026.7930260897 1834717.8200692064
365782689.2780427337 1320047.6683916405
374569789.6352297664 1828909.1952142199
376330994.5827821493 1891766.4028455820
380914605.9426965714 2027086.8428554237
376292186.6930102706 1890195.3437635507
370610542.8281279206 1670854.6239521988
362624862.4003061652 1044172.9023603050
365572338.8350526690 1307457.5753740624
365627353.4943519235 1311466.5644816712
365843451.2620117068 1325794.9835872010
362545900.7443640828 1025185.1585248557
365549473.6058830619 1302510.4685725525
365678687.8666446805 1314292.8060969666
381196106.0144144297 2031562.4955348670
377296233.0373862386 1925328.8819001522
377261037.2783020735 1920822.1422227230
382061147.8316444755 2054031.4285945594
381409658.6274142861 2041441.4592799842
407345035.5438837409 2450936.5185546875
362556820.5110834241 1032128.5598920432
373889056.9964464307 1792117.9580010851
362395040.7104796171 1011117.6620191184
374205948.8327498436 1815164.9699639757
407565445.4253265262 2451369.7539062500
381376739.8468943834 2036663.0730876625
407418788.7186160684 2451048.4785156250
365503040.3330458999 1297006.3414210633
407305904.2636256814 2450500.3564453125
374041343.1190256476 1805674.6516961535
381478647.4495010972 2041806.9545345008
381293523.4270890355 2036568.3147563636
380843795.0543447137 2021479.9734477699
381401488.3203313947 2039523.6308650672
407450318.8695591092 2451293.9912109375
381133165.2714132667 2030898.1487407386
380467549.8119997978 2008163.3668727577
380991067.3776879907 2029195.0300883949
376481957.2677966952 1894627.2377596181
394367874.2802730799 2358444.8197021484
365451125.3542470336 1285548.8571471528
362441024.7409286499 1011453.2413518874
380521735.4115379453 2014042.3721217811
365458971.5127285719 1289716.6958770112
362420728.7511999607 1011273.6969669310
380582592.8143371940 2016535.6025905311
362012898.1383763552 951867.4063507167
361891777.9584690928 942361.8456817714
375865665.8330391645 1873563.5305280965
361854949.5695320964 934958.6435333339
362349840.4901781678 999578.5228946654
362235977.4537220001 986872.9352043120
377178396.9476325512 1916543.2036913633
377245569.2122129202 1918408.7144335508
362200065.0397145152 977289.9692616907
362123476.2505602241 967415.8908849207
365424234.7351918817 1284881.7680197314
377211773.4528024197 1918018.1148241758
365279594.4816035032 1269555.9868239302
362043998.5422114134 955002.4546056238
365399289.5984697342 1279801.3873366255
362004515.8501694798 947987.1950211970
361955450.3050297499 944688.6396337000
364964217.3772759438 1230894.0051847387
364975424.0933152437 1237051.4714933324
364829621.4525760412 1223537.9716754756
374011854.0035395622 1803818.7191860150
364867560.4841060638 1223665.0221754003
364931393.5613974929 1226941.5451489377
364904005.2750664353 1226361.8732267309
373711558.5360509157 1787201.3600072344
385281190.9864329696 2131796.5166282654
373655160.4289923310 1781311.3711432745
385149750.2588402033 2127314.3725852966
384930294.9093387127 2118753.2969017029
385717519.2405088544 2142123.2778701782
385212036.0595569611 2130147.9385032654
385796266.6162166595 2142680.4423751831
384804681.1708471179 2113589.9050559998
373060471.4410019517 1758146.4560479722
389301953.1332909465 2231582.4512939453
388920485.7057307363 2223006.8496093750
384789034.6263585091 2113257.5342369080
389389712.3973231912 2233815.9180908203
384368903.6320545077 2100257.4015464783
389461135.1389152408 2235120.6163330078
389814088.9266775846 2243801.3853759766
389666706.0656927228 2241024.1724853516
388485775.3684818149 2207356.0620880127
388473846.0136355162 2207027.8443145752
387071300.8105859756 2167779.6403961182
387595024.2356976271 2178744.7796020508
387635469.2396346331 2179864.3545074463
387493898.1930170059 2174580.3005523682
387266699.3258975744 2170821.2151947021
387537367.0396548510 2174858.0888824463
387318153.9284572601 2173793.0695953369
387090700.2680504322 2169224.4455718994
386250738.1212506890 2148363.9912338257
384181789.5383657813 2093186.4015235901
383820500.6052291393 2080770.4747352600
383286988.5305284858 2058832.2171821594
