345836092.8764072657 301350.2016165815
347752819.9605976343 311336.5559118949
344118376.4988755584 287340.1610608026
351662745.0384851694 328833.1606391817
358804381.5047852993 354069.9320983887
349561953.7080922723 319904.4126284532
345692019.2177147865 299792.8048585020
349895861.6644582748 321642.4647677355
349596781.5466312170 320056.7113675885
354542092.2413305640 340981.9342693239
351547816.9914016128 328478.5157417208
352551745.5181861520 332564.4459303617
350173553.6701896787 323189.1555426531
343972517.7366003990 285091.1366641808
345982752.7373110652 301825.6892874800
355935890.0346594453 346055.6562805176
348387484.7477427721 314594.3726495318
342351899.7031576633 265313.3158541143
356761875.6629858017 348724.7217407227
357282182.0959221721 350426.4219055176
343141309.2783217430 272301.1039897893
350489518.2085180283 324737.9089182615
349481853.4995476007 319696.3700589947
361255850.4034919143 358705.1492919922
356331951.5209512115 347799.7832641602
356331951.5209512115 347763.1464233398
342694956.9497179389 267753.6432276189
343343668.1342941523 279418.3920392643
351412868.5786834955 328058.9016640596
359723727.9853351712 356020.5308837891
352837804.8112506270 334787.7356323153
343394369.3758644462 279623.8959035526
343743530.1180216670 283444.0530877039
343290731.4339655638 279293.9440412174
351743975.4761361480 329198.9809516817
357300203.3032777905 350814.6212158203
349097634.2553769350 317962.1187372021
350374590.1614349484 324383.8931711912
355295114.0787241459 343731.4905643463
342730418.7808623314 269323.5669904445
348327988.2656587958 314437.1175225787
343940785.9227802157 284967.2526309777
343825857.8756965995 284602.8465030480
343008922.1549581289 270990.6170392726
342817582.1596822143 269731.4144025539
351412868.5786834955 327972.3948281221
342817582.1596821547 269637.5861554836
363274891.8136323690 361465.5090332031
343508232.5629131794 279745.7678937565
345131148.7675360441 296004.5525277220
345045444.1425930858 295654.3364136778
348502412.7948262691 315043.0923760943
358632133.3011893630 353862.5408630371
362875394.2025289536 361121.0874023438
357250450.2821018100 350296.8402404785
360249322.3512812257 356931.2966308594
361797756.6780183315 359268.4769287109
363274891.8136322498 361355.5354003906
362875394.2025289536 361071.2552490234
345867824.6902278662 301559.8393118940
351484139.5713266134 328101.4748481661
344237880.9036606550 288341.4375500605
354234922.4285306931 339759.8809799105
346416620.0019539595 304276.5088327341
343239967.2698900104 274580.1863160823
342570128.4233061671 267040.7748194158
344137267.1679354310 287913.5519299433
360249322.3512814045 356967.4003906250
342996998.0327811837 270326.8264629339
342879927.8294088244 270177.1575666164
347373249.9165155292 309268.6257973178
344984488.9066321850 295478.3680794798
347292019.4788644910 308862.7868080600
358559126.9316207767 353283.9405212402
348652250.1275551915 315860.2853571586
353255377.2677008510 336412.9650973082
361450891.7469361424 358965.3465576172
349293792.7401115894 318685.2362909131
343016480.7519099712 271586.2820903753
353404734.3877723217 336962.6163424253
347928818.1430931091 312295.1131547503
347960549.9569132924 312400.0368608050
345088699.0005267262 295790.7355111204
353519662.4348558784 337232.6153658628
356981881.2827655077 349121.3862075806
357111593.9340445399 349744.2436828613
353404734.3877723217 336876.1095064878
346384888.1881334782 304148.5206735544
344940682.3792163134 295188.9527558647
353003942.1715348959 335438.6955660582
356969878.5781036019 348977.1570434570
347441319.4397875667 309666.6742935642
345016220.7204525471 295607.0770638548
346136562.5899227262 303053.1684053354
358545382.7401926517 352630.9165954590
346285760.8583236933 303402.5845956169
343521132.3535992503 279799.3371076237
354727849.3226605058 341219.0506420135
347893329.3210728168 312092.0167192034
358619546.2850221992 353582.9718933105
346043822.8727229238 302363.7066133432
343016480.7519099116 271582.7586528753
356169943.1260800362 346607.2917118073
343197367.4359662533 273797.9449518572
353027486.9691456556 335533.9250582457
353663902.4377053380 337418.7899473906
356969878.5781036615 349062.8152465820
351998358.8922218680 329950.6356928349
343256122.2939813733 277582.6406659733
349481853.4995476007 319785.2053861432
356199742.1735534072 347158.8792114258
353901665.5700874925 338605.0897978544
364189647.4322817326 361748.8968505859
364144256.6423743367 361663.1213378906
354074574.5321043134 339134.7188261747
352653307.3163039088 333701.4247041345
343999432.1717461944 285233.9005992699
352759327.5996555090 334069.8845430017
345267701.6900376678 297446.6374396645
343775261.9318418503 283610.9975457117
362875394.2025288343 361034.3843994141
344279454.8976200819 289854.6077311598
345803377.5039866567 300717.4234645776
345836092.8764071465 301338.4611380659
343611201.8022298813 282993.5439098168
344331354.7941514850 290498.7859538160
356076907.0882549286 346431.8637847900
353769209.0124943852 338027.2919100523
347733251.3325662613 310804.9369424446
342622743.3543915153 267567.0979706466
348417938.2102143764 314824.7677357607
347260287.6650441885 308739.8693275913
344500838.2138949037 291273.1073649488
354130147.1932694912 339440.6912826449
353813259.5577770472 338077.0339659452
357032948.3798078895 349494.5275878906
356146398.3284693956 346605.6758670807
347928818.1430930495 312281.7695268206
356231473.9873737097 347288.7102661133
353122758.9083597660 335583.6814364195
344025116.6817911863 286495.4276674080
344444317.0456228852 291119.9268229567
344347902.5889312625 290988.4052165113
343557159.4070279002 281004.8839290428
353898921.9685941935 338214.5774101168
354086688.2559960485 339278.0407699496
348191800.9418873191 313443.1618054323
354072460.7738969326 338982.7346176058
345224086.5950464606 296371.0621407591
351883430.8451383114 329594.1298334599
362407617.1249056458 360208.3652343750
355248368.7677469850 343616.7520313263
354902664.4145684242 341859.0739574432
362374960.9967388511 360116.3929443359
354130147.1932691336 339391.1845687777
348123127.8188940287 313161.7068743259
362489889.0438224077 360487.4595947266
344532570.0277152061 291532.7210124098
355549156.1694827676 344999.4039249420
355495189.8111381531 344384.2075138092
344774140.5363272429 293180.0132487379
344707596.0803768635 292857.4152262770
349065902.4415566921 317844.6198358350
348661378.9690690637 315973.4278656840
344791321.0107523203 293564.9712479673
344253264.9053260088 288816.4741175734
352714486.6340978742 333945.3701480776
349125736.2961431742 318208.6151545458
351592414.8702490330 328582.6944855601
349320974.4153901339 318732.1407845255
362444498.2539150119 360451.1914062500
352794196.0985143781 334254.6613944918
347174139.4692238569 308393.6379433139
351594890.5343400836 328725.4195939000
347174139.4692240357 308431.7069130405
347092909.0315728188 307985.5720253452
350602609.1589569449 324922.2519611269
362263774.1405157447 359847.2686767578
343777293.0583658218 283950.0210311699
347092909.0315728188 308023.8074989780
347475275.7006243467 309898.9714273079
359319122.8529525995 354654.3237304688
356589291.4252039194 348219.2402896881
359900065.4180653691 356177.6278076172
343145758.9244394898 272450.1926333271
347812054.2774276733 311459.2742818459
345417516.1411320567 298574.9482682310
349230348.8796080351 318618.5710476786
345336285.7034810781 298120.7518570982
355416946.8220848441 344379.1147403717
355346138.9324786663 343972.0648269653
355299355.0420333743 343884.7726993561
359319122.8529525995 354690.9573974609
344865136.8984419703 294333.6397574507
355414283.0891169906 344325.9000186920
355541872.8652791381 344734.9687442780
359434050.9000361562 355084.5942382812
345517339.1134512424 299103.8321712427
345132788.1245075464 296274.3357995115
344881055.4840235710 294799.7910492979
350758236.2556376457 325827.4033201933
351687795.6921445727 329029.2422150522
352085131.7906379104 330586.1370910406
345596208.9884689450 299362.7616146021
344625522.3161264062 292486.1026490293
357939593.9137229323 351710.6347351074
352072748.3859662414 330554.6776183844
345713497.5981858373 299828.5058772974
346492553.2753391862 304566.1326426677
346752388.1530985236 305948.1797351055
354758442.1866484880 341384.5499095917
349336242.7962428927 319302.2385319620
350952377.4984071255 326457.5891193300
351011366.4439060688 326774.9792312533
350920645.6845867038 326300.4559406191
348275179.9069787860 314088.1108660251
355018277.0644080639 342726.5294971466
346630305.3725108504 305067.1648692302
354873370.2337320447 341745.3744945526
348978697.1097632051 317312.6524055153
351161254.6670418978 327464.6985093052
346630305.3725108504 305028.2085704021
351014594.8061380386 326904.1545639927
359565549.9063642621 355222.1479797363
355068914.6380711198 342917.2762012482
347688299.2950927615 310753.1849941337
359919413.8272138238 356311.1821289062
348215572.7948203087 313603.6790959560
351499391.3794013262 328390.1582173258
353374247.6220421195 336671.2627047300
353318864.9123535156 336584.6779879332
347541639.4341888428 310231.8357509696
358489780.4290267825 352528.0347595215
353402061.1456170678 336721.8753756285
352022260.2919813395 330278.9642475992
349399809.4658382535 319441.9926041514
352360443.4327921271 332084.1265052706
347694851.4924589992 310754.1607937873
346524285.0891592503 304732.1397227459
352139601.5575866699 331211.2553198747
351907332.2448979616 329924.9485005289
358478053.3055738211 352485.2030944824
362705274.6910027862 360760.1883544922
352207391.7635890841 331438.0832923800
345598569.5511024594 299505.9740169458
352277247.1995285153 331857.4778236300
348746344.3988512754 316265.9194497019
346899048.0140025020 306471.0760974102
349762899.0606734753 321329.7588924319
352591611.0077596903 333165.2677177340
350565340.1669603586 324851.2481025606
349909558.9215775132 321791.5407527834
349518284.4887938499 319902.1682062894
345240950.7727738619 296881.3337586485
359293928.8167598248 354534.3992309570
349877827.1077571511 321638.6203426272
348865990.5521519184 316945.9689492136
348610948.0581234694 315682.2555824071
352591611.0077597499 333166.1709159762
359352352.8790723681 354890.3615112305
351352925.4624934196 327799.3126224428
360674325.7714717388 357666.4154052734
348642679.8719438314 315835.9014564306
354511454.2261604071 340380.9928740263
350888303.2029660344 326144.6590574980
357951321.0371754169 351721.7123718262
350293778.1657480001 323525.7287200838
352629734.6298790574 333466.7784599215
350010344.5715150237 322251.2341089845
357511672.5767238140 351302.9942626953
360172838.8989927173 356841.4840087891
346546528.4901637435 304901.2062758617
360085769.4864803553 356795.8918457031
350135391.1813913584 323119.5226653963
358507457.5944898129 352530.5113220215
359682949.9403012395 355746.6818313599
350101024.5674722195 322846.0498870760
359001592.4765349627 354484.1736755371
361021081.2712242603 358053.8085937500
349659817.2796968222 320684.8049344830
357193699.4852032661 349920.9319763184
358053881.3216760755 352465.4452819824
360021158.3140821457 356477.6850585938
348506013.7020275593 315183.6686987691
358525746.1523128152 352606.9698486328
357960228.8009073734 351746.7336120605
361029989.0349562168 358119.4769287109
361029989.0349561572 358082.3544921875
357583847.2423885465 351347.3658447266
357027157.8454002738 349286.9208984375
353727945.5169141889 337662.3113631010
357670711.8204035759 351620.4256591797
360906331.4000208974 357711.9355468750
357170059.2577612996 349887.5721435547
360559397.7243878841 357412.5593261719
358752069.4706285596 353905.0576782227
361979351.0112171173 359464.6635742188
361746982.4795843363 359031.7376708984
361952119.6916373968 359392.4519042969
361746982.4795843363 358982.8792724609
