171751678.8910519183 1938299.9062500000
163489066.4502652586 1514231.4382324219
166275066.6016073227 1748415.6254882812
166152577.0052576661 1742445.7680664062
166048420.7187462747 1734030.6948242188
169680937.1957321465 1901695.0292968750
171799419.6327987015 1938306.7050781250
165868143.9139141738 1725138.1298828125
166181533.8739533424 1743393.1323242188
172990589.0947410464 1942687.5781250000
173252108.6805109084 1943545.1054687500
163284072.1497868001 1498748.3376464844
166068688.5046053529 1738876.3457031250
166280761.6632232964 1751260.2719726562
166077172.7791824341 1742316.9809570312
166383355.3023539782 1754635.3701171875
166493279.6474424005 1760693.1909179688
166195933.7262886763 1748016.8369140625
165970886.8096539974 1731835.7597656250
169189799.9195951223 1886338.1132812500
165858186.9249939620 1724415.2695312500
165926413.0107699037 1731758.5625000000
166051907.3843006790 1737743.4194335938
166055201.0901306570 1738377.0957031250
169639893.8266736269 1900652.0849609375
171918888.7503123581 1938437.3105468750
173091828.8451614380 1943210.9960937500
172948134.0822539330 1942651.4257812500
165092573.8870388269 1666241.7768554688
162075563.9843801260 1332687.3745117188
162030960.8138276935 1330893.0317382812
166709776.4084448814 1767290.3886718750
172846757.3129281998 1942323.9023437500
173022738.6847435236 1943126.1347656250
166900016.2499091923 1774563.3354492188
171945189.0900482237 1938802.0488281250
161981440.3927934170 1322570.2055664062
161928726.2621337175 1316335.8032226562
161923919.8325151801 1315951.6723632812
163529877.7388189733 1514952.4655761719
163451821.6167012751 1509107.3312988281
163467522.6669831872 1510261.4399414062
166765387.9991255999 1771769.8037109375
166479665.6513976157 1759680.8920898438
166630232.4241904318 1765887.3608398438
170338191.9879316390 1918300.1406250000
163499561.0818001032 1514780.8869628906
163679688.1456607878 1515051.9223632812
166620956.2874124944 1765133.7187500000
168425976.4246690273 1854312.8105468750
169550975.5331935883 1899060.6191406250
161886877.0068477392 1308878.2797851562
161971998.1470672488 1316391.8393554688
161842457.2947828174 1301797.8105468750
163353174.7368121445 1504504.3471679688
166552589.9612767696 1761557.5673828125
171149650.8501665890 1934631.7402343750
171949022.6335816085 1938877.5664062500
173520737.3633325994 1943926.8300781250
171724364.4736777246 1937977.0732421875
162884890.8389924765 1448302.7460937500
168194145.1344295740 1846298.7529296875
171898198.2298162282 1938397.1044921875
162868321.5588889122 1446261.9208984375
173558014.2493672073 1943995.8613281250
161740166.5627472997 1210799.4377441406
161878416.0773676634 1302173.4238281250
162841985.2397078872 1445874.6904296875
171038428.5070552826 1928769.2373046875
162792881.0143184066 1443386.3066406250
172100832.8904048502 1939087.4257812500
168826319.3753060997 1874405.0976562500
169538701.3589853346 1898080.1025390625
172087627.2701950371 1939031.7460937500
162483161.2497236729 1397369.4545898438
163119856.0683300197 1477426.1000976562
163380175.9534558058 1508198.9868164062
169596260.0026594400 1900608.4599609375
169447141.0501108468 1897401.6162109375
169705740.1902228892 1904116.8154296875
169435113.0818827450 1896968.0097656250
171013440.2023268044 1928769.1845703125
173380802.3769016564 1943898.1757812500
161833131.6137695312 1283887.1342773438
169726655.9424792230 1904253.7529296875
170658484.0822454691 1925173.2128906250
167998003.0050252676 1836560.8300781250
169268415.8587917686 1891440.2001953125
163323533.6983622015 1502432.7504882812
163402073.6605915427 1508985.7143554688
170505126.9783781767 1921309.3984375000
171605629.8567676246 1937502.3642578125
161782515.1572042704 1230191.1506347656
161842007.5296455622 1295835.6875000000
161973361.1246950626 1316499.0219726562
163474510.5542495549 1513662.1325683594
169497911.3928866684 1897774.2675781250
171422771.1081034839 1935944.5830078125
173639565.2427859604 1944256.8691406250
169123680.7674954534 1885684.5126953125
170843826.6189402044 1927735.7753906250
171352762.5591688156 1935665.4951171875
163062836.9817035496 1470097.6528320312
161764577.6402808428 1220817.7199707031
166308811.7714959383 1751513.9189453125
171452893.8680876791 1936040.7353515625
163257480.4377790689 1496733.3881835938
171686921.5983566344 1937551.9208984375
173257081.0590532720 1943545.9003906250
170255948.1916698515 1917931.8457031250
170572426.8269530833 1924804.9179687500
171314685.0875043571 1935495.7099609375
171393623.8677050471 1935867.9990234375
173370676.3893317878 1943630.7617187500
170954790.5518083870 1928313.7216796875
171277167.4075746238 1935469.8740234375
161796743.2279379964 1239018.9240722656
163360895.9234313667 1506158.4916992188
164983042.1915954649 1658899.3120117188
165122489.7986906767 1669030.3442382812
169056475.8278199434 1884045.8535156250
169375622.5517332256 1896553.5751953125
170223757.0221987367 1916998.0703125000
170552810.9682674706 1923830.4384765625
171525457.7061755955 1936621.6748046875
164980007.6558988392 1656788.0229492188
168539190.7655411959 1859683.8818359375
171395650.6562388241 1935870.6572265625
171528758.5053800046 1936956.4775390625
162268284.6422817111 1359280.0151367188
162741001.4564225078 1432861.5522460938
170498274.7254990935 1920871.9423828125
166563813.4123166800 1763241.9892578125
162155611.1073955894 1347506.7836914062
163234319.9651306570 1493985.6840820312
164958260.2569640279 1654243.8227539062
171454341.8354332149 1936250.5947265625
170801524.2604246736 1926497.9355468750
166379790.0515216291 1753579.6552734375
168915095.0697680712 1875653.6611328125
170374629.8623747230 1920433.0439453125
162170427.0314176083 1350913.8823242188
164955403.3519733846 1653810.1606445312
170704402.4966213405 1926483.4384765625
173292802.8142713606 1943622.4218750000
167814691.5431804359 1826620.5097656250
168986196.8467603326 1879874.3964843750
170818855.5414226055 1927150.8457031250
168534436.2964809537 1859022.5244140625
168786342.5527347028 1871735.4082031250
162194296.9305952787 1350948.3208007812
162065323.0455851555 1331094.3735351562
162223650.9743334055 1352090.9106445312
161813974.3370881677 1241117.1889648438
163176329.2890432477 1487363.1235351562
170691239.7160961330 1926025.6103515625
162198697.3752958179 1351383.3979492188
164963940.3103266060 1654610.4887695312
169101044.5768990517 1885419.7373046875
167994877.6681640148 1835400.5664062500
172226516.3791518807 1939243.6074218750
162255909.2764647007 1357375.4721679688
162249770.2723349333 1355926.4799804688
161805045.8765593171 1240863.5756835938
165013470.2150726914 1659779.1459960938
168962887.4744445384 1878839.0253906250
169539809.9938647449 1898985.4257812500
162134045.7546886206 1344295.3491210938
168333616.4454776049 1849905.8144531250
161827420.5624923110 1251841.9443359375
162988114.4700813293 1463464.4575195312
168439139.8417013586 1856372.4990234375
162100410.3767111301 1337468.8964843750
168162939.8946129382 1843308.4086914062
165140801.9788552523 1669588.0317382812
163161309.3153623044 1484584.0063476562
163018727.1109763384 1468589.5158691406
162128711.9243141413 1342734.1406250000
163101842.5104568601 1476461.0737304688
168137651.4480197728 1841155.9248046875
168356395.9801316261 1853564.2968750000
170658619.1913699210 1925452.3759765625
162953863.9190088511 1461085.7822265625
165855899.2217353582 1720197.8183593750
165680626.3866963983 1704970.7802734375
167921664.7221344113 1833239.0429687500
165481207.4338063002 1691869.7080078125
165644754.1203686595 1703919.6196289062
165805274.2033709884 1714341.5849609375
173580166.4215737879 1944002.0468750000
163072995.4389359057 1472651.9633789062
163004240.2290419042 1468276.0444335938
162548132.2730014324 1406720.9926757812
165434753.1429815292 1689101.1127929688
168090120.4582418501 1840156.8232421875
165649693.9566918015 1704826.6713867188
162466621.6724612713 1397367.2866210938
165548960.4635913074 1695273.4267578125
165643567.8008486331 1703873.4472656250
168576050.2519708276 1860590.2216796875
164895361.3879658580 1648950.9106445312
165589521.6510972083 1702077.8759765625
167912478.2817395329 1830293.6767578125
165529731.7512964308 1692497.3793945312
168016397.3771187663 1837779.9267578125
162505810.1251764894 1399092.3959960938
162971184.1663402617 1461544.5795898438
168055716.2436139286 1840028.7763671875
167957293.2925833762 1834260.0444335938
168561612.7075856030 1859928.8642578125
162145901.6520013809 1344970.4140625000
170552051.2043808401 1922826.1484375000
168289385.6925002933 1849121.4414062500
162887717.5327727199 1453561.4370117188
170028080.8878634870 1909115.7119140625
168114436.8902998269 1840307.1757812500
162078995.3059452772 1334941.4121093750
165199506.9207354784 1671988.2221679688
162023256.6500297189 1323159.8955078125
165345413.1583623290 1680435.1186523438
165285795.0539719462 1678606.7553710938
165348516.9083404541 1682210.4746093750
165399326.8588941097 1687217.6650390625
162347428.5675325394 1368008.2829589844
169043581.3262748420 1880131.5605468750
162374031.0445494056 1382565.7614746094
162418713.1845975518 1389184.2946777344
169927660.1943193674 1906402.6982421875
165382700.6060401201 1683093.3955078125
168650574.4700250626 1863672.0927734375
168574660.8008937240 1860087.5771484375
162885956.3483960032 1452254.9916992188
162456314.3393639326 1394704.9528808594
162616464.9764859676 1416962.9101562500
172553757.9944132864 1939315.7939453125
162764033.1410851479 1438574.3105468750
162768089.8783331513 1438579.6210937500
162725109.1529691815 1431432.2465820312
162730970.0238599777 1432585.7287597656
170027169.0800779760 1908769.1298828125
162524955.7555224895 1399223.4499511719
162949164.7084873319 1456434.1064453125
162685686.9937967062 1428801.2026367188
162571286.5446000099 1409261.5700683594
162577869.1132315993 1409568.3889160156
170004750.4759578109 1908450.3193359375
162640174.0358868241 1419285.6689453125
170001760.2074529529 1908432.8769531250
172711548.0108269751 1940713.4511718750
162604635.3781043887 1412104.2373046875
162525593.0662736893 1402817.9719238281
170021830.4981227517 1908601.1269531250
172467106.2842889726 1939285.1201171875
172753290.8044716418 1941235.3583984375
164757515.7080895901 1620042.0097656250
164796329.9622287750 1624202.2260742188
172586393.3384539485 1940212.9912109375
172701251.3220483661 1940687.7001953125
164700238.2307072580 1609610.9526367188
164679819.1208187640 1605024.8354492188
164724042.8807942271 1611897.7846679688
164607733.9121698141 1604555.3198242188
164602334.7852334082 1601418.8139648438
164585513.4303267598 1597006.1240234375
164550077.6097297668 1592899.3833007812
164587702.4719522297 1597729.4584960938
164476450.3276433349 1590386.9936523438
164403675.5032577515 1581584.3999023438
164451236.2237541378 1581751.1289062500
164393315.6020298898 1578786.4707031250
164281539.2391903996 1569949.4970703125
164308531.5966156125 1572413.3437500000
164380722.8645762503 1576948.1826171875
164248060.8256711960 1563521.5869140625
164380161.2072632909 1573721.2651367188
164180872.5481300056 1556613.7065429688
164186405.3400471210 1556990.5268554688
164067986.5791111290 1540455.5258789062
167328835.5489092171 1775256.7338867188
164159930.4643997550 1547828.8129882812
164176358.6742316186 1549327.2846679688
164130959.3758401871 1546721.5229492188
164004881.1813752651 1537032.4975585938
164072558.3308390975 1546405.5639648438
167385418.7598007023 1776142.1245117188
167456995.4324760139 1782153.7104492188
167658469.6436674893 1792656.3500976562
167671054.1770074069 1793459.2211914062
163857127.6108667850 1521624.6499023438
164026640.0842821002 1537304.4887695312
167517692.5959629714 1782542.2573242188
163880872.8133065104 1523352.2661132812
167553707.1364223063 1786650.7646484375
163815270.3028908968 1516733.7329101562
167689428.7661066353 1794594.9111328125
163850452.2952197790 1518566.3725585938
167804774.1463691890 1798077.6757812500
167657235.9847652018 1788555.4599609375
163824597.1207817197 1517513.3364257812
167726103.1531918943 1795645.1396484375
