494202672.4335886836 8048523.6074218750
484767301.0626482368 7682630.7265625000
493506940.5745187402 8031550.1757812500
487703407.7723683715 7835719.3339843750
492093332.7069553137 7993698.1660156250
502132676.5535482764 8144031.9042968750
487960729.4863443375 7846943.0117187500
489909373.1932614446 7921402.5859375000
487718183.8284920454 7837062.1660156250
484096849.2181935906 7605517.4843750000
489047871.8517944217 7889696.4121093750
483797926.7587119937 7542456.3183593750
483358365.0347180367 7520038.4179687500
486585571.8567109704 7777284.4335937500
489835806.8104997873 7916304.4082031250
486227802.6677725315 7754799.6757812500
490173116.3509677052 7933268.2402343750
490229649.1223494411 7935978.7617187500
493149927.7921544909 8025149.9746093750
493867298.3645078540 8039873.6406250000
485328316.5541231632 7708864.1386718750
493741091.5731183290 8035501.9511718750
486360850.9352502823 7760196.7714843750
486478190.8159903288 7769417.0546875000
485172440.3954469562 7703711.7871093750
486616128.4864174724 7780985.0000000000
493622721.6623033881 8033817.5136718750
483884118.8293520808 7571065.5527343750
492155771.2228829861 7993969.7695312500
487216959.8015897870 7810133.4453125000
487454380.6226413846 7821158.5312500000
486835401.6370190978 7799260.2285156250
486964042.9581101537 7801371.8925781250
494226698.4704406261 8049348.2871093750
488321663.2249332666 7855121.9296875000
487839371.7795777321 7845603.3535156250
487492527.5410251021 7821198.6406250000
495486127.3418678641 8071216.8496093750
484106927.0885375738 7623066.3496093750
486835401.6370193362 7799270.4902343750
499076258.1061170697 8114112.9218750000
486726668.5792650580 7785794.4101562500
504844716.2954072952 8167453.1757812500
483878711.2843488455 7556412.1113281250
492927441.8124892116 8014569.7636718750
483386155.2271409035 7522472.2421875000
484331529.8778859377 7642822.6152343750
484119228.7106374502 7624410.9042968750
494320453.7773652673 8050483.3105468750
484025340.8373495936 7574024.5253906250
485974572.7541931868 7737564.7851562500
490618958.3337053657 7951373.0976562500
484358604.2294927835 7648529.7597656250
487751046.6181589961 7839722.9277343750
484927527.6440103650 7695607.2890625000
483983493.0184499025 7573289.9941406250
484834755.0951812863 7695568.3964843750
486551875.4340696931 7777171.6445312500
487179665.9540205598 7806909.0000000000
490620827.5387580395 7951978.4042968750
490593013.5712552071 7949403.5332031250
494383877.7794494629 8054352.0332031250
491918951.6622756124 7988339.6093750000
489169015.6884257793 7895095.5058593750
486777646.9131845832 7795733.8457031250
483743184.0982537866 7538473.5644531250
483812837.4473817945 7543785.5839843750
493369354.6800284982 8027935.2226562500
494067480.0120822191 8043544.7714843750
490551514.3796142936 7947352.2285156250
494876319.1558849812 8062227.7070312500
488110707.2023410797 7851678.5781250000
490403405.5489557385 7944458.6445312500
489169015.6884257793 7895102.6621093750
494868526.6576001644 8061996.7031250000
486104033.1433732510 7750298.7187500000
484177134.1019998789 7633042.9160156250
492435296.0818560123 8008886.8027343750
494577808.3906834126 8056200.4531250000
493353505.9768639803 8026297.5878906250
488826987.2273862362 7881551.7968750000
484239601.4121679068 7636868.1679687500
488099365.0705159903 7850312.8320312500
501726252.9126482010 8143870.0566406250
502132676.5535482764 8145597.8691406250
494640275.7008514404 8060118.2460937500
488131780.3955675364 7854154.3476562500
483828810.0725702643 7547831.3496093750
488632431.6254140735 7869465.5078125000
486168844.4610708952 7750529.7226562500
488578077.0879580379 7866840.0644531250
490873903.1900150180 7960645.3164062500
491098921.3991892934 7966830.4550781250
486597792.7008555532 7779977.0644531250
503496833.1101393700 8157400.0703125000
490833205.5034630299 7955743.9667968750
490476682.4120779634 7946578.5957031250
504225017.5278723240 8163558.6230468750
503954069.5233906507 8161517.7871093750
487595491.5632120967 7830532.8593750000
488612827.6127682924 7869122.1875000000
483491602.5326051116 7535011.0605468750
489144617.0312787294 7893336.3496093750
485978862.8435600996 7744223.6562500000
490010166.3800071478 7927518.3378906250
495208387.8513799906 8067249.4589843750
484658890.5876784325 7658107.8984375000
487751046.6181590557 7839729.0527343750
486730130.7980096340 7788180.6640625000
492268250.1969851255 7999400.9277343750
490134307.5529977083 7933032.2871093750
485395227.4187405109 7715088.5175781250
492510962.2786664367 8009023.0449218750
490834436.3629561663 7960021.0996093750
491034935.0651375651 7965186.6757812500
500724708.0708434582 8133002.0273437500
490003074.5770690441 7926486.8808593750
490316115.8839218616 7942591.4179687500
484619326.1775040627 7656769.1132812500
489226945.4311402440 7896166.7011718750
493280540.3264579177 8025874.3437500000
505034666.4495305419 8168799.3593750000
493299624.2031328678 8026097.8144531250
492949071.2606632113 8019555.5898437500
484075959.3235036135 7576112.0742187500
487029491.7381566167 7804835.9746093750
488928633.5103747249 7889474.5937500000
488819303.7230434418 7878666.8496093750
486718427.3420888782 7784881.8847656250
490288242.5297729373 7939482.7246093750
488883618.1045200825 7885455.5371093750
490003074.5770691037 7927230.7714843750
484671647.4552685022 7661531.4160156250
495423285.8008168340 8068593.3222656250
491111607.2980856299 7967823.6562500000
502517531.0544487834 8149629.3007812500
502561073.9057549834 8149864.4960937500
486667663.4878419042 7784259.4062500000
492636183.1165863276 8009288.9355468750
502192518.8203138709 8149237.1523437500
502135653.0524553657 8147671.7265625000
486090853.7749065161 7747393.8769531250
483873053.3773504496 7548813.0000000000
503289491.9328086376 8157177.9042968750
484461320.1716215611 7650190.8476562500
494695077.5689617991 8061012.5898437500
487262591.1842771769 7814379.7890625000
487306090.1430587173 7815675.2382812500
484001174.5719477534 7573788.7402343750
487306090.1430583596 7815668.1601562500
503499666.9176114798 8159257.8886718750
503677182.8018679619 8161501.9472656250
502747466.3087550402 8151707.4375000000
488469239.6858347058 7863761.0722656250
487339033.6083071828 7819605.4804687500
504801622.7144744396 8165165.8945312500
489165018.0343561172 7894193.7265625000
485756971.9163199067 7734929.1367187500
485563376.3731312752 7722739.5742187500
485882821.6099197865 7735097.9238281250
487510967.4564852118 7826226.1250000000
485734381.6046078205 7728517.0156250000
487141112.3282081485 7806054.2558593750
484756785.8267436028 7665635.1386718750
484527226.2515739202 7651648.0429687500
495900627.8856029510 8074497.5585937500
496219264.0821655989 8079177.7070312500
496025803.1512168646 8078815.0175781250
492304176.5501587391 8000281.0781250000
492726180.0271854997 8012752.7070312500
503223422.3352105021 8154177.9785156250
489323930.5208675861 7900321.1796875000
495669831.1181928515 8072981.3007812500
485695655.1602674723 7727987.3164062500
485632588.5589333773 7725924.4609375000
512714547.7621662021 8189810.1367187500
488448328.6573275328 7861876.6074218750
487679596.2962092757 7834689.3125000000
487510967.4564850926 7826219.6914062500
485538011.7275845408 7717153.3437500000
489240676.0834735632 7897553.9472656250
495960523.5581946969 8076973.2324218750
495040063.3456978798 8064546.9355468750
492928435.8857408762 8018898.8281250000
488797838.9598818421 7875248.7109375000
493610637.1007860303 8031772.9101562500
492009614.7762840390 7991379.5312500000
492357848.8791140318 8003667.4785156250
485474136.6979355812 7715210.6953125000
490200156.8791744709 7935176.8437500000
500893422.7153903842 8135779.9882812500
487214918.7798863053 7807289.3613281250
495994392.8361231685 8077278.8183593750
489701074.4820061326 7913908.2656250000
498628160.7438508868 8107483.4375000000
495009393.7669814825 8064502.5351562500
489764662.2807552218 7915638.1992187500
489721017.4977630973 7914460.1835937500
489974583.1369966269 7926242.9257812500
500416623.7023766637 8130484.3671875000
492801496.6406253576 8014114.2285156250
488029872.7885285616 7847538.9824218750
492355103.8394950032 8000950.5820312500
500324589.1900879741 8127493.9218750000
484560282.5786812305 7651756.1269531250
500413933.0197902322 8129465.4257812500
512394498.5617886186 8188373.2343750000
494634105.1340647936 8057980.3691406250
489545695.5783671141 7910355.2968750000
489368143.6060924530 7903398.5351562500
498823173.5039325953 8112025.1484375000
488702951.1551111937 7872167.4179687500
489278802.2630954981 7899266.6875000000
495431078.2991017103 8068824.3261718750
491875799.3098059297 7985821.9804687500
494104928.7604169250 8045481.8671875000
489398895.4177351594 7906113.0351562500
488383063.5808782578 7859819.3320312500
489623189.0504344106 7911769.1503906250
491432744.8387760520 7977962.5957031250
484580885.7386276126 7654196.5234375000
490085574.5178523064 7928316.7031250000
491603881.1221571565 7978245.5449218750
488518988.6459778547 7864917.8886718750
494062729.9133899808 8040646.4667968750
491658160.5097096562 7985322.5000000000
492175332.9659848213 7998858.2656250000
491595516.9622628093 7978176.1191406250
502825347.7163576484 8152180.2402343750
498766816.1170822978 8109489.8789062500
498766816.1170822978 8109476.7734375000
499403073.2509373426 8118096.9140625000
512172884.4813861251 8187777.2656250000
498781511.7277190089 8111794.1445312500
499116331.8132262826 8116895.4238281250
499269824.8685292006 8117833.9921875000
498867221.6275048852 8113316.7656250000
511461719.6066427231 8184228.1132812500
499765544.7572764158 8123220.4238281250
499533856.0158027411 8122226.6464843750
498834560.1416459680 8112600.2578125000
498706078.1453515887 8108469.4687500000
501212160.3377448916 8137735.9882812500
490742337.9912208915 7953216.4160156250
499875240.5673400164 8125787.3144531250
496628512.8900299668 8080539.3300781250
500873376.7512660027 8133873.1191406250
500091598.9882369041 8126412.1542968750
511815371.4133345485 8187383.7695312500
491360098.7977306247 7972107.0605468750
508424158.4526323676 8174811.0117187500
501254688.0405884385 8138280.2988281250
499788504.3336258531 8125411.0722656250
511237767.1504148245 8183365.1718750000
501081062.1888143420 8137278.0683593750
499890278.0216311216 8126263.3906250000
511640989.9743185639 8184863.8437500000
491400715.2541066408 7973722.9589843750
500597200.8258024454 8131774.7949218750
508112396.6888907552 8174792.3515625000
508112396.6888907552 8174783.8671875000
511649281.4613195062 8186935.8281250000
507584705.1562741399 8174579.0703125000
501681876.6498194337 8140805.8183593750
501594129.5060496926 8139978.6386718750
501681876.6498196125 8140823.0058593750
507341705.1486976147 8172275.9726562500
507222100.0204980969 8172147.6601562500
510766802.3871219754 8181161.8398437500
509513506.0457205176 8176857.7617187500
507163351.6250132918 8171653.6015625000
498616708.9621906877 8106981.7675781250
511261383.4918939471 8184090.2265625000
509488639.7258443236 8176240.2812500000
510918157.2496522069 8181500.1289062500
510189715.3905355334 8177993.7031250000
510220243.0391675830 8179099.0664062500
509957478.5234772563 8177786.3164062500
500682356.8416563272 8132050.4863281250
506444665.9274529815 8170482.1210937500
500682356.8416564465 8132063.5917968750
507163351.6250131726 8171636.6757812500
510205063.3107195497 8178304.6171875000
510240910.9617620111 8179835.1757812500
496874835.0521125793 8085377.4082031250
496874835.0521128774 8085392.2050781250
497061505.2470203042 8086565.1660156250
497270744.6870996952 8089921.6855468750
510214516.4752478004 8178438.1523437500
498384260.2629666328 8106382.5175781250
497232356.2169191241 8089084.1035156250
497846230.3476426601 8098175.6113281250
497796514.4551696777 8097614.8496093750
497579385.2993768454 8094993.1562500000
498131813.0176814198 8102418.5957031250
497655527.7048274279 8097283.2167968750
497655527.7048277855 8097314.4511718750
498339273.3996665478 8104187.7929687500
497460271.2963073850 8091171.6113281250
498024973.9008895159 8100620.0253906250
