731890861.5477633476 720924.4333556350
722028184.8883866072 576022.7913304805
722076583.8090662956 576727.7491857051
732351180.4098525047 724337.3876298126
731790894.2753950357 720215.0765946563
761790208.0126780272 1048444.8533418886
798693753.8455733061 1259549.9808349609
798498225.3379241228 1258414.7032470703
710587537.1404206753 279785.2765328451
711643096.7208542824 333180.6512637250
762399634.6547274590 1052683.8507058583
786163216.5719506741 1210812.1688232422
798660708.6313028336 1258460.4233398438
798860687.2589563131 1261012.7457275391
800045000.7897588015 1263984.1829833984
715049813.6374000311 430859.7606137171
786152311.6558933258 1210148.4247436523
798819691.0742079020 1260300.9171142578
808430440.1053735018 1274543.5749511719
785885058.4255769253 1207752.2764892578
798343914.4858939648 1258280.4682006836
721965688.9980219603 573595.6364414333
762324834.7638008595 1050874.8962991200
786283209.7149517536 1211621.7658081055
786705719.7489974499 1213407.2721557617
786537169.5996079445 1212629.6679077148
798948271.3881037235 1261167.5697021484
799435941.4508260489 1262505.7791748047
808068181.4066617489 1274287.4750976562
731738511.4962139130 718423.5388877615
722086467.5343979597 580151.4565097927
730338805.9342124462 700251.3428186923
731489310.7343816757 715694.1533897147
731077121.6255816221 707443.1913230643
731224660.5374606848 712032.2272488102
715022552.9094592333 429173.1507705823
722288587.4954844713 582488.6000829372
722453654.9684646130 585601.2936451077
722474637.5856114626 585697.6143082692
723526076.0364489555 601306.5251515033
780375481.6900123358 1174613.6388244629
786462428.1603339911 1212343.9718627930
806194950.6218802929 1273535.9536132812
808123615.5905625820 1274341.0590820312
711667180.2012161016 333855.7694314843
711683426.3368207216 335302.4655889384
722401882.6463961601 584389.8096654653
722211118.3942064047 582130.3104908108
731263437.0790898800 712186.6671836600
710325578.1153619289 259963.4830301106
714972049.9804430008 428425.7185262814
722533569.2593668699 586277.3958179592
723509418.4446401596 600909.3255884172
731166790.4899623394 711571.8423545584
722402906.8668655157 585073.5368091702
731128249.6234662533 710674.8869712576
722641284.3335742950 587690.2315723537
722863131.3120208979 591528.0201190352
715171294.5264660120 431322.2549358979
801581864.8050117493 1266377.6154785156
780732586.8423793316 1176857.1771545410
780137147.5601428747 1172721.6270446777
800831000.9555922747 1265734.5208740234
780254676.4348303080 1174396.7248840332
780231942.5913505554 1173279.7294006348
730883915.4600839615 706502.6339194998
780066011.4107972383 1170475.5163269043
807831272.1498924494 1273942.0952148438
722605006.2939767838 587400.3884937405
723256909.6139867306 596613.9803075911
804656533.3216717243 1271353.6164550781
715177748.0767823458 431750.7285641804
715085524.8831437826 431166.2646834776
762614754.3022134304 1054729.6799142323
780454274.7782996893 1175898.0862121582
714899038.2729173899 427016.3818892613
723030715.1675769091 594081.0584554793
758972535.5771003962 1020511.8159260098
786282295.1437326670 1211186.0061035156
786623807.1888045073 1213209.3011474609
759151647.8392356634 1023399.0737690274
759251833.3566633463 1024011.2441128008
805628999.7075505257 1273264.7741699219
759068356.9302614927 1020675.2926109545
762539744.5152598619 1053907.4532716982
759095439.8546236753 1020678.6313493960
759095786.4963413477 1021618.9281566851
759149149.0780816078 1021947.2548168413
758837047.1904151440 1018857.7115200274
807888151.0866702795 1274073.8012695312
710467072.9191151857 271508.1201704904
711814269.9895417690 337524.6811105125
722777017.2043715715 589589.1435949965
786608610.3807028532 1212738.1748046875
710789757.1759709120 283163.5627372428
710546364.8242998123 279043.1218336984
710501795.7369945049 275434.1977614327
805061701.5517934561 1272469.5488281250
780557655.5149648190 1176346.5598449707
782130745.9104474783 1185284.2023925781
781750560.8343299627 1183275.5797424316
785973737.8021397591 1209084.1956176758
759378993.3847051859 1025148.2947948687
759405236.4162150621 1025828.4314493053
805534245.0966289043 1273184.4572753906
782153330.1829472780 1185474.0822753906
782549465.2986390591 1186973.7347412109
711426728.4239248037 324824.6495189792
711032586.3267676830 304600.8362614712
711171382.1325758696 308906.8997764572
799941479.9215961695 1263773.1297607422
805311008.1222190857 1272959.1862792969
804594000.5370757580 1271027.3564453125
714677370.5915600061 419489.5533938353
729267544.9996408224 682094.6464710315
761419649.5719376802 1045569.2502535097
786815308.9653967619 1213794.9775390625
711137361.7669922113 305586.5457582822
782156694.8779597282 1186329.6295166016
787606118.4267829657 1215986.0889892578
761319896.6949068308 1044620.1690767519
711202034.0755934715 312776.8744064620
711237286.3998677731 315788.4671878567
804401123.8791612387 1270897.0860595703
764206704.8357204199 1064653.3397248778
714647473.3322097063 418291.9491614198
788641942.3032634258 1219973.5278320312
788246356.1365064383 1217830.6076660156
714632131.0816106796 417966.8102473062
788384519.4844646454 1218959.7360839844
802397077.9046814442 1267947.5262451172
729015420.1361322403 679558.4599715658
787961708.8965003490 1217307.2526855469
710857196.6600877047 289719.3238915325
788422930.9799563885 1219438.7468261719
801951451.5205894709 1267170.0906982422
729922297.9078879356 691105.4930681773
760421150.8698108196 1035792.7286232226
729975603.6065229177 693028.7273188313
711200773.8598744869 312148.7888768068
788896264.5123629570 1220998.0045776367
711150954.0719332695 308900.8105102977
729721011.7667742968 689449.5884876330
780895345.0547648668 1178098.9027404785
801550112.4604490995 1265981.3070068359
801670466.9997156858 1266687.5609130859
729107381.7027279139 681419.6506752898
789365486.9996229410 1222657.3509521484
763245185.1702519655 1057718.9893461261
762984448.3637936115 1056401.9375272784
710973090.5105974674 291638.5259504916
781091748.4628432989 1178932.6527404785
712909040.4249696732 365589.8820770443
781005037.6165540218 1178503.3119812012
760343396.6388438940 1034831.0000465624
781020682.7611889839 1178722.4271545410
781125473.8425952196 1179393.6554260254
713868803.6192135811 394420.4695831495
713828897.9463436604 393792.2597137648
714029132.6762576103 400476.7981611448
713968500.7798066139 397832.9327484327
713914185.3158917427 397343.5575958448
710986951.3747648001 292959.9401197701
713659996.8706952333 386293.7889395091
713720239.1100729704 389055.6834555003
713632182.9537400007 385519.8649608138
712738788.9538618326 358984.1148263807
713647805.9742031097 385950.5679760943
713562245.4412496090 383844.7431406896
781390395.7118918896 1180648.6610107422
713231619.1989880800 373799.8215667228
713204928.0013411045 372629.5141894068
713076366.7315840721 369557.6960283960
712834600.9463891983 362266.6549274821
712636453.6618764400 357101.5137913818
712511142.9661880732 352875.9075243799
728795832.9470417500 675174.2631484163
728708228.4908440113 672815.1329356325
712499948.4917968512 349756.1094697709
727983395.1457033157 663443.6125842875
727423768.5929499865 655561.9331220877
727373664.9320573807 648835.5976879331
721765574.8508315086 565263.8984838924
804039602.5415771008 1268203.0151367188
803952779.7498277426 1268017.5246582031
803996433.1781989336 1268149.7097167969
712399032.4965987206 341422.0986751951
783086869.9559432268 1189805.0588378906
727129142.5032985210 645465.8739155973
782839312.4857469797 1189074.9077148438
726849560.3031854630 642136.6094576005
727029621.4817112684 644734.8986467423
726657828.8159629107 640612.5876115861
726641592.4715217352 638953.0011374059
726511641.2150846720 638042.9386915269
725580386.5497881174 624379.8235158524
725759734.0799735785 625765.3024295471
725628740.2047698498 625415.8064210541
735686377.4927697182 749429.7835769956
735549590.6888855696 747803.3012655419
725087721.3005129099 616312.3530751071
735436787.7341912985 744850.9528654818
735528787.7876681089 747236.1752928500
735501977.1382268667 745856.4047856634
735517394.5276645422 746022.9735573466
735524070.2036073208 746036.0809789603
784498552.5402890444 1196491.6307373047
735511664.5470893383 745945.4245531117
784292077.7945964336 1192186.8950805664
734572980.7128138542 734115.9288530354
734695411.8649004698 735617.0520219808
784704993.5842846632 1198134.4366455078
734374239.2463271618 726924.6129669487
734421185.0161931515 731389.5100436291
734799616.6692093611 735832.8203200703
734399602.0689836740 729284.3738131603
734561375.2794637680 732985.7942233166
719911182.1737946272 518668.2287613445
765424642.8339291811 1067225.0485861395
716793367.8946386576 443164.1766734548
716730988.2834022045 441403.8317772351
716949656.7649643421 444368.8408390700
765388272.6766982079 1066894.8015768621
716629304.6833970547 440183.9518333875
765650023.0398287773 1068996.6996306479
734420725.5662313700 729675.7450025721
785681395.6965657473 1202059.1152343750
765308715.8220946789 1065786.1067526434
721304950.9274914265 547861.0525193375
721309283.9757436514 548048.0655869897
721148476.2467116117 545735.3127000984
720574212.6164062023 531939.2909073778
720436911.4957956076 527811.7057118141
755546895.2200348377 969633.5851894617
755153752.6605261564 959793.7043424845
720371072.2110190392 524743.6947059848
720561061.6753065586 528727.5375603766
720414295.8234959841 527443.1877479770
738577239.4232615232 773805.2462443497
738323722.6859050989 770241.0659965065
738376154.7947453260 770732.3073838737
738681499.7663089037 774495.8543376115
738978733.8748115301 777208.3275460389
738765572.4659682512 776059.5344523576
738439177.7038873434 771416.9724080714
738484041.1447387934 772820.2329386857
754876979.2779088020 956872.0118376017
755213278.6253423691 964482.3084150553
718656072.5777695179 480087.3045082674
718339098.1638554335 472073.5684261085
718472295.8230593204 476605.2941343174
718388692.8917007446 474054.4336625845
718353981.0031778812 473416.1487677027
718219056.7482402325 469051.4613919766
718062990.6653851271 467028.2515836270
718275585.5241968632 471217.5181851895
717771244.1152129173 452801.8483578465
757776079.8666758537 988908.0732588768
757659678.1138257980 986292.5356001854
757780422.7687636614 989036.1880049706
757969417.6438591480 989856.7949690819
757722244.7882804871 987414.0798506737
757960226.8621430397 989753.9406905174
758112679.4668107033 991309.9800705314
758138748.1551343203 991577.5655379295
798305694.8807895184 1226834.5616455078
797504621.0500491858 1224795.4771728516
798200546.7646175623 1226771.4201660156
778839395.4702957869 1102151.8801689148
778546239.2616829872 1101574.7797050476
778941907.3875645399 1103496.8513908386
778871242.7492312193 1102606.5684928894
779052783.5169996023 1104337.4546623230
777866025.8069669008 1094315.6439112425
777527321.1091642380 1092251.7114161253
777293968.2018971443 1090997.7309931517
754577244.6558213234 888950.5919330072
754121130.2141057253 886074.9849746795
753843383.4290262461 883566.2646835418
752574136.2592988014 868748.0335343359
752284965.4810073376 866284.2184334120
752441999.0694261789 868241.7887891131
752221883.8617981672 865999.4416073908
752173292.6855618954 863960.5210349872
751987275.4869959354 863084.0450939252
750940993.5226811171 849696.5655127903
751079776.0605365038 850868.6828862643
749353765.3719524145 828271.3847334692
749061210.5282905102 822330.7307565163
748893190.8895726204 822184.6597578833
749171507.8120284081 825796.8934004614
748449707.8034508228 818746.0585172484
748793774.3198088408 822042.9190352270
748367555.9371178150 818571.0975783179
747078395.4490301609 802379.4347292683
746272184.0275204182 793153.7038509152
746693672.9374722242 799223.1174074910
746568892.2012931108 797093.7924129269
746298328.9864337444 794922.9350520871
746193207.6440455914 792250.8063327572
