67534173.4030291289 214250.3300781250
69015782.1886694580 215141.5964355469
64469171.0783919618 126850.4878942929
64660924.2407946140 148669.8587111384
64904870.7181181759 163052.9766743928
64509820.8387890384 130220.1684827879
64429003.5280572847 122979.3519384824
66679471.0904769152 212521.8127441406
66776254.4828357995 212694.2136230469
67816849.9268558919 214653.6230468750
65964691.8709325045 202589.2025756836
66308839.6334816217 210881.9157714844
66059535.8658066094 206416.0876464844
66496267.5699313655 211743.1804199219
66904201.2257009745 213012.5681152344
66876024.1809494048 212910.1101074219
64921455.4869039655 163773.7416103631
65540507.5191247091 187934.3637561798
66261036.9215998054 210761.2065429688
69215254.0403819233 215423.3857421875
66186908.7882098034 209886.6066894531
66321847.7187156305 211079.7666015625
66266234.2350038663 210762.9038085938
67513249.5603903681 213977.0104980469
66008218.8241922408 202738.8302307129
64427340.5658570901 119865.7640478574
66075849.7571138591 206684.4741516113
74700785.6179187745 215699.6420898438
66148757.4817780107 207352.0990905762
67382663.3695544153 213894.4106445312
67408001.2801405787 213951.1103515625
66505158.6730566099 211919.8984375000
64656179.5273309648 148542.2483245917
66243230.7120677903 210758.1791992188
66024357.1705862135 203092.8308105469
65979642.6432723999 202713.6920585632
66436617.4644514993 211509.5751953125
66076848.6359926015 206723.8059387207
64829688.7141922712 159729.1855410486
66658639.7280830294 212192.5007324219
64911693.7363722622 163475.1510341913
67049890.7938808352 213100.1428222656
69099053.2724969983 215261.2028808594
66629765.0642354041 212185.9291992188
66985757.4094565362 213089.4174804688
67422724.8310044706 213953.2705078125
65434947.2973072603 183751.6140995026
66391550.3958478123 211288.1347656250
64627141.4191941693 145169.3238892592
66458647.6893400997 211611.2587890625
66454275.2598159686 211516.7766113281
67762989.7079676092 214440.8073730469
64932349.5498892069 163960.0327242762
65962372.0477304831 200248.5275573730
66838115.7992205471 212835.4689941406
64666158.1491948813 148805.7001208216
67374948.2896610498 213887.1123046875
67688734.2290627658 214342.5598144531
66347217.6936811954 211278.4809570312
64813266.5380332172 159545.6215762049
66322717.3902682289 211200.9279785156
64589936.2970445901 144662.0640664436
66277530.3501208350 210873.8112792969
64465771.7338313907 123448.0828955136
67765166.3867816031 214463.9873046875
67714072.1396489292 214399.2595214844
65704955.2250019088 191867.3464889526
67522717.1915014535 214205.4738769531
64877001.2492766380 160376.0672377497
68502465.5875925571 215119.5739746094
66793534.3666880876 212831.2963867188
66766510.4309648275 212528.0437011719
68268485.2858654857 214857.4345703125
67303659.8435577601 213660.9487304688
64751240.8714861423 156253.7562025934
64781413.3232922405 156437.3201674372
66234278.8150994703 210028.6604003906
64463711.1205829009 123419.0743505917
64466497.2530859485 123487.5336991325
64725509.3147448003 152936.5333193690
66667165.1347345114 212512.9418945312
67878693.1531780064 214661.7351074219
66026099.5750612020 203623.2627868652
64703488.2946288139 152566.3213137537
66055461.4057914540 203856.5878906250
66155567.1970190257 207800.9985351562
64679916.4345250130 152408.7718275934
64748866.0796132237 153117.7968520075
68152974.1763264388 214837.7846679688
64630905.0156419724 148394.9107436091
66048544.9566161931 203664.4407958984
67948407.9933375418 214662.3117675781
66052469.4704017639 203719.3201599121
65504008.1037798524 184624.3352603912
65420434.0917033032 180686.1786971092
66215798.3051033914 209896.4650878906
64791643.9647679925 156439.1177068353
64498623.6302690282 126903.9846398011
64623340.0917569846 145158.5524402261
67077482.4100239053 213214.8681640625
64688459.8282325864 152517.2217787653
64426512.4582709447 119804.6309912167
64455515.3881659135 123354.8811743222
66103297.0116299465 207327.8291015625
65515919.3921608105 187779.3857364655
69042495.1923630834 215213.7573242188
67448636.7936688662 213975.4484863281
65492636.4182334840 184365.7099742889
64608901.9701053649 145105.9864345863
70143718.6414017379 215439.8176269531
68107796.2184423655 214675.2937011719
65596842.3825196251 188447.4189987183
67260599.8451302201 213535.8654785156
65726279.4989968538 192030.4498558044
67215811.7878452390 213533.2177734375
65547552.2994673625 187947.9489192963
67665229.8558947593 214301.3537597656
66021038.6774963066 203082.2813262939
64675518.1353913248 152315.0091322809
64976966.9101654291 164138.8776267767
64664471.5646281019 148702.2282847315
65443301.5264045149 183754.0028902292
64627266.4424785227 148212.1586989313
64982580.7357725948 164795.4922393113
64901478.7545294762 160687.9483893663
64583130.7905460596 136773.8341235369
67787035.2013014853 214498.9343261719
68346946.3965002000 214964.8852539062
69742444.7049363703 215439.4531250000
65456280.7468752638 184216.4918155670
68751557.3482529372 215138.5642089844
73951793.7280197740 215562.9121093750
65535121.7043710500 187826.3268985748
64583368.5117612928 136884.7971877009
67442303.2110607028 213971.6855468750
64585109.4493750036 140011.4955519587
65620238.0164140314 191549.4137706757
65499903.3325991482 184465.5794010162
64863497.7239166051 159988.9658797532
65584058.7054251358 188265.4487438202
65769857.5435184017 194830.7349987030
65697893.4988477528 191653.4991722107
65384864.5160881951 180381.6520857811
66018098.9407579154 203020.5228424072
65508054.2429249734 187766.3974552155
73516599.9534077346 215515.6774902344
73878495.2362419069 215545.6879882812
64558427.5060018897 130234.1566981226
68074651.7268025726 214666.6115722656
65600787.3285516053 190931.8664493561
65746751.0650803968 194772.6703624725
65940176.3078886271 199119.3749198914
65869024.3060194924 198534.5140209198
65802295.8698901311 195206.4485139847
65849785.4738652259 195564.0906038284
65879361.4119951651 198652.0156526566
65873027.8293870017 198648.3865022659
65932843.1213061586 198974.9066581726
73696379.5309175104 215522.3830566406
68334191.1394566596 214873.9265136719
65346090.6541486606 164826.2427258193
65378659.1062562168 165817.4981410205
65357522.3198779002 165336.5889019668
