163796052.8279089928 735439.0678710938
163643582.2844870687 735120.5698242188
164887500.2499918640 738853.1479492188
172139008.6042466164 741201.2153320312
152635259.5948540568 482380.7071558796
152739595.5855434835 482956.3481267095
152467580.1120792031 474545.0920091234
154150102.4498742819 554113.1432913505
154142230.1129515171 553147.5779837333
154112735.0796631575 546334.1625784598
155613557.5241816044 602127.4484970532
154411189.2278322577 566769.1911429130
156305296.5335600972 617312.3185036145
164403827.2770662606 737264.9760742188
151467478.6737161279 349862.7890356295
152182858.0668458641 452619.1489854418
154694266.7731679082 573739.5221742354
154783795.0743080378 578954.3404558860
156342618.6721434891 618072.7155296765
164549644.1223293245 737783.5781250000
152242040.2197082043 453686.5413117968
154272296.6807007790 560783.8592337333
154157528.6511757970 559170.3333548270
154861023.1138718724 579483.5403535329
163587817.4958198667 734649.9243164062
162318735.5976668894 728280.0625000000
152329885.5794759095 460920.6350389086
152275337.7826721072 460557.3679795824
152394707.7417876720 466866.0887132250
152459574.9664658010 469579.3024583422
152451982.9295222759 468648.4804713093
154538947.6533772349 571350.4083684646
154837999.2370366454 579107.5646241866
162245399.9120326042 728198.0541992188
163037507.6756571829 731834.3388671875
152336215.8636234999 461238.8984592520
154965069.7237265110 580804.0138415098
154728250.8360444307 574443.8227113448
159021516.4131932259 682343.2999572754
161354075.1314652562 715487.8634033203
162629744.4612533748 729937.1962890625
164751669.0343945920 738567.4848632812
172104505.5834804177 740878.2480468750
151452565.6103425324 349112.3300176375
151744197.7611212134 370448.4584390000
154925377.3205808401 580103.1188219786
161643428.8884826005 721101.4844970703
152336943.6310643554 461262.0102220140
154389107.6874607205 566373.9380315505
164911985.3061233759 739308.7670898438
154665083.7893582582 573542.2151311089
154557585.6760796905 572830.2968324386
158968084.5818246007 679675.2370910645
161545774.1232086420 721014.2598876953
161822992.8589381576 724741.5063476562
170960880.1513885260 740770.7485351562
159724616.5961334407 693549.1052246094
170845108.5886129439 740309.3071289062
154894820.5650292039 579535.9139418565
158682109.0757667720 670576.7834777832
159034354.0638180375 683037.9559631348
160498604.4686062038 705091.2250976562
158734184.2587374449 676399.4763488770
164120166.9427085221 736578.1547851562
162009634.4825313091 726063.6547851562
162558573.1859959066 729848.9062500000
152574326.6128441393 476416.7500100695
156402146.4751801193 621212.3131612651
159311827.6110820472 685211.8043518066
161433369.5452941358 719664.6583251953
156048931.1199886799 611127.5498802625
152399212.7856633067 467941.3429856859
152365834.9238382876 465931.9616380297
154653369.2281475067 573070.8934565187
154351626.3941892385 565164.5843496285
161953506.2111406922 725990.2763671875
152321970.1247615218 460748.0661302172
152347470.5393666923 461755.3172667585
152251395.9672215283 453878.0352159105
155867929.2736280560 608586.3556435071
158716996.0907927454 675807.0893859863
161928817.1118098795 725907.0966796875
151805147.7247584164 373039.4545561783
151909917.4346219003 373096.9940240495
152843288.3051766157 484191.4523734972
160798050.6640168130 710673.1126708984
151542826.6267051399 365096.6571928971
163894551.5289628506 735681.2827148438
154412311.6244417429 567103.2624163590
154530460.5975975394 567625.0221971236
165098074.8424536586 739552.9252929688
158796235.5234589577 676687.2449035645
156153189.5243536234 615734.6417763196
162667947.4356941581 730236.5834960938
163911982.6532440484 736019.6313476562
161002626.5330248475 713918.1507263184
164325209.3975846171 737246.3095703125
154408825.5795629621 566715.7667669021
162054414.9665887356 726440.7084960938
163215681.1608937681 732591.4467773438
154720219.3945705891 573775.5558885299
155992200.2052091360 610274.5914839022
156177316.0619613826 616908.7539818250
156671575.6764564216 624872.9336693250
160753600.9771569669 709648.3297119141
165083770.0598018467 739342.5273437500
154324746.2630565166 565102.2408879958
161245590.3773128092 715197.2641601562
159924607.0606487691 694865.5563964844
160297051.4433358014 702413.1306762695
159063531.6479007006 683416.4705810547
161671248.7992385626 721198.8985595703
162334946.9655465782 728524.2646484375
163113237.8918609023 732223.4238281250
151497759.4144597650 357690.1740117781
163336902.3784121871 732901.5146484375
161744734.0751451552 723525.1928710938
164167918.3317813873 736683.0283203125
159409773.7568121552 689062.1878662109
162891767.2363620698 731635.4956054688
151482055.1247327924 356612.3265112154
155804075.0575254560 604938.2676308118
162094133.8569649458 726596.9726562500
164673777.2950060666 738042.3510742188
152701853.9397476017 482879.3650840446
161205154.5397811830 714723.2867431641
162458002.9771507680 729179.1044921875
160731292.0535992384 708809.4241943359
161302430.7107588649 715328.3039550781
161513974.3608550429 720970.2008056641
162407209.4574380219 728939.3481445312
165479635.6621231437 739599.5771484375
165970540.1071988344 739916.8754882812
152535382.2584179044 474903.3012357876
159639133.0749731362 691971.4010314941
159842587.5670229793 693700.2827453613
160841442.0964236259 710690.4168701172
162332037.8109034002 728454.5498046875
164203181.7961167991 737116.4360351562
151604940.8528787792 370400.3688680492
159325550.2388902307 687708.4804992676
159680289.5414156020 692950.3650207520
159863445.5240557492 694012.0434875488
159134438.2735223174 683640.5626525879
164607862.0660624206 737967.3945312500
159382371.6830450892 688751.6289367676
167819208.4918880463 740155.1967773438
156518253.3519164622 623326.9873802625
162203855.0143257082 727809.9223632812
151517151.5293747485 359246.3762774430
156569533.0793440044 624418.0110552870
160726326.1215228736 707657.3746337891
162126445.8493410051 726895.9643554688
159123840.7854082584 683635.9577636719
161498410.6842460632 719988.6947021484
156138502.4394899309 615295.2281029187
155340952.5338508189 592138.9022237584
156331269.1155884862 617710.7269282639
161898620.9992655516 725340.1914062500
161629681.5719378889 721075.1678466797
158600059.2579597831 669570.2218322754
161682749.0398102701 722189.5456542969
160672196.8761066496 707037.4949951172
160460239.6936776638 704599.8176269531
160762109.6672728658 710422.9500732422
164023654.0734715462 736140.1772460938
151585172.7459041774 365173.4781107865
156079216.8753899932 611834.8916461430
151563316.2199498713 365158.2323108874
151485371.5492485464 356689.1474291049
151957206.7663121521 378157.1408239566
151789082.1729801297 372202.4707713090
162300325.7862726450 728209.8544921875
155882665.4032199383 609831.6783974133
155715865.3574147820 603273.3881733380
155858592.0599036217 608432.8077961169
155828889.4556266069 608218.1525185071
155351638.4640899003 593529.7474309728
161156778.9467462599 714487.4547119141
155056473.2559354007 585789.1829854771
159493429.5513091981 690490.4185791016
160607245.3463847339 707014.8570556641
160533351.0318783522 706836.6802978516
158808857.2273294628 677217.7188415527
163340312.1263171434 732951.2436523438
159356069.6762133241 687991.4829406738
160701607.2386248410 707430.5855712891
158983883.5921691954 681575.6459045410
160619621.1453708708 707029.0338134766
164865037.7924768329 738651.1044921875
164704403.0193427503 738171.5302734375
158942460.1828338504 679338.0766906738
159047712.5049864054 683189.1717834473
169119310.8168033659 740217.1704101562
156499355.4342857003 621680.0046335422
164196550.5584668815 736768.6000976562
165875317.8137643337 739642.7490234375
159148070.9024396837 684567.8215332031
160200705.2600337267 700369.3388671875
162732163.2044235766 730475.7192382812
163150574.0803328454 732242.9389648438
155713825.8872206211 603064.9323646985
160125478.5813747942 699034.4572906494
161381992.3614358604 716613.0213623047
160680590.3173665106 707193.6607666016
164466271.0264898837 737504.5527343750
160985386.0287502706 711188.5321044922
155487808.4562582970 596352.4014809094
155442187.1493155062 595032.5235006139
162787049.4429417253 730969.1254882812
160587730.6770633757 706891.1060791016
160223328.0730772614 700513.9097900391
162856999.8707086742 731376.5014648438
156302269.7444929481 617266.7065346204
160408291.4512454867 702924.9073486328
163169608.7873529494 732247.3754882812
152136211.5265205801 418329.3399835788
157113698.6434883177 628173.1588366628
156499874.4470253885 622289.0318677425
156398776.2333312333 620675.5059888363
152053840.5940189958 404580.9608942233
155168109.0579445660 588248.5892965123
155613010.9835981131 600153.5214214325
154999547.1277150512 580843.5884420201
156884534.6324179471 627760.4010083675
160447342.9380418062 703411.6412353516
156761855.8702973425 626881.9932935238
156810555.5713398159 626963.3447580338
155157762.2767266929 587278.9302388951
156821398.3466962278 627719.2659070492
154038812.4522192478 542823.2487109266
156695884.9573650658 625638.5163731717
152029053.7130703628 403926.1298700534
162856192.6456575394 730992.3271484375
153912439.5524276495 536350.5049365126
153902031.5348951221 534232.0466354452
156815037.9851959050 627543.8544549942
152070915.3634625375 411260.2936578952
155264938.2806824148 589243.7534810826
156382611.1409436762 619794.7794263363
156087703.0499555767 612622.6464989148
156099892.4994185269 612825.7631981336
155469102.9017957449 595205.9417946301
155825442.2353376448 606026.0927879773
153774087.9639387429 527001.3842868768
153970149.3848665357 541828.4059374891
163076870.5024036467 731970.3266601562
153497200.9171579778 512804.7648919187
154111014.5521478057 545570.1387255751
153655247.4996379316 519382.2496331297
153553976.4588622749 519235.5311272703
155019010.7540129125 583091.6802388951
160119315.9510228634 697008.0565185547
154061785.7777143121 545384.8426964842
153732289.2831068635 525557.5723019335
153939818.9895492196 539456.4521542401
155191911.9677698910 588888.4985982701
163562099.3987637460 733376.4633789062
154139671.8227827549 546570.4707568251
153661630.0587420464 523970.6987984274
152127684.8574025333 417484.7854791842
152147412.6913290024 418413.6691461764
153924909.7108474970 539394.1835253797
153697090.8088626862 524953.8132687304
163536563.5115139782 733115.8549804688
155118512.1724526584 587274.9727193639
155368222.1105702817 594343.0417644940
153893079.2606987357 533638.9895382617
155297050.6739930212 591156.6158237420
153672273.0553541183 524811.0849972460
153803190.1599102616 532025.4636593554
153845494.8176505566 532585.5951108728
155086499.9377978146 586194.7116109654
155166345.1887648702 587740.5092428699
155566546.4450176954 600138.0790932141
160112127.1652582884 696095.8760986328
151984095.4720236957 382052.5501243435
159994053.3321649730 695447.4943847656
152000900.0854407549 382157.5053286515
155104162.3458257318 586214.1401711665
151981296.1450027227 381582.7653495036
152027117.5190777481 388923.4706606828
152018423.0570092499 382256.9927043878
151948554.5265027881 374499.4419231378
153490504.7081774175 485483.0025989676
153484597.5401369333 485070.5600855760
157923544.4867727757 638506.9025774002
157872899.6141444445 635309.2504569292
157718704.4750209749 632042.6262637377
157638043.8145448267 631785.5560733080
157771357.4534893632 634672.5640078783
157487160.0894319415 628506.9875918627
157502160.1780448258 630750.8025332689
157604422.0700574517 631111.0555850267
158292782.3278273642 641059.5699739456
158180447.3437483907 638600.9201154709
158442172.1050534248 644017.7543013655
158378785.0429944396 643099.4652814865
157901151.0234793425 637643.0397443771
158341895.3568899333 642489.5665788054
