291718976.5262026787 2400563.6752929688
290870827.4143252373 2349553.8520507812
291807359.8328564763 2404855.1538085938
292055966.4408165216 2413253.4746093750
325798067.9448771477 2794235.7324218750
299255736.2022264004 2663349.2041015625
282926060.9769096971 1472061.3510742188
290676208.8556113839 2343667.8627929688
292209409.6781910062 2416243.7680664062
304032521.0239323378 2730961.1416015625
303900274.5425189734 2728446.2421875000
306763179.8914684057 2752782.1904296875
287578597.2888565660 2108956.5986328125
294927604.3933183551 2540298.7651367188
299975420.3630751967 2678785.2314453125
310046954.7739800215 2775049.3300781250
283110411.4335445166 1475773.4172973633
290482533.9503234029 2329885.2612304688
292205762.8603445292 2413451.1264648438
314528841.3472191095 2786914.4472656250
282383278.5987211466 1329575.5415344238
314903377.5509440303 2788067.6191406250
316996651.0299496055 2790483.2519531250
296014866.6871857643 2580428.1787109375
299461937.3632719517 2670221.0546875000
287588847.3767501712 2112146.4907226562
300972271.6719526052 2696542.2509765625
307374862.4863803983 2761415.4013671875
306808829.7365028262 2755354.1943359375
306998333.8879496455 2758339.9560546875
316731831.1854797602 2790357.3564453125
283092257.8540372849 1475292.0805053711
287549817.3995363116 2106731.1726074219
291927863.0791237950 2412192.7729492188
296289426.7983270884 2583262.4443359375
308319945.5431565642 2766744.1523437500
282378335.1731970310 1326957.6260070801
282912025.5036354065 1463301.8505859375
282967052.9408743978 1475158.0285034180
282396006.8133255243 1333568.5687255859
282721984.2878891826 1421113.1062316895
282841733.6731683612 1459116.3371582031
290021271.8616389632 2295847.6606445312
290656657.0791707635 2338631.9042968750
302844883.9063837528 2719035.1191406250
325826452.1764681935 2794531.9062500000
326880304.1635602713 2794742.5830078125
282363424.8730016947 1320978.1787414551
282315910.8603023887 1313839.8183898926
295982912.3481808901 2579728.4736328125
307162304.5539606214 2760769.4248046875
309601289.9034272432 2773749.7207031250
284523103.6353731751 1744955.1666259766
295049815.7656523585 2544398.3095703125
296080634.2295132279 2581610.2705078125
303474062.1471935511 2726819.3095703125
290574552.0502573848 2338274.1845703125
282312751.9380407333 1285630.3177795410
290063011.6601176262 2296916.3642578125
290530067.6397438049 2334542.4775390625
295791014.6334944367 2575837.2568359375
290288602.5981065631 2312751.6018066406
295586870.4755365849 2567862.1245117188
295456373.4684897065 2562046.3940429688
284078225.1297792792 1690842.2255859375
295283170.4159925580 2557818.2661132812
287376962.2989164591 2083311.0339355469
309811569.7024043202 2774126.6318359375
314582611.0208041072 2787475.5605468750
296528143.1431685686 2593299.3281250000
300654240.6272215843 2691414.0273437500
314741575.5846705437 2787792.1435546875
303592709.4984714389 2727270.8701171875
289842710.2672052979 2282466.2158203125
301462821.2302159071 2702180.2822265625
300053185.5426892638 2681535.8759765625
316303403.1008003950 2789908.6162109375
287353929.0547641516 2080087.2346191406
287444547.9612879753 2095014.5319824219
316203074.9004691243 2789854.9589843750
302504105.9539289474 2715727.9101562500
316327346.5062457323 2790003.6103515625
291273965.9275897741 2375474.7441406250
303417858.5466394424 2725796.8779296875
306857332.0353352427 2756148.7392578125
284633338.3586609960 1757588.1293945312
295423947.8125733137 2561144.0131835938
296658530.5131068230 2597313.3945312500
308380462.5400569439 2768068.1816406250
308948507.3265537620 2771301.9531250000
282783191.7292329669 1440683.7328186035
291328107.0139957070 2382550.3818359375
282449200.8145514131 1345465.1986999512
316313793.1909375191 2789996.6162109375
296440916.0787159204 2591186.1230468750
282679968.5326789618 1420289.1579895020
301317028.6588259935 2699866.4687500000
282418633.9980522394 1342199.2663879395
282797987.5785729289 1443857.8755187988
297371453.5779678822 2609813.2001953125
300269441.6251167655 2684944.2304687500
282750212.8327817321 1435838.7322082520
284026743.7970353961 1678959.7255859375
290940207.6700940728 2357409.8232421875
290788820.0674462914 2349264.5214843750
291205515.2168127298 2374573.2827148438
287706836.9610942006 2117278.7551269531
296820823.5617000461 2600164.3085937500
283969541.5557408333 1666287.6494140625
296312029.7650449276 2586810.0078125000
301134502.2893272042 2698215.5214843750
284325768.3143673539 1724360.5733642578
289808444.8895989060 2281472.3662109375
291089855.5650583506 2368411.6362304688
303223005.5633524060 2724243.6484375000
282387100.2901783586 1332784.4850158691
301033449.8796899915 2697283.7490234375
290173311.5077244639 2305357.5581054688
297131297.9337151647 2609215.4912109375
315933968.7823604941 2789284.7070312500
283973433.1730462909 1670024.0233154297
291280319.7602527142 2377425.9458007812
284394895.5258531570 1732050.3021850586
284759888.6448690295 1767898.8103027344
297019828.2006253600 2606558.0478515625
299822898.2714684606 2676256.7656250000
315559855.3135207891 2789022.2255859375
288084701.1548358798 2150496.4028320312
282329893.0190799236 1316147.0627746582
284535748.9767172337 1751518.5493164062
284408874.5793209672 1735716.0142211914
322220334.1526352167 2792603.7255859375
282632124.7769004703 1396185.4212951660
290644888.3349387646 2338419.9951171875
290929540.5628494024 2356443.3701171875
295224952.1395621896 2554186.5585937500
282535275.1852490306 1355605.4556579590
302265763.5366609097 2712166.7333984375
307105385.7177007198 2759277.3623046875
308191655.6355808377 2766140.9697265625
283951617.5358600616 1661665.1953125000
294099983.9956230521 2504559.2500000000
283989304.7450225353 1673663.8232421875
282614508.7889827490 1391993.5663146973
287929105.2331357598 2132786.7265625000
282629413.0520410538 1394202.9784240723
294934410.9508293867 2543064.4438476562
309301098.0830409527 2772384.2656250000
282496857.6720824838 1352807.8180847168
284265402.4805023670 1716021.2020874023
287967425.8805271983 2135703.4431152344
302599984.3547508717 2716899.4238281250
282635222.3728318214 1400306.1493225098
287891521.7234878540 2132037.8869628906
290470320.7803838253 2324038.6655273438
295142202.5850942731 2551523.5288085938
287851314.7997636199 2128654.8669433594
310532287.8283556104 2777194.0019531250
284049266.5815832019 1684568.6892700195
287810825.1695522070 2125659.8989257812
310963987.1008402109 2778383.7001953125
311131572.2196881771 2778749.7675781250
290199609.4783452749 2308110.4895019531
284252782.1238707304 1713568.8480834961
287976522.1389537454 2138021.9226074219
300830606.3757172227 2694367.9169921875
322629008.4480937719 2792615.4814453125
301592978.9585111141 2703168.9335937500
289762156.6869553924 2273931.8835449219
289557578.7679934502 2257125.0009765625
294215552.6998893619 2510962.0263671875
326777551.8981890082 2794742.3886718750
326202360.0157292485 2794653.0087890625
295095189.4883291721 2549320.4956054688
309306703.2444827557 2772727.8115234375
309068954.3462077975 2771466.8320312500
288332792.5064933300 2162430.6347656250
313903232.3809023499 2785139.4580078125
314255566.6619178057 2786080.5546875000
294173223.4388202429 2509403.3632812500
322171659.2381854653 2792533.7998046875
314410154.3677920699 2786249.2861328125
297901696.5021634102 2623723.3613281250
297796081.8663298488 2620216.6660156250
310620762.3314549327 2777510.3564453125
307792177.1856911778 2764563.8525390625
308259231.7136721611 2766662.1718750000
301930827.3364307284 2707921.6162109375
302190335.6726340652 2711790.2128906250
301834107.8506653905 2707604.8154296875
301792738.9019598961 2706178.1640625000
314143216.6139190793 2785548.4667968750
294724245.0397685170 2533093.1147460938
301706039.5984410048 2705662.6494140625
301704333.2433793545 2704543.5234375000
310440087.0310326815 2776868.1074218750
301596996.1678792834 2704411.6708984375
294655216.5326341987 2529900.0786132812
297493059.2894011736 2613336.5214843750
310429855.5553402901 2776862.5214843750
294449984.5163012147 2518968.3286132812
282605065.4335066080 1372927.8851013184
297447767.3707404733 2612320.6562500000
294455024.9560462236 2519398.8198242188
294208275.3330265284 2509554.1225585938
301546471.6536637545 2702794.1015625000
294335546.7655998468 2516146.6479492188
294432147.6636036038 2518906.8569335938
294542804.8085523844 2525231.3452148438
297878663.9273192286 2623050.1689453125
282586444.0766730905 1366999.0098571777
287349932.0022927523 2067908.5410156250
297799432.6078355908 2620726.9296875000
314138427.3932486773 2785425.8984375000
322693011.6761571765 2792693.3886718750
310321809.2345268130 2776139.4492187500
297768911.6641032100 2619872.3662109375
307574549.0218782425 2762986.2226562500
308539003.7528628111 2768179.1542968750
289452476.8311030269 2237411.1169433594
289329665.0808657408 2232646.9738769531
287294718.9823831916 2061264.6289062500
287345648.2329955101 2064380.8681640625
289485044.9013555050 2242000.3256835938
297668469.4589174390 2618304.2978515625
297579599.0284039974 2615899.5566406250
289228617.6418223381 2230034.9431152344
289181332.6865490675 2223797.2119140625
283232522.5990533829 1488567.6284790039
283189936.8356477022 1484839.2785644531
289339537.2097033262 2234374.6035156250
289088403.0324919820 2218218.7131347656
289120921.6653071046 2219412.8237304688
313599566.5231987834 2783600.9160156250
321973708.7210985422 2792358.5136718750
288584441.3074601293 2177282.2678222656
288468287.2684302330 2169815.2692871094
325590487.0583677292 2794230.9277343750
288427161.2680751681 2165870.3017578125
313462064.1644036174 2782774.2998046875
321288736.9951090217 2791699.6044921875
321432065.7648013830 2791953.7363281250
320916654.7280254364 2790926.1523437500
321122848.2332068086 2791335.1445312500
321169758.4188768268 2791595.0078125000
324719193.7806829810 2793210.9130859375
324852362.7911013365 2793413.6025390625
325174065.1951738596 2793804.5185546875
313015862.1983311772 2781328.1064453125
312603333.6994721293 2780108.0439453125
312690946.8583126664 2780172.6953125000
312572084.9903801084 2780087.1113281250
312503417.3467792869 2779676.5927734375
324433783.2085790634 2792854.7167968750
283927651.7862416506 1611214.9649658203
283948617.5292584896 1618238.6866455078
324788596.1176682711 2793214.1738281250
283903335.3803741932 1606798.4517822266
283928420.6364743710 1612803.3912353516
324578094.3368592262 2792985.9130859375
283830984.6585078835 1587602.1663208008
286995923.8357709646 1999275.8109130859
287114190.7429412603 2012314.5196533203
286964235.8033108115 1994736.1636962891
287079758.2485593557 2004262.6527099609
287014003.5755400658 2001793.1363525391
283807878.5309404135 1582266.0478515625
283792427.5387709141 1576727.9069824219
283772850.7756266594 1574645.3112792969
283626747.3840117455 1530225.6401367188
287281076.5618331432 2026778.5205078125
283636116.8785012364 1534217.4396972656
283649284.8747740388 1536694.8961181641
283568858.6402355433 1510630.5445556641
283628014.3845681548 1530477.5235595703
283628854.1115958095 1530935.8034667969
283587910.3257067800 1523339.1632080078
285532195.8137038350 1789474.3776855469
285336573.2009114623 1772565.0820312500
299115433.0872225165 2638480.6250000000
286931844.5470052361 1973388.3166503906
286881592.6370743513 1956908.2307128906
286916248.6420820951 1960191.3583984375
306251863.2109065652 2735454.5751953125
306399201.5298396945 2735681.5859375000
306102301.4258853197 2734068.1738281250
305877203.1727348566 2731783.8027343750
286163822.0704613924 1802214.1257324219
286175529.1770223975 1804628.6213378906
286074807.2274702191 1794479.4162597656
286255030.9193099141 1821163.9278564453
286271690.8182072639 1824390.4171142578
286216420.5199830532 1812195.1400146484
286519754.0923155546 1855861.3532714844
286459268.9661809206 1850182.1485595703
286856054.4028216600 1882550.2442626953
286502004.2850744128 1853543.7247314453
286737880.9493465424 1880376.5367431641
286562214.6336974502 1867037.5347900391
286529423.7579849958 1861405.5704345703
