445545747.4742565751 202666.3269042969
387863786.2067316175 83941.4649758792
395443073.6758837700 112507.8163722328
395116328.6197925210 111595.9318512085
395337006.7476744652 112242.5103897456
386653943.6086459160 78611.4502256043
386473177.1077978611 76826.2493021913
386477402.0542211533 77699.6778300233
386762776.4525498748 79188.5967266678
387346809.7073362470 82300.7241071916
396347696.8030906320 115342.5666479118
396449274.3966157436 115344.7078575216
396005661.6283187866 114486.8851385455
396276152.6201102734 115256.0197423495
396260245.8266146779 115171.5520412143
395895045.9560804963 114338.1414905883
413008190.9493889809 159380.8171001505
413246994.6564621329 160184.5604524296
413933508.9516558051 161820.4026384037
413594002.1208310723 160961.7044572514
413712966.5621598363 161112.1690873783
413411867.1189907193 160895.5018205326
435652977.5093612671 198492.1564636230
436680066.6031107306 199896.4112548828
445427319.6097888350 202569.2597045898
413753759.8639318347 161440.7663068455
445889877.2791445851 202694.8106689453
387514650.2072826028 83185.2264336205
394894661.9757184386 110825.2590412501
394653491.0635167360 109858.0919543396
396324480.2776471972 115260.4573475144
396228652.4608806968 114676.8368030883
412611683.2657147646 158980.6343303751
412717250.0600601435 159155.9777136650
413285878.0648544431 160592.0395707767
435657574.7927311659 198869.4595031738
443267951.7851914763 202024.4116821289
443240744.8286045790 201998.4556884766
443215594.9213689566 201967.4655151367
445639611.6670369506 202686.6445922852
386561209.5651780963 77815.8561429164
386733273.5147391558 79125.2906903407
387182485.2717865705 81790.8445840335
395985936.0247783661 114348.5477405883
412402689.4107406139 158280.9243084025
412436829.7596130371 158363.3341899943
412269910.8350139856 158218.6757850479
415473124.7749999166 164196.5452442337
446958834.6004202366 202706.9033203125
387499147.4132033587 83045.0006827746
387398805.6922441125 82314.6176083877
386888760.9857302308 79889.9396771571
387246991.6159435511 82157.3276467777
387208965.1332818270 82137.4846902347
386460506.7550115585 75141.5934104805
386525636.8767932653 77777.5706895459
386667245.1167777181 79075.4344891689
386802755.1617041826 79475.4793454788
387126112.8543158174 80381.1365498683
436511200.5520935059 199767.5243530273
435986776.8233206868 199154.5531921387
386925352.9851590395 80332.6795186183
386572384.1701560616 78320.7539471767
394812215.0652070642 110501.5206446055
412820423.7474988103 159380.0446574520
443169243.6589895487 201955.3502807617
395811280.9184063673 113686.7832371093
396619554.0035975575 115519.4475174047
397023537.0844789743 115519.9444270230
396473324.3300200105 115450.9157444335
395881959.1803381443 113809.9875217772
396156557.6634565592 114607.4148289062
412480882.2328217626 158631.1262404751
435427711.0258321762 198376.6982727051
436892944.7227757573 199934.8548583984
436068420.0032514930 199256.9842834473
437424111.6294598579 200101.2533569336
394971515.2173689008 110881.7708973292
395529017.2217810750 112783.5728327933
413076669.6087045670 159853.6826224755
437281152.1709544063 200082.8819580078
415898765.0414788127 165216.9165444542
414903166.9595089555 163205.2620105911
434404147.5690109134 196549.8621215820
395213968.3703539371 111597.5800911787
395309238.1393086910 111711.5904608093
434707180.5945219398 197333.4369354248
443400576.9441416264 202151.8040161133
395017192.7873374224 111128.3789142969
435145686.0107047558 197817.4839935303
435892820.8728426695 198950.0704956055
435227379.8270691633 198127.4844818115
435899629.9854255319 199029.4373779297
439265232.9068174362 200647.8076782227
439061293.9434899688 200631.9255371094
438793549.0326705575 200519.1121826172
445489198.2758782506 202596.1267700195
411877838.7757268548 156976.0269113611
412046683.5574201941 157585.0684867930
412020569.9941415191 157395.7579503441
412173935.3883747458 157649.4074073862
414906155.5846615434 163227.8155231643
415248682.3976969123 164023.9882107694
415123182.8534666896 163852.5733051468
434025304.4512592554 195088.4285240173
391133507.8009110093 93488.3882444939
390994189.8374846578 93488.3710382805
390391761.8130047321 91838.7829035149
415354106.7386315465 164125.5343647171
438663851.8730016351 200469.8519897461
414786172.1526866555 163105.2837038487
390378920.3377633691 91778.0076566898
394527977.1482155323 107853.3009303756
394599238.6733568907 107899.8480248995
394463427.3714002371 107233.5864757247
394146157.1019417644 106145.2729991622
414924635.0372036695 163228.1000536340
434181581.9731990695 195120.4401206970
445093604.3467953801 202390.8165283203
438519967.5398733020 200324.7530517578
445078082.6494067311 202360.4321899414
390458955.7406069636 92035.5090826978
394040308.4363038540 105585.5141832068
434201050.6879196167 195662.6021690369
394196784.3863223195 106321.6569102950
394125824.4104300737 105585.8500520423
393963026.6793616414 105478.9658433631
444919971.5750882626 202329.1567993164
414377882.9508447051 162265.1599215716
433812819.8083634973 194928.0074119568
444895328.8751805425 202293.4102172852
414615199.7563970089 162636.2185268328
414934164.0303787589 163228.2381727197
444565539.4658216238 202237.4690551758
434195962.5548821092 195287.8918762207
434314192.6176729202 195849.1073799133
390317641.6552526355 91010.9290281498
390546144.6917604208 92083.6299960990
438617344.1732594967 200436.5957641602
390370602.9251877069 91021.0366378725
442839515.5278525949 201743.5797729492
390275677.3265498281 90986.3257772953
390168918.1081749797 90876.0773808324
438375645.1954471469 200322.7385864258
438371292.6024764180 200225.3198242188
438637522.4863942862 200463.0797119141
438265012.8176388741 200139.8807983398
442998169.6981052756 201934.2314453125
390057890.8524038792 90058.1143853032
405758279.0724458098 138481.5675310008
389823630.6835529804 88512.9106327855
393839872.6703576446 104300.5837833848
393886442.8873161077 104394.0995399006
389753498.5524284840 88355.3295207530
417147046.6316507459 166384.7198127201
416526648.5235390067 165370.4086472658
389886968.4976584911 89259.7167976279
417450634.3222518563 166486.1662314204
393771159.7667322159 103755.7832318791
389667783.4464742541 87517.3935607905
393667574.7272912264 103521.6749183186
393786016.4885489941 104300.4256507405
417182797.8443048596 166435.7641862778
389675267.0329415202 87846.5294498439
442647833.0219487548 201371.3356323242
432989286.8226091266 190889.7446670532
433073664.4539709091 191112.7991943359
433385471.3796909451 191720.2723617554
433458203.6175882220 192292.7430038452
433694802.8422322869 192626.0437850952
433464049.6896154881 192468.6261215210
389450843.2073638439 86188.1018861766
389554468.1586911082 87098.4082340236
389484036.4488307834 86547.1686100001
389325379.8485069871 85417.7285282845
389370837.8858965039 85421.0904274884
411096656.5131571293 153312.5353951734
411530856.0259073377 154198.3870191853
411594981.5294857025 154498.2206716817
411543860.6151531339 154481.2784147542
411803972.1680912971 155092.6757307332
411697475.4682367444 154796.9596147817
411307073.7684547305 154005.9362173360
411719647.4240004420 155036.4793196004
393503346.8641644120 102307.0004402895
411687468.8022532463 154704.2414655965
393178639.0377656817 100264.4545114503
393580304.2125912905 102312.4737430975
393359732.8493403196 100835.2068290150
393213696.6459717751 100496.0584848389
393414693.0438034534 101612.7818727508
392788044.7090013027 99227.4942911133
393168069.4619696140 100218.5990751103
392723978.1163090467 98505.9040198788
392782849.2859121561 98573.7632997498
410762330.9837408066 150691.9795573078
392639086.7208841443 97584.7481309413
410806403.8958312869 150991.4463541828
410336166.7541560531 149651.4681649957
410269661.0146631598 149550.3371525680
392609053.1961793303 97198.2914300358
392551320.1842826605 97020.8394716179
440733200.5258134604 200712.9919433594
440656056.6560399532 200696.1388549805
410111621.0719349384 149365.6688176071
409746027.7474634647 147961.7506645931
392228409.9650563598 94558.6476283080
409099814.2642719150 146981.2302597774
441678808.0833226442 200860.5183105469
409294432.9637235403 147012.5723648211
408852292.7831217647 146274.0908298930
408695244.7695679665 145613.7921848735
408704636.4991883636 145614.0901890239
408748542.9505475163 146100.1461277446
408376568.0244901180 144710.4592838725
408456197.1644439697 145206.6128788432
408062286.6687083840 144338.8889741814
392277763.4537276626 94599.4743820696
392172609.7168417573 93898.4316276709
392006249.5329729319 93513.0287668805
407178149.2736784816 142232.5305437958
407597069.9440982342 143014.5425109779
392082436.1324604154 93557.8541338543
407205762.2601175904 142318.8065447723
407054427.6750596166 141808.3022731980
406550183.6478636861 140831.1254824838
406492537.1828414202 140554.9191277465
406326175.9260390997 140037.3991387328
405950967.0044206977 139127.9147336250
442299868.0058737993 200918.7307739258
406269865.9506084323 139640.6023609405
405746231.1103577018 138402.7468883758
403253496.7135197520 131529.4493896511
403501867.2320916057 132146.7743607508
405610234.1101090908 138198.8412007391
405625101.8157482147 138317.8980877167
442335901.4889368415 200926.9202880859
442102082.0531784296 200904.9442138672
440611934.0225303769 200664.0477294922
442015409.9020190835 200872.1930541992
404590751.1256060004 135316.4579518959
404838504.0847555995 135609.7397443131
405231665.8253321052 136466.5890885666
440650952.8465372920 200669.2679443359
404876297.3045436144 135774.6401749924
404475274.0528293848 134939.9623185471
404286662.1191948056 134289.5497649210
404062930.7238671780 133469.2571609514
441959837.2636271715 200864.4237670898
403996274.1493322253 133068.2150716120
403927767.9401894808 132954.9408625597
403893606.8405914307 132769.7370089525
404012071.1353456378 133078.0479780668
402265470.6108214259 128707.8932736004
402548854.8054006100 129304.8862163673
402533143.8088617921 129264.3546860302
402709239.5286592841 129642.5415783720
402314937.4695277810 128729.4859421337
401967654.1090202332 127534.1154349381
401949389.6738796234 127327.4057781780
402162847.7869879603 128178.3741390789
402105594.1377300024 128156.3037655437
401780331.8674263358 125997.5558666987
401758915.9184469581 125988.4880566401
400780030.3666260839 122431.2991661566
400678135.9249013066 121815.4904896158
400873603.7562246919 122687.3927735823
400667603.9912910461 121791.2790524202
400612498.6055614352 121154.4799014951
400535227.4427489638 120979.6255084897
400608515.6585272551 121041.0521971608
400500893.6754881740 120843.5104286100
400629442.1412284374 121759.5164920713
400187835.6565361023 116747.2934251938
400419412.5723326206 118429.2415955998
400349449.5085414052 117506.5164826251
428753073.1294409633 177244.2426973581
428419748.2158518434 176437.7793604136
428295136.9012277126 175959.7169672251
428185753.7370573282 175892.9617182016
427823863.6522271633 174065.8175455332
427885747.5700258017 175112.3075052500
428257210.6346322298 175945.4491602182
427655559.7078943253 173564.9897018671
427847764.8773845434 174733.0151993036
427829777.4011793137 174274.5909248590
427520584.9640425444 173318.0335518122
427738683.2031267881 173986.4104439020
427392525.7000892162 171223.8043290675
427480346.5492678881 171557.6186334193
426106988.4333933592 167285.0494630337
426395035.7699660063 168204.1350419521
426484584.1000075340 168318.4706895351
426603623.4782085419 168655.1551606655
426543663.1813542843 168614.4879317284
426279390.8892619610 167580.3787095547
426280779.7245059013 168079.1796739101
426983855.9163507819 169076.0605139732
425960573.5005906820 166644.2752072811
427009653.8192629814 169207.4626212120
