134847655.0853706300 993400.8151855469
135607062.4830248058 1138769.2626953125
135678500.6859806180 1147654.6247558594
135792760.8794842958 1164354.1674804688
136861805.3943191767 1289449.4536132812
138258078.7600175738 1407603.6806640625
136384162.5553865731 1234689.5805664062
138642912.8863760233 1441217.1591796875
135611669.1510016918 1139263.9790039062
136834390.2109840214 1282266.4047851562
139395268.0793328285 1479561.2802734375
135713268.2827044129 1152061.5671386719
136501085.2511341572 1248339.0034179688
135625485.1119115055 1140511.3200683594
140061631.8551769853 1505314.2509765625
137199425.2360565364 1321361.1142578125
137022744.9744319618 1306895.5185546875
141015311.1847030520 1510357.8564453125
135646998.8011701703 1145382.6689453125
134957568.3357162476 1021654.8908691406
140894444.9151133299 1509373.0791015625
135491667.4447867572 1117673.9125976562
136337506.7867556810 1232130.8295898438
139240871.5161270797 1472749.6923828125
138424305.0531031787 1422896.0048828125
135645271.5245989263 1145293.1142578125
135726311.5573909879 1154452.2651367188
136883185.2972483039 1290371.1865234375
136368315.6708635092 1233365.0693359375
136732076.1958627403 1272925.1215820312
134944425.6929327846 1016252.8281250000
139600249.2838647068 1481111.2939453125
139939412.4323303401 1499621.6718750000
137375898.3106270432 1340542.1313476562
139116583.9105343223 1468950.5859375000
135672756.3082793057 1146825.7751464844
134904853.9815382063 1006593.9497070312
139982767.1822472215 1502944.4414062500
140166937.7741810679 1507049.5869140625
138255905.4757456481 1407521.3056640625
138422131.7688312232 1422813.6298828125
137460314.1603065133 1348386.6137695312
136767696.3010915816 1274696.6118164062
138568788.7121279240 1433957.0732421875
139013696.1472946107 1461013.7802734375
135627212.3884827495 1140600.8747558594
137116609.3639331162 1312448.0517578125
138707143.2277763188 1442694.5351562500
138332202.9342656732 1414863.7666015625
137120603.2939446568 1314101.0283203125
138566615.4278560281 1433874.6982421875
145432532.0799300075 1566928.6582031250
145514576.9637008905 1571844.0683593750
137259622.5238909125 1329273.9409179688
140361610.8723785877 1508201.7832031250
135772860.7642667592 1162656.2988281250
135761107.1423711777 1156864.6408691406
136777417.7993529141 1280728.3461914062
135362104.0573751628 1096297.6765136719
139772929.2838235199 1488559.8242187500
134775603.2542818785 975046.3603515625
136851014.5361761153 1284998.4995117188
135728038.8339622617 1154541.8198242188
134609014.2343198061 928865.9560546875
137118430.0096727312 1314018.6533203125
139804227.6583668292 1490883.6318359375
136276969.1993327141 1223088.1591796875
136473528.3997204602 1244484.9067382812
136935402.1311423779 1293719.6069335938
138010730.3481869698 1390495.3032226562
135552593.8593527377 1129114.3461914062
138513306.5361298919 1428886.8188476562
138717142.0817195177 1442776.9101562500
135698347.4253590703 1150220.3276367188
139775037.6766996384 1490629.6552734375
136804711.2367857397 1281646.2290039062
139851335.1352196336 1497972.1162109375
134938527.4006219506 1015706.7209472656
139746292.6805070043 1483541.1708984375
135512101.9417446256 1122536.4970703125
136865258.8770933449 1289751.0107421875
136905055.5207391083 1291571.5219726562
136315611.9937213957 1228835.3833007812
139069476.4336814880 1461862.1015625000
134594931.5936480761 925545.3691406250
135339618.4654162228 1093699.1286621094
136949646.4720596075 1298472.1181640625
136336437.1276120842 1231017.5053710938
134629630.6247420311 935039.6743164062
136421894.3817219436 1240851.9370117188
137106664.4568040669 1312339.5971679688
138608700.0850157738 1434550.5976562500
140901382.1462753415 1510126.8730468750
141334214.6519879401 1531014.0078125000
136742440.2186147869 1274619.1430664062
136910408.8967115879 1292801.7241210938
134589350.7668931782 921347.5683593750
136252049.5326458216 1222296.3979492188
145388619.6131950021 1563223.3974609375
136209667.4457348585 1216139.3334960938
140304577.8741635382 1507542.8701171875
138670151.0273041427 1441299.5341796875
136231224.3987551332 1220114.2758789062
136103633.4235386252 1202485.5559082031
136939497.4907303452 1293801.9819335938
134529563.9192881584 896990.8876953125
138177386.9425607920 1399536.9790039062
136083277.9182767272 1201676.3435058594
136554526.9988975525 1255613.1347656250
138902765.2591935992 1452450.1035156250
134688958.7010561228 951665.9382324219
137373753.2810683548 1339583.1313476562
138054182.3987482488 1391797.1313476562
136118366.8317113817 1206361.2102050781
136219807.6200583577 1216149.2099609375
135438871.8373891115 1109930.4033203125
136951819.7563315332 1298554.4931640625
142173032.1035866737 1539751.9414062500
137519672.7013276517 1353062.4887695312
134537071.2551150620 905058.0161132812
135394848.2308022678 1101441.1469726562
134628714.1793603301 934074.2790527344
134515481.2786163986 893607.9243164062
134600580.2733169198 925621.8300781250
135382544.5410127044 1100385.3002929688
136588467.1545165777 1255862.0297851562
137458140.8760345876 1348304.2387695312
138976889.4334416986 1459710.1894531250
135344035.6867340207 1094747.7644042969
135322922.3816365302 1089145.6872558594
137290078.7082888186 1330709.7944335938
137931913.1882925332 1385367.5600585938
134720015.2258529365 960693.2380371094
136723544.9108230472 1272846.5405273438
136658052.6236485541 1265898.0356445312
138057661.4333878160 1396075.0742187500
136810105.7900612056 1281650.0229492188
138158855.6114041805 1397890.0170898438
137221322.4207774103 1322647.6806640625
136815216.1449053586 1282013.0273437500
138177533.6306782365 1400023.9965820312
135828525.9237380028 1168288.9909667969
142092630.0703027248 1539732.4199218750
136626198.9808519185 1262024.3862304688
142199604.4515408278 1540845.9521484375
136624025.6965800226 1261942.0112304688
135068006.8681379259 1043620.8996582031
144494310.8102574646 1562771.5937500000
153155210.1281130314 1605717.5996093750
144020673.9446826279 1557392.6064453125
138201093.8647371829 1403872.1445312500
134551153.8957868218 908382.5185546875
135933152.7912656069 1183945.9353027344
136601807.5448557436 1259545.9135742188
134910339.1102605760 1010104.6437988281
137489257.1017344594 1350206.2641601562
136120540.1159833074 1206443.5852050781
136168735.1723865569 1211359.1677246094
134982936.3403512537 1025833.1684570312
138790246.9534879625 1447646.7304687500
135948521.9826352596 1187957.2785644531
135920333.6922739148 1182355.2014160156
135908117.2736485600 1180176.1423339844
136452703.2658297718 1242086.1767578125
135974279.4897443652 1189383.2705078125
138900591.9749217033 1452367.7285156250
135835938.6421710849 1172058.7839355469
136019713.6705037951 1192749.4177246094
136142536.7383367717 1209259.6433105469
134562383.4022105336 912685.6635742188
136022171.9624631703 1192855.8171386719
136033979.2367451191 1197640.1027832031
136538766.5894255340 1253157.0429687500
136054804.3706358373 1199844.4299316406
136288014.7630566657 1225362.6811523438
135881482.5619676411 1178038.8974609375
135762789.7597572803 1159056.0512695312
135803130.3586123586 1164693.5146484375
135026811.1926025450 1035296.5981445312
135079581.4043202102 1047563.9255371094
135134441.3101591170 1056484.8825683594
135107769.6946815550 1053166.0026855469
136945579.3671848476 1297513.1181640625
149735908.2935297191 1593288.5869140625
138344323.9158810079 1415350.0820312500
141325854.6385048330 1525520.6562500000
141380538.2734111249 1532609.1406250000
135019153.6785414815 1033415.2268066406
134967221.3476858735 1022408.7316894531
138285481.4597034156 1412593.2519531250
135207883.5815028846 1070625.3051757812
137223653.8717453480 1325041.1826171875
137822095.8517023623 1376617.2456054688
135075664.3821989894 1045489.2690429688
137429942.4315619469 1346484.2998046875
135106042.4181103110 1053076.4479980469
135128291.7630628049 1055567.6796875000
136687518.2912308276 1267164.5708007812
142091126.2971299887 1537101.7412109375
135094885.8517102897 1049220.1999511719
135066697.5613489449 1043618.1228027344
137865617.7010814846 1382991.7104492188
135006984.1742295027 1031953.8347167969
135035172.4645908475 1037555.9118652344
137600991.5454473495 1361060.6049804688
137401662.2056413591 1341586.3784179688
136932623.7506073415 1293601.6416015625
137687170.2039257586 1368377.2280273438
134623012.4052459598 930710.2724609375
137597198.7191623449 1359253.2871093750
134623065.4996914864 932808.3063964844
137678894.7359142601 1363819.8398437500
134707964.9720799327 956561.6372070312
137734606.0302092433 1370795.3159179688
139377942.2935383916 1474362.9384765625
135181422.5677127838 1065112.7827148438
137824762.9323516190 1377091.9028320312
138625534.5141996443 1435776.7236328125
137311085.3427247405 1332249.1889648438
138481050.8551748991 1424715.6552734375
137749234.0683953166 1372644.7749023438
137316048.5145849288 1332626.7338867188
137313258.6269966364 1332331.5639648438
152597074.7263338268 1605124.5761718750
137729642.8583490252 1370523.5932617188
135187572.1148091257 1066029.9855957031
137544231.2581984103 1355934.9487304688
135250443.2835362554 1076679.4194335938
134829103.6917386949 988276.0849609375
134823359.3140373826 986977.8508300781
134676258.2900833189 948243.1691894531
134656431.2717102766 943627.1608886719
135589104.1465881765 1133266.5151367188
137470107.0839503407 1348674.8627929688
134946556.4484508038 1017818.1379394531
134649198.3941361606 941316.0249023438
137467933.7996784151 1348592.4877929688
147926475.5586487949 1582259.0400390625
137365287.4452827871 1337324.2973632812
134872836.3164188266 1000696.2055664062
134813106.0481236577 984454.7985839844
147181158.6873764098 1581102.2294921875
134838418.1952191293 992082.4460449219
135594587.4821707606 1134587.0297851562
134757518.0196947157 969613.0656738281
134930166.1286336482 1014221.5971679688
141189294.6419691145 1515312.1611328125
134858245.2135921717 996199.3994140625
134867091.9387174845 999397.9714355469
134800915.4013773501 982674.0078125000
134781592.9244423509 975593.3977050781
134795171.0236760080 981375.7736816406
148957575.6550990343 1588495.7919921875
134885988.6851984859 1002573.2927246094
143142738.0526434183 1552946.0361328125
134733277.1191754043 964189.2846679688
152140309.1934481561 1604425.2656250000
134694703.0787574351 953065.5905761719
135405579.2956699133 1104292.8674316406
134761465.4095367789 969791.3618164062
135322901.3033710718 1088906.6645507812
134787337.3021436632 976935.4494628906
134727532.7414740920 962789.6323242188
135173139.3825987577 1061857.4807128906
134714270.8481515944 959293.5856933594
134670513.9123819768 946843.5168457031
134645201.7652865350 939215.8693847656
134631119.1246148050 935999.5134277344
141987328.9446533918 1537018.9013671875
148211227.6522965431 1586691.3740234375
148962818.2497230768 1592517.2968750000
135325987.9457593858 1091704.7080078125
135272527.9301054478 1082159.6049804688
135244339.6397441030 1076557.5278320312
135746996.5027072132 1156436.3027343750
135476703.7974245846 1115747.4699707031
148483290.8389718533 1587367.7841796875
135684577.9545308053 1147896.0065917969
135504892.0877859294 1121349.5471191406
135531876.1078671515 1123215.6604003906
135543259.5289003849 1127297.7170410156
138139122.4803991318 1396260.5092773438
135297799.6553980410 1086102.6308593750
149974144.4648796916 1596403.3125000000
135482612.0969670117 1115886.6372070312
135571447.8192617297 1132899.7941894531
142399308.9135437608 1542594.6083984375
135401162.0743521452 1103244.2316894531
150632071.7543234825 1603911.8281250000
151394406.3638482094 1604404.7812500000
135234542.4391611814 1073682.5102539062
135148676.2100857198 1057990.5952148438
143724400.8799489439 1554030.2490234375
148099128.9869016707 1585636.8583984375
148769162.0822284520 1588300.9375000000
150130444.1454500556 1601345.9453125000
149742749.6267991662 1594003.4843750000
144040482.9713574946 1557952.5527343750
146749455.9645729959 1575620.0341796875
146738988.6754294038 1573223.1416015625
