420026770.7720139027 187547.6099548340
427169552.6883733273 189123.7666931152
387623871.4172149301 73540.5215533820
387817272.6877714992 73553.6914922723
387438701.1972791553 72753.6058937159
387312593.4152715802 71191.5865329187
387375560.1977520585 72050.2744117823
387532021.2955225110 73011.1890817320
390411736.7707009912 97466.1685870988
401453481.7095019817 148875.1167932643
401590390.9439215660 149137.6868311061
402584755.0534723997 151870.2658671035
414012296.7081831098 182529.6503524780
414182712.9571984410 182577.8707275391
413982061.4979839921 181297.9471740723
414674141.6185314059 183777.9680786133
414686121.3940401077 183908.6559448242
414955216.1571785808 184066.3713073730
417781133.7313658595 186195.2247009277
419933903.2389122844 187532.2120666504
414247591.6966974735 183309.2367553711
414748262.6287143230 183984.0497131348
414512258.6215966940 183744.7739257812
414185916.2263837457 182746.6299324036
414436110.5180766582 183625.6717529297
414210812.4125980139 182860.6175994873
414403218.7695384026 183557.9047241211
390522447.7209340334 98122.7807515631
400294179.8853236437 144596.4553559913
415410178.0970435739 184392.7890014648
416147117.2658727169 184938.1756896973
415964431.3221964836 184752.9232482910
418249902.1612659097 186592.0000915527
419296179.3035452962 187288.6730651855
419539475.9146009088 187428.3802185059
387332392.6256188750 71444.2133869301
390259908.8667113781 97235.1941999802
390228576.1836989522 96364.0088149915
401746067.1420304775 149697.4195774688
402445964.0583873987 151817.7193812027
402350929.1638730764 151289.7266520156
415738338.3936024308 184537.7114868164
415823338.2412720919 184749.7131652832
419878497.0070183277 187506.2361755371
425880813.4889245629 188829.4002990723
426231866.0390667915 188989.6797180176
419174014.9650046825 186734.7631988525
387299444.8998300433 71174.2396234311
390368490.6679673791 97464.1124739060
390149920.0616624355 95530.0406644056
390541544.6959003806 98246.7377943406
400089494.3203724623 143161.9232705726
419437780.9973331690 187381.8507995605
419877460.9835788608 187504.4777526855
426888845.6680407524 189065.3069763184
426709947.7635579109 189053.6968688965
415219946.3357335925 184098.7375488281
426524045.7902934551 189046.7924499512
390223013.5932521820 96241.2344259629
419637744.9604046941 187480.4532775879
419670826.4112299085 187494.8031921387
390152966.4071378112 95567.6975246975
390240010.7931602001 96831.7259382615
391002274.4780144095 99665.2098264422
400194534.7240570784 144090.2889608039
416441748.6967154145 185007.6831359863
420392121.3063595295 187583.9303283691
401317407.0212852955 148235.8924814357
401521126.1653103828 149022.8746966018
415568111.4446508884 184537.7110595703
418393985.4438460469 186729.7733459473
422144750.4587219357 188103.1905822754
387958559.2742951512 74724.0109993274
390721339.7517570853 98987.2124092015
400064897.0878018141 143002.8811772956
402700905.6446557045 151924.0736292495
402349282.5783675909 151189.1683024063
402733386.2389308214 152016.1492289199
402829759.4978932142 152084.2220133438
415379492.5794796348 184219.7154235840
415549784.1123814583 184404.6317749023
415311202.8310178518 184137.7492370605
387879149.9859269261 74300.8775855085
387836839.3632670045 73626.1616686163
390821326.5253931284 99568.7007195684
415293214.7626101375 184125.7561340332
418022976.9705572724 186516.5445861816
417942075.2233645320 186491.9474182129
400159082.9775705338 143994.7531331672
403054651.2541691065 152641.3017908714
390968175.0826377869 99601.2539375457
390813079.8643286228 99154.9691006574
390628427.6355811357 98694.1544224652
400323816.9396083355 144627.7308858528
387852778.7840488553 74275.7312340317
388353599.8034762740 78043.1285644551
388272237.8002378345 78009.6959330942
400279941.1706895828 144361.2250755920
400124438.9960858822 143918.8390401496
402461505.0250211954 151841.2691858902
402370319.6645812988 151354.9326434089
417531190.5213844776 185862.0602111816
402171881.0008717775 151133.0075968399
388232608.8393072486 77934.2490974203
401908032.5758316517 150193.7014378204
402210817.6593534946 151166.6623667373
417268348.6242694855 185692.9767150879
417283171.2730429173 185856.5668029785
388419842.9604248405 78406.5278246103
388106906.2450912595 77098.9019133952
388108154.4856721759 77101.3353244942
400197168.1358710527 144354.3749898567
401984658.2148820162 150530.1244104995
401804817.2515493631 150023.6197880401
421535385.7006112933 187994.1556701660
401926518.3032232523 150278.0174797668
388048611.2181698680 76497.1887790840
401669711.2412816286 149673.4250935211
388396131.2962438464 78215.7487277135
388105847.4054513574 76948.8162433784
387986678.0664694905 75532.1678211584
388011310.7826828361 76046.3906814735
416990116.1639365554 185421.0299987793
421828938.1168903708 188067.5622863770
421529817.3144385219 187990.5106506348
421693921.1782245040 188005.2528991699
417144003.8309008479 185474.7965393066
421504930.7519805431 187971.3841247559
421259194.9123498201 187882.5276184082
421107158.0288268328 187711.9917297363
400386796.6527078152 145017.8238881721
417248211.4657140970 185622.7213439941
417263413.8203440309 185676.8017272949
421159323.0074053407 187840.5233459473
421086631.6339718103 187706.6391296387
400521590.4110072851 145458.9857000007
401280372.7735418081 148233.9223345413
417040455.8218660355 185440.0605773926
416866918.5109953880 185290.6552429199
401018337.6444262266 146863.5301855697
400821456.5887752175 146290.8183540000
400708394.3640117645 146183.8869832649
400523482.1344919205 145565.2284291877
401094920.5314729214 147062.0728782974
401098195.2188459635 147454.8895605697
400903631.4039348960 146643.5268769339
400931995.9404401779 146839.8109472885
400624806.9271835089 145668.0726674690
400491433.2484239340 145272.8439229621
400651158.2559604645 145958.7042287483
417025501.9700278640 185421.3739929199
398511779.7391389608 136110.4888378084
398664804.5580592155 136677.6641837060
398758605.2803136706 136910.6681281030
398587507.6539316177 136671.1529575288
421074503.5380136967 187609.4538269043
398442061.0368978977 135803.5982666910
416856536.3278646469 185221.3125305176
416848749.9560471773 185196.4254455566
416824657.8868582845 185130.6128234863
398409686.9843255281 135786.9569703043
398753758.6990654469 136834.1188064516
398397415.5328540802 135258.6196947992
398811134.0791825056 136973.6504020165
398457860.6634194255 135980.6617661417
425723111.8377982378 188533.6247863770
420867503.0521099567 187604.5344543457
425544191.0038765669 188410.3934631348
425359557.9730578661 188405.1011047363
389626345.4705057740 83851.1515561830
425627221.6409679651 188467.2626037598
425581856.6488049030 188452.0182800293
425668348.0139446855 188531.8274841309
389296625.8903780580 80169.2585598904
389117352.4019009471 78599.7818448025
389443806.1890993714 82984.9066444080
389412131.1204839349 82268.4054585120
389565651.5424661040 83009.2670089688
398217633.4711105227 134026.8718353212
400028927.0993240476 140757.4101767354
399919692.7744092345 140454.9644767689
399946608.7091785669 140477.1588949971
389419456.5357866883 82426.6902527196
389245903.5920343995 78838.8257654333
389389950.0605723262 82074.5273403285
389288111.3846463561 79595.6825832484
399735712.4747079611 139469.2950033955
389310664.9053890109 80350.2054302042
389325758.6736037135 80637.9669684527
389349085.5558825135 81189.3429531215
399792325.9364289641 139904.6339573674
399825661.4132447839 140190.4107413106
399629949.3185771704 139306.0240893178
390146988.8728498816 89141.5984158290
399629613.5451692343 138996.0322937779
399233771.7056737542 137824.9181712782
399404079.9826623797 138650.1653094105
425238849.7399085164 188260.7380065918
399400755.2515284419 137958.2869137824
399361613.5709111094 137928.2839574134
399169907.8307086825 137775.6447337782
399322279.7889555097 137917.2697743094
389709678.7171198726 84290.6337445101
398029307.4129037857 131689.6843486649
397984030.3067065477 131225.0327602250
398135226.7771863937 131995.3582921845
398140361.5107085109 131999.3593211991
397917444.0615179539 131167.5724526269
398065813.0732934475 131875.0557628495
398145109.1664659381 132018.7821575028
398017658.3682886362 131642.0746227128
397996123.4706295729 131346.1988139970
390120389.4460943937 88788.9178111175
390040640.3963882923 87838.3594849890
389902835.9213181138 84698.8632178058
425268139.8158628345 188305.6681823730
390012286.4664189816 85670.8873990289
424370586.7090614438 188127.1029968262
389945742.5456019640 85565.3744422904
424311923.6741380095 188125.2661437988
389935008.8566395044 85068.2967185943
389864019.9743221998 84377.4957956336
425110391.1114885807 188219.2560119629
409414702.4093460441 161924.4803739805
408948629.7047151327 160688.3995405454
408945905.6894627213 160661.6604963560
409064534.0409951210 161123.9054609556
409731851.0607612729 162234.8626371641
409688955.0292636752 162139.2905597049
409815174.5476731062 162384.8500839416
409586488.3770524859 162041.1737397928
409693328.4221876264 162180.0114904661
409957862.8948961496 162401.9258008022
409995904.9128907323 162484.5091748256
397894987.2860899568 124228.9783878699
397780623.8592140675 123925.0256367102
397610177.9506615400 122072.5093234479
397736172.3747959137 123441.7379780188
397659908.8764217496 122106.0740833655
397595389.2249912024 121966.9574630633
397490099.2910270095 121954.6943405047
397674641.5315335989 122549.5303864852
397664639.5923240781 122259.2148538008
395428251.2606921196 109383.5695837922
395378748.9679186940 109377.1297991462
395441915.6194145083 109815.7862217613
395444908.8175191283 109818.8146655746
395611859.4937709570 110730.6152032800
395632217.6588276029 110925.4305947013
395512909.5255182385 109951.4570734687
395583886.7634513378 110697.0866511054
395524006.6380537748 110086.9893809743
397454297.7401631474 121112.7064901814
397347300.1642764211 120517.7537633404
397198279.9896594286 119429.6459781453
397329846.3723568320 120286.0466591343
397279913.9398235679 120183.2665120587
395569658.4087203741 110116.2736669965
397133022.4126735330 119131.5726391301
397117996.8744981885 118237.1725841984
397078773.9249063730 117536.8368942700
397099399.3986504078 117806.5697891675
397027474.8788440228 116848.0665914975
397031682.1358969808 117363.5413839780
396873726.3717785478 116408.7142372690
396926639.8692793846 116583.9459386431
396242987.0161944628 112966.9397718869
396369407.1109086275 114074.8192508630
396601240.2363044024 114706.8345110826
396686709.3135483265 114785.6131198816
396550086.2296859622 114644.7723701410
396493824.3145734668 114572.6686256342
396718796.5488744378 115480.8598332964
396761953.4629722238 115563.9182269983
396160439.5439752936 112961.9817176285
396308400.6435064077 113829.3094547205
396507038.0469142795 114617.7124984674
396344511.8825821280 114015.1840637140
396133511.7431753874 112655.8504398279
410949630.8519700766 163380.2644378124
411149197.0341957211 163690.4891052423
410729872.4685701728 162929.8562652050
411219548.3419584632 163880.2305785595
411065930.9196228385 163546.6018096386
410912428.8785600662 163282.9657164989
410934061.7594352365 163336.7856360851
411049673.4732574224 163468.9819260836
410980959.3107848167 163393.9013596773
411429607.0036603808 164004.4778865352
410906952.2039686441 163179.1766627803
395352928.1933600903 100227.5907889158
413701107.2905961275 165174.4147686064
413935155.7693467140 165701.3709301054
413621655.8348529935 165031.7659038603
413582402.3148310184 164463.0662640927
413614749.1452791691 164493.8629102109
413301639.5899789333 164430.1102094052
413297717.4974110126 164092.3336316496
413297563.5781095624 164033.4854309855
