423771933.6974634528 7927145.9755859375
423866045.4972853065 7941821.3076171875
424155115.2870883346 7967637.8525390625
424520828.6237512827 8013911.1337890625
424442343.9476031661 7998804.5888671875
426434531.4724059701 8209316.7138671875
432500104.7829530239 8622816.5292968750
430378539.6849650145 8512829.2841796875
431523085.3259399533 8586299.1933593750
421438137.7816296816 7569367.5039062500
421810420.9177589417 7642653.6289062500
424065214.3051161766 7962942.7783203125
425379356.2766639590 8100828.0634765625
425935449.5688580871 8158484.2294921875
434668099.1202085018 8714472.5351562500
437952468.2010318041 8844556.6855468750
437852570.6733698845 8841112.2128906250
491387960.1013798714 9360131.4335937500
421361180.3229337335 7551579.2773437500
421582222.6131585836 7601863.7304687500
421615678.3807619214 7603571.4394531250
423108755.6507974863 7837947.6708984375
425268650.9634734392 8086384.5322265625
433589254.9596658349 8680339.7988281250
421666037.2670949101 7605140.9765625000
422713708.1737791896 7775179.9179687500
425596330.5493407249 8114823.5673828125
425482642.4034264088 8109877.7548828125
433895246.0708379149 8703008.2363281250
433023492.6040261984 8660516.5859375000
422169934.9049209356 7696236.7480468750
422166082.8234280348 7696236.7304687500
421883157.2427788973 7650999.2285156250
423435416.8954070807 7883902.1259765625
424375688.9703571200 7996434.2744140625
425035276.6760525703 8059754.8779296875
425042191.0934272408 8068031.5439453125
426034707.6974548101 8171064.7392578125
426434531.4724059105 8209290.2080078125
426192701.0112186670 8187691.0869140625
428906990.8038201928 8416001.9912109375
432053204.3266850114 8610300.0214843750
421666037.2670946717 7605128.6269531250
421870930.1891887188 7650168.4687500000
423435416.8954071403 7883918.4384765625
424796100.7189835906 8034713.2646484375
450083691.0886519551 9072166.9521484375
433589254.9596658349 8680347.3261718750
421698142.8279180527 7611945.1738281250
422416833.1692947745 7727599.5332031250
423370989.0901841521 7873579.3505859375
423435416.8954070807 7883911.3408203125
449704366.8147789836 9068804.1982421875
433569439.7594931722 8668599.4492187500
422663808.7090781927 7766577.0781250000
423483718.9548966289 7893719.0146484375
424849574.6718053222 8037503.3330078125
424758188.7868330479 8030265.7685546875
425656253.2416360974 8121720.7919921875
428733982.3931547403 8398067.2919921875
427077272.9874319434 8265705.1435546875
433798994.0931395888 8697410.3769531250
423412066.1606824994 7882788.2939453125
423771933.6974633932 7927137.4677734375
425596330.5493407249 8114814.4208984375
421438137.7816296816 7569374.2441406250
421438137.7816295624 7569354.4785156250
421396386.5459560156 7558097.7402343750
422251054.5881347656 7708354.7167968750
423400046.5584093332 7877769.4228515625
423590347.0742250681 7908378.2646484375
423889132.2059990764 7943843.6650390625
421276493.4941542149 7528676.2363281250
422182377.6765984893 7699252.5195312500
424265439.4335247278 7979656.9013671875
424486145.0019461513 8007440.0458984375
426224045.4209574461 8191367.5087890625
429532474.7177318335 8462249.8955078125
429443587.5993043184 8447569.7998046875
421487730.5661867857 7571698.5800781250
421740806.4979417920 7623050.0917968750
425596330.5493407249 8114815.2021484375
429478496.6295130849 8455032.3564453125
423287036.5643400550 7863549.0498046875
424910387.0754914284 8042128.9228515625
425171650.2120380998 8078850.6201171875
422713708.1737791896 7775193.6347656250
422595192.1637704968 7760727.9023437500
423400046.5584093332 7877772.3310546875
423925403.9014554024 7947443.7900390625
424052061.2208101153 7960953.0009765625
425836359.8503996134 8156944.3349609375
425764724.1413376331 8144638.8525390625
423060464.3530679941 7829314.0732421875
422932506.0108100772 7805610.6230468750
428050453.7586945295 8354066.0634765625
428354731.4398758411 8379687.2119140625
422096186.3753292561 7682380.6894531250
422402422.2373877764 7723545.1562500000
422470643.4736229181 7736632.3984375000
431123642.0472734571 8567215.5332031250
421740806.4979419708 7623065.0410156250
422499241.2264814973 7742094.7890625000
424158214.6551998258 7972583.0478515625
425358915.6250636578 8098001.3701171875
422249083.5698121786 7703967.4941406250
422144191.8704366088 7690660.2753906250
422302289.3072935343 7711764.0429687500
422379236.6042821407 7721425.8496093750
422499241.2264815569 7742120.8007812500
422757485.9511265159 7780876.7109375000
428374509.5723373890 8383825.3212890625
436091696.8160740733 8761388.3105468750
422663808.7090780735 7766561.7031250000
432618115.8541803956 8633626.5488281250
421631815.3977156878 7604201.0156250000
423848055.1355007291 7934652.4853515625
424653965.4422913790 8024253.1826171875
426388099.1059109569 8199304.9521484375
428887212.6713588238 8411889.6181640625
428238083.7162292600 8370443.5322265625
429896917.3057733178 8468705.9462890625
450673002.1296486259 9087211.2197265625
425450464.2408686876 8104316.0673828125
426817202.2342357039 8239881.8720703125
429091432.3748446703 8432653.5205078125
428906990.8038202524 8416009.4697265625
430132844.2987874150 8499465.0009765625
430704827.7758144140 8535724.3691406250
449340142.5218123198 9062615.0947265625
447603709.5410109758 9012040.7900390625
421471014.7326596379 7569887.1953125000
423794093.4197547436 7929289.6318359375
425780038.4944277406 8152808.0771484375
428865269.0412498713 8410950.3486328125
449704366.8147789836 9068881.8779296875
437383883.1578764319 8814000.7773437500
422007792.6857140064 7670678.9355468750
423398345.8902934194 7874479.6298828125
425821576.8016552329 8153142.6630859375
432950453.7271717191 8641733.6396484375
430941830.0171694756 8549850.8906250000
422960436.2470793128 7811557.8691406250
422817915.9220010042 7787909.6875000000
427663970.5451310873 8321644.3720703125
426135595.4005313516 8177875.8779296875
421487730.5661867857 7571692.2871093750
421918643.0818172693 7651328.0019531250
425989525.3649954796 8158562.7958984375
430823274.0922570229 8546183.8115234375
423527705.2818895578 7899233.5576171875
425025278.7432000041 8057601.9912109375
436651228.4042475820 8768538.5000000000
484358040.3621895909 9329118.8671875000
491673509.4524310827 9362021.2539062500
437815345.0591557026 8833058.7441406250
423794093.4197547436 7929309.4267578125
434238404.0151156783 8708093.9687500000
423547113.9861715436 7900137.9814453125
423451102.0339233279 7885525.9521484375
423707990.8156049848 7921661.3212890625
427857013.5576346517 8345278.6201171875
427600313.4658944011 8315717.4189453125
434058837.5294852853 8705054.0214843750
428396453.2024461627 8384778.7529296875
423232126.6191594601 7849980.9111328125
431826099.0519382954 8595951.6914062500
423059697.6496506333 7821801.9814453125
428101369.7935480475 8360232.6591796875
491773727.4116096497 9362743.5664062500
423242491.6250033379 7856433.5205078125
426834384.6879996061 8240066.0458984375
429717842.4763513803 8462466.6376953125
426388521.1252297759 8201548.7001953125
430728214.8808258772 8537345.2285156250
434704039.4551137090 8718357.7734375000
441850507.8665872812 8934230.1005859375
442157982.9204097986 8948571.9736328125
426694602.2256022096 8235119.9599609375
423023650.6614863873 7821581.3759765625
423206942.0332459211 7848855.4072265625
429443587.5993043184 8447578.9912109375
428421325.0178881288 8387299.1357421875
438220123.3087778687 8849394.1347656250
435885519.6695411205 8751835.7675781250
429387892.4468554258 8443751.8232421875
423654039.8616192341 7917507.0517578125
487669878.8775064349 9340390.4960937500
450115566.7035840154 9073555.4716796875
423334403.0084350109 7869018.2060546875
424944960.2784093022 8047201.8037109375
425693327.7694923282 8126100.4541015625
441817760.5572674274 8933398.8779296875
425433935.2744199634 8101070.9189453125
425650808.4091358185 8117978.9326171875
439924247.6712366343 8897645.1044921875
427808798.7729676962 8328212.3349609375
450034687.2656839490 9069753.1787109375
447373590.4780387282 9010534.1162109375
427808798.7729676962 8328218.1474609375
442237857.7786817551 8949749.4990234375
427529639.5457369089 8306823.3876953125
427529639.5457369089 8306818.0595703125
437598685.6290195584 8824728.6484375000
478255662.0236746669 9304688.8164062500
491296585.0628365278 9357993.9257812500
427806313.5007332563 8327182.5498046875
434640324.7780640721 8713059.5703125000
442077588.1303889751 8942838.3818359375
471251899.4083628654 9242907.0585937500
489393249.6462116838 9357715.3242187500
425702811.1517072320 8135210.7822265625
431845356.5025412440 8595984.3046875000
426544820.3385997415 8215391.8505859375
426612086.3635280728 8224160.3974609375
437152769.9411032796 8798511.7207031250
440500604.7962815166 8916672.3505859375
440123054.7494360805 8908204.4326171875
426612086.3635282516 8224166.6806640625
442322320.9876413345 8952139.3818359375
426964421.9755560160 8251569.6474609375
428803470.9600516558 8403779.7041015625
432167882.6614186764 8610886.7714843750
436859100.5178251863 8796371.4287109375
441013134.5586771369 8927888.2685546875
463863890.9506802559 9157838.4345703125
434465316.7450752854 8710157.3847656250
429826946.5507742167 8464058.2255859375
439826115.6113377213 8882118.7949218750
439340361.5564088225 8881169.8886718750
491349288.7646573782 9358438.6132812500
438457075.5221635103 8849751.5322265625
437725555.9682270885 8826738.3310546875
427852706.2183783650 8328400.1728515625
466562721.6574053764 9167157.5595703125
427019057.4966093302 8257904.8232421875
428858413.0557474494 8409816.7119140625
427294610.9380199313 8280555.2998046875
427198821.8933363557 8271787.0029296875
427387034.7799255848 8289187.0537109375
433440106.5786316395 8665367.6503906250
430126486.1474789977 8495278.6181640625
430270077.8615323901 8505915.9384765625
442633255.1491118670 8954751.9003906250
430442191.9405988455 8517050.0810546875
431454642.3475537300 8579224.5957031250
442157516.6070188284 8942931.7500000000
432268271.6386245489 8620530.2363281250
432537419.7565373778 8624580.2011718750
427196773.0475561023 8271311.8388671875
428188215.6523390412 8363737.8134765625
439213047.1934998631 8875622.4287109375
439217028.8995716572 8876314.5888671875
436720233.0230787396 8784349.1923828125
432228397.8907353282 8615768.0507812500
431724808.1995436549 8588319.4648437500
438508837.0904390812 8859528.0712890625
430527766.4452893734 8521480.3544921875
478055032.5116784573 9289651.2460937500
480959436.9575295448 9305799.5175781250
481045903.2773816586 9321356.2929687500
448863204.3385488391 9038819.9404296875
445101230.5528121591 8971991.0820312500
435404830.6294977665 8745110.2558593750
430544796.4015420079 8532462.6123046875
429980467.0928175449 8488984.1923828125
429970585.5454969406 8478777.7294921875
427988397.9390232563 8349311.3154296875
441799234.4151903987 8931245.1171875000
435386717.7407799363 8730224.6367187500
449165561.3106517196 9041641.1552734375
443974345.6934652925 8955750.2304687500
444148134.9166271091 8962966.2226562500
435216569.0062059760 8727973.2207031250
438967927.5310071111 8868044.4443359375
435195065.7150534987 8722813.4062500000
476061977.7869467139 9259488.4062500000
434982554.9097474813 8722319.0078125000
436657898.7101657987 8776679.7480468750
436657898.7101656795 8776659.6093750000
436181142.4616596103 8761415.7265625000
439046858.9721313715 8869788.5830078125
467774130.1553871632 9212897.1601562500
437234504.1659537554 8805292.5546875000
448737481.3393776417 9031279.4794921875
470914472.1752420068 9228618.8437500000
446847120.8839879036 9007509.1406250000
449311598.8247135878 9042524.0634765625
450255798.4075984955 9081852.4287109375
450041299.4207875729 9071020.2060546875
474562115.4574133754 9247376.5468750000
445433576.7730104923 8986947.8515625000
447662833.5394425988 9015804.3173828125
444590852.9576399326 8971374.1669921875
448001523.2913678885 9030681.8955078125
447768510.3807754517 9029822.2626953125
466133404.3598468304 9158612.6162109375
461215205.6690159440 9123762.1650390625
461864454.1790902019 9129488.5673828125
461136315.2862523794 9088394.8720703125
