364466604.3048294187 3015.0060268220
321913556.9616953731 1315.8453962543
322057395.1525549889 1334.5165665423
384946965.8202295303 3648.3622974495
321448957.1967794895 1232.7220026648
321719622.7711322308 1313.4871623481
395676072.8902463913 4074.7605609894
385426251.3714802861 3671.7282835871
394059988.6060218811 4035.0654951334
395952043.3073966503 4086.8489484787
393445229.1580002904 3990.3255086308
347288282.8071469665 2279.6504152914
395735400.3676175475 4076.9150876999
334822125.3427500725 1821.2132760675
334217558.6212801337 1796.2220214789
339448228.1660802364 1993.8924740477
328266443.4085071683 1526.5085029052
373428390.0948049426 3347.0500978513
395115372.2444296479 4067.7864923477
365121125.0288305879 3074.9502555928
335827136.9469098449 1821.9936913049
365001136.2331460118 3031.3241233938
370106219.9948972464 3254.9188968045
384248076.2200018764 3635.4997348442
321814842.3729780912 1314.4113164807
340061183.8872707486 2034.6846627141
349226845.9487226009 2346.1735009094
321506459.7172287107 1256.0521139180
348072997.8231827617 2323.8956762029
324293737.2351680398 1379.8727150599
321670322.1934332848 1293.7101460362
321421396.3216118217 1212.2661842089
364871452.5863438249 3015.2335456935
333543412.8456451893 1737.4413130246
392828506.0677732229 3978.6143564060
333016797.6385587454 1714.6776305125
365722519.8873812556 3121.0123588643
366538342.4143435955 3135.9568169641
369847210.3098367453 3226.9236267992
349244895.8594788909 2364.4637854309
383392617.1983217001 3611.1212979564
321513700.2959876657 1258.7352242263
321545708.2399935722 1276.4584970066
381571528.7760776281 3565.1528423214
380933586.4459238052 3562.2244134033
345720958.4561275840 2239.9698890686
391904305.3105974793 3936.4463046268
376075696.8587293029 3423.8984967405
375474148.0588659048 3410.4060174161
377155494.9307919145 3436.0655040323
321989731.2476203442 1316.2438342835
368819652.5127930045 3220.8414310914
368456267.9898732305 3212.8979105455
364168847.2432527542 2993.1531287757
390213475.9018211961 3878.9146153767
389022189.1246973872 3815.3047010526
388477309.3476912975 3808.6798631772
342019021.7045701742 2141.7555365150
386811710.2369793057 3734.5893556159
328968875.1290833354 1581.4728713829
328579591.6756458879 1557.5707747266
321560745.1708692312 1277.0255087479
339640444.0337818861 2031.4160529171
348997131.7063722610 2334.3266858552
337238957.3062396049 1917.9372361888
336489594.7563925385 1894.6021512737
380612530.8496832848 3555.9300418600
387918550.9036838412 3767.7143054783
321458913.0670250654 1234.8331275700
321789380.8305843472 1314.1116917247
378038539.9076406956 3480.6403922617
385520794.9884130955 3701.3256793797
321625990.8840111494 1290.7797456844
372835252.7264283895 3343.1798366590
395354806.4256853461 4072.3208627701
347761819.3750609159 2323.7872720434
343097711.9500975013 2184.8484444012
395180116.1210176945 4071.9552984238
395104998.3698826432 4067.7300205231
349718858.5278435946 2375.6968741115
329693028.7870751619 1607.0805593526
394968361.2668666840 4066.6791296005
390926732.1545969248 3880.9921100885
380358929.5169755220 3541.3785429001
349175183.3878550529 2345.3481505510
394454722.9760601521 4047.7311925888
391585715.9467780590 3903.0883196581
394816482.7573558092 4061.1051826477
339493585.9511118531 1999.9714043460
340275498.9970223308 2062.4788011456
321401533.0875654221 1193.7514854229
321371557.1891697049 1135.4705128438
321614055.3894017339 1290.2127339432
321401125.8621818423 1177.3202965450
350780014.5961290002 2432.0895205871
321542181.1896942854 1274.7217785617
321476962.9777814150 1253.1234120915
340750515.0846095681 2109.2432881311
340378256.4133166075 2085.9082032159
386180631.3187509179 3716.7134576618
393167884.8044503927 3989.2060500170
372524109.5096926093 3326.0783215472
327631348.1328950524 1509.7725404050
382986555.7762750387 3596.2358594909
321429093.9627330899 1214.2073038788
336082600.1576231718 1831.3915340301
321418363.5810067654 1197.7269297739
321411044.0519767404 1195.9170193573
321368698.0090502501 1133.9282745548
334060564.8161166310 1770.5639419691
377426951.0327978134 3465.5451046154
346359999.4931635857 2262.1226443196
383526205.8741269708 3619.5980852842
344089326.0793125629 2206.6426342071
343489787.4018887877 2186.1021196679
368144059.4295148849 3153.9076488790
321436413.4917631149 1216.0172142954
387802389.2447851300 3747.1581178486
321445269.5705236197 1216.9965800019
346699458.3485593200 2267.1032654397
389830721.1803368330 3838.9932049066
321430907.2860231400 1214.4317181433
370940341.0389004946 3270.1307355043
370950598.7704159617 3272.9048281786
321408852.6165955067 1195.5613958395
321467953.2877847552 1235.3519423998
330902276.6302283406 1661.9379168139
381985759.1029938459 3586.8200894603
331888220.0649877191 1689.9415513263
331630737.9020056725 1676.1808911548
372313812.6623944044 3297.2385086102
321403346.4108555317 1193.9758996874
392405909.7342571020 3952.9104656056
385342749.3922659159 3662.7501239181
321390802.7058391571 1177.2711113180
372786497.1227176189 3335.7730021188
385100946.3476445675 3650.8467040240
385150737.5574325919 3655.7689747989
321383483.1768091321 1175.4612009014
372148910.3974834085 3292.6209634849
325755890.6942400336 1474.1405404658
321378258.8787662387 1158.7564125320
392510877.6238384843 3956.4867445198
329738007.5676131845 1631.5793216675
387685388.7168459892 3742.7202344119
389558390.8061144352 3822.2848007232
321421375.5011848807 1211.8430688643
346399243.8760657310 2263.3779562110
348221038.9494857788 2329.6213442231
389740545.5893169641 3827.5091480751
329304473.2419814467 1591.7734521329
388395336.0477607250 3769.9787813734
327345102.7937452197 1505.7724565026
391724431.2694695592 3922.4129954044
332705325.8242811561 1697.3577649793
323690419.4007966518 1373.2757461921
323424271.9060487747 1359.3986300931
327138773.0027346015 1503.5709847414
380183646.4546112418 3494.2005722194
332923889.3108665347 1704.2972855610
382616818.5993986726 3591.0462697516
338683394.8081509471 1993.6210699320
338257840.7043516636 1972.6239403725
392271053.5024105310 3943.8342594355
328297867.5639256835 1554.9846180937
329343364.2026543617 1604.9366036906
370531508.2355318666 3262.0517871407
349807813.4187875390 2377.8383580879
379469111.3856753707 3483.6484511355
380220068.0201323032 3507.7170517445
380201949.6645450592 3504.7774373889
323239102.9400466681 1356.7010583398
323844899.9508624077 1379.7619140875
350192096.7091856599 2391.7053733330
346039343.2261375785 2260.2377839258
339500841.1845018864 2015.4427138587
388322107.5464926362 3768.7431101725
321597006.2871931195 1277.3914097698
393750546.0455260873 4005.4245283604
334051560.5316903591 1768.7199790489
337746014.6579588652 1959.7490781855
324889630.0018998384 1452.7027499359
324347896.7628558874 1429.3676650208
393943515.9898458123 4008.4117834568
326983058.5376804471 1498.7017797985
345301522.0031682253 2210.3154243522
326412543.0401848555 1491.2099794456
380468656.8118633628 3547.1706362972
326598182.8686271310 1498.3099414933
326086336.0763596892 1486.0646933039
333288853.4944089055 1726.4752023671
336263913.5048115253 1852.5499437364
335850693.8108530045 1828.4943559758
345589132.6056579351 2225.6130929850
345950461.4583989382 2240.3331787251
346006979.7950863838 2245.2594896052
350118332.3969017863 2381.8462969258
350577765.7881963253 2401.1979142118
350376106.4790964127 2399.3804965212
350661608.4471395612 2414.3650182697
351296648.9768124819 2448.9811661113
351247549.8509531617 2443.8688769210
351264679.5838630199 2446.1881354768
351298873.8076409698 2464.6954093017
351855383.6016046405 2484.5429686382
351182808.5162513256 2436.6313343961
351716384.9457033873 2466.8143095244
351840656.8689246178 2468.7016792521
352377551.9858865142 2497.1611768790
352925602.2947617769 2504.2500659376
353114471.1914995909 2505.7642127573
351888930.6698125005 2490.6692008600
352609954.6568607688 2501.8290226087
352854003.1495159864 2502.6032268703
353168032.7584292293 2520.2175008357
353843595.8240901828 2539.7248323560
354000096.8224176764 2545.2922309637
354011231.3986117840 2547.5904698148
354093941.5626293421 2585.3033565283
353357750.8286349177 2538.7708973736
354274942.1453766227 2602.0936614275
354023998.4945015907 2577.2324681059
353993777.3445639610 2544.5996096134
354094483.5374262333 2596.1346365213
354743059.0282905102 2642.8787428141
354472262.2901735306 2614.2083755732
354989025.7095509768 2654.2934821844
355295235.9570530057 2670.1784130335
354762517.4990947843 2649.5076428652
354817948.7828747034 2650.4024969339
354626688.5767114758 2629.8032418489
354958827.1039828062 2651.3707598448
355764633.2777543068 2738.1824441552
356490260.7559309602 2747.8429309726
355340355.4221903086 2672.5060889125
355502378.4529738426 2703.5477978587
355418962.1987915635 2701.1114967465
355711694.8912689686 2723.8611133993
355642830.1964653730 2723.6123298407
356407200.7876234055 2744.2515614927
355206413.8700911403 2663.0854692757
356373294.6866791248 2741.8779686391
357163298.3932427764 2747.8712328970
357712723.6181216240 2813.0717285872
357760729.1595109105 2815.8741600364
357252807.2842125297 2749.7123816013
357859481.2332417369 2823.9296807945
357602620.6077528596 2795.6668984592
357745799.4779821634 2815.8434254825
358069014.5375885367 2834.5829444081
357978058.6428666115 2829.4518785626
358112880.5631292462 2838.1639938504
358326845.2851462364 2847.5633806139
357964323.1184921861 2828.1177286059
357495064.1891943216 2770.1501221433
357364498.4739995599 2753.4457376042
357450073.5235608220 2766.7358857617
357449201.0261437297 2753.4541329369
358504304.0155325532 2853.6935355961
358530240.6709939837 2857.3624868357
358986434.0960020423 2859.8659412331
358490902.1728377342 2849.6447599977
359016844.9923774600 2873.8578168341
359102609.2540889382 2877.2497023755
359145209.3300999999 2879.1993796939
359703678.3600821495 2921.1435591411
359261491.2627954483 2891.9527261370
359562358.7335468531 2902.7518055552
359803021.5924616456 2921.9000356311
359627494.7686299086 2916.8356058711
359833621.5581086874 2928.1513588542
360478015.9536458254 2934.0892559254
360330189.1221462488 2928.2411177272
360861692.4853554368 2946.0203072393
361676917.9089068770 2977.2016524523
361567101.3596132398 2975.8253366464
361463975.8552819490 2958.7163393015
361337945.9997035861 2953.6435362810
