247018366.4090927839 113072.2509155273
218766399.3159053624 44882.3812782855
218834878.3541369736 45664.0378740707
219878584.1081033945 58964.8614232121
221647742.0938221216 67206.6804675572
221450240.9098002315 67205.1855105869
224834646.0777164102 81116.9376982227
232964353.9653984308 102804.1576552391
237035728.0329375565 110458.0765991211
238307568.9796618819 111624.7897033691
220245190.9470967352 61477.0341273276
244414236.5710772276 113054.5333862305
218797136.4866670668 44905.5034197250
218861605.3121369481 46173.3850492132
220052583.1452152133 60511.7867670981
220333163.5687383115 62167.9898873596
220500855.1244598031 62957.2834984791
221400906.5471243262 66433.6033648960
221415855.6623710096 66535.5299968235
227242007.7066816390 88840.6193837257
232862864.3848975897 102174.9306330681
236610613.9768933058 109528.1739501953
236878554.7610429823 110204.9432067871
237486953.3661952913 111056.7088317871
237415014.9941210151 110935.0049133301
237264875.4493652582 110878.2489318848
220557406.2342549562 63190.7753511644
237280280.5393175781 110883.1438293457
237224783.0462455153 110823.3796081543
218677102.8821507692 43942.9633434692
218908648.6699984670 46212.6079789279
219964518.6519286633 59582.9972569523
220028285.5813820064 60289.8912198124
220452880.3265609443 62825.2468959121
220489527.1739338338 62842.2086716918
220288713.0153024495 61954.7932015685
224615714.4697331190 80386.9153593555
224584146.7337481976 80231.8055304065
225130900.5246496201 82045.4334408715
224586720.1759940386 80247.0824240223
227496393.1702601016 89559.7616824787
236997617.6783563197 110311.7904968262
221168648.8746724129 65514.1053437702
221684330.9886180758 67238.8495005183
221204851.2831141055 66306.7173175327
221317715.3166105747 66404.1246814243
218730370.0829116702 44663.4482688652
218802506.4874469638 45334.6640694933
219908214.4109670222 59417.2667882023
221038552.0450891852 65441.5255641453
225032827.2480248511 81913.3599036708
227666337.1719882786 89726.7670846861
226881661.3895410597 87951.2587112369
226980959.9575531185 87957.9654220523
233121136.1158431172 103082.7330927849
218741488.3039928675 44689.3969180332
218945801.8602252603 46494.6666733967
218749014.9896748960 44773.5921427952
220999405.4095221460 64677.4345913967
218720462.3463081419 44010.6606313931
220215874.0204889178 61266.2590667037
220853122.5896804631 64613.8164464077
220824872.5081910491 64369.0183992088
227031712.9948126674 88074.8715042056
227044519.0748677254 88091.7140640201
232914488.0043489337 102528.0045466423
237170739.7351948321 110483.4519042969
238078533.3864519596 111327.4565734863
220148534.3800606132 61006.0208277134
220016481.0835462809 60014.3263514363
227503081.9276173115 89602.8461750554
220017759.5392515361 60125.2960638432
220242723.2089512944 61285.8984465031
220037688.3098436594 60323.2993292240
224994782.9397386312 81600.2265318409
227061169.4329338372 88169.8377670230
227095528.7371108234 88752.8323196353
238118181.4371748865 111390.4267272949
246245101.6150123179 113068.0794067383
224602351.3235009611 80309.6374205127
224854775.3256653249 81325.7579649463
220732965.5155314207 63702.2991496352
220758631.6237673461 63999.9042445449
224757288.0815583766 81096.9972837940
232747133.2846465111 102019.0541987419
232888316.5195001960 102465.9653620720
220319126.4268210232 62009.8402430443
220629689.1486766934 63636.4645549087
224333298.1210046113 79249.6615815163
227892569.4384188354 90230.1036796424
233003704.1861748397 102879.2908930779
236762071.0581482649 109877.8167037964
237916264.1990097761 111295.7500305176
220742340.3008571565 63874.8923728764
220300318.2145497203 61986.8672896652
227479298.7413926721 89374.9748133657
237373216.6160847843 110907.7489318848
236876353.7009686232 109977.0169906616
237194692.6983573139 110501.2181854248
237201719.2389146984 110703.1199035645
244031100.0093660653 113011.8751831055
224708651.8787394762 80649.4109984934
224531391.1287049055 80109.9150268137
227590884.6746122837 89671.0812162725
233624676.5564969182 103779.9873731136
238139064.5133032799 111408.4282531738
224501488.3775795400 79847.4119750559
227345193.6264328063 88993.9367083547
227730379.5736048222 90165.0442314002
227354929.4558420777 89315.2580775259
227929703.5347493589 90610.3751854090
227897188.8374329209 90499.3375567434
228126416.5352568626 90926.5337251549
224499613.4683811963 79724.7128478587
233342067.5104450881 103450.5767362118
233856389.6683469415 104059.2928884029
236275586.6486463249 108200.5449829102
236479985.5699763596 108745.6930541992
243579627.3938370049 112857.6845092773
220173881.5091436505 61122.4247729210
227881001.5580339432 90220.6837939260
227667048.6673702002 90014.5595873831
238111619.9627963603 111334.3168640137
244272239.4181215465 113043.2286987305
220183794.0297071040 61182.6808001427
219002142.2683214545 46559.0267536258
219167376.9231843054 47449.4073390579
219829636.3323783278 54704.4461544898
219636721.3793410063 53796.1946572378
219871852.1510598958 54727.9199191993
219624577.6097256839 53724.4583543684
227870276.9508222342 90168.0309773249
236571070.9913600385 108860.6717529297
236525092.9539914727 108837.5574188232
238203273.3175896704 111495.1863098145
243738249.2318006754 112884.7784271240
236743924.7948118448 109559.3483886719
236632488.1266896725 109533.0529174805
237897951.2152228951 111257.7673645020
219777277.7140200436 54011.5694055079
219484486.3908081055 52068.0011503772
237745532.6285181344 111106.7333679199
243743768.9246271551 112912.3748779297
224707929.8129388094 80402.8226806223
224751981.1504474878 80679.0710631907
224437543.6598077118 79456.7701598704
233823770.4641419351 104011.7632710934
219776504.5137306452 53918.7119822759
224488988.2791757882 79611.3383361399
224419177.7249105573 79333.5881895423
237774662.3776648343 111137.7946472168
219096017.6176989079 46815.5230724430
219704947.8703751862 53806.5518441644
219623065.8710510433 53020.5112500634
219565480.7806968093 52941.3600907769
224190883.4865397513 78159.2669462562
243623339.1237478256 112861.6967163086
243867416.7138388157 112922.0778808594
224218884.2829726040 78304.8354734778
224179170.5151309669 78084.4695295691
219877315.0907693207 54742.1707275571
219722702.2961936593 53909.0164228143
224257762.6279717684 78406.3391813636
224263719.8815029562 78580.0175108314
237650993.5882791579 111078.2215881348
224137112.4777404070 77663.3728880286
243914513.9687737226 112967.1079101562
219810614.3341657817 54139.6433610084
233305407.1701481342 103324.1515347958
224172579.6629400551 77751.6754164100
219708976.1589089334 53831.6668415727
233402754.8376916349 103510.2304189205
244004569.6527739465 112975.3836059570
233226672.0992609859 103168.3259985447
233264976.4648784995 103223.0693509579
233574878.3896068335 103592.5236011744
233443287.6005106270 103579.6700589657
233337053.3958963454 103438.8600003719
234121325.4316337407 104832.2319600582
234450774.7861326039 104984.6575198174
234550831.2132533193 105167.1934397221
233722681.3427200913 103951.5271914005
233877950.3740823269 104423.6939046383
234416119.4628176093 104891.7822299004
234117053.5529821813 104687.6654508114
233932871.8577718437 104568.7298238277
233627098.8663871586 103911.6108434200
223869726.3085110486 75482.9397100806
224052615.1818059087 75974.3535858365
223402332.4547414184 73254.3095163703
223769821.2821595371 75107.1965728970
223550157.3188006282 74182.1256536841
233610163.0441787839 103634.5114367008
223292337.2188508809 72777.5442891046
223597467.7735255063 74269.6345028803
223409564.7693884671 73416.2768123746
223620660.6540824175 74441.6848121854
223760731.6470918655 75015.9453966022
223638414.0353589356 74448.6906904578
223509949.2705747187 74078.6008924842
223689283.9859619439 74943.7926458716
223616846.9676025808 74334.6943707392
223429678.5775906742 73642.7360424921
223948729.3878217936 75855.5522384048
228542576.8340314329 91014.0779605061
223898875.5125478208 75538.2429011464
223543861.2568868101 74162.9918035865
222734831.6197546721 69406.5226182342
228723412.2002638578 91259.0524652228
223283701.3588552773 72057.9305009246
222980223.0663180947 70758.3197769523
223159917.5714453161 71473.8270869255
223255969.7700475156 72031.6884126067
223225661.3406535089 71953.7056245208
222775268.9303814471 69740.8928746581
222976996.4775438011 70602.4614495635
223136770.4674049318 71352.4827490933
222868673.1027117074 70155.0726327300
222878226.7683481276 70349.0573663116
223125604.2123805881 71310.2846326232
223061367.9967507124 71136.4172295928
222666067.5504608154 68268.6150152087
222556317.9370837212 67293.6178343771
222632933.9207573235 67429.3490965841
222516614.0907462537 67250.4726927755
222635664.6866350770 67473.0340331076
232733528.3819812834 100249.3358213902
226549200.5893442929 83225.4722631648
226725235.3691163063 83473.8057373241
226809741.5798325837 84071.6825378612
226728720.7736780047 83932.0183532909
226430782.6467937529 82745.1643408015
226495285.2850119770 83147.6979625896
243457705.6070530117 111879.5601196289
226205709.7256728411 82191.4301481545
226607008.2698310912 83289.4924886897
232737800.7744257450 100293.1164095402
226361546.1326293647 82488.8008459285
226286940.5500427485 82487.8971441463
226673357.3384430408 83428.2085865214
232713917.4471322894 100164.7871248722
226390409.8023687899 82626.6132419780
232624212.0514066815 99277.1955416203
232689525.3043440282 99951.1525156498
236263217.7401285172 106167.8140678406
236112107.1098330021 106045.0245323181
235683540.4112025499 105228.8369865417
235929534.6014884412 105495.6953773499
236037222.2086319625 105870.0523490906
235948578.8927579224 105625.7753467560
235897906.6650565565 105246.1955890656
235982913.5870925486 105672.4209156036
236026476.0894244909 105766.8339252472
232524996.4533047676 93665.8746204227
232376376.2220230699 93520.6364612430
232461347.9475763738 93610.2980842441
232414991.2542657852 93557.5897636265
232532037.3401627541 94340.2089271396
