88146419.8486064672 11784.9984465539
89898019.8781640232 17414.1303357836
90148439.2619138062 18101.3612294314
91953575.9675894380 21406.2924758792
92391743.6717964113 22129.0024734661
93600141.0248360634 24032.1511700898
91409454.7598050535 20506.5671562143
95393425.6349676102 26440.5067214966
95934112.1895187497 26804.0939788818
88667419.7392022312 13662.5397726018
94443162.0040895045 25253.7327394485
96228895.5773829073 26851.9931793213
88410430.8327755630 12862.5410220921
88280813.5659352541 12491.0880191624
88723098.1705369651 13823.1519053280
93501504.5857185721 23984.0488724709
95631634.7222226411 26619.4975891113
95510150.6726132780 26531.2693328857
95525681.5036113709 26542.1859588623
95545930.8364036530 26550.3535919189
96451507.4304047525 26861.1556243896
93838407.9362825304 24531.7993481904
88557949.7138693482 13600.0779764950
89707472.0082192421 16995.3451456726
93691494.1591222286 24352.9643071443
95783570.1721775383 26784.1583251953
88432722.3768146336 12899.9995196164
94551339.0181395113 25380.6176576614
97056760.9489562511 26881.6792449951
88602982.2403158545 13601.1858751178
89901953.0212784261 17414.5095232599
95027704.8841113001 26043.0617599487
88433795.7707093358 12982.0851099789
92188216.5943790972 21832.7241064901
94345719.0642947108 25232.5919923782
95481310.2672189921 26491.1160964966
97621964.7765768766 26907.6728668213
95087194.4245973080 26089.7990341187
97643730.8723277450 26922.5551147461
91246429.8620297313 20325.4581957036
91477131.3231417537 20685.3352836557
94859794.4355380088 25813.6856002808
92345734.0607562959 22098.5586158633
95293988.9471850991 26299.7710113525
95563454.2068972588 26578.2577514648
92309386.5154506117 21988.3737357855
92296121.6704920828 21867.6993257273
92312623.6058932543 22088.6208106875
95240174.5587823540 26287.3446273804
95439436.3191821575 26465.2046432495
94914642.0071500093 25906.6370773315
94174050.5093804598 25011.9888024330
88262600.0770941079 12239.1136920750
94033002.0321632922 24765.4084692001
95224571.8622956723 26229.9978713989
95390370.9882800728 26368.5386495590
97279613.7258875966 26905.1507110596
88549546.7147840410 13282.5514757931
94519259.0569465011 25378.1390552521
95689092.2274022102 26666.7661743164
88378588.9526754469 12857.1719706357
91234605.8899963796 20313.8822807260
93832541.1485739946 24490.0362904072
88465058.4052406698 13228.6249735653
93909387.4105046093 24634.1955731660
94020056.5146773458 24688.5011048317
95702764.2623419464 26733.5489501953
96181380.1630842984 26832.6207275391
88809768.1038350165 14047.6387082338
96587607.9956334680 26867.2788696289
89539591.7621044070 16550.0725363493
88911629.3624149263 14362.9942173958
93909481.8853533715 24636.5697751045
88217486.5308382809 12156.4514494836
89583630.6346731037 16556.4909247160
90840544.9174391925 19539.7099784799
89599938.2900692821 16642.2646063566
89916096.8408793211 17464.5752442777
94117688.8627733290 24767.0358834267
95451359.9206199199 26466.2464370728
92387243.7678842545 22102.9891227484
92063242.3876587451 21727.1056129336
94257216.5034418255 25076.4728124142
94209217.1685371846 25046.2968163490
95639332.9500642866 26628.8671264648
91867648.9912964702 21399.6806561551
96369753.2255344242 26856.1040954590
91790314.5430429578 21088.5495075160
94198446.9368015677 25029.2498955727
93921516.9766683728 24687.0905469209
94510956.8767221421 25376.7807378769
94134588.1742499918 24959.6987284422
91001340.1533413827 19714.2061505914
91848226.6930201650 21207.8676178306
94148822.9446736723 25009.3142418861
95741300.3941744268 26735.3488769531
88861167.2730085850 14361.7235051394
95481418.9455935955 26518.3235244751
95892553.7973124981 26790.8532257080
94780529.8698238730 25760.3440589905
89970224.4844784886 17707.5453514755
94877477.3346347511 25841.1568222046
94462961.8302031010 25365.9953432083
90219989.2362038344 18106.9466307280
91642568.5759319663 20980.5917679071
94748512.2784252316 25726.1400594711
94573940.6010675728 25406.8001003265
95683737.0405445099 26646.7860412598
88237467.5717119426 12193.0750880768
88781062.1731078327 14005.0074477503
95908559.2253913879 26791.6930084229
96262461.8839087635 26852.3184661865
94453061.2922659665 25272.7328052521
90319583.6281410754 18477.1925988314
91122999.4122801870 19993.0691436715
88206240.8614127487 12118.2948246528
88182142.0265321732 11795.1323777139
94826412.3536713272 25761.7573394775
95910329.6252537072 26795.0749511719
94638556.8954421729 25591.8571033478
88797957.0357342809 14009.8361687660
89890096.0548072755 17386.0901501550
88296033.9064558446 12522.6910951138
88374790.8595048785 12855.8317790558
89673309.9693951607 16921.7537487745
90213421.1784003526 18106.4340196331
90689622.6280089021 19199.5232719369
92047876.7471334040 21409.3626445704
90006128.3410668373 17714.4639458773
88868340.2512959391 14362.3410754800
88854904.5508286059 14357.3784860671
94692945.1314499974 25605.5882129669
95737385.8443236947 26734.9566345215
91695407.0615800321 21085.3620373807
89660597.4107237607 16921.5255392790
91801016.2075228691 21094.7944494537
91645199.2787244320 21028.2276532254
91209710.8520908058 20135.1141532846
94945465.6631790400 25964.2274246216
92144785.6435500085 21771.1336590848
88339303.7048013806 12551.1460414459
90733228.3784022927 19232.7667869516
95134912.3279650211 26101.2068862915
95688605.0366058648 26648.4021911621
92051670.7675482035 21464.1470028958
94577217.1445499361 25445.1843433380
95107442.2475592047 26094.4702987671
91841594.7584245503 21108.3769681058
96063386.5581800938 26810.7888793945
90146726.5561618954 18092.8345438740
90183150.0323594809 18105.7395959017
96083500.2167287022 26820.1183929443
88885965.0799843222 14362.5630003214
89808238.1815858781 17336.0923485458
89946201.1148946732 17510.5511650741
91543814.6939866841 20762.3928525052
95105600.6469964981 26090.9092483521
91217677.7983991504 20170.1669969731
91126605.6657423973 20048.4400767521
91866143.4720255733 21350.6449297667
95183555.1269051880 26177.7248611450
89753836.8167430013 17058.2018227279
91034861.9822821021 19942.4292777963
91850136.7552040815 21263.9245221219
91479735.4080307186 20689.7037160001
95291201.2727198005 26295.2822036743
88351992.4631487131 12674.9608583450
91910826.0880040526 21399.6838923786
94992421.2199390978 26042.3932113647
90768624.3630639613 19263.9896186776
95045374.7214890122 26083.5536727905
91584180.6233978570 20775.3452476449
88337352.4723989069 12528.5465166867
91753613.9582985342 21085.6047693394
91921884.7769721448 21402.1054724078
97270944.5527315438 26904.6717224121
94635570.3400115669 25580.9404773712
91348446.4224043489 20439.2523979135
91664217.7446459532 21030.6511521353
90906094.4874226749 19594.2869533487
94925707.3422707170 25941.2059707642
91494096.5903756022 20689.7103027292
91234323.4956887364 20283.7069114633
90941632.4934307039 19641.8139442392
90256412.3436351269 18140.4925638554
97455150.3032701612 26906.8910369873
95043930.9882277399 26076.9621047974
90276536.2715853453 18153.0285780547
91066469.0121501386 19957.8735584207
88725946.8383562416 13990.2705022097
89984607.6172072738 17714.0063705146
91434813.1561991572 20573.3804122461
95979319.7193180025 26805.1092071533
91539634.6265629828 20692.4253723621
91369931.5360409915 20449.8192008920
91330437.5448102057 20428.0736259408
90109789.8590743095 17772.0116982162
91438064.0091246068 20574.9221298625
96889688.1749511361 26867.8914947510
91458563.8623794913 20673.6051117182
90141237.6627146155 18088.5622313139
91438211.1974835694 20656.7812370248
95156736.6310765743 26101.9260330200
88691573.2977843881 13726.1305079162
88279420.9550891519 12484.3787761261
97112091.1911967993 26886.0866699219
96993993.1592774689 26880.4566497803
89784501.9460304677 17117.6641004412
90663047.5717223287 19187.6861602117
90987016.8790101111 19657.2090553232
91050702.5014782250 19954.0051927739
96970171.7134395540 26877.9708099365
89688214.0158246905 16964.9961625934
90011607.3609156311 17717.1092283842
97457163.8031997383 26906.8918151855
95302030.2561867535 26329.8510971069
94839997.7044474334 25768.5912666321
88273360.2489933819 12305.4254408777
90461067.7299798727 18748.8451514244
90319234.5713073611 18452.0418036827
90405279.5884758532 18581.9519982455
90921145.1416838467 19615.5258728266
95590057.5751596838 26595.6858978271
95378970.9827737510 26366.9782867432
90835026.4312653542 19526.9482287155
95853960.4294448048 26786.5740661621
90610954.3579604030 18996.9104485628
90602810.1318488419 18873.0914979098
88512930.8751325011 13238.5011350513
90865158.9832504541 19577.3475974984
90044023.1892519444 17717.8247144549
90843507.9501413703 19570.9762748666
89978328.0604305863 17707.9021684527
90698675.0792421699 19200.2217915854
97126454.8043449074 26886.3569946289
89831146.8161238432 17343.0128088794
90670863.5475781560 19193.9046349642
90669333.8888519108 19193.2061153157
90478729.7435780168 18822.4516320345
90958484.8493572772 19655.6415158498
90519003.8553787768 18833.7896791906
88649123.1838936508 13622.5149954678
97628053.2927637398 26908.3850250244
88204200.7612024546 11832.1045051217
88396587.6747692525 12857.9118471146
89919661.6372964233 17479.1945573688
90594730.0689433217 18852.3794640899
89878047.6307994723 17369.3358635604
97388571.8291360587 26905.1516723633
88721324.6553693265 13804.2918705940
90364542.7070803046 18499.4692596793
90654911.3977256119 19153.2244113564
97420906.1804045737 26905.6118164062
90240603.2336153686 18107.8295726776
88236225.7746408433 12181.0332300961
88697782.4940641373 13773.2922765017
89703435.2994434237 16976.9607462585
90288604.0897364020 18400.8718013763
90734680.1140032709 19260.5039414763
90778112.8109783232 19312.4196809647
90714789.0312924683 19204.6677868837
89826699.9600305855 17336.4491655231
97087923.0714756399 26881.6802062988
88209744.5727935731 12120.6843531430
90140984.7715610415 17999.3532038331
88406986.2815635949 12861.0953464508
88533471.1158066392 13247.3644963503
88412251.3131570220 12863.8060308993
88677141.6541053206 13685.5847645998
97178755.0780743808 26887.0666656494
90058208.0700053573 17726.0357774198
90089426.2196733654 17746.4412239492
88780640.6185192913 13991.5412144661
89964191.9270947129 17661.9262476563
89969690.8039117754 17666.3065427244
88620963.7766069621 13618.8174992800
88423142.1766758561 12887.9491324523
88527997.9640551060 13240.1789818749
88657639.1432781219 13624.1865507364
89522869.5942513049 16192.0499534607
89497693.6027008295 15954.8402858577
89405065.2317157090 15822.1026825509
89477546.9877406061 15855.5674810157
89491252.8679054081 15868.3185138524
89302730.4924551547 15127.3796362205
89409882.9985431880 15825.2528060422
89477193.9542698860 15854.5611100256
89394870.1148620695 15509.0529022164
89433632.8934905827 15843.0231614984
89388351.0884936005 15493.6683646739
89211737.1719200760 15125.5008559427
89321455.8415757865 15471.2253872156
89312051.2838583887 15459.6270957193
89178813.2255346179 14846.0693491898
88985753.4947659075 14382.4512708387
88988409.9828773290 14383.0094588599
89109896.6393490285 14715.4414023263
89078602.5064789504 14715.1169503732
89037803.0240613073 14395.7611880302
89148929.0574467480 14746.0472701206
