245307636.6239437163 8286151.9804687500
245687568.2314566672 8303224.9882812500
245235690.4225042462 8280766.6953125000
243706442.4674999714 8137697.7500000000
244057065.3554264009 8201876.7734375000
248082441.0920950770 8380171.0585937500
248513395.4395125508 8390348.2773437500
251975759.9314015508 8440197.7968750000
244303186.9906165004 8218527.8476562500
246065832.0758131742 8322015.8007812500
246360856.7583623230 8328413.1601562500
246473531.9334676862 8334712.1054687500
248108852.1057623923 8381679.5507812500
247868188.8672567010 8375705.2304687500
249059444.6975238621 8407806.4257812500
249041416.3755316436 8407804.2304687500
250064093.2400711477 8423500.1210937500
250740625.4010341465 8430079.3164062500
251100146.4087035954 8431406.9921875000
243644162.2751445472 8137615.8750000000
249735134.6783309877 8420668.9023437500
247106184.3240327835 8355424.5859375000
247857165.2419470251 8375026.5976562500
247960149.9169569612 8378905.3789062500
252684920.9353297055 8445225.9179687500
246788473.0387128592 8344269.2421875000
243789626.9044692814 8182657.0976562500
243884724.8860357404 8195520.5781250000
246520410.8785708249 8335440.3906250000
245133874.6128835380 8277266.5742187500
245290503.5520407557 8283742.3476562500
247670547.7279269695 8372217.5468750000
244495927.7474886775 8232521.6328125000
247336772.5260353982 8361656.0429687500
250173432.2908458412 8424642.6914062500
244984842.6273194551 8268816.7578125000
244985594.9932921827 8271478.0117187500
244730059.4665543437 8243537.7109375000
244792514.4847472012 8252957.3007812500
248978170.2686988413 8404819.1835937500
247588196.4973123968 8367574.3828125000
247336517.7651967108 8360730.7382812500
248609909.2488895357 8393417.1367187500
245614949.6562165320 8298100.7382812500
252871857.6899651885 8446695.5820312500
245913241.4349902868 8311173.3281250000
245193286.5030641854 8278016.9804687500
244631968.0980100930 8236786.0351562500
245079434.7751252949 8272871.4492187500
244429140.1638050079 8230823.0156250000
244149985.3888608217 8215230.7343750000
245951588.2361213863 8312411.7109375000
244989752.7903511822 8272146.6250000000
249571923.5834433138 8416148.0546875000
245133736.2449698448 8276403.3906250000
244098245.0666173995 8202495.2382812500
246832380.3468503952 8348252.7656250000
245516469.9059665203 8292367.8125000000
243939917.0897666812 8201217.9375000000
251485642.0139178634 8436902.8437500000
243795042.9012616277 8194988.6640625000
243729070.6264590919 8144558.2695312500
246170376.6982537508 8323639.9453125000
248830420.2483870685 8397609.6445312500
245980992.2112888396 8314165.0546875000
244767774.5089142621 8245779.7031250000
250609434.5967521071 8428696.0976562500
245311794.4210025966 8287028.5781250000
245804516.6099729240 8303914.2109375000
246037869.6107867956 8319122.4179687500
248977537.8663235605 8402222.8476562500
247487639.9501224458 8365726.4882812500
244379313.5616951585 8230605.9843750000
245103829.7597011030 8274529.1367187500
244111760.1380092800 8209397.5234375000
249085208.7968522012 8408771.5703125000
246378527.9231564999 8329370.3242187500
253743913.4279382229 8450290.4257812500
246674444.5630730689 8341259.3945312500
245989963.5725814104 8314931.3242187500
245479092.9635633230 8288295.4804687500
244616640.9179317355 8235442.6250000000
244619178.9126310349 8236040.4179687500
250098582.7544060349 8423876.7734375000
250548999.4119714200 8427683.3242187500
244923569.6149204075 8265307.0117187500
251776324.4126692414 8439302.7265625000
256509480.5108104646 8458893.0234375000
244757957.0892024636 8245626.0664062500
243922164.5992559493 8197986.7343750000
245561198.8197307289 8295697.3750000000
246361469.5317915976 8329364.5468750000
248181836.2234153152 8384190.3046875000
246130295.4914416969 8322424.0351562500
246755131.5391888618 8344051.6757812500
249417635.0453428030 8413159.0976562500
245492224.8939213157 8289061.0234375000
244819789.3850823939 8256921.4492187500
244847471.3622520268 8262832.7578125000
245967401.2619291246 8312666.2070312500
245811256.3172610104 8304909.1796875000
247211620.5492012501 8356587.7187500000
246358753.7474119067 8328003.4414062500
246030229.9024658203 8316877.6210937500
247731429.2547453940 8373227.9570312500
244307733.5248967409 8223086.8437500000
244100821.4320815504 8209119.2539062500
246904285.9806768298 8349028.4843750000
248919917.3632734716 8400781.0117187500
247633191.6411893964 8367586.9062500000
245158815.5964899957 8277548.1601562500
247069189.9513208568 8353900.1250000000
250347184.9733149409 8425020.8437500000
249824637.9655978978 8421766.0429687500
249349925.3694334924 8411193.5742187500
247188677.3778839409 8356547.4531250000
252766712.7976906598 8445528.8320312500
250988753.8258256912 8431384.0898437500
246166218.9011947513 8322829.6523437500
247654482.5101512372 8370831.4648437500
252022535.7579353750 8441643.1640625000
247023682.0653498173 8352853.0546875000
249251162.3052648306 8409021.9804687500
249472867.1737545133 8416145.4453125000
248396202.8917841017 8388899.2070312500
245500383.8325251341 8291581.7109375000
246301534.5681763887 8324533.1992187500
245870977.1154401898 8308471.8359375000
250449943.0022826195 8427682.5039062500
249401956.5958745480 8411308.0390625000
252839581.8622379005 8446014.2851562500
248351836.9427635670 8387080.5156250000
249008276.1365906298 8404948.4296875000
248886777.1243323684 8397924.2343750000
249969124.4720596969 8423012.2695312500
250430254.5833933651 8425993.9726562500
246670286.7660139203 8340449.1015625000
250650262.9551870525 8428976.5468750000
246435392.2741762996 8332124.4882812500
247432466.6825068891 8364050.4023437500
249657497.9727534354 8416742.8710937500
246430267.8747883141 8331211.8125000000
249658202.0180692673 8416843.7070312500
248972351.5136424899 8401866.1796875000
245224123.4916176796 8278617.4843750000
248702167.7823407352 8395094.5195312500
247279799.5126800239 8360200.8984375000
247215515.9923317432 8359396.0898437500
244671738.5935939550 8240578.9843750000
246332002.7945573628 8326724.7421875000
251747357.7372444868 8439128.3906250000
246558941.0488288403 8338065.6523437500
247499843.0300676227 8366648.7109375000
244537036.8610992432 8233754.3906250000
245476299.6096083522 8288274.5117187500
245098342.7344309390 8273324.9648437500
245281187.1018498838 8281827.1718750000
247027329.1202873588 8353816.0078125000
246935544.6648613214 8352639.5234375000
251726289.2265562415 8438214.1718750000
253974065.7954257727 8451419.4101562500
251977510.1047320366 8440264.6484375000
251120745.4189789295 8434917.5234375000
248079481.4034842551 8380036.0039062500
246914253.7958994806 8349483.3671875000
247781326.3138487339 8374108.6523437500
248523046.6954815984 8392188.5468750000
248102223.9631214142 8380778.9804687500
246243939.4626980424 8323649.0820312500
248497150.2237234116 8389488.7539062500
249340896.8820998669 8410447.6757812500
248798149.9086804390 8395361.3515625000
248298566.1338530779 8384204.1445312500
246325164.1604351401 8326386.6523437500
245527953.9589578807 8294277.4335937500
246544981.5028853714 8335561.3125000000
246808896.5664168596 8346335.3476562500
247635617.2081727982 8368814.1328125000
244711771.5273183286 8243056.8007812500
246293979.8696672916 8324132.5468750000
246545998.2552711964 8337211.2382812500
245687415.9780200422 8300599.4648437500
248300765.2985773981 8384523.7421875000
246356896.3864022195 8326895.5429687500
246667985.6934560537 8338832.2070312500
245408952.0189431906 8287753.6445312500
245828944.8358995020 8305711.1445312500
247939543.2365419567 8376049.6445312500
248701405.4489420950 8394172.4609375000
253830532.6140566468 8450559.0468750000
249403207.3701118827 8413009.6210937500
251911963.4752779305 8439741.5390625000
249271010.7214819491 8410148.0429687500
252590889.7827114761 8443430.3984375000
254653355.0095660090 8454205.9960937500
246727385.3193210661 8342975.7929687500
254782169.1087954044 8454774.4218750000
256174513.5207798183 8457945.9296875000
256210248.6424022019 8458794.0468750000
254705733.5765157938 8454454.0156250000
253054727.8544745445 8446742.3359375000
255870127.8305850327 8457800.5820312500
252670958.9718522727 8443680.8710937500
253068213.6198554039 8447397.7304687500
252579882.6304467320 8442760.1445312500
254124709.3277218640 8451503.2382812500
253419318.3789472878 8448600.6289062500
253379004.5480276346 8448491.2304687500
253480900.4384739697 8449596.3671875000
253568836.0096076131 8450145.8789062500
252474831.5210444629 8442723.2812500000
253286141.5066317916 8447719.9453125000
255468541.4286801219 8457056.8984375000
253450793.1756797433 8449363.6835937500
253935800.8409988284 8450918.1718750000
254157632.0341230035 8451873.0742187500
254850692.3724125922 8456088.0273437500
254124077.0425882339 8451444.6250000000
255452297.2488524914 8457032.7109375000
252426758.8235462010 8442143.3750000000
252416939.8037827611 8442041.3945312500
252435400.5525948107 8442405.8867187500
252442644.3197775483 8442566.6757812500
254640102.4964087009 8453614.7382812500
254263810.4276773334 8452364.0078125000
254540619.4356031418 8453442.5781250000
254412763.1371964812 8452904.2148437500
254763967.8166136444 8454745.3476562500
