730990646.3668888807 2077441.6185302734
730990646.3668888807 2077551.6048583984
716845224.6703140736 1904510.2086111400
725900669.4330368042 2035309.0111103058
719841767.2608596087 1956979.6324388981
728614545.6201965809 2060713.0421314240
714637223.9190291166 1842840.5907369852
722986290.3039331436 2000685.2969532013
732711651.9729229212 2092493.3594970703
716650658.7163673639 1899329.3502127025
725900669.4330368042 2035094.0247821808
717591227.1300820112 1918979.5720747709
716563220.9590060711 1898917.1302419994
728177552.6544114351 2056052.7200508118
713637738.5626807213 1806956.3797386885
732086655.4620602131 2086674.6626586914
718678370.2298212051 1936987.2435991764
720849683.3362268209 1969819.9934675694
720049651.3502664566 1960043.6158742905
722352941.9804812670 1993600.4969015121
721737413.4974607229 1982852.8581125736
721296963.1767009497 1973089.3687511683
716311955.8047138453 1893056.4172865245
717812360.5953133106 1922686.0431648493
728396486.1709198952 2056440.4875450134
728114950.3049101830 2054971.0355396271
717591227.1300818920 1918936.3250044584
715063533.2064967155 1858117.6945120189
715102415.0138876438 1862351.9951711986
722373824.1752159595 1994473.5325460434
737610720.1384243965 2112735.6669921875
719102631.2397615910 1946406.5976488590
723109400.5286325216 2003096.2837696075
732688262.8813263178 2089888.1869506836
715625586.4176646471 1872645.3687826395
720580451.1929597855 1966061.9361097813
717971792.7622662783 1929173.2432440519
718115000.5980137587 1929392.2788885832
722685265.3532345295 1996772.0685923100
720760883.0408636332 1969767.7037947178
722562155.1285353899 1994636.7228891850
717812360.5953134298 1922817.5441414118
734108719.6696810722 2092734.4961433411
730057329.8436464071 2069960.6589679718
731868256.0142873526 2083670.2047119141
714494353.5138865709 1842547.7348982096
737723973.7280504704 2113297.2749023438
723502966.8602782488 2007782.9001026154
736254608.2481970787 2107038.7860717773
726007163.4088481665 2036296.4154300690
720637772.8161640167 1967399.3336775303
732622470.7345908880 2089213.2315673828
714224258.5298814774 1830216.0808190107
714666856.8845038414 1843514.4930807352
720690231.6821297407 1968975.8730223179
722285902.1128338575 1991090.0698130131
717588726.5262799263 1916449.8999556303
720876240.6696892977 1970131.4232466221
717126493.1520658731 1909048.3200575206
730319096.8418620825 2073097.7046222687
735399032.6988030672 2099314.2833862305
731328461.2377040386 2081956.5750732422
722352941.9804813862 1993642.0296163559
729414411.5545464754 2066641.9808673859
735075751.1842286587 2098733.8634643555
735935461.3786160946 2104078.6589965820
718228015.4163259268 1932569.7193682194
731328461.2377040386 2081986.1483154297
736368451.3852766752 2107263.6045532227
725135635.2258430719 2028314.6335582733
730281680.5928556919 2071988.6523761749
715551641.8220465183 1871694.5812765360
722705600.4594628811 1997267.0746898651
723294092.4032937288 2006328.6607799530
716563220.9590061903 1898924.1307302807
732005216.9473546743 2085709.8726806641
726281408.9181435108 2038703.8185214996
726007163.4088481665 2036177.3216800690
723109400.5286324024 2002900.3794727325
736422215.9036875963 2107829.9060058594
730751838.4438127279 2075921.9044799805
717588726.5262798071 1916293.7773970366
721608198.7212095261 1980052.2351663113
723593907.6970379353 2009129.1136779785
718317017.0061162710 1933522.8549269438
725391749.8261162043 2030239.4536304474
716653892.1199531555 1902144.1546591520
729336709.7740734816 2066210.7987709045
725309986.7473644018 2030186.4052257538
719657776.9063444138 1954070.7679522038
721737413.4974609613 1983037.7858469486
737252236.6200621128 2111392.4387207031
730057329.8436466455 2069992.3850421906
719443177.4727237225 1951960.9259111881
715759294.5035418272 1874802.8478780985
729588763.0760676861 2068522.4380817413
732508863.1316671371 2087350.7176513672
717214270.5232610703 1910337.5296188593
717347829.1304813623 1912657.4471428394
736153851.9516552687 2105402.6126098633
738077885.2199428082 2113947.8632812500
722022304.1666312218 1986287.9916574955
730751838.4438126087 2075888.2999877930
719917259.9844149351 1958001.2041246891
719657776.9063444138 1954127.5174639225
724421389.4725914001 2020473.1381416321
713686518.9659583569 1812605.1593712568
722685265.3532345295 1996777.2800180912
729414411.5545461178 2066479.6869220734
719657776.9063442945 1954064.0428545475
722665002.2318214178 1995885.7194864750
724533001.6780512333 2021909.8742256165
731058553.7551324368 2078172.5228271484
717608915.4001657963 1919451.2182081938
723204296.8556838036 2004335.8132057190
730990646.3668885231 2077411.8934326172
722685265.3532345295 1996752.9040415287
716509486.4748686552 1894509.4165817499
719224027.6311689615 1947549.7628252506
720385881.2829240561 1962205.6920607090
717044905.9686031342 1906118.3672407866
714886162.3602025509 1856201.1581808329
717119561.4208261967 1907388.1661032438
721965978.9899263382 1985915.5219249725
723024157.3889200687 2002207.2878208160
717224718.9057819843 1910551.7786858082
716107570.9584740400 1889336.8301962614
727720326.4138766527 2051570.1481113434
715342513.7526344061 1867875.6876302958
724622561.7782044411 2023069.9461383820
722196121.2081352472 1989486.4602243900
721965978.9899266958 1985956.1669445038
721965978.9899269342 1986106.7191905975
727446638.7513637543 2048816.2721118927
722089089.2146260738 1988180.3373546600
735672453.6397372484 2101191.2755126953
717044905.9686031342 1906123.2710493803
715941366.5720251799 1881378.9280563593
717420047.8801519871 1913295.4859884977
719372886.2371737957 1950664.6192705631
715625586.4176645279 1872607.3082357645
720690231.6821296215 1968961.5214598179
725135635.2258430719 2028423.1477184296
726692296.6514030695 2041753.1220798492
722315404.5164557695 1993553.0029735565
717697888.0240833759 1920470.6881843805
726946765.4580878019 2043129.6023044586
721297564.5599105358 1974907.5944578648
725098978.7316138744 2027973.9663410187
715993312.9730988741 1884091.4237943888
735707533.0564709902 2101642.1964721680
721422842.3166140318 1978040.3403761387
716088393.5580911636 1885121.6729294062
730616075.4634528160 2075148.0629272461
714494353.5138865709 1842539.4756208658
715225988.2298824787 1863187.2530599833
714038520.0037260056 1817381.0017317533
723534582.8354223967 2008239.7237415314
721059173.0600444078 1972494.5094969273
720975122.3513003588 1972343.7419188023
720511418.4670472145 1965127.0993177891
737178744.3258943558 2110161.3930664062
726977187.3205734491 2045170.2292575836
720402840.4091566801 1963054.1899168491
724027985.4313840866 2015142.8348731995
724948711.7838888168 2025247.6779727936
721587219.6873099804 1978890.4928095341
728737655.8448958397 2062970.0841236115
719010033.2596446276 1944125.9650042057
728399840.9740806818 2058467.3853931427
736507723.4900634289 2108795.8463745117
718679927.9163173437 1937363.9685137272
721587219.6873099804 1979090.3082392216
718719913.9789727926 1940243.3403398991
714800998.4730267525 1847609.1044710875
723675738.8437360525 2010736.3098163605
731129918.4716764688 2078911.7377929688
721587219.6873099804 1978903.1768915653
722953468.7404794693 1998551.8445243835
722196121.2081357241 1989506.2800486088
721614303.2727615833 1980786.8288156986
736115336.1434099674 2105389.6218872070
728668318.1884438992 2060857.7585620880
728539113.0788680315 2059977.8781909943
717331524.2531157732 1912345.8359619379
735707533.0564711094 2101649.2638549805
716107570.9584741592 1889345.4771689177
715897072.7430125475 1879476.1794613600
723868183.7825222015 2011939.9505043030
715480192.0719292164 1868919.2330404520
715338195.1446917057 1866458.5816732645
714049729.1129109859 1819451.2595442533
719821617.9939750433 1955245.9054186344
724622561.7782044411 2022741.5520954132
718582552.5648111105 1935504.9211504459
726569186.4267034531 2039607.5727634430
726279508.3845210075 2037035.2107105255
734927526.5978313684 2096988.8815307617
727116459.4253611565 2046673.7860202789
714254663.9520044327 1831642.8509310484
727031694.2170469761 2045779.5422458649
721737413.4974606037 1982756.1745188236
727045094.7088174820 2045922.5319919586
714008931.0535821915 1814354.8939436674
728832181.4380971193 2063549.7559165955
714876673.6222298145 1855869.7577902079
718616842.5657032728 1936772.2458574772
715338195.1446914673 1866413.4337240458
714431677.4041486979 1839089.9969271421
718908527.9988250732 1943310.4118425846
726433870.7298228741 2039413.7176094055
714272941.7626261711 1836216.5350130796
724111393.9591213465 2016848.4081058502
725301509.8413033485 2029695.1215763092
725445590.8267531395 2031220.1656665802
727284849.1529378891 2047568.7717380524
726977187.3205733299 2045144.3928318024
717920619.1158390045 1926055.2018104792
725629581.1812685728 2034258.3299579620
715891929.0418334007 1876799.2584104538
714397209.3239234686 1838488.8802279234
719821617.9939755201 1955337.0186998844
716501989.7966991663 1894149.6637741327
723868183.7825219631 2011637.6087074280
718582552.5648113489 1935516.3645098209
731959830.5263926983 2084078.1285400391
714285032.7336746454 1838302.1653841734
734332109.8406642675 2093970.2272338867
737495986.8583050966 2111815.4350585938
725629581.1812682152 2034060.4515399933
728912007.3664174080 2065013.6028614044
723648854.5936000347 2009232.1018905640
722089089.2146261930 1988222.4633312225
722089089.2146255970 1988155.4022960663
725629581.1812682152 2034059.1624774933
728607020.4671120644 2060692.5559253693
718496760.2057666779 1934355.8618658781
726692296.6514028311 2041741.0503025055
725081775.7670630217 2027375.0669727325
715699777.9024276733 1873677.7546468973
714696711.0951135159 1845131.4725118876
717487817.0183756351 1915908.6896629333
719360395.4560784101 1948086.0745317936
728114950.3049099445 2054945.6820240021
722922184.9733790159 1997746.4651203156
729553683.6593338251 2068100.5430011749
730118627.5649784803 2070248.8840656281
721674328.1468465328 1982143.8805735111
714148859.6726551056 1821828.4464949369
728539113.0788683891 2060201.6462574005
726279508.3845208883 2036865.8733081818
732574840.5375188589 2088026.2193603516
725445590.8267532587 2031244.8941822052
726279508.3845210075 2036899.6916675568
727811713.4139238596 2051986.0520191193
715716043.0356116295 1873854.0811926126
718748900.6479060650 1940375.5657122135
718124073.6232278347 1931272.3055193424
736909364.8288125992 2109450.1621704102
735395502.0467312336 2099243.9572143555
727619498.1696691513 2050631.7568531036
731825500.1801973581 2082842.2993774414
724197219.8074668646 2017945.4916114807
725445590.8267531395 2031226.1173267365
724783243.7883950472 2023551.5747013092
731280701.0445208549 2079023.8696289062
727588243.0026131868 2049271.6457710266
735451972.3708374500 2099326.3756713867
719743294.1314843893 1955020.5531084538
730057329.8436466455 2069995.4128742218
718983480.4626499414 1943584.3301470280
719336693.6186773777 1948038.0990240574
719164747.0580916405 1946597.0863916874
730057329.8436465263 2069964.2800617218
725262583.1148859262 2029012.3539829254
723868183.7825222015 2011667.6550941467
718890641.1261904240 1941536.8277056217
723868183.7825222015 2011679.5681800842
722922184.9733790159 1997676.8054523468
722922184.9733786583 1997512.4612140656
723868183.7825222015 2011668.1331214905
722922184.9733786583 1997457.8176593781
723868183.7825222015 2011660.1257972717
735513390.4338506460 2100115.1173706055
725058390.1388212442 2025850.6976108551
731280701.0445209742 2079067.7475585938
717445411.4169032574 1913645.1922457218
728075328.8746877909 2054603.8797779083
737055202.8785035610 2110000.9960937500
728075328.8746875525 2054348.3670825958
728532498.0523600578 2059265.7815113068
728539113.0788682699 2060015.4196949005
734804416.3731318712 2095018.5411987305
715890027.4758210182 1875482.7771459818
737055202.8785036802 2110042.5717773438
735785789.5485388041 2102566.2090454102
