475991712.5024688244 51173.3070077226
475997674.4229669571 52048.0088471696
476063515.9017477036 52348.5105071068
476074538.1117551923 52352.5032439232
476199738.3210222125 55170.5984771186
476228206.8066475987 55947.5658892570
476317765.6312642097 57286.0830017338
476350471.3937450051 57793.0164883705
476472425.3614461422 59497.4107754799
476547620.8544374108 59961.3407258661
476798091.8117626905 62192.7240342926
476629659.2710447311 60474.1242359746
483406070.4674792290 80008.5808790150
483066079.4404941201 79265.9154002292
476912948.8862584829 63409.0111429583
476644923.7087196708 61444.1469043596
476602282.0562343597 60341.6371183340
477012054.8948523998 64692.4920161953
476129250.0338507295 53255.8665181277
476875160.8775863647 62346.7355400942
478841435.6998540163 71804.2493841238
477474858.0269643664 66653.0681733247
477232136.5164541602 65923.4332507424
476237553.8463554978 56082.5186212687
476341841.4392751455 57771.4155988367
476266022.3319808841 56863.2184552820
476243258.1480152607 56859.4860334070
476903512.8318732381 62601.6222606491
476055348.4101615548 52052.7237260994
476193148.5518435240 54940.9850015463
476379064.4921029806 58373.6991071375
477660394.7074569464 68370.1002641525
476193180.5787359476 55023.1507734330
476424113.4445524216 59171.6140546473
476217629.4758127332 55316.9358021980
476946154.7212039232 63857.4450812396
482265737.8773672581 77719.7761236234
476164680.0662181377 54164.0175894080
476458091.0183414221 59476.0120954188
476618521.5342345238 60365.3547052629
476788931.7404411435 61639.4149229567
559433018.0628635883 150574.0709400177
559211076.1029710770 150429.4266433716
476580918.6284626126 60126.3543314226
476604164.7791463137 60341.8688562103
522020737.1214023232 116871.1243850207
559495083.9461498260 151088.6483535767
476079057.8676984310 52886.9618672654
476044071.7906131148 52051.3060883805
476153001.1930261850 53773.7661763309
476193180.5787358284 55019.7463544877
476179763.4513264894 54618.5975889238
476175860.1449198723 54562.2444332633
476221649.0643612146 55796.7137666261
476443789.2309479117 59311.9529894115
476765945.0308834314 61594.5303938429
477114222.1509420276 65053.2741465569
477187430.8283650279 65650.7953383680
476108497.8982420564 52959.9384125993
476373360.1034679413 58369.9666852625
478130279.2196783423 70056.4089147877
477347061.0791063309 66374.1414147820
543428964.3838983774 133328.5331547260
477376831.0381762981 66566.6380215138
479876369.0131514668 74209.0251361378
479550091.3292796016 73802.1430525929
550892524.3893928528 139545.7313149869
477945442.8503859043 69597.2926662546
478111257.4892668724 70047.3061249088
477998329.3222124577 69605.9633276295
477502367.2630073428 66828.1718290653
477167216.2375771999 65593.9263900276
477306075.0026354194 66267.7357133869
554585488.2436367273 144218.1570183337
477370417.3655415177 66377.7262419071
477557558.0596129894 66853.1313556787
531934148.0371018052 123769.0340624275
476119926.7007659674 53252.3574238895
476152102.0724855065 53256.0898457645
477210787.1148001552 65662.0206684228
478011579.7013152838 69733.3037633952
477444576.1009310484 66570.2228486389
478847394.3327983618 72145.3496026453
494083810.9283525348 86760.6328224838
476901693.8521072865 62412.2652151305
478181460.8342866898 70094.9295070749
482290212.8867295384 79018.9534580382
477210787.1148001552 65654.3801654931
477108391.0878301263 64739.6150746401
482974759.4340745211 79029.3854930027
478073395.2600817680 69794.8332209866
479456092.0762641430 72665.6635399759
478999121.8748127818 72333.9330916610
477239525.6042213440 66004.1763477381
477838699.0714710951 68882.6172512155
483166530.5927312970 79949.6347910984
539930534.3439228535 128700.9714147020
478521947.7025957704 71123.9139571395
480138878.6826451421 74708.9613536075
478609654.6680692434 71625.8068189826
477918736.7769015431 68943.5379894357
547973932.3511390686 135608.0307710767
548117353.3472822905 136206.8418367505
476999249.9169647694 63888.6062474307
479027236.0635095835 72426.3754643593
480955583.2950435877 76437.1719662275
481233393.8734782934 77340.4245318946
527784417.5304414034 119458.2645261027
527430588.3255293369 118699.9037083127
525570703.7287830710 118350.3886967300
477587760.0395812392 67052.0894037392
477561290.0967794061 66955.1152690854
478330793.0908213258 70700.0557480776
546999441.4926706553 133861.1456440777
509313412.9693952799 105372.1303069182
478286346.5376482010 70524.0253746901
477921457.2742911577 69056.7905328851
481760787.3542693257 77647.1756323644
504076882.2900036573 98069.7695990717
548621364.6142289639 137114.5957811475
541870150.0799744129 132080.8486454897
478218980.6316486001 70476.7144722738
479282651.1580327749 72538.7325228460
554932340.4244613647 144341.7802352905
539362104.1803323030 128251.4353489205
477644463.4245316386 67394.4942495227
534767716.3815674782 127575.8922987198
515668740.6189181805 107880.1398304999
515153625.0279422998 107152.0527335322
518242039.2548610568 108847.4390389277
482974759.4340744019 79022.2192942722
558951163.3274821043 147463.8379058838
558152830.8185768127 146305.1354980469
482974759.4340745211 79037.7052256687
477614576.5896997452 67259.4961024430
553089203.0389907360 142061.6253151204
552125512.7996896505 140959.2403945182
552378497.7019789219 141275.9212721721
558641722.1268264055 147120.3534278870
496114205.4582179785 89676.9489615196
531775193.0948311687 122584.1594364410
532720553.1172205806 123826.3809575364
558790453.4850870371 147134.0038185120
558473842.3289425373 146436.9316253662
558628302.9825307131 146720.8271179199
558924137.0790013075 147340.1075973511
558628302.9825305939 146718.6969909668
508403588.8861818314 101608.9998571342
508263969.4149987698 101365.8131277030
540571831.7934074402 129266.5696431566
558988788.8318338394 147674.8980236053
529510758.4137184024 121540.9953420581
536394690.7939982414 127719.9636350527
556751660.0769025087 145580.8315200806
557059562.7296777964 145593.4651756287
534148323.6906617284 126162.6728347819
496065220.2249664068 87230.6635715850
480496386.3514047861 75171.9813221375
480788328.3100618124 75240.9392346459
514646927.0411754251 106241.5952472409
556472981.3695328236 144820.9029979706
505131444.6202342510 99855.7959443449
501639182.4885113835 96015.4476364617
501153737.1458734870 95258.6533434003
497457060.6507924795 90068.4624250496
493109178.2644709945 80602.9828255367
497854651.4759149551 90099.8898351084
498024891.9284849167 90508.0639507431
498389750.0412715673 90514.4149926876
500146465.9715965390 91783.3320033625
500033888.6566179395 91738.7726409510
499046512.6988590360 90949.9294058159
499178689.5175756812 91618.1955123022
498871960.5263333321 90707.7624827698
501030026.3402575850 93628.2105247872
500656282.2305782437 92697.0311187403
500772890.0116536021 92988.3047202723
500490398.6350783110 92449.6087517291
500848986.2509346604 93217.7788928645
500833348.5701932311 93172.5027489960
515864848.4331706166 108543.0562457936
515750506.5730094314 108350.1406059163
514595773.2050051093 105663.2377115712
514438777.0504854918 105605.5157448277
517042888.3229172826 108597.8153885603
519499631.7381541729 109334.0380415032
519977637.9846447706 109655.7642243803
520157707.1659417152 110054.0903363079
520796347.1425287127 110887.6516740173
520792018.2734439373 110437.0315816402
521500319.6944780946 111556.0048810337
521591404.0719090700 111791.6024590824
521436808.8703519106 110909.7899285648
521697623.9914658666 111928.7813569400
521441896.4446991682 111124.1488992069
521730446.0471878052 112314.8578540180
