1406791855.6055154800 943863.9930419922
1407323850.3282842636 944934.1907958984
1351926368.2285103798 911998.6861362457
1350537246.8501648903 910489.6475620270
1349983846.6948049068 909474.9878025055
1350274994.3488454819 909851.7282505035
1350361087.4062874317 910154.4473667145
1350128305.6714799404 909563.4703388214
1350263917.7465875149 909578.8155231476
1349695456.9563767910 908749.4602680206
1350305307.3268649578 909940.0642719269
1349910976.4505429268 908898.6683368683
1349933428.6768441200 909343.3941059113
1349527361.1045460701 908727.9496479034
1344463216.0373914242 898836.7048492432
1343897345.8774232864 897546.5025787354
1344890444.4032466412 899182.7398834229
1344292408.4867651463 897979.8469390869
1344378251.9714238644 898593.5829010010
1344289357.0769338608 897870.0371856689
1344158171.5426330566 897657.0139312744
1340878031.5158760548 891986.2538146973
1343824037.4866564274 897147.8637695312
1343682272.9112472534 896088.9097442627
1340509467.5149497986 890865.9177551270
1341263254.7639489174 892428.9499206543
1340554874.0677223206 891086.2092590332
1340408526.3854837418 890739.7640228271
1341031096.1824812889 892070.4161682129
1340664814.4638123512 891851.0635070801
1340594822.7271916866 891777.7705383301
1340295633.4123945236 890698.8014221191
1343531559.6292655468 893485.3263702393
1343657205.7341685295 894673.5769805908
1342118195.0900318623 892482.6944732666
1338232762.0341100693 883425.2539672852
1338223117.9220278263 883150.2735595703
1212214133.7785408497 435137.4453647193
1336943911.1456484795 876373.3068237305
1337058302.9474809170 876814.7365112305
1336933527.9971706867 876332.6122436523
1336328003.9661207199 874592.2026672363
1336418601.6346774101 875072.2823181152
1336721953.2223854065 875441.8955993652
1336783830.2224574089 875463.1894836426
1336554648.7103948593 875372.0487976074
1336069916.2454714775 873872.8375396729
1211202900.3964226246 427737.6719893018
1211548526.8040535450 430493.0212517362
1211457705.8667862415 429392.6051233808
1211460663.3368992805 429664.4868777791
1211354496.8001344204 429142.7198484937
1211210552.4196527004 428569.7159956495
1211021832.3045797348 426666.3616560498
1210761845.9224743843 424608.2444065610
1210899244.2472047806 425427.7704651350
1210446034.5113532543 419457.9560429746
1210559696.1012258530 421330.6197600061
1210320544.7272872925 417884.3047266777
1407108954.4486505985 944632.6635742188
1210370423.4500999451 419098.6298819955
1210499080.4000210762 419946.4961739953
1208981938.7405090332 367588.0364984017
1209064999.5019898415 368011.1716462862
1209115055.7185270786 369321.3514343988
1335125804.8410525322 867732.1219291687
1208823256.6953866482 367504.2573854220
1265415678.9384019375 679132.7600132797
1265256492.4049675465 677249.4428772305
1264243231.6877839565 673290.3024162624
1264866861.7777519226 675658.6831116055
1334116332.8877334595 865189.2501792908
1334747678.7672975063 866235.6250877380
1334552958.8736674786 866059.8214988708
1209408337.4509456158 369665.1888028099
1264683703.5160100460 674856.4980530117
1264508703.1719672680 674203.8309158657
1264383814.1749982834 674032.8938049648
1334331345.5197672844 865687.9846458435
1334191127.8668735027 865489.3123741150
1334022105.8900215626 864608.2529258728
1264173333.2520289421 673109.9485754981
1263917068.9636967182 672513.2929386471
1263586425.6877186298 671526.9078373287
1263891029.8147294521 672093.4688859300
1390008190.1201260090 926480.9431762695
1389628128.6319706440 926221.4503784180
1263469777.0897328854 670970.6721195553
1389017502.3017535210 925022.0352783203
1389114348.3013370037 925254.9021606445
1389652865.0015525818 926321.3020629883
1389462553.7484843731 925990.1088256836
1389281983.6692073345 925447.6465454102
1389560770.6012971401 926111.9531860352
1261337265.1317186356 660336.5468364015
1260768861.3126409054 659087.6806864991
1260492238.2219290733 657771.3674884095
1332159094.2373819351 857621.2567673922
1332457444.2239644527 858633.4730912447
1260425551.7336752415 656733.5295426830
1260195611.1563334465 656535.1813342824
1331294324.5933799744 855289.0528011322
1331336753.9835748672 855435.6321468353
1259330875.4048092365 653588.6436017758
1258146829.5065667629 647975.7293256527
1258539794.9906799793 651071.3755048519
1258518999.0320963860 649925.2393506771
1258324837.6094112396 649616.7868689444
1257830052.1234226227 647946.3557170924
1257677837.5664906502 647291.0339187678
1257500231.5439734459 646277.9156593379
1257792113.0845203400 647628.1698842087
1209462231.5591051579 372842.8214060619
1257369687.7220492363 646243.5235237178
1257001525.9101274014 644996.5042156276
1256869578.1726684570 644121.8706707057
1209623292.4040706158 373125.5561034038
1209695813.3466932774 374080.3224288776
1329416539.3097248077 843840.2893295288
1329517776.3413336277 843904.6220016479
1329527576.6119079590 843984.9384078979
1209894401.0019140244 374780.5743457648
1329200773.4716053009 842522.1888351440
1210052009.7592799664 376235.1166668321
1329306519.6074461937 843520.2230758667
1209990449.4407105446 375284.7731130506
1252325510.8373949528 618013.2466711968
1252459504.6924228668 618806.3109908074
1253708141.2085382938 623850.0890707939
1254286687.3514511585 626993.0598006218
1254161216.6959204674 626046.2965931690
1253800946.9908752441 624802.7497420281
1253516290.7224688530 623290.9724287956
1253721184.6696577072 624366.5106825798
1253230457.6873142719 622144.7476706475
1252759462.3998181820 620296.8215346306
1253088612.4163455963 621411.3076338738
1253480808.7165737152 623085.7197546929
1250892803.8889944553 608792.0619216564
1250666638.5603096485 608195.3044152858
1251198581.0250625610 609207.0708509090
1250959921.1246814728 609146.1238027217
1250796640.0396716595 608236.2696958187
1252279614.0627429485 612858.8459590643
1251826586.1063778400 609460.1272690857
1252120509.6726388931 611095.3773911560
1249238000.6220438480 596872.1811382916
1248674729.9696078300 594734.4368603375
1248439939.3799481392 593897.6812679913
1248855736.5382022858 594968.3087057021
1248638446.8923046589 594366.3105180409
1248424464.3774962425 593278.0686795857
1248474799.5073637962 593898.3199918416
1248105080.5101897717 592071.2902829793
1248291197.7984092236 593154.1226041463
1247769693.0351297855 590373.9095859152
1247899410.1709997654 590935.3300550129
1247838100.9244210720 590495.1530339938
1244068598.4849815369 571808.5844098056
1244253224.5911707878 572923.9027062381
1244331632.5802886486 573908.9883690799
1244288886.9258825779 573138.4090386356
1244190739.0382010937 572772.1767415131
1243900940.9593417645 570234.9077519501
1243841464.8028109074 570092.1892003143
1243707493.4428563118 569073.0697945679
1243573848.0085263252 568873.9143380249
1243483896.1848497391 567286.2610348786
1243383099.4449038506 567198.5595578278
1243197305.1227669716 566928.3522824371
1226489715.0188415051 449771.6353980134
1226410437.2099506855 448963.6161124129
1242145779.9480454922 550341.4167859332
1241779836.6712965965 548192.1461465360
1241914090.7062985897 550000.9552760796
1240759436.1975712776 542688.8587989329
1241398135.6689479351 546045.1885625167
1241318746.9044320583 545999.5482045455
1240625840.3319623470 541649.9678593917
1240297323.7137897015 540122.5956670089
1240227564.3263945580 538472.3517251058
1239807242.8096237183 536346.8295769735
1239566283.4668745995 533408.4063084578
1239292054.8079156876 529702.3569367385
1239080334.7415003777 527386.0535147643
1238709077.0501616001 525521.3347304320
1238782662.7408077717 525617.8109267211
1238482625.7458617687 522179.0969309713
1238365522.8026497364 521125.3868915344
1238523594.7807636261 522506.8412858750
1238475587.7746431828 521735.6578752304
1238158618.0850248337 519049.8033513936
1238270481.0488674641 520062.8539323719
1238193325.8370850086 519978.4851903828
1238443465.8031911850 521302.9310144052
1236195377.6226406097 504831.4335321315
1236330185.3643417358 505244.4233284123
1236225142.2117619514 504941.1970933803
1235970094.3350017071 503669.6943010219
1235792261.0826992989 500775.7374249824
1235355340.6356563568 498581.8368350394
1235744653.8168337345 500389.1879826911
1235653666.8396713734 499929.5712376960
1235477335.0004894733 498918.7805959113
1234399982.5834991932 488475.5063426621
1234901505.4418923855 492386.9783591159
1234692189.1535322666 490273.1308892817
1234604716.5857996941 488577.6369140913
1234007609.5183949471 482275.7698868584
1234236002.6051051617 484770.5104187798
1234047806.7670760155 484687.1344422173
1234040157.0758287907 483268.2492564988
1234320336.8530232906 485687.9170543026
1233904424.0425229073 482227.3382780772
1328793415.8760762215 842246.9628219604
1328623126.1542909145 841787.5011520386
1328496416.5973818302 841148.4291915894
1327545095.6579813957 838356.7879257202
1327486235.9372627735 837865.1211471558
1327877208.2470340729 839700.2707138062
1327292237.2703254223 837565.4730450511
1233900653.0878887177 475403.2742614790
1233666744.3749611378 472711.0475927040
1233840063.7779455185 475177.3309406086
1233832082.6114068031 473363.0113691732
1232529248.4813728333 450722.9445265697
1233564175.5159218311 472532.8137441322
1233266766.8565015793 468860.9896234914
1233407563.3077206612 470997.2577623769
1326332589.7138938904 830867.5256595612
1326898569.1378085613 832038.2571201324
1326893174.1028134823 831796.7071323395
1326912628.7928445339 832453.7093906403
1232637051.3363745213 450849.4378613256
1232746132.1918885708 452203.8584038274
1232882789.0233440399 454241.7800782382
1233114495.2797200680 455888.9524064570
1323400547.5951914787 821696.0734577179
1323620178.8547441959 822036.8602313995
1323638792.0096812248 822625.8288288116
1322982071.1982245445 819474.9262485504
1323343800.9605526924 821259.7203083038
1323149762.0246825218 820470.8897724152
1323108431.2532324791 820284.2015094757
1323257914.8396503925 821138.6059894562
1322301344.5263819695 813999.5546360016
1318629178.7349100113 799166.5364635885
1319200618.3206319809 800098.1736095846
1319712359.9942224026 801429.9047344625
1319412251.9174265862 800799.9623058736
1319555154.1064476967 801206.9679211080
1319505317.8356947899 801186.7658184469
1319883570.2707195282 802105.2074230611
1319788466.2668888569 801948.1088512838
1319127316.6110494137 799860.7651012838
1319294787.9169318676 800574.1891125143
1319251448.1922862530 800417.6480968893
1316376057.9741537571 766887.2138709724
1316386503.7153995037 767005.8448600471
1316270181.1960115433 766631.2040214241
1316141254.1732132435 765162.3823661506
1315951607.6085951328 765081.8085059822
1316229674.2011651993 766173.6020927131
1315922270.0691196918 765023.0248450935
1316175096.0073628426 765744.7902106941
1315674977.3539261818 762666.6440124214
1315552534.1662878990 760879.8879089057
1388786868.1119501591 924076.3437805176
1390964805.2399044037 926705.8870239258
1391349408.5142524242 927047.0836181641
1314979893.7121205330 756706.3497533500
1315308257.9428822994 759044.4544906318
1314964822.0009863377 756151.9756278694
1391448862.8615581989 927056.6835937500
1403424658.9572417736 931418.2196044922
1403117934.3315467834 930602.9530029297
1403422009.9066841602 931402.4937133789
1313972715.0451912880 745474.3899726570
1313878899.8422896862 745387.8004340827
1314204191.9548685551 746470.8413276374
1314083213.5986545086 746142.4290046394
1314071277.0651621819 746090.0654029548
1313925010.3161022663 745418.8704566658
1313826504.4911937714 744648.6118735969
1313850031.3679282665 744852.8956031501
1313234755.7467162609 742286.0887450874
1402962206.1358826160 929341.8797607422
1402987332.8184232712 929468.5674438477
1312599363.4850873947 734783.7592602074
1312382469.1271760464 733555.5493221581
1312565636.1448557377 733884.9386349022
1402788635.0252819061 928625.2744140625
1402674160.2686786652 928484.0899658203
1402616459.2588222027 927986.4081420898
1402837742.6066522598 928675.5255126953
1402444539.7151217461 927947.9097290039
1311872426.4605758190 684882.0384245319
1311823138.9054837227 684710.4391203327
1312177059.5734467506 686488.2500878572
1312286230.8824985027 687054.2351952791
