613088363.6542623043 1930347.2657899023
606532557.5383843184 1454840.8190613054
608080245.5085806847 1611268.1898583067
616768470.3432877064 2092959.6940312982
730403111.4266046286 3551645.0375976562
609774822.0995843410 1731846.3144616983
624502475.6981488466 2370931.1195501443
616218742.8492293358 2059121.9496369958
614635936.8465887308 2007460.4432368875
613974585.4884299040 1977087.4198653493
609693812.1885861158 1723162.9231042764
609452789.0253071785 1712953.8601153926
610275782.5634670258 1769825.8824619558
608581587.1408313513 1650697.6634071362
609318078.0872459412 1702978.8898731414
609828803.0238609314 1737822.1096263286
608252094.2820709944 1626443.0548766148
606349775.8929212093 1430076.3000133182
606210857.4968222380 1407108.8464434778
606502271.7938392162 1451953.0195102114
609922957.0002140999 1741903.8190989848
614209956.7171314955 1986324.9753239751
613939788.4454914331 1971534.5549675315
632191745.5233980417 2553725.1738578342
607583045.6099759340 1569460.6652562176
630597636.3821344376 2517028.6993819075
609367412.0734130144 1710911.0775235728
609778104.2862857580 1733030.5304213515
624204626.8808367252 2360200.9682876212
611016442.6120120287 1817377.8969707773
606138287.6172128916 1388812.4598107969
649664165.8961136341 2863458.7693023682
606244081.3200466633 1413145.8903196962
608915911.6667495966 1678373.4709004899
609151685.0753269196 1695866.6183213429
610455522.7867288589 1776673.2284092214
624202959.6703952551 2353283.6123984163
607831195.4723799229 1589243.5954058659
613279693.4421663284 1944996.1200645030
613482409.9577283859 1951620.2231104434
624391080.5816766024 2365454.9010957084
613290278.1675910950 1946584.4243743480
606384019.7963027954 1435062.3759766961
608342925.9470088482 1634852.2601988805
639124748.2825200558 2698037.2318116687
638842534.2586618662 2687468.1919938587
627805242.3203238249 2455400.8224177607
606799238.1566401720 1487968.5185124837
606414305.5408474207 1437950.1755277901
607736117.6615982056 1582354.5703968299
611482937.8549315929 1847557.9016317087
617517532.4119882584 2110944.5527558923
682680959.7394443750 3196908.5695190430
611607303.7596993446 1852429.1413761359
632484573.7785561085 2555094.5449668430
630868934.1089134216 2526247.8866611794
606567664.5631362200 1459951.8263949770
624709059.2535477877 2375620.6933069625
609995620.0290620327 1749722.2706716498
606711371.3550304174 1475303.7025278695
614342862.2061349154 1992208.0169973723
609949037.4230940342 1744409.8979391363
658058015.5507348776 2955303.4632110596
606553276.7887465954 1458991.7721590120
609559289.6323111057 1721855.5598491267
635152016.4695788622 2602835.7306319736
636343545.4209321737 2638091.2145166546
636290739.8856350183 2631352.1650809310
614765119.7016307116 2013588.8908086419
636307914.5305857658 2635571.7622031234
606766927.2418357134 1483568.3157063569
606748554.3049161434 1483549.6003831942
608033455.8862061501 1608282.5631416929
607143131.3988100290 1525558.6239088208
632191745.5233981609 2553835.4749290012
607333971.0171704292 1545453.8070204412
606551624.3633118868 1457575.6852449495
607140000.4737756252 1525071.6788377012
609964077.5793207884 1744922.3942770269
627132585.1169934273 2434736.5450944295
610353692.7616208792 1774224.4750017291
641018157.7982840538 2725092.5303421021
639856306.9962208271 2703776.6567377737
631356484.4733415842 2537939.2026034854
619819162.1431615353 2203958.4382036403
624865055.1887958050 2381749.2336731353
616608417.0243805647 2086144.0159232449
659798632.4994246960 2972142.3505363464
614331360.0545446873 1991716.1102463903
607019144.6685699224 1510059.8827269685
611224043.8733057976 1832306.3456839756
611634140.1317543983 1855733.9017342310
613460271.7576820850 1950963.7513546110
621987662.6258686781 2280814.7556447578
614041840.4808225632 1981062.0539958612
700758572.1719862223 3367016.7860107422
701120140.0222940445 3367504.9525146484
614158085.1715379953 1985488.2884612144
611143523.6588550806 1825632.2985390858
635947909.3775073290 2624830.1152762435
610465337.0135232210 1777962.0237992960
607281191.6867494583 1538988.7273144010
620015463.3759224415 2215097.0357269845
684946475.7074953318 3201525.6696166992
608059092.1407068968 1610149.5212462437
638525293.0772178173 2665606.3549780319
617059920.6934907436 2103243.6194768548
607263347.7342166901 1538443.4372204985
641528541.1233278513 2733268.0682883332
610071754.4221131802 1754768.4459152725
622642972.9250594378 2308280.3730369350
614329498.2410466671 1991373.7191066896
613620559.1834942102 1961611.9114923612
668219361.8177517653 3023693.0904388428
649155717.3761847019 2857890.5830192566
658663194.0716881752 2968753.4856719971
656674128.6076751947 2954713.9287910461
673260962.0901125669 3047187.2949981689
616904315.6952139139 2100060.7714331746
623794351.1550295353 2347883.4949615328
615155471.2930091619 2030199.9119642943
729491345.6945987940 3549055.7155761719
613851577.7503696680 1971206.0980968536
629284069.1781052351 2480332.8429842144
729524243.5465532541 3550207.3344726562
635328150.0209363699 2611637.1770400163
634790502.6937322617 2601845.0037986301
630985156.8375560045 2532050.8320838474
729309637.2968863249 3544353.4116210938
692955917.7579041719 3262875.2935791016
729690670.7474251986 3550766.8247070312
610105393.1131161451 1756005.3893309142
611757985.4172053337 1867512.7687837728
622535143.4233087301 2299285.1027882490
643939207.4864258766 2766452.4267311096
622529639.4860197306 2298522.5078323213
729703011.4790745974 3551110.4399414062
610113131.1989289522 1756353.5823240783
721280391.8461102247 3488520.8369140625
645584631.9164328575 2798061.3665695190
729397050.1493116617 3547196.9843750000
629575776.2136247158 2480486.6898195948
620184147.4363262653 2221965.8413204052
621146720.6339555979 2253963.9772050963
614447926.4434704781 1997934.1645777822
610472220.8042705059 1779312.2642742912
611450393.2010134459 1845563.6418247516
621551408.4367611408 2269394.0747497445
727276818.9156788588 3530559.4150390625
693915400.9340631962 3285858.0108337402
630357968.7667064667 2509150.1291288808
619577415.7208306789 2193050.3173279366
619170475.0473961830 2184211.1701569096
612469544.8859679699 1902942.4040271589
612511026.7507333755 1907524.5080580474
704346443.5431358814 3403895.8040161133
611861068.9841139317 1872259.5889724004
618047672.6412719488 2136066.1695738807
620355212.9827579260 2231732.1623861301
641424594.3587138653 2732812.2298464249
609544293.4429446459 1718604.7676458196
613101117.7558022738 1935268.8007711307
612725702.3014053106 1914975.1517890575
613821568.4595059156 1969763.4359874786
718584815.4899677038 3473313.6306152344
696903841.3476760387 3298332.7308044434
625832924.2608284950 2404738.5856646895
625550478.7698554993 2404485.4977740645
649893997.9718952179 2869849.5870933533
685873557.4215818644 3208707.1986389160
612272977.8141404390 1895321.6462233770
649715561.1031167507 2865502.4893035889
612166941.7141062021 1889024.7794971759
710601967.2555284500 3411077.9920654297
710669217.9264180660 3418080.1263427734
612790651.0863912106 1920246.8843505369
611997450.5703196526 1878685.6713428791
609818629.1237286329 1734909.4597610673
608568185.4364236593 1649927.7261992088
608617757.5594387054 1652906.8947783103
660525577.0955823660 2981253.4447174072
663538555.2057530880 3022500.1270599365
618182663.4881229401 2139553.6020518318
620884004.5019842386 2250505.1273351894
621320718.6551848650 2264117.0942859636
620670265.5669807196 2239562.2159012025
712487475.1395806074 3451721.9575195312
641609703.1716749668 2733830.3557104538
724514095.5142475367 3514223.1643066406
724632250.2952927351 3516347.7443847656
710400008.1202982664 3408617.8334960938
644173103.4048264027 2782621.2217140198
661451253.2536787987 2994368.3911285400
625226828.7289766073 2389813.2905234694
661476133.6841144562 2994443.4389801025
615338630.3004469872 2033091.1675990594
637698931.7837917805 2652844.2493782043
645818061.7974432707 2811982.4337196350
626995380.6152691841 2428961.8935642131
661569191.2934888601 2996485.5462799072
640608101.6591697931 2709991.5341125801
644496878.1608486176 2787741.1571388245
638193565.1414628029 2664245.0589332581
654439389.2803354263 2912352.8598709106
654115779.5991458893 2911018.9365310669
661360646.8574854136 2991310.4018707275
636744404.8943716288 2638898.5317736464
661560723.8545396328 2994674.4503631592
654850697.9859601259 2920530.8442230225
617714484.7555680275 2126050.8425731882
729049733.4645493031 3539529.0629882812
617922102.3313870430 2133084.7409266457
630457282.7708889246 2510402.4221275002
630216248.7160376310 2502618.0729758888
646138397.9733570814 2812335.1165695190
637875037.6232932806 2660435.4362678528
615816013.4590010643 2054968.8027416242
644604620.0780649185 2791404.6742897034
610959848.8322731256 1811371.9008935837
615561374.6757516861 2042863.6793511079
637638150.2946891785 2649793.4087867737
635784098.7434678078 2622204.4469696358
615401221.7053707838 2033849.8607322199
660212096.6866756678 2973690.8317718506
691108463.3614308834 3249089.9295043945
644813977.3852319717 2793675.5831642151
644327821.5991775990 2784262.7377052307
629027570.4961133003 2468593.3891772404
625998743.8198778629 2408307.0846698284
685007604.8173079491 3203581.7484741211
714574429.7312027216 3468023.2883300781
677654477.0099641085 3115610.9185028076
636757713.2092307806 2640483.0989984944
634613712.5530148745 2595056.8215784505
656210589.6887478828 2949413.9003143311
646896817.2640038729 2822637.3763351440
655489111.4279601574 2940216.3403778076
707711904.7882869244 3405809.9054565430
642242795.2244406939 2755297.8479119912
641791752.2630350590 2745314.3471910134
720495810.7887079716 3486120.0874023438
703681289.0731403828 3389970.4555053711
711369982.8726999760 3435033.8203125000
644957972.6308903694 2793794.5517539978
696964652.7738578320 3338277.6307983398
662080230.3366725445 3020302.7391815186
724455525.8383481503 3512557.8491210938
653031500.9236385822 2892129.3056106567
629926555.4707705975 2494844.1585851982
635022865.9044729471 2602142.3528105686
628515219.2345341444 2467777.7327674162
617662915.4371776581 2122236.9522208199
637100818.3704209328 2649216.3481028974
618511908.2835581303 2150291.8155169711
618839619.9283729792 2167358.9014505860
635138507.7872200012 2602502.5155357234
619847126.5889455080 2205665.7028531516
621805292.6948555708 2276461.4924779749
660874489.6950763464 2983003.3505706787
660276928.1591944695 2980386.5781097412
681311589.9173263311 3144336.4404907227
655387015.2698520422 2924548.8778991699
721403074.1798288822 3512317.3310546875
673957682.4927088022 3051833.7640113831
621944139.4551408291 2279915.1193940127
631716094.1624711752 2544636.2393531278
622087562.8144853115 2291788.1444687885
622031981.4572347403 2284628.9867316196
638699969.9473795891 2686754.7772858543
639449354.3676221371 2699685.0562262009
637668651.4142903090 2651392.4394906941
617857151.5268812180 2132498.0589072499
655305287.4763890505 2922685.5733489990
633403521.2952986956 2582125.1758620688
628476010.1352112293 2464622.2428860795
686789151.3101403713 3232721.3422241211
686389452.7399797440 3232028.8207397461
633060665.5806847811 2579391.0630214885
712307415.4059350491 3439150.9350585938
617577748.4861061573 2120546.4130160958
681701751.6391146183 3155801.9629516602
670504108.1989384890 3031089.2758026123
670490216.7231503725 3029268.9071502686
690792230.8991813660 3240832.1347045898
690754427.7853631973 3239989.7626342773
691344060.7487400770 3252211.2291870117
618530979.5028867722 2151762.1026321016
648531510.8940767050 2850000.5370788574
648052397.9111757278 2846798.8838806152
647601153.5835341215 2839322.4775085449
647930817.9534678459 2841548.7961120605
668763354.7270709276 3028133.7147674561
638598450.6327335835 2670768.1784457639
641013403.5882636309 2716558.6547412351
658447282.6694934368 2956433.8030395508
640804864.4829159975 2712539.1689013913
634124873.5672155619 2586141.3504218534
632815266.4053360224 2559269.2056884244
676448649.0897151232 3076548.7015991211
675943157.1497499943 3074757.8585815430
