387489705.8934744596 2006.1304366143
387636277.3997383118 2023.7545893446
388635207.3715707660 2171.1628613526
388566840.8803541660 2170.8003889362
388667371.6424194574 2173.1688548257
390271262.9289823174 2405.7883935931
390626758.7379594445 2451.2081159951
390926428.1008420587 2451.2478769909
390348370.0280007720 2427.8730310800
394366526.1238222122 2831.5545398161
394206166.2629973888 2819.8969031736
394068476.0464214087 2812.8786899015
394392331.0049349666 2833.9864988859
394722360.9497767091 2836.5288114863
397188344.1619490981 3057.9939848229
396698923.3727348447 3034.6588999077
410450304.1166228056 3904.3127581063
410546900.9809180498 3918.3062936243
411339611.1797987223 3939.8687793230
411832753.4138392210 3958.2795833302
421878310.4337943196 4489.5910951953
435893994.5393159986 5110.8730020523
437858855.4767462611 5143.2331008911
437994770.7790961266 5144.6038513184
387745930.6638901830 2027.4525349949
397425027.6814315915 3081.2455373489
388142896.8541579247 2090.9181283927
397410678.4226441383 3079.7354760848
397068020.3165978789 3057.9104524337
421961723.5155307651 4495.3405079703
434826070.9864962101 5075.0706071854
434807889.4894262552 5073.1493353844
434945419.4930734634 5085.4034571648
434769334.9912467599 5071.0733846426
435080908.9932169914 5093.7212443352
387545162.9203982353 2007.3161003527
389851107.5003936887 2341.9165788750
422104305.1488555670 4504.6035460096
435543443.4087348580 5107.2474679947
435486372.9138867259 5104.4234037399
435636506.8321433663 5109.3035612106
438606801.9237701893 5145.6556968689
438470185.4935820103 5145.2240772247
435352040.0954316258 5094.5160408020
387789106.7612725496 2067.5829843022
390283388.6471344829 2411.9302586134
394414568.0484135747 2835.9544821318
421920935.4055680037 4492.6662040824
437787597.0644347668 5140.1244678497
442966755.7998884320 5169.0399150848
442889386.3270305991 5168.2320613861
388243864.8576037884 2109.7204074937
394590288.7302263975 2836.1576495866
387918655.9453969002 2072.0540621776
387750282.3246232867 2033.6077568070
387826669.5884116888 2067.7444408671
388721128.5200386643 2174.2393441813
388359981.9120052457 2152.6101340095
388928506.8046343327 2193.5245272301
388296529.2500973344 2149.8173853199
388451341.0885856748 2170.1894423149
410190129.0584616661 3878.4805921454
437220481.8929740787 5122.4398717880
410169994.2223510742 3877.6680749793
438475990.7748668790 5145.3957862854
388438830.1169132590 2165.6305700920
390013968.9659558535 2383.2694679711
395990010.1849128604 2947.5282268625
395957285.9013739228 2947.2246646982
397265648.0513789654 3058.2160745029
410231491.8516218662 3897.3435586829
421634488.9350720048 4477.4309315543
421380803.0391871333 4465.0132932525
434586956.3279044628 5038.3689768314
438138506.8913862705 5144.8184261322
387892777.8417516351 2071.5301587716
395673242.9405316114 2946.9050801323
396085073.8717990518 2965.0165627523
396017698.1864875555 2954.7747554880
410302920.8657078743 3899.0227636237
387774173.4179055691 2049.4688150421
388293080.8364588022 2132.4256850861
410193571.8200149536 3893.4163011450
422042493.1729972363 4503.9036339383
421691273.3801338673 4483.1295075278
421489544.4439833760 4477.3941941123
421226367.8599470258 4462.2842943530
437719421.9556351900 5137.1680049896
442204445.8376521468 5164.2584915161
441657469.8161723614 5159.8214969635
437373262.8543166518 5128.7204856873
434642862.9638256431 5058.5509119034
437820146.2597383857 5140.7121200562
442810170.5897746682 5166.9847602844
396514526.9539870620 3005.4279225281
437464816.8199679255 5132.2681884766
410413363.3399636745 3900.8302091498
437796817.4108100533 5140.6526508331
410387732.1708939672 3900.5305971045
437571764.7423698306 5137.1595287323
437305996.1261169314 5123.2100286484
437839001.2305387855 5140.9286594391
388157314.3480343223 2109.5899094723
390338418.8555796146 2412.7464826655
442115405.7526900172 5161.0807495117
390183589.2319172621 2404.9989776673
396202989.4714767337 2980.9503449726
406875837.9164098501 3678.1768478708
390159035.7015758157 2400.6856444330
389995113.4461385012 2381.9242911787
393864522.1159681082 2782.0208153661
436198165.4738835692 5112.6851606369
396496207.4863939285 3002.3979072151
396460102.5568686128 3000.3608706787
396416727.5435978770 2995.2251159487
396327565.8872455359 2992.8327338038
436446124.2691615820 5116.3274717331
396675494.4425569177 3013.3518085214
393804390.0878739953 2776.9550299581
393909909.7546380162 2794.5568554345
393714383.3180730343 2770.7022021945
393694032.0667192340 2747.7017222169
393991080.5573601127 2796.8288164125
394057577.7475422621 2801.3351341054
434318338.9918726683 5013.8418825865
434337797.3092281222 5032.5061239004
434628091.9012507200 5048.1529620886
434542637.8120839000 5036.0007413626
389212076.2439323068 2196.3217898440
441603186.9482399225 5158.9055175781
393889209.8121644855 2792.8912577565
441653388.7317004204 5159.0898704529
434598314.0038077235 5040.3827894926
421339532.7922109962 4464.2258368376
421763760.6195852757 4489.2746138435
409969126.1899808049 3862.9544972777
422017555.4799045324 4497.7572700839
409603172.0192519426 3848.4852544654
409521069.6993221641 3840.1225690245
409421943.9432418346 3839.6194123626
409194529.1792216301 3824.8749308708
408960445.9098928571 3805.5770979050
406342424.6295626163 3636.2079908292
408838107.5808138251 3800.2016556981
441369934.2471501827 5154.0850734711
406960967.8875514269 3686.2967275934
406813674.5448352098 3663.7399958354
409110372.5500543714 3805.8990607975
394912123.0445850492 2852.0301000436
395518201.7720159888 2915.9614957503
395482704.0807980299 2913.4530178485
395461116.5451420546 2902.7664887312
395202724.4958261251 2892.4386021075
408686000.0054314733 3786.0681472543
395163272.8622647524 2882.9543783413
395426285.2019461393 2896.2286031096
395123872.3807725310 2876.3753410281
409123905.0399399996 3806.3464106824
408585593.9371225238 3782.4618945840
423498879.1911636591 4554.6631251810
408566345.5204049349 3767.7614134076
436988733.9696238041 5121.4329500198
407819899.2807006836 3735.5298160213
407203107.2585492134 3690.6937519865
408059461.0209231377 3741.7526152151
423892895.4856048822 4571.6687092478
423716536.5071004033 4566.7644068239
407556948.7235457897 3720.7346232229
423816073.9303803444 4567.7089770528
389357493.6769841909 2203.7457876077
389331731.2695353627 2203.6052080874
407247892.1964471936 3703.7351977186
407420495.5274813175 3709.6024318592
407503177.7027130127 3711.3189682481
389560778.5959689021 2239.4776782009
423875753.2621794939 4571.4834598539
389740711.5644178987 2273.3982530187
389606386.6162299514 2240.1771603177
406590862.3187204599 3658.1731302183
405953762.6242359877 3603.5333063057
389739324.9790143371 2264.3025392246
389643056.4990341663 2261.4834480832
389805557.8908288479 2298.2982852138
393538261.3277524710 2715.3505660991
406158878.1116469502 3623.2165960323
422413474.6389260292 4511.8425126983
441101393.1733725667 5153.1066265106
393195209.8326906562 2678.8206032242
422970365.6409170032 4535.9796455143
393425351.9640452862 2690.5238342799
405939503.2764177322 3602.8429541299
423249791.8106793165 4549.7638648091
440079199.2228868008 5146.0620346069
393107991.6417201161 2669.0939064539
440388310.5636759400 5148.4922885895
440246080.0255207419 5148.3121395111
440513055.1823572516 5148.6118259430
392916451.3124927878 2646.1038136959
440237048.7669883966 5146.7449550629
440121469.8256587982 5146.5031242371
423642130.1083891988 4565.5582816837
392534113.4150803685 2556.9901213526
423183293.6178234816 4548.2062814472
392726099.4287580848 2603.8349233150
405625889.0092842579 3582.6057973690
392910681.6334514618 2629.8654983445
405251066.7220690846 3556.7864529081
405310197.0016626716 3559.9459053464
405298909.7090921402 3557.5857483335
405166208.9474450350 3543.9223391004
392606205.4280192256 2599.4359960995
392792420.9690003395 2622.7687287807
405181530.6155661941 3556.0720535703
392575766.3553810716 2590.8792749961
392555263.3207665682 2582.1673654571
392170618.1983755231 2530.9991791124
392370073.9736557007 2555.0386396298
392273758.4000754356 2549.2410562850
392286090.5905054212 2549.3598690876
403919562.3528175354 3438.9656379820
403966141.2550700307 3448.1219242217
404022141.1659794450 3450.7234504922
403861102.7717225552 3432.9262444968
403833161.0289730430 3430.4527893858
403898873.3578037620 3433.5922337370
403576609.8717138171 3416.9542679051
392055454.6597942710 2460.8738893830
403577021.5412437320 3418.2656074362
392110412.7344514132 2461.0219674819
402887701.5401686430 3364.9354080158
403069823.4216728210 3372.2876492711
402921773.7634246349 3368.6161606880
402725269.3014962673 3351.2235959070
402243284.9038877487 3306.4276952534
402599491.8887514472 3333.6503061349
402052790.2340898514 3290.4971324685
402266568.6343985200 3310.1696152943
402338024.9891728759 3313.8475690144
402108743.9939056039 3290.6453889864
401924525.4579530358 3268.6389593915
401490731.9327275157 3199.9605332832
401517545.8812739253 3207.0441094856
401355556.7228187323 3170.6265108208
401347011.4035167098 3168.9290470103
401122066.7140547633 3160.3913720636
401163936.4890351892 3168.5764888315
420802036.2196380496 4383.4567015637
421104887.8865035176 4402.4959595669
420897607.4797477722 4392.4500029553
401055456.2529567480 3151.3458390790
420687044.5315183997 4377.2408400048
421011315.7441495657 4399.3593638409
400860224.9630321264 3134.4644926148
415887591.3485060930 4084.0027716126
400650435.9548876882 3103.6451703110
416084636.0319093466 4093.0348525788
416130339.3727539778 4103.3831315781
416100675.5734658241 4100.2530380036
400575429.5946017504 3087.5303372820
420584765.4065808654 4349.7168306760
420416307.9808052182 4339.7940462879
420367695.5985040069 4332.6372556753
420013286.9711394906 4312.0678881458
420169974.5178979039 4329.0439242176
420122435.3572663069 4322.6238053334
420057347.5927638412 4315.0492774667
419711255.6470784545 4297.6773538413
419783632.9508172870 4310.4464111151
419064061.6550499797 4244.3960693245
417246484.6716012955 4151.6207708555
417856146.8810185194 4182.7654660395
417403155.1683571935 4166.6736821371
417789657.6018480062 4175.4903603870
417196466.2571679354 4149.2753421503
417079309.1557214260 4145.3649579721
416994909.5133434534 4140.7708684641
416953557.3939033747 4132.4868221991
415708320.7987285852 4032.1639336896
415493888.7184984088 4020.3596248610
415085645.2511948347 3999.0586857450
415128464.2520462275 4005.6463188779
415519304.5760216117 4026.1843194615
415399307.2954525352 4011.0962395322
415411094.2532485723 4011.3185124051
414727158.6611313224 3966.2806653455
414996880.4452652931 3971.4694152699
434105199.0322342515 4694.7186324149
433988130.0198587775 4664.6600160152
433872454.7663936615 4659.5610897094
433762324.4124953151 4656.4202304631
434054015.7874178290 4668.8817650825
433770950.6165359020 4659.4851462394
433310658.0512795448 4626.8994667754
433256471.9684517384 4626.4971363768
432286105.5969771743 4586.6976204738
432176280.8755585551 4579.9683068618
432298255.4904218912 4590.7321701869
432170158.4818850756 4579.1738010272
