780295758.1962839365 5982881.0937500000
780270443.0973716974 5981286.4960937500
785009285.9379906654 6000729.6015625000
736639281.2234027386 5334627.0385742188
769760839.7389590740 5902998.3564453125
796729786.8177105188 6023042.8583984375
692414705.2078142166 2533361.7383422852
694716990.2232897282 2920299.3411865234
734399077.5688701868 5263728.1640625000
736726331.5735795498 5337671.9897460938
748096237.1190407276 5577822.3872070312
758397758.5456204414 5780527.6601562500
692304595.4441382885 2530607.5433654785
694774392.8048478365 2930056.2601318359
705662627.7822802067 3846241.8734741211
734297227.5870403051 5258110.4985351562
758036186.7108945847 5778297.0444335938
778699136.3057758808 5974741.8945312500
757915937.0089812279 5776220.5522460938
694674097.9165203571 2913669.9708251953
696321790.7236676216 3070515.0583496094
706154483.7531179190 3880496.5679321289
706497279.8756971359 3896887.1862182617
748107704.6943707466 5581633.8232421875
758512213.6844482422 5781021.1860351562
694576515.8066996336 2912134.6643066406
694675106.9341368675 2918388.0509338379
694993635.4875212908 2945600.8547973633
739981710.2761375904 5410098.0659179688
779018159.8991379738 5976963.4521484375
696406753.5258750916 3080601.0646972656
707088770.2243046761 3903196.4555053711
706725153.0015333891 3900439.3930053711
706606393.6429028511 3898692.0258178711
721730807.5663685799 4744824.0942382812
722008200.2300670147 4756367.1779785156
748224883.8745262623 5590838.7954101562
748198740.6073915958 5587185.7221679688
756250538.3197324276 5745859.8803710938
779315611.3695182800 5978562.0996093750
796513688.8716381788 6022397.1787109375
692380092.2332756519 2532207.9740295410
696166956.7502014637 3056676.7380981445
748422224.8454875946 5595428.3964843750
778490076.8612891436 5970172.9697265625
779631298.3388669491 5979515.8349609375
696231562.4095653296 3068011.2566528320
748204251.0507454872 5587814.7456054688
721182121.2389926910 4719915.6374511719
696206145.9917378426 3063254.9374389648
733939806.2399214506 5247209.3598632812
736281605.2537982464 5324584.5605468750
692004218.1400859356 2478772.3796081543
784824258.8920451403 6000464.1455078125
785043052.5065522194 6001549.7324218750
783736290.3417270184 5993686.1210937500
696046818.3982052803 3053065.4315795898
696046644.1826043129 3052771.8817749023
721568374.0143278837 4740967.8708496094
748269156.8846733570 5591231.0161132812
785313821.7977439165 6002236.5888671875
722149786.0725983381 4761183.6411132812
722422597.9976607561 4762757.3510742188
721781439.8250377178 4749642.6757812500
739708754.1423745155 5406651.5893554688
721575693.1843150854 4741007.7692871094
733865982.2416127920 5240280.7270507812
757152147.9624419212 5758253.8217773438
706455623.6015707254 3890691.5081787109
721438343.5736927986 4733717.9514160156
733734704.0297216177 5238051.9643554688
721336130.5535694361 4726812.4152832031
694466950.7588042021 2882122.0394897461
720008296.1925836802 4653508.4138183594
733834057.6958891153 5239753.3588867188
733739497.3882676363 5239225.3471679688
795771860.2174687386 6019003.6064453125
733866392.9357358217 5245721.8950195312
696044561.8147906065 3048019.8095092773
695839451.7007430792 3026427.6980590820
695793681.4351328611 3024397.2213439941
695757724.3509702682 3023798.1309204102
695505966.0269212723 2995874.8508300781
695571099.0594108105 3003982.2189941406
770364897.7535609007 5905759.5400390625
778924581.8370828629 5976546.2441406250
779197910.2722840309 5978463.9941406250
721295044.3132779598 4725283.9079589844
721144203.1910309792 4717666.7976074219
770119788.3108680248 5905117.1103515625
737796304.0359369516 5358642.3784179688
761375093.9492740631 5806366.6015625000
738087841.4649573565 5365612.3725585938
747661019.0436260700 5577597.1923828125
795206700.4743666649 6017396.3183593750
761055189.7594463825 5805309.9833984375
784604353.2800645828 5999958.4970703125
734312704.8112140894 5263077.6210937500
760353506.6078112125 5795701.2587890625
737593283.8457721472 5353998.7583007812
760963208.4905023575 5804239.7597656250
694798077.3545787334 2931591.5675659180
784337843.1476852894 5999025.7626953125
768223088.5562711954 5887867.5244140625
747286034.0820169449 5572424.4179687500
738187806.1364952326 5368273.5405273438
760466451.4493901730 5797714.4755859375
695688329.1420247555 3011762.1511535645
738807454.3372085094 5384384.8461914062
734680121.1318012476 5273723.9418945312
780680450.3945447206 5984135.1572265625
780711975.0475099087 5984138.3378906250
781404328.7810513973 5985812.7705078125
780939501.7564231157 5984885.4267578125
738190610.3920968771 5369221.1274414062
734431665.6867336035 5264707.5659179688
695327670.5573848486 2981381.8040771484
734616879.6927264929 5272621.5708007812
734365774.0939060450 5263142.7690429688
734125993.8386108875 5254419.8168945312
759735429.1260306835 5787333.0175781250
781050406.6920047998 5985745.4960937500
738390809.0509871244 5371818.2861328125
695196514.5007888079 2963445.3212890625
783917477.9022024870 5996505.5595703125
737664663.3337265253 5356215.9619140625
705392071.7769335508 3818775.4575195312
759863855.1681253910 5790488.7011718750
768528859.9987292290 5889955.5244140625
781528939.0889149904 5986793.5800781250
695306737.9152224064 2975689.0816650391
734008456.4305747747 5249286.0957031250
734502151.4791837931 5268585.3564453125
695216974.3685506582 2966637.2009887695
695112516.9663332701 2952683.2131958008
734815669.0942386389 5278522.2080078125
695187544.3325760365 2960412.9578247070
695153223.6005280018 2960120.5359497070
693024999.0472908020 2573838.3822631836
715086884.1038488150 4366030.4635009766
765101021.0873328447 5850036.5126953125
692795887.9928219318 2545628.9751281738
705165350.3677177429 3789827.6882324219
767564055.7005569935 5879105.4462890625
692802045.5791447163 2548367.5395812988
692826429.9823206663 2558372.8458557129
767466047.3395776749 5875531.2099609375
693056288.0791769028 2591648.8471984863
751676399.7048264742 5652795.4990234375
755915693.6740250587 5729984.3164062500
719391721.2243602276 4602938.0878906250
719456259.0389946699 4616537.9377441406
755739356.4553856850 5724835.3784179688
766426842.8670259714 5860598.7705078125
704815016.2037373781 3754301.7035522461
767319251.9169968367 5874063.9482421875
794654888.1498192549 6014251.1718750000
755251474.7853381634 5715257.0058593750
719589306.4032204151 4620240.8898925781
793853498.8827472925 6013906.7832031250
704948841.0246622562 3763422.2477416992
755266879.6200671196 5716712.6816406250
705050486.3256703615 3776979.0464477539
704920786.8480255604 3761036.1593627930
693267445.9886581898 2617649.0036010742
754710771.6617910862 5707293.7724609375
693127538.0665786266 2603276.5953979492
719620630.6357733011 4625308.4846191406
766559000.4940780401 5866376.4003906250
744873240.5374581814 5505167.2021484375
754163533.6540429592 5696341.3144531250
794658131.9341373444 6014677.4560546875
704707576.8040437698 3740484.8665161133
719732050.9681187868 4630013.3149414062
744547799.5507559776 5496847.6406250000
754472023.6699247360 5702918.5937500000
793949335.7717459202 6014000.1845703125
752949294.0539704561 5671859.0683593750
753063617.7715741396 5676213.7714843750
764791385.7603818178 5844548.2421875000
753921999.0002173185 5689837.5571289062
791868655.7856060266 6009113.1767578125
791799434.4629992247 6007479.7099609375
744263386.7286741734 5490080.0258789062
752244307.8015094995 5660090.2993164062
753380650.9949139357 5679886.9345703125
745103821.8869256973 5510044.9882812500
719143012.4832587242 4593249.2684326172
744964423.9248459339 5507833.4824218750
745149711.7523453236 5510466.2358398438
752604531.3475068808 5665472.5600585938
744803959.7024445534 5504463.9873046875
791908787.1029680967 6009304.9082031250
791950262.5026196241 6009613.3613281250
719074552.3778865337 4584284.8963623047
764428574.1321524382 5838718.3417968750
753034350.5803192854 5673248.6914062500
793384532.5975022316 6010111.0664062500
793418929.8819036484 6010944.9609375000
704124445.3644759655 3663346.1754760742
693676515.8560878038 2666428.3064270020
704163858.4011158943 3669937.7087402344
718719996.6080250740 4556783.1467285156
718318908.5765144825 4540920.6164550781
718589016.5248998404 4554045.9538574219
718696082.3875856400 4555270.8666992188
704401120.3066180944 3695942.4809570312
693774887.0125265121 2678550.1689147949
714891498.9275621176 4355698.3277587891
703950986.6155219078 3660996.8637084961
703799941.6130211353 3647801.7828979492
703726525.3325326443 3625318.7227172852
694046259.0811811686 2714007.7898864746
694142460.1763385534 2717410.0115356445
693934030.2587680817 2699880.4869079590
749427457.2451897860 5600797.4077148438
749528453.9654833078 5601259.6240234375
703883859.5207055807 3649995.8656616211
694390751.4052643776 2789792.1384582520
694244844.2033365965 2756610.4965515137
717234498.8709594011 4469022.9691162109
694179056.3360443115 2729970.3859558105
694176787.4945267439 2729629.1371765137
716194726.8410314322 4420922.3485107422
717502089.6999408007 4483538.1937255859
716012068.1452969313 4408734.8826904297
716072081.8566936255 4412304.8665771484
717123312.1820077896 4463891.1625976562
716796301.1972112656 4447715.2874755859
716880841.6748385429 4452489.4173583984
733393477.6976443529 5133438.2966308594
733110708.2058807611 5124672.1354980469
733324007.4669619799 5129869.9699707031
778164623.1154835224 5946743.1503906250
732852339.1614099741 5112687.2902832031
701586039.2628912926 3416471.0709838867
702974864.3133502007 3533960.0738525391
703131626.0201206207 3548539.1141357422
702897114.8034070730 3532386.3509521484
702811280.5984582901 3518430.6739501953
702609229.5790696144 3507712.0893554688
702832980.4747860432 3524761.3967285156
701534143.5273156166 3410617.5714721680
702725404.9419933558 3517597.5889892578
701405729.8339525461 3392373.6181030273
701246452.6644359827 3365080.4806518555
701258638.5789681673 3371180.2526245117
701013709.8092023134 3347078.4950561523
701056512.3640141487 3349357.2623901367
700763225.5085633993 3305738.9192504883
700736985.2607426643 3301180.3505859375
700834076.1301728487 3315034.6596679688
774813207.1694490910 5913555.4599609375
774811924.8858683109 5913201.1582031250
774591480.9044593573 5910574.6064453125
774267282.5497492552 5907533.9511718750
774436498.4586840868 5908438.0097656250
774145803.4906281233 5906204.1210937500
774330366.3058162928 5908398.6240234375
713710503.7183184624 4164229.1597900391
713519638.7812125683 4157175.1502685547
713758970.5760178566 4176097.6129150391
713568431.1440707445 4162168.7435302734
713744457.3779667616 4166351.9515380859
713572306.1617769003 4162271.6732177734
700549671.2059723139 3227346.0969848633
700547572.9172033072 3221149.3371582031
700483135.2930822372 3220715.9436035156
700347323.8234108686 3207529.1125488281
700246533.2165664434 3171202.3472290039
699999730.6549059153 3139700.2974243164
700004402.1867572069 3139978.1807250977
699813902.0829889774 3118562.6992797852
699826175.8858541250 3121243.2768554688
713412701.8445357084 4127573.0107421875
699634923.5176148415 3104132.6754760742
699514454.1829067469 3090587.9475097656
712899890.2362662554 4068736.1168212891
712734727.6652626991 4060025.7408447266
712643314.5662147999 4049981.2396240234
712538295.1834722757 4040474.7147216797
712072295.6337482929 4016172.0300292969
712155628.6732467413 4019200.5080566406
712564716.9735544920 4044493.3942871094
711788054.2008118629 3980480.5579833984
711688764.1030820608 3966980.9564208984
711437081.5576963425 3948635.0161132812
711375540.6667162180 3925197.0751953125
711172355.8901089430 3913861.5422363281
731410823.3758894205 4908416.4763183594
731283648.5139200687 4901660.5144042969
731027887.3408954144 4896661.4787597656
731320733.8834183216 4905190.1462402344
729281827.4031949043 4825163.8122558594
729215026.9290367365 4822661.5124511719
729111114.3041518927 4817030.3537597656
728364131.1808634996 4791655.3767089844
728671030.5857297182 4803907.3137207031
728840661.7936893702 4807178.2971191406
728073515.8137842417 4770915.4084472656
