1155796065.7372770309 1282987.9879759199
1156767305.8058896065 1290380.9749512384
1215690612.1617829800 1670881.1382935923
1215921251.6233408451 1671878.5721925180
1217243042.4468858242 1676239.4829591196
1216668598.4589827061 1675640.2744630259
1235845125.2900967598 1756434.4579849243
1236053934.6559824944 1756844.3608169556
1235711482.2330188751 1756259.6623306274
1236444594.3629255295 1758513.4120864868
1236609264.6666979790 1758922.7548599243
1236569771.5741133690 1758565.9037246704
1277066435.5181610584 1841140.9345703125
1088603582.9325342178 487878.4371424415
1088784210.4998502731 490637.2373534464
1088558328.7457621098 486510.9568472602
1236699896.8053812981 1759256.4017715454
1236347990.6344437599 1758191.2974853516
1088803584.9162969589 494154.6054067113
1089486417.6431250572 502898.2821408063
1089606946.2738103867 505929.7258494818
1089286908.3329210281 499044.9838089496
1089344997.7253370285 499630.4421820734
1156662354.6176321507 1290199.7402506890
1156495187.3460943699 1289632.1736284988
1156824935.3724312782 1290788.8448626297
1215146395.9238154888 1663997.1850770395
1216500387.1151888371 1674753.7822755259
1236180711.7780189514 1757981.4975357056
1236006869.4799356461 1756733.5491714478
1236012313.0969672203 1756765.2542495728
1236126974.5370659828 1757613.5091323853
1091804256.8008530140 555797.7577074154
1110171446.6193552017 806753.6693867340
1110025348.6906032562 804094.5483007148
1110431674.5981113911 807639.3746565596
1156897541.8111233711 1291636.1733843582
1215953078.4482572079 1672550.8402589243
1215522794.0530602932 1670313.4776795786
1216727694.6097753048 1676216.5159181040
1215653205.4257223606 1670830.9611085337
1235363328.3163127899 1755038.9860610962
1235506661.5540895462 1755801.2450942993
1277716219.6684367657 1841982.1257324219
1216202552.2791392803 1672906.1879151743
1235345615.6726961136 1754299.3893356323
1109979212.1425809860 803405.1677802249
1216438341.5858771801 1674158.9769137781
1215722944.4986083508 1671181.5372951906
1235041985.8570966721 1754202.9432907104
1278492364.3130693436 1842200.9470214844
1110110326.3510520458 805622.6179979086
1109832833.3091259003 803296.7903617338
1109727870.1725826263 800966.6177848295
1156126782.8494913578 1287221.9081569212
1156262051.3422396183 1287571.2812637095
1215319206.2266952991 1668537.6795071047
1215859180.2942802906 1671545.6198147219
1217475966.6643695831 1678887.0120719355
1277481424.0175571442 1841862.8649902344
1277359711.9263968468 1841666.8896484375
1154369278.7243709564 1270411.9135015332
1154191304.9953532219 1267650.1115606152
1153907493.2438609600 1266072.8448808515
1109651438.4436378479 797062.1792529240
1154380554.2052335739 1270517.5917114341
1090553081.1241989136 529114.7465520003
1091502110.5378994942 549389.8098235228
1153870626.9555575848 1261153.0141143729
1091397786.9226102829 548086.3372893431
1091302512.3971843719 547743.9740080931
1091276621.4706962109 544088.2864688658
1091181917.5979046822 543963.7641651565
1090924803.5805184841 540389.1579680541
1277015666.6276934147 1839072.6822509766
1089947034.8934950829 507935.5697356192
1090577753.5943570137 529331.6262772777
1107697026.1241133213 772517.5081133897
1107576988.7106959820 768072.5407854798
1107675289.1319749355 771612.8954463060
1107096410.6073234081 764134.5845715533
1107228201.9524195194 765933.9889904986
1107433125.6220164299 767749.8887062604
1106988368.0944528580 763597.3459816510
1106972657.2110421658 759721.7977482015
1152829205.5079846382 1251572.3768888046
1152623408.7777719498 1248884.0319791366
1151964501.1093251705 1241331.0361714519
1105557084.7975594997 742473.9938687617
1105129513.5281686783 735059.8018402914
1105297368.9923617840 738171.1364810998
1104713222.6695265770 726340.7255751254
1105020707.3283081055 734211.5887977937
1105004876.6047687531 733712.3266823748
1104743957.8652050495 729662.6465217927
1104500408.4607884884 726099.0067130217
1103757941.7478101254 711593.3764084728
1103241337.5591919422 709353.2033041866
1103099690.8555202484 707152.7260092647
1151441479.7926518917 1229109.3848118079
1151435224.7292845249 1228360.6492161048
1151681821.4352791309 1232327.3212252953
1151150597.6157650948 1226443.1405491126
1150892765.7960236073 1221725.5829984439
1150323412.3191938400 1215819.5082319607
1102120050.5459539890 693009.8332626427
1149930531.5433309078 1210237.0947898165
1102022419.4220063686 683729.1296601983
1099450890.2725133896 642887.4606939646
1148169446.7929017544 1186148.6241891289
1148540429.2486786842 1191118.4370801353
1148739068.8762540817 1192829.3328015709
1148231868.3183176517 1188343.6511914635
1148591333.1098110676 1191651.6829297447
1148169551.6431796551 1187454.7767026329
1147773030.0664281845 1182698.9336850548
1101227319.1986637115 666416.5298151168
1101018725.3110234737 662780.2693792897
1101105714.4440736771 663098.7259905654
1101197644.7225930691 663721.4818973261
1101164735.2469787598 663635.8237590509
1100793582.1840174198 660149.9201945978
1100491568.4351708889 656518.6633083167
1100200213.5075323582 652541.8708065095
1144681458.2085907459 1152564.5835510881
1144924713.5986235142 1155294.0270630510
1145283184.0586371422 1158403.3047424944
1144495173.4556903839 1148699.5465330572
1144646660.3432536125 1150197.8601910563
1144263182.1745760441 1146903.3345083983
1144372843.2650382519 1147515.4216666014
1144119560.0731213093 1144783.4593052210
1142848866.4835526943 1133965.3160397536
1207363283.1437232494 1596127.4232854303
1207193098.3092095852 1594949.4830388483
1096411539.1189453602 564968.8902812738
1226505718.3795113564 1712291.9674730115
1141990113.1036481857 1114782.3327425015
1141895647.3048062325 1112409.3161790860
1228441872.2240319252 1722316.8313350677
1229475675.1542720795 1723383.4543591738
1096437701.1813132763 567504.2051027331
1096461925.8169839382 568530.9519045863
1097179534.6935985088 576620.3209082985
1097966536.8344805241 593041.1595854589
1098695115.6562778950 616311.8686854168
1098587066.4239871502 614748.4529139324
1137292192.0571877956 1064508.9730542307
1098093620.1617250443 601248.6260188492
1098311150.3538954258 606012.1983381954
1098443399.5600764751 610180.0862128063
1137222004.7864391804 1063955.5451917055
1098062464.2286837101 599704.7949237087
1228211958.5347018242 1721389.0415192246
1227724829.9424490929 1719536.5450668931
1228410363.4436917305 1721821.2927475572
1228842775.9044277668 1722599.5893784165
1098328742.9009134769 607150.5935801155
1098386777.8494946957 607580.9125202670
1228554730.3886275291 1722437.1548081040
1228010612.7382907867 1720571.4190903306
1227501279.9952001572 1717983.2108383775
1137067235.9212038517 1063447.9480835320
1226577520.0896229744 1713430.8449754529
1225401753.3952045441 1707146.3965501599
1225205467.6357507706 1706002.7028779797
1225743224.1195025444 1709118.0900850110
1225630676.1376714706 1707985.8900728039
1224860124.5044116974 1705754.8012819104
1140086306.3242778778 1091138.9190701433
1140447076.9475235939 1093492.3910455771
1140465216.5949087143 1094810.0684842058
1224614095.8380784988 1703693.0745858960
1224475834.2303614616 1703363.4490613125
1140122192.4792776108 1092190.8035916276
1139752398.2928030491 1087562.3043469377
1139411895.2690081596 1085430.2727612443
1223625039.5502247810 1699227.6151657701
1223174199.3932437897 1697274.3604364209
1139336118.4651172161 1081078.8134229784
1139213212.2983856201 1080545.6501768236
1139040990.0997929573 1080325.1025989656
1138540636.7096114159 1075621.4962757234
1135759790.5989573002 1043982.6767017292
1135218767.6101925373 1040340.1728598522
1134379260.9558920860 1033542.4057719158
1135075410.5808539391 1038678.7591349529
1135201712.2430517673 1040078.6455561565
1135081179.5714888573 1039354.4795939373
1270674915.9039428234 1814909.8273925781
1270508244.2902393341 1813317.0396728516
1270359995.9677278996 1809355.0129089355
1133870300.6006877422 1023351.5107569520
1133949338.0965728760 1024288.5118250672
1133892597.7291800976 1023885.9676356141
1131572422.6786341667 995082.0396190840
1131375420.4810552597 994681.7195507246
1131668051.6950650215 996133.6355663496
1131610903.8472898006 995929.5222695428
1131696641.9303321838 997255.8958507734
1131181817.5878136158 991446.1178673464
1131205028.7696642876 992809.9728205758
1130953665.2001094818 990408.4185253340
1128894185.9925363064 967497.2808354232
1128489982.9373459816 962371.2752429495
1128232093.4714975357 959399.3759900662
1125918819.4177823067 927146.1423593955
1125544734.7736427784 923599.7075907188
1125458761.8043718338 920095.4990723142
1124688716.7588768005 913540.6516080322
1125049074.1234674454 917404.1235356750
1125394760.2857513428 919726.2712820442
1125214501.0077085495 919316.4244310306
1124977458.6225996017 917201.3698735656
1124822707.3906047344 915885.6064458312
1213108583.3210151196 1624863.8752815945
1212613583.6212441921 1621809.8430550320
1212323253.7790424824 1620477.7378304226
1212380376.1951291561 1620963.9619515163
1212204480.3240096569 1617510.0946419460
1212402037.4386360645 1621532.6548226101
1212245870.6630737782 1620259.7890999538
1210506483.6370460987 1610410.5779297017
1210169952.5115559101 1608421.6097837947
1122090020.3104765415 881984.5079456503
1268847940.7793326378 1805991.1520385742
1122122214.5018486977 884617.9979358846
1268491087.2330818176 1805276.7428588867
1269104141.2872428894 1806298.6019897461
1121848390.5973401070 877628.1632012250
1261372006.9735362530 1787818.6901245117
1121682729.6206133366 874576.1632157655
1121673464.8478453159 871901.1714152189
1121681795.1091966629 871906.0481026785
1121694069.5581650734 874586.4461954923
1121446851.5558855534 871486.1936104910
1121313403.1660518646 869465.0044623255
1121104836.5070950985 867142.0736208317
1261490788.9722166061 1788139.4016723633
1261996555.4745538235 1788980.0025024414
1118307315.4929585457 833758.2100744441
1118508486.4269118309 835055.8664525491
1118057088.6606888771 831638.8046239358
1117959723.2091720104 830237.1394518358
1117869841.2420876026 829264.3492018399
1117475618.9058299065 825575.7690879521
1117380014.0291664600 824611.7375938115
1117379559.2633578777 822952.0081359562
1262744584.8370127678 1789999.7370605469
1262060016.3384933472 1789113.9257202148
1205767466.1652979851 1580754.4565426675
1265758811.4670166969 1791818.9164428711
1266110065.3704371452 1794227.8407592773
1266134865.4107530117 1795719.1925048828
1266556354.6299991608 1796481.6055908203
1197468537.7457845211 1517456.8535013949
1203801821.8691434860 1561924.5771028665
1204819811.8729472160 1568013.9972893861
1204097104.8666348457 1565178.0552522806
1204850102.0865983963 1569387.7804925111
1204597762.9015898705 1566507.3458555308
1204781547.4585194588 1567012.9714658824
1204431289.5855855942 1566485.5654600230
1202570200.5003218651 1548779.4456949048
1201785859.5692796707 1542054.7036523633
1202130650.8345727921 1545791.7743615918
1200236398.1955471039 1535085.4359324388
1200234304.9802942276 1533369.5521433763
1200138579.9976155758 1532201.4861996286
1199904348.1468913555 1531387.0857112519
1199993452.7606089115 1531955.2685177438
1198484643.1108672619 1523184.8080754136
1198450657.6673791409 1522864.7923283433
1196189605.4155237675 1501494.8246404263
1196211782.0613472462 1502078.0150701138
1196665191.5206696987 1503862.7098828885
1196106302.3103511333 1500598.9596501919
1196111871.0752146244 1500624.9244939419
1196067513.0762979984 1500526.8026677701
1194568137.2898824215 1476294.3836421659
1194524956.9571349621 1475933.6558589628
1194340771.8723351955 1473841.3765353849
1192546239.6483392715 1439782.5758561115
1192582783.2151026726 1441390.7594498615
1192415000.5857067108 1438664.8057145099
1191883646.8666424751 1434006.2345475177
1191635809.0208597183 1433307.6907646875
1191938948.0016913414 1434846.2583146463
1192204534.1196374893 1436151.8600062500
1191991833.9208698273 1435217.8686051737
1192136862.9942560196 1435750.2503045420
1186890206.5558176041 1361080.5372512043
1187854915.3393802643 1371555.7112230510
1187541339.1056880951 1368197.8730882853
1187949229.0436553955 1372129.0837358683
1187607420.5496096611 1368496.2093004435
1187042154.9688220024 1363747.1468398273
1187703283.8037524223 1369919.5515550822
1187638987.8861336708 1369516.5920824260
1187312453.6810154915 1365886.0827850848
