192817701.5330687165 3856294.5947265625
192867383.5539011657 3863914.1708984375
193893272.2626319230 4076037.5634765625
193906735.7849583328 4087589.7353515625
198480277.5946287513 4507749.6513671875
198520520.8858751953 4512730.6083984375
198303169.0522755682 4501227.0576171875
190988201.3624026179 3182188.6826171875
193094617.1898404956 3882411.9775390625
192900537.2340535820 3877370.1142578125
192875451.4559410810 3865206.5771484375
201578796.5449089408 4610665.3818359375
191038948.9300117791 3183497.8623046875
197166390.2962059975 4422990.2451171875
193120447.8252579272 3885589.6103515625
193005556.8315270841 3881840.5771484375
202858412.5194590092 4635310.3701171875
190945486.5965212286 3174256.5185546875
190908441.3869427443 3173055.7099609375
190834136.7718819380 3128551.1162109375
198803708.3601498902 4520725.5849609375
192987653.2159737349 3878937.3271484375
192767757.4370319247 3855936.3623046875
190686115.4402599335 3024652.1474609375
195395930.2289010584 4288085.0849609375
204208059.7324800789 4651304.7607421875
190839894.1668427289 3134157.0908203125
191312787.9889537394 3387446.4306640625
191324884.3662789464 3388164.9189453125
206309586.6515357792 4663372.0966796875
191292342.3984186351 3380938.0302734375
192122317.0145387053 3688183.7626953125
209317786.2803206444 4670630.0537109375
207590181.3501943350 4667557.0693359375
191806090.8677289486 3584576.7353515625
195603834.1431035101 4308264.1083984375
195913656.7840523422 4332225.2998046875
200426577.6810504198 4579336.1552734375
205964373.8613385856 4662929.0341796875
201942709.8463169932 4618526.0810546875
209263002.9241512120 4670295.4169921875
190883872.9977493882 3157516.9677734375
211100506.8091476560 4672228.9912109375
190697663.4252520800 3025010.7519531250
191760248.1576332152 3571008.0908203125
196771235.7774845660 4404995.3310546875
192143173.3291768432 3695809.2255859375
195691404.6210975051 4319338.2861328125
193284463.3640759885 3956967.7001953125
196430343.4534712732 4375404.0908203125
196105042.7676225007 4349801.0634765625
200955028.7346829772 4598741.9716796875
209050246.0180934966 4669423.5224609375
209099528.8122404218 4669906.2021484375
209221309.9508109391 4670085.9208984375
210009329.5980528295 4671451.4169921875
211376526.8714417219 4672257.1435546875
193228351.4466845095 3949062.2236328125
197618047.5188700259 4457357.8193359375
198651240.9705935717 4513916.2412109375
191554644.3320189118 3490770.9951171875
204227316.1796702445 4651427.3662109375
192196681.1463302076 3707442.4091796875
192720485.3487039804 3841215.3134765625
195827447.5103282034 4329450.0419921875
192225269.4110875130 3714052.1474609375
195460761.9467623532 4294884.3935546875
195485491.2708408833 4296138.4423828125
209264011.8494186699 4670571.2138671875
193257569.6641088724 3953995.9775390625
196230086.2434057891 4362859.7861328125
191177874.8929317296 3330411.9638671875
194188882.8998924196 4129235.1435546875
201031935.0213669538 4600651.4130859375
204453605.0837934315 4652956.1318359375
205601484.3138907552 4660924.8271484375
201712227.8156696856 4616555.6201171875
203864323.0786396861 4647132.4052734375
204125032.8365157843 4650345.5654296875
190646385.6274930239 2988841.9345703125
191164697.0127926469 3329835.6201171875
193238710.2717257738 3949995.9150390625
196780018.0664193928 4405423.1240234375
210784829.5031257272 4672200.4365234375
203532144.4875309467 4644259.7607421875
196729679.7205709219 4400699.2021484375
196607407.9308601916 4393555.8974609375
202661343.1387415528 4633825.5107421875
205814103.0410953462 4662039.3349609375
192692900.9229052365 3823299.3017578125
194062762.0804373324 4114273.2919921875
207149127.2104350924 4666533.7607421875
191153327.9879967570 3323613.4462890625
203056805.9463016987 4637478.5068359375
193933566.3141493201 4094325.1181640625
195442531.8465474844 4290892.0166015625
195989123.1379571259 4336722.1396484375
193252469.1148267388 3950252.4052734375
193326347.8575932682 3971888.8896484375
203878642.9376360178 4647715.6630859375
205645303.5138821304 4660931.4169921875
191643127.4227284193 3530926.6103515625
196054220.2998853028 4337207.6064453125
195507756.6326177716 4297424.2822265625
206076076.5317542255 4662954.1005859375
196055973.4983579814 4338088.0322265625
197879197.3570778072 4475657.3193359375
197766184.5491393805 4470837.6318359375
196654351.4322089851 4394887.8310546875
202595414.6277828813 4632765.0146484375
191679914.1419272125 3537379.4814453125
196695681.9504702389 4396521.3037109375
190799623.5731740892 3113790.5166015625
194389081.9305343330 4155632.8212890625
209792691.8277603686 4671251.0341796875
203304947.9763051867 4641998.7099609375
203668474.9260568619 4645976.4052734375
192698438.8259136081 3832157.4736328125
192657251.7553434968 3808505.7314453125
192648814.4937305152 3804408.0888671875
192265325.5701093674 3728039.5693359375
192545550.1815016568 3794996.6240234375
192545451.4107423127 3790706.5869140625
192518846.2644873857 3777645.9912109375
193284691.1396356821 3960200.1455078125
193344186.3517920375 3971953.6767578125
195775309.3852088749 4324898.4833984375
193314546.6551353633 3966843.6103515625
193294854.2876178026 3965436.7119140625
194163782.1306428313 4126514.3212890625
211891641.6694036126 4672497.7333984375
211709362.4234796762 4672384.5458984375
192466626.2166049182 3766238.5341796875
196831638.3839138448 4408230.9755859375
190632483.6071716547 2965248.7890625000
190685066.3933986127 3019602.2949218750
192401913.4684742987 3756556.7666015625
211688914.4962250590 4672305.1943359375
192504486.9940967560 3775090.8271484375
209640555.0091125071 4671074.7021484375
190633896.1220318079 2969672.3046875000
193360348.0393179059 3976791.2275390625
195611386.1647726595 4311616.4384765625
190660001.4754300714 2999976.0859375000
195280499.7346585095 4263772.7294921875
201911503.2858550251 4618303.9794921875
209967377.2299918234 4671310.8857421875
211328811.8322553635 4672247.0458984375
211485248.8750814497 4672281.4013671875
190673823.4274180830 3015554.7441406250
196154263.0421011448 4352072.4970703125
195086976.2262198925 4234970.9599609375
207306360.3583128750 4666871.0771484375
190780062.8295790255 3103165.7812500000
198089479.1573890746 4486277.3779296875
207875653.4147399664 4667974.9287109375
198043269.7353385091 4485662.2841796875
196128734.8973948061 4350365.2646484375
198020121.1787056625 4483995.7060546875
197894579.1368039250 4478407.0966796875
190655747.6739795208 2994786.8300781250
190772863.6456736028 3098101.3964843750
197986709.1894313693 4482302.8505859375
207772538.7985743284 4667739.9912109375
201122303.8036290407 4602946.6357421875
193348118.0816445947 3976092.9248046875
197584085.2536123693 4455493.7685546875
207255808.3527599871 4666593.7607421875
210515013.4859746397 4671651.1591796875
190812189.7026395500 3115693.8925781250
190787103.2427355051 3105585.2656250000
207347843.6739894152 4667123.9208984375
205323794.3461639881 4656627.6240234375
192491542.6679295897 3771753.8251953125
197652129.8327116668 4459791.7490234375
196254911.9638968408 4366140.7080078125
199675477.5440583825 4538238.5224609375
193925209.7439569235 4088265.7841796875
191264882.1990136206 3372832.7314453125
210576887.7121957541 4671798.8349609375
203224230.9923012257 4640366.8896484375
191702493.2775652707 3553385.5869140625
205529520.5999716520 4659330.6474609375
199537771.1786752939 4537811.7373046875
199394720.2027033567 4537381.5537109375
192367558.4368334711 3750582.2177734375
194146634.1646165550 4124851.8291015625
197555512.3354532123 4454656.4326171875
191992921.0228357315 3642687.0205078125
201945525.0569028258 4618622.5263671875
194110517.5260121822 4120102.2314453125
196740297.6328695714 4401453.6591796875
208868144.3775257170 4668777.9248046875
205141961.4543042183 4654146.4833984375
192320757.2852595150 3736961.7568359375
204781825.2412551343 4653897.6708984375
195165633.6381280124 4253328.7392578125
191194758.0503426790 3337530.5693359375
197048439.3896178305 4421157.9833984375
207001765.0937932134 4666198.8818359375
197037528.0582791865 4418931.6552734375
192342048.8675015867 3741453.0185546875
196829971.3153933585 4407821.2919921875
201218986.2054804265 4604839.0146484375
206827800.6991123259 4664989.2216796875
190759441.2348048985 3073069.0615234375
195359663.1412430704 4277779.5732421875
196601260.6531328559 4390206.7333984375
202225181.2216866016 4624167.2529296875
202169507.9292443991 4623422.8779296875
203953895.8057815433 4649106.0458984375
199032904.9201837778 4522915.6357421875
202009468.2332799435 4621978.9013671875
193716764.4017011523 4043056.3271484375
201268445.4619303346 4606732.4599609375
204170552.5432546139 4650894.1162109375
191159760.4547353089 3326125.3154296875
196172863.1065284908 4355965.5986328125
206853535.0626806319 4665703.0849609375
194404876.6428573430 4158453.6201171875
193618775.9404493570 4028238.3291015625
201143832.5211493969 4603799.4443359375
203644521.7980825305 4645412.7021484375
197704607.7920820117 4463641.4404296875
190740763.3339410424 3058909.6416015625
191207014.1928648055 3345804.4482421875
191617546.4640355408 3521125.6923828125
192008646.7972846627 3651375.8603515625
192098549.9540443718 3677421.8388671875
197620604.2527651787 4458591.7685546875
191660513.8553799391 3533672.1923828125
192046976.3434896171 3660552.8369140625
192056346.1877900362 3665003.1689453125
190722009.1826884449 3048467.4384765625
193413208.5636226535 3987449.0439453125
201667882.0744448006 4615194.7216796875
199057144.1258399785 4523151.9326171875
191945353.8468606174 3629551.4462890625
191934509.2001761496 3628038.5791015625
191875923.9988264740 3603440.8759765625
191884322.7374531925 3603866.5556640625
191849232.6177903116 3592133.7216796875
191206386.0063543618 3342764.1806640625
199135625.1346578598 4527037.1513671875
191228033.5527625084 3354377.5361328125
206398566.7351497710 4664073.9833984375
194282991.8643953502 4142297.7255859375
194187943.6529922485 4128958.6025390625
193436925.5859302282 3994635.8974609375
206691560.9802364409 4664700.7255859375
193734723.3005945683 4046946.1025390625
191327315.0011748374 3390252.6240234375
193380544.6146162748 3981216.2216796875
206521347.4556273818 4664520.7138671875
206125921.8842776120 4663224.8076171875
194300103.5628893673 4142847.0341796875
191241895.7552310228 3362031.1240234375
194259949.0226538479 4140426.6552734375
191583110.9878094196 3506135.9912109375
191582402.2670635879 3499516.8935546875
193640326.0212861300 4035285.9384765625
193574044.8351584971 4020269.2001953125
201310186.3504220843 4607122.9521484375
208651579.7088135481 4668055.3349609375
193563010.3593660593 4019775.9638671875
191549138.4988468587 3485570.5693359375
201988250.8798106313 4619913.4755859375
202121510.7253550887 4622340.2216796875
193686603.2044250071 4042772.2392578125
191506249.5169653296 3464254.1513671875
191460083.7065542936 3450683.0517578125
191487888.0239654779 3457221.2646484375
205290822.8462419510 4656209.7607421875
193750437.5877738893 4054508.5908203125
201957911.3821676373 4619807.7685546875
203146058.0897099972 4637613.7021484375
208805029.0813722312 4668141.5888671875
194646289.4513528049 4178943.5654296875
194469936.0977983177 4159741.4677734375
191452961.3644167781 3442056.4423828125
191412906.0338486135 3419229.3330078125
197270642.0510279834 4428971.5576171875
191432448.3685582578 3428446.8896484375
191436931.9193575680 3433543.1103515625
194802565.3223870993 4194845.5517578125
191386273.8294002116 3401773.7705078125
200399093.5128262937 4575578.8349609375
200338263.0943957865 4571365.6826171875
194647500.5326802433 4179286.5009765625
200290284.5594604909 4569457.8505859375
200126169.6487995684 4563388.4951171875
200292271.6029637158 4570103.2177734375
191374796.9839958251 3397337.6669921875
200351569.1131186783 4573572.1787109375
200082516.9519881606 4560174.6708984375
199927631.7322927713 4549692.7685546875
199958732.6025714874 4552354.3388671875
191092475.8248282969 3213147.5322265625
191060851.2109332979 3197915.0166015625
191077468.6957401037 3199015.7041015625
