1182842678.4734954834 9376112.8715820312
1183219909.8997554779 9383268.4174804688
1182966418.3769183159 9378814.5610351562
1183782467.2602307796 9388445.3017578125
1183569305.3649785519 9387365.4033203125
1183809309.2210240364 9391700.9443359375
1202990946.7640573978 9707035.2138671875
1202664836.2482321262 9701356.0312500000
1202817307.7776710987 9704537.4765625000
1262952900.2836644650 10175379.2724609375
1262591422.6631629467 10174772.5048828125
1072559846.2941968441 4433155.7612304688
1072897973.3208204508 4474131.9008789062
1080496893.4241459370 5155001.6774902344
1112032425.6322433949 7030266.2182617188
1132104184.2553176880 7896780.3989257812
1179048143.0383706093 9287811.7802734375
1179135169.2108199596 9289603.1635742188
1182724096.4119067192 9368329.3041992188
1201831697.4379410744 9685222.4550781250
1233070310.0692214966 10040233.7060546875
1111255108.7557082176 6994044.8010253906
1073131031.0438696146 4491686.6341552734
1111814379.3144004345 7022994.1911621094
1132215061.0169308186 7901144.1862792969
1224847155.5604352951 9969574.8642578125
1178945739.2617845535 9284665.3032226562
1179580977.6745684147 9298399.3969726562
1080638088.6046545506 5155841.2050781250
1085794323.9165575504 5547550.1306152344
1086233087.9436624050 5561218.3260498047
1086025841.3944392204 5560370.3557128906
1156004770.0443964005 8672923.6904296875
1179176190.8432457447 9292402.9067382812
1184103201.8704791069 9394385.3544921875
1225316568.0346636772 9975705.8076171875
1072976532.7300639153 4480044.1882324219
1155677244.9431014061 8668844.2766113281
1155709265.1407806873 8668972.9455566406
1155160670.7458708286 8656193.7663574219
1232474072.7541379929 10034282.1162109375
1261674859.1166555882 10173767.7666015625
1124455084.7836263180 7609325.1567382812
1184734079.4136817455 9399384.3955078125
1073117337.0801310539 4490741.6936035156
1126806491.4893596172 7699347.1125488281
1178720145.7455682755 9277313.1328125000
1086379464.8341081142 5564359.3281250000
1085721946.3732068539 5545008.7858886719
1085810727.8916876316 5549763.3215332031
1085581461.8170852661 5536062.5944824219
1125552343.6889429092 7655567.9902343750
1154497267.0187878609 8629622.6320800781
1072997058.7267817259 4481837.1331787109
1125847576.5318012238 7664727.8427734375
1131867572.2746262550 7888029.6809082031
1073155489.2569645643 4498849.1390380859
1072953695.4123561382 4479767.1986083984
1085399292.8535282612 5522595.4885253906
1225505489.3014802933 9978393.8935546875
1080129888.1313064098 5134788.9682617188
1073227893.1427235603 4500611.1544189453
1073207181.8892621994 4499563.0189208984
1125588880.9208757877 7657818.2705078125
1131481932.8659679890 7874713.2875976562
1226138251.4070456028 9983406.3554687500
1131253189.4918291569 7867291.5327148438
1131131715.4520504475 7855305.4401855469
1154056808.4417595863 8616667.7634277344
1130876716.1410100460 7850406.1120605469
1131191919.8483076096 7862260.0488281250
1204047258.5329144001 9712084.7246093750
1203835469.4971935749 9710057.3593750000
1131319447.7456316948 7867700.9348144531
1111748731.7924301624 7019436.3986816406
1111505573.4574725628 7007348.7189941406
1111345044.9185359478 6994459.6950683594
1125651070.8919503689 7660406.0637207031
1125315617.8682289124 7645045.5419921875
1153562771.0003488064 8599007.5209960938
1179615710.8434462547 9302125.9702148438
1179476138.8275582790 9297321.0209960938
1204132691.3692190647 9714726.2919921875
1224335826.1033256054 9963166.2910156250
1224813298.8369841576 9969498.0664062500
1179849877.4686119556 9305548.3872070312
1152765232.8479483128 8569620.2631835938
1203837342.0997602940 9712054.6132812500
1224467700.9688885212 9964733.7910156250
1182264289.9529120922 9360441.6098632812
1074049950.0253126621 4564717.6556396484
1181610944.8238084316 9344658.4057617188
1074639214.2777199745 4612249.3144531250
1074657556.2979655266 4616835.7666015625
1074553562.7296664715 4602972.1982421875
1074448322.7742669582 4601278.0283203125
1074230383.1835446358 4574467.5346679688
1152767263.2848625183 8571919.9311523438
1152502985.0292353630 8563530.5961914062
1153064814.6417100430 8579369.9096679688
1125297708.2660305500 7643837.4711914062
1097111944.3988699913 6169232.3148193359
1096383641.0138711929 6140266.7141113281
1110517695.8158833981 6941144.9714355469
1110859205.3839867115 6959250.0219726562
1079830915.6273579597 5098360.3618164062
1084753146.0721189976 5453359.5576171875
1084648270.6306266785 5448978.2497558594
1096678206.8623635769 6157711.5148925781
1110560210.9596729279 6941405.1408691406
1079658526.3022463322 5077901.8037109375
1096755972.8557696342 6163938.6008300781
1110923461.0684170723 6959532.2043457031
1151935517.4446809292 8539341.3059082031
1083903760.6057786942 5397730.8948974609
1096637878.2543773651 6152713.4758300781
1151447402.6061999798 8514203.8229980469
1083738347.6778838634 5373206.2806396484
1083753474.7441091537 5386082.5604248047
1083503921.6099958420 5366310.4945068359
1110603356.9000689983 6944839.8166503906
1129681575.6048412323 7801876.9965820312
1258732568.1790857315 10164669.7070312500
1259179228.7427036762 10167461.6328125000
1096426318.9388017654 6144852.0845947266
1110603370.5350208282 6944936.2863769531
1110345069.1632754803 6925953.6110839844
1083496312.8162596226 5357087.4260253906
1096423853.7100346088 6142197.3996582031
1079324000.3089127541 5043369.1684570312
1256003750.2969098091 10157800.4345703125
1079177350.5271825790 5029437.4379882812
1128221921.0135974884 7745307.0151367188
1096058672.5880000591 6115556.4763183594
1076672539.1412818432 4734691.1801757812
1079113896.4052431583 5020663.0546875000
1082910812.6362295151 5315590.4948730469
1076731719.2415301800 4739438.2886962891
1076400376.8528630733 4729886.2250976562
1228190152.4782519341 9994286.9912109375
1128040836.1014196873 7734399.1921386719
1079095517.5557742119 5017564.5522460938
1198047385.3846237659 9621384.1201171875
1096244568.9664850235 6133345.9406738281
1078944206.1732425690 4997704.0048828125
1127685660.2807824612 7724407.0451660156
1082475681.2955327034 5272972.3114013672
1258699980.0397453308 10163697.2294921875
1178299067.9921851158 9244140.1938476562
1127338138.8810415268 7709396.9897460938
1127180789.1495153904 7704475.8354492188
1257664658.6652467251 10161518.2382812500
1123112911.0426557064 7532832.2092285156
1198702257.8001935482 9630533.0087890625
1198439282.6269395351 9625041.5429687500
1081893779.8961665630 5223143.2606201172
1199280624.8145580292 9640680.8642578125
1199491099.2442967892 9645554.6210937500
1127300825.5760002136 7706056.1259765625
1199969029.1220004559 9652530.7929687500
1198634003.9607586861 9629378.8037109375
1198503952.0242063999 9628700.7587890625
1123190517.8200931549 7533970.8349609375
1191770032.2021687031 9501476.1103515625
1257159737.6998364925 10160022.9218750000
1191067262.5049557686 9488000.6523437500
1256797951.5203366280 10158984.9804687500
1256993664.3871335983 10159716.4296875000
1198343024.3051629066 9624574.8535156250
1198445388.0000417233 9626356.6074218750
1230418756.2594075203 10009565.6445312500
1192104952.1836855412 9508175.0000000000
1177108435.3035488129 9199683.5312500000
1177194057.4710962772 9205279.8251953125
1176943505.5933992863 9196987.9458007812
1191901280.3497674465 9503968.0976562500
1176158460.1663393974 9179616.4780273438
1176946633.8492085934 9197570.7875976562
1191680616.5108790398 9501116.3671875000
1075620508.8522484303 4636487.6853027344
1176726534.4369945526 9194253.3881835938
1230136377.0308597088 10005259.0390625000
1176517663.8747000694 9189781.1323242188
1228889786.5931508541 9994537.9013671875
1229383406.5790176392 9998399.1923828125
1078479571.4250905514 4919390.2094726562
1229254766.0714957714 9998194.9169921875
1229366569.7252447605 9998200.6259765625
1229845055.6048526764 10002394.1103515625
1191293760.6674215794 9493074.9941406250
1078682527.2650527954 4946679.6705322266
1191178105.2125737667 9489773.1855468750
1078577483.9899499416 4932852.2794189453
1078534312.3505954742 4922782.9406738281
1122207896.0547721386 7462697.0895996094
1122561912.0960254669 7480375.1145019531
1122300369.1511306763 7472321.4216308594
1122444173.6852464676 7478136.4521484375
1121926643.0391645432 7453534.5000000000
1190674703.8800597191 9477507.1757812500
1094596656.5273377895 6005186.3310546875
1094747888.4720304012 6009273.2075195312
1094338671.9902520180 5975748.7060546875
1094566078.9742641449 6000260.6440429688
1077657636.1036717892 4748423.6495361328
1077662593.8855993748 4755445.0831298828
1077727133.4713845253 4776753.6968994141
1077789958.5330457687 4777596.3748779297
1094005408.8424623013 5959043.6796875000
1094081058.0812659264 5965649.8933105469
1093822379.8120241165 5947896.6972656250
1093967446.7016706467 5955357.2949218750
1121005997.3465812206 7393711.4692382812
1120321651.0942230225 7359684.7185058594
1120747854.7571403980 7380512.4001464844
1150640530.3374354839 8436128.5539550781
1149924655.5681934357 8413438.7419433594
1077909144.5954713821 4793560.4825439453
1197522289.7255837917 9578091.1738281250
1119721912.3952746391 7328001.9682617188
1119528089.6380743980 7320381.1835937500
1148533122.9759373665 8367005.8486328125
1149123387.2067406178 8380235.6738281250
1148970748.4051628113 8379662.9433593750
1148832902.6154236794 8374633.9677734375
1092540912.7681796551 5838239.3690185547
1092330450.3391366005 5817542.0711669922
1149545563.7216105461 8392016.4975585938
1149705346.1573896408 8399687.9709472656
1149644763.6618609428 8395803.7377929688
1117052786.5677893162 7187368.7097167969
1117019169.4260177612 7180759.9812011719
1117213099.6332199574 7197216.9963378906
1116644005.1404893398 7172063.0358886719
1114316026.1078670025 7058071.2883300781
1092067745.1651253700 5791620.5462646484
1092158498.6952707767 5795982.8927001953
1091998082.6398859024 5782884.7447509766
1091911132.5923631191 5780807.7520751953
1091826873.3019843102 5772018.7056884766
1110293833.9166023731 6832114.8193359375
1139091825.2211625576 7977707.0051269531
1108633642.8970189095 6725301.8015136719
1108655935.9938342571 6731993.4831542969
1108749788.3208155632 6733975.4934082031
1108488836.4397447109 6724817.5720214844
1108393843.8970737457 6714826.6840820312
1091425687.2594115734 5737585.2084960938
1091275070.8466706276 5725678.0625000000
1139445440.1535584927 7992223.4992675781
1139372132.9718341827 7991701.9162597656
1106803399.3520483971 6605630.4265136719
1106909783.6856329441 6606229.4304199219
1106625533.9495110512 6593925.3630371094
1106779696.6103293896 6603091.5895996094
1145731895.6951999664 8226888.0449218750
1140361565.8869462013 8025663.5368652344
1140000952.6948757172 8015347.0456542969
1144669960.7918541431 8180385.7143554688
1145298014.5399351120 8206384.7373046875
1145200811.0951557159 8204976.5283203125
1144773954.2160859108 8190125.3867187500
1140816987.7276494503 8039096.7824707031
1143890356.1652586460 8154921.4272460938
1089333920.2019488811 5578212.8493652344
1105710234.3687968254 6504964.6791992188
1089312179.1022882462 5572936.1442871094
1106451444.3750436306 6547102.3801269531
1106251145.1510541439 6534047.9279785156
1106213942.9007918835 6530469.9780273438
1103699638.7044038773 6384034.8410644531
1140255076.9332854748 8020389.1979980469
1143448445.7442495823 8132310.3476562500
1142711717.9785535336 8105207.1230468750
1103170506.8974368572 6346427.8325195312
1103098686.9983637333 6345094.5151367188
1102761142.4597821236 6321874.1059570312
1103315049.0533571243 6356831.5395507812
1102662318.0165987015 6311587.1757812500
1248731499.5078890324 10058182.0693359375
1248567785.8203783035 10056444.7001953125
1248770968.8689055443 10059060.5009765625
1248271663.8136758804 10053964.2998046875
1138760971.2634561062 7928920.7150878906
1174296491.6635231972 8956203.4047851562
1174249080.0088539124 8951435.2480468750
1174061922.9376211166 8947171.3276367188
1174002668.6338574886 8946922.6528320312
1173753245.1090090275 8943951.7426757812
1173969173.1489303112 8945909.1020507812
1173760619.1803076267 8943978.2241210938
1169013286.2129018307 8803643.2890625000
1168249063.7274098396 8774526.4731445312
1167051827.9828541279 8739430.0546875000
1166313845.0576174259 8719124.7119140625
1165196670.0120105743 8686975.5283203125
1164951323.5230374336 8674294.9565429688
1102258994.7076747417 6225647.4165039062
1102132450.2776262760 6221105.2973632812
1101914359.4582154751 6208109.8552246094
