402183942.1334718466 6589236.2470703125
402034212.7511695027 6584369.6855468750
401961898.0439369678 6579774.3203125000
413223330.6397119164 7828559.5781250000
456047386.8147447705 9063998.5175781250
401870986.4105624557 6565398.4296875000
426593156.9163019061 8468619.6835937500
455544917.7541214824 9057039.9335937500
462815932.2115640044 9111229.4746093750
470028119.8808651567 9136634.5917968750
399084517.7805600166 5960621.5937500000
413293821.8823383451 7829745.7968750000
442465740.3200613260 8899144.5292968750
442395478.3314783573 8897377.9199218750
442069992.4009889364 8892057.0019531250
413139431.9043467641 7820751.0625000000
433306398.3294426799 8688205.4863281250
439521625.1920987368 8842546.7304687500
403714077.3462249041 6812736.7070312500
404671256.7065651417 6913532.5410156250
414273996.2246630192 7894386.0800781250
414400885.8559271693 7905108.5761718750
426843845.3211744428 8492761.0703125000
439572093.3979346752 8844662.6210937500
441825099.8518278599 8890605.9042968750
442115443.1935173273 8893387.3535156250
399727404.0698008537 6171249.5556640625
404421254.8963200450 6908741.2685546875
399601016.1863952875 6146191.8847656250
404233393.6843732595 6888175.9248046875
414294069.0355552435 7898800.4023437500
433032864.3725704551 8683227.5781250000
439485404.7380312681 8842223.4550781250
449089131.5492992401 8992817.4746093750
451110070.0620653629 9017470.0859375000
461073554.4303439260 9102367.1132812500
462370352.2718290687 9107547.1035156250
479800877.6336306334 9152394.1484375000
399139212.6766561866 5979442.0917968750
420452756.3451426029 8235911.2675781250
427190886.7152078748 8502012.3300781250
456153522.1049612164 9069076.8535156250
456907242.5675126910 9072904.0156250000
469249384.6353805661 9134652.4179687500
399161331.9556231499 5981458.3710937500
442150731.9200662374 8893493.8515625000
438526751.6291651726 8812616.7714843750
421108038.7439484596 8267554.2832031250
462398383.0781158805 9109758.9746093750
469269576.0946038365 9134890.0683593750
399242910.5027905703 6000098.8837890625
438719877.8053889275 8825666.3496093750
402149868.9544196129 6588401.0332031250
461745367.9265015721 9106313.9375000000
412228095.6254156232 7737531.7167968750
414152460.2000608444 7892713.2539062500
414104260.2137676477 7890769.9804687500
439475913.3456914425 8841564.7753906250
411162820.3960785866 7630915.0605468750
412986007.8429722190 7812034.4179687500
400838185.0602347255 6411123.1191406250
420916364.8386649489 8261784.2167968750
469625640.5493814349 9135828.2480468750
469192579.4885713458 9133968.4101562500
413904493.0159559250 7877230.8222656250
413828116.5181056261 7872266.7226562500
421692994.6430268884 8289881.0722656250
421647005.5024892688 8287277.2207031250
439885260.6799739599 8849675.4902343750
432231067.2874468565 8659461.6894531250
438587191.9218745232 8820831.4785156250
439410189.9507116079 8840741.0351562500
439724480.2679024935 8848238.8906250000
401609458.6690575480 6536522.0078125000
401084905.0469117761 6447750.6611328125
401541158.1662564874 6524004.4785156250
421242820.4876085520 8273921.4433593750
432044291.5430660248 8653086.6171875000
462167063.3304820657 9107318.1171875000
413749328.7335443497 7863164.2832031250
400869535.9533025026 6416976.8593750000
421836693.7340131402 8292223.1816406250
461360689.1909610629 9104479.2207031250
403845115.0547217727 6838699.1552734375
403924626.9762026072 6848572.6142578125
438943617.4307287931 8830836.4882812500
450587195.2016857862 9013123.4394531250
412674977.8642728329 7783684.9863281250
403926510.4763402343 6849506.5712890625
414569341.7314257622 7911286.7031250000
425372717.8197177052 8429920.9433593750
425262089.9961386323 8417871.2207031250
450560847.9372495413 9011573.4121093750
463704923.4100961089 9112136.5039062500
479166359.4424811602 9152240.3789062500
440964031.8194454908 8873576.0722656250
450182311.9806735516 9008017.6289062500
414737378.6287658215 7917214.4101562500
425187240.2740764022 8417556.5683593750
442873539.4206147194 8900311.2558593750
460875315.1858503222 9101443.0878906250
425843694.5335537791 8445690.9140625000
449728668.4157414436 8999279.5703125000
460402684.7823156714 9096485.6230468750
478991166.6681493521 9151842.7070312500
401418156.4575515389 6506203.1601562500
404075992.9228726029 6868451.5439453125
449615828.5683053732 8997117.5468750000
404913125.3031771779 6964232.4716796875
413436509.9963852167 7845180.0468750000
449840186.7098034620 9003736.4980468750
440538613.2460063696 8862634.2324218750
405005223.0261487961 6967111.5742187500
454381175.4199526906 9050748.5429687500
405339499.2714767456 6967613.7470703125
411391330.7963331342 7652014.5058593750
435003925.3542534709 8731504.5917968750
463185922.4177271724 9111353.7929687500
478366720.1553329229 9150748.9101562500
404004193.0444530845 6857732.2988281250
420370918.6714283824 8218659.0214843750
404823301.8572489619 6955268.0849609375
474498078.3668724895 9145226.0292968750
400977631.1496602297 6436774.0937500000
404688051.8126448393 6941276.9248046875
431674531.9017904997 8644161.8671875000
440029547.6345149279 8852366.1816406250
420581659.0547316670 8243268.4121093750
432346567.2296531200 8663122.3828125000
426012980.1994067430 8453014.8789062500
440480157.4941489697 8861709.3164062500
468736924.9321371913 9132745.0039062500
431809267.3301454782 8648731.1914062500
434833588.4453855157 8725057.6015625000
440336957.2502535582 8858973.0664062500
449031923.4475694895 8992232.8750000000
401170237.1892818213 6463014.1650390625
399049196.6214692593 5957695.6230468750
431051045.3103123307 8622206.6738281250
454884508.1396705508 9056424.9609375000
401395703.9243339300 6490149.1767578125
448565344.6845172644 8987350.7402343750
454754714.3489045501 9054925.1777343750
404356522.0546332598 6901961.9580078125
399565112.3251367211 6121198.4433593750
404173270.8177464008 6879684.0283203125
404093347.3665175438 6869438.2001953125
426173584.7956935763 8462227.0937500000
399707196.3356592059 6162200.6894531250
454588690.2002331614 9053658.9453125000
439677835.7988859415 8845094.8183593750
426051715.0126335025 8457823.8046875000
399747311.9840339422 6173441.7304687500
399797019.4310321212 6182159.6611328125
412775655.3285048008 7788702.1523437500
411319191.9704601765 7646673.0234375000
468136975.8095054030 9131313.5234375000
435434911.8655715585 8739078.6328125000
403834544.3760200143 6833653.9375000000
419846307.1193866730 8199361.8046875000
460124109.5830681920 9094605.5917968750
454188343.1458967328 9047180.4902343750
460434708.6713687778 9097530.8691406250
403360428.4036633968 6771221.8105468750
474405771.6859379411 9144860.1660156250
399431639.6631171703 6058344.3212890625
426115186.2271124125 8458174.6777343750
454575847.2270528674 9052379.6914062500
425872484.0435748100 8450574.4316406250
454231305.0592833161 9049402.6718750000
403532665.7971150875 6793019.5722656250
454284007.0548855662 9049582.8046875000
474649965.4018021226 9145596.8613281250
411571180.0308072567 7668954.1269531250
400763407.0532659292 6385269.5781250000
447388103.4193478823 8967387.4941406250
411419512.1352071166 7657358.0234375000
447675414.0200711489 8973917.2968750000
403225630.3062229156 6747286.8115234375
434546534.4170241952 8720274.4726562500
403176616.4095859528 6742139.9033203125
434605682.4901406169 8720387.9941406250
473202799.0646777749 9140204.8203125000
399519568.6842346787 6089313.9550781250
467358782.8672806621 9127358.6250000000
411615070.4755926728 7669477.6914062500
415531420.2313514352 7947881.0292968750
411485342.2278481126 7663299.8867187500
424022176.8550894260 8374330.5351562500
424017571.1079082489 8368638.1738281250
411651607.2205219865 7679871.3066406250
447098823.2291846275 8964505.7773437500
434143863.8330878615 8709536.6074218750
415230742.2955009937 7932940.1289062500
466775129.4368731380 9124255.5996093750
477623666.4373901486 9147990.3417968750
399554618.4816152453 6103783.5302734375
477445102.7812808156 9147257.2656250000
400796437.5098602772 6392120.8964843750
424203813.1478551030 8377869.4140625000
476836374.7532307506 9147251.5488281250
399339830.3899205327 6013129.5107421875
465115502.1101918817 9115845.4160156250
399317446.4243136644 6004053.4248046875
446810186.6871242523 8957697.4746093750
466677988.3649675250 9123225.1562500000
466335815.9491184354 9122219.1054687500
473405761.2377679944 9141591.7285156250
476025173.8092424273 9146778.9980468750
399392496.9906085134 6029469.3232421875
419424219.4555058479 8167415.0781250000
446574450.0924791098 8954750.5917968750
445881415.4458682537 8941261.6347656250
475853429.9420587420 9146642.2148437500
445924666.3254480362 8942175.3652343750
452634827.2719433308 9025742.5605468750
419580304.8045544028 8174505.9511718750
452779945.5681437254 9027609.5195312500
446173939.7370672226 8947164.9765625000
423856877.0979424119 8364295.3398437500
430188743.3997409344 8587698.4550781250
423857462.0055044889 8365517.9023437500
458387416.7731506228 9080112.5117187500
459294256.9847409129 9087535.2089843750
476593345.0515217185 9146988.6093750000
402900601.7140523195 6680452.2558593750
402918350.7212533355 6695508.3232421875
465864189.2963953614 9119942.8203125000
465286057.5270997882 9117127.8164062500
402747052.0099421740 6668357.4404296875
402641993.4521685839 6657720.6064453125
458720849.0395994782 9082354.5429687500
402556710.1709352136 6645728.4873046875
464994008.1558031440 9115574.0097656250
402396072.9102576375 6617563.3027343750
422684334.9043571949 8310283.8222656250
422509451.8256713152 8301715.3007812500
430120092.6191108227 8581753.9511718750
402291024.9238321185 6604691.5000000000
422384350.2652757168 8295188.0820312500
458569563.9993903041 9081132.4257812500
430075075.1193472743 8579820.1152343750
406570529.3283562064 7087333.8935546875
419251109.2450522780 8146083.5527343750
406641952.7413749099 7095620.1171875000
418240536.3709297776 8089419.9589843750
473965519.0674542785 9142683.2714843750
418494164.0817766190 8106139.9570312500
418581556.6921413541 8108272.6933593750
418855275.8060250282 8123535.9550781250
418596251.2419907451 8112402.5019531250
418450168.7237352729 8101269.1503906250
444590476.3477032185 8917848.9140625000
416959844.6091680527 8018586.6992187500
416835962.9706228971 8007601.9179687500
429983837.1698040366 8561159.9140625000
416759838.7112144828 8002056.6679687500
416494917.0259056687 7989394.6601562500
416646278.8744023442 7994751.9921875000
416513324.8567316532 7994394.8457031250
438003027.4904037714 8791725.1367187500
430041288.2453402877 8573198.3789062500
416061368.0835923553 7959127.0898437500
406436106.9695302844 7067137.8974609375
406359548.0409739017 7060054.5224609375
406315106.9467916489 7049308.2646484375
445256101.7294181585 8928737.4082031250
445597640.2881792188 8933108.9160156250
400509121.2283878922 6220788.1142578125
406304292.7084388733 7044879.3740234375
400718986.0787302852 6262747.5517578125
400628526.6428305507 6247502.2373046875
400713195.8420439363 6258386.1445312500
429282802.9347110391 8526700.6699218750
429097098.3265019655 8518875.2734375000
429058960.8022164702 8518587.9277343750
428948670.1626307964 8516375.3574218750
429457371.9150173664 8533390.0488281250
409895146.6137469411 7390236.3867187500
405817365.6510583162 6974332.4619140625
437430191.0390142202 8751002.1171875000
410691561.2282125354 7438842.3886718750
410986384.5186213255 7470247.7695312500
410962049.0416150093 7466683.7363281250
410783666.5788380504 7447733.8320312500
409748159.5380502939 7348072.6054687500
409549125.5779898167 7312492.5664062500
409745431.8557353020 7339592.2128906250
409358218.4226135612 7287212.5253906250
409437577.6869246364 7303726.7441406250
409356049.4866577983 7284236.2304687500
408947140.3900417686 7240970.8769531250
408667431.2720087171 7207088.8906250000
408736594.5536504388 7212025.9687500000
408629979.0312719345 7183918.0214843750
408474195.1541062593 7166467.2304687500
408490176.2999650836 7170515.2089843750
408218075.2482323050 7139183.7421875000
407911432.7870440483 7112151.4902343750
408020700.4427139759 7119442.7148437500
