392306489.3614000082 2870188.3613281250
390705548.8445069194 2821321.7319335938
392400893.1207845807 2872669.1855468750
390473007.2916783690 2813082.4062500000
391062761.9128068089 2836575.3515625000
390808419.0140116811 2825329.8461914062
393802615.1958847046 2896806.9111328125
391935097.2820889354 2864753.1591796875
393366659.9629877210 2890170.6035156250
393408048.1711998582 2891382.5664062500
393003650.1104296446 2884548.5214843750
391821604.9096919298 2859710.4423828125
392306489.3614000678 2870210.4404296875
390560654.1300652027 2817501.5219726562
391295513.0908359289 2842608.5332031250
395382345.6858236790 2909682.8896484375
391641341.5197808743 2855392.2734375000
390808419.0140116811 2825334.6586914062
392086298.4353501797 2867227.5830078125
390069916.5500501990 2796151.6801757812
391770935.5237687230 2856305.0341796875
390914904.0228288174 2832298.4687500000
391141812.2080866098 2840211.9951171875
396709832.7059267163 2912241.1923828125
391925799.9036099911 2860528.5937500000
390801674.3716855645 2822665.7290039062
390871768.8279699087 2831874.4912109375
391599686.6866573691 2854772.8300781250
390115728.5660380721 2797426.4399414062
396410004.7493775487 2910952.8242187500
393408048.1711998582 2891291.4951171875
392290003.7251092196 2869680.8525390625
391812323.7319806814 2857452.4804687500
395262425.1455057859 2909103.7597656250
390220245.1979207397 2801593.0131835938
389871830.8492211699 2784052.6293945312
392528869.3227305412 2876575.8623046875
390042020.9797455072 2791236.0000000000
392437291.3667735457 2873887.2929687500
390595192.7818169594 2820236.6142578125
392584513.7307484150 2876825.0312500000
391120607.4226993322 2837153.6416015625
392669073.9362283945 2879423.5761718750
392306489.3614002466 2870305.3466796875
392372340.8245053887 2872626.2275390625
393165040.5648349524 2885398.6640625000
390850078.1057963371 2825970.8305664062
391868253.9636999965 2860340.6669921875
391092716.8231758475 2836999.9365234375
391357410.3488340974 2844428.8398437500
391327957.1317178011 2843240.1250000000
390976517.3221516609 2833756.2216796875
391172860.5996168852 2840488.6416015625
391563215.5199686885 2847367.8339843750
393717074.2736867070 2895030.5458984375
390262301.3107107878 2808557.4165039062
390201807.9738014936 2800605.3110351562
390003869.7591799498 2790847.7407226562
395492440.6754208803 2910266.0556640625
392247529.1019261479 2869120.1269531250
392414699.2605460882 2873639.5263671875
391071739.1999796629 2836668.0498046875
393253494.9960227609 2888594.6298828125
393131514.3086482286 2885167.9648437500
393003858.3982844949 2884691.2470703125
391925799.9036099911 2860463.8027343750
391044852.3860242367 2833762.5878906250
392625901.9389604330 2878153.4511718750
395262425.1455059052 2909119.5800781250
392314263.4332502484 2870654.9570312500
392329168.8272372484 2871148.5742187500
395333879.3367226720 2909397.5957031250
393717074.2736867666 2895051.1767578125
393594470.9212638736 2893846.6347656250
391214515.4327406883 2841108.0849609375
392312134.6873036027 2870571.3437500000
391464937.3209952116 2845574.8847656250
395792628.0409177542 2910853.8984375000
391130502.1635763049 2839516.2119140625
391427471.9957647324 2844536.2656250000
390253727.3084077835 2806412.8061523438
395285718.9587182999 2909257.1201171875
392912706.2680893540 2883291.8779296875
390867214.7000234723 2831864.5419921875
394001865.0236862898 2900676.2568359375
391130502.1635763049 2839495.1406250000
394121472.3344569802 2901857.8710937500
393104596.3464100361 2885165.7451171875
392625901.9389604330 2877997.6220703125
390459232.5700785518 2811438.7661132812
392861160.3272114992 2882092.1386718750
394290995.9320695996 2903429.0039062500
394374096.2105392814 2906144.2626953125
395262425.1455057859 2909054.8789062500
391578571.5027124286 2847460.9912109375
392627685.7280162573 2878431.5263671875
390639704.4253445864 2821189.8618164062
391357410.3488340974 2844524.0117187500
392342887.6073890924 2871387.7167968750
391770935.5237684250 2856292.1025390625
392286921.1744739413 2869161.8349609375
392306489.3614000082 2870204.6386718750
391285598.6956769824 2842193.0136718750
391759879.5298080444 2855401.3027343750
393637970.5540394187 2893884.2529296875
395374741.9986804128 2909606.7900390625
394044015.1718722582 2901669.7578125000
393969698.1497691870 2899452.9882812500
393831550.6167129874 2897795.0712890625
393830084.4028933644 2897656.9687500000
393529029.4537496567 2892964.4658203125
393265698.0307030678 2888848.1533203125
390724762.2309198380 2821606.0439453125
393878754.3074287772 2898087.7900390625
393247699.0180003047 2888359.9677734375
391533264.6305100322 2846072.8886718750
393831550.6167128682 2897712.0917968750
390536096.8278445601 2816200.2153320312
393814859.7497524619 2897445.4443359375
392014486.7821929455 2864924.7861328125
393637970.5540394187 2893969.8300781250
392306489.3614000082 2870198.0898437500
390003869.7591799498 2790746.1010742188
393333522.8612420559 2889110.7871093750
392299715.6101210117 2869959.8593750000
395374533.7108254433 2909524.9726562500
394737041.6799932122 2908443.8095703125
390435130.1640869379 2808781.6274414062
393139049.2939644456 2885186.9492187500
394290995.9320696592 2904064.6435546875
391826594.8719152808 2859735.9238281250
393165040.5648350120 2885405.8847656250
394198141.8321433663 2902403.4218750000
392930913.5686469674 2883914.2158203125
393469779.2391106486 2892100.6933593750
398949351.3864499927 2914546.2382812500
395770460.0793598294 2910811.7587890625
393481410.1719130278 2892719.0234375000
395130215.7454592586 2908612.2568359375
393883874.3065274358 2898859.3564453125
394727105.0707694888 2906858.6826171875
393717074.2736867070 2895041.2841796875
393203508.4188376665 2887738.7216796875
392299715.6101210713 2869983.9736328125
393481410.1719130278 2892532.0234375000
392221167.9878597260 2867968.9384765625
394374096.2105393410 2906232.0234375000
390808419.0140116215 2825326.0893554688
399369850.9934962392 2914620.3193359375
395658143.2261852622 2910325.4687500000
393190399.6463828683 2887451.5683593750
394290995.9320694804 2903400.8486328125
390808419.0140116811 2825380.4809570312
399240701.9654778242 2914616.8535156250
399546240.3822532892 2914880.9394531250
394133103.2672592402 2902201.4404296875
393205216.7851634026 2888300.8925781250
394451345.0852691531 2906332.3759765625
397289221.8406417370 2912922.0791015625
394213538.7694849372 2903264.4345703125
394213538.7694849372 2903267.6494140625
393961123.1812573075 2898977.6640625000
394649856.1960397363 2906841.2802734375
392371527.2632780075 2872142.0751953125
396632860.0072794557 2910993.5488281250
394541264.5581272244 2906676.7578125000
394541264.5581273437 2906693.6689453125
394337697.9645505548 2905106.9785156250
392371527.2632780671 2872395.4970703125
395130215.7454590797 2908529.1533203125
393333080.9833819270 2888982.0585937500
390226681.9386323094 2802954.7690429688
391540397.4804583788 2847352.9931640625
392437291.3667734861 2873874.2109375000
392371527.2632780671 2872198.9306640625
396632860.0072793365 2910965.2851562500
393883666.0186726451 2898650.4697265625
393728705.2064892054 2895546.2275390625
392086298.4353501797 2867139.8222656250
394347347.2033293843 2905549.1250000000
395130215.7454591393 2908580.1523437500
391540397.4804583788 2847280.0732421875
393640033.6868117452 2894871.1523437500
397579717.1877691150 2913866.6494140625
394451345.0852691531 2906610.6425781250
393533733.8617275357 2893673.9355468750
393763984.5940223336 2896565.5253906250
393333080.9833818078 2888920.3359375000
398928139.8479688764 2913926.7949218750
394028826.5223855376 2900772.6835937500
392879367.6277691126 2882633.2128906250
394213538.7694849372 2903214.2392578125
394337489.6766955256 2905024.8144531250
400233782.1752339602 2915407.6386718750
