755982912.2233086824 1725765.3469285190
756636898.5668554306 1759633.0174728306
754246445.0628089905 1634142.9073866764
769511470.6078896523 2244983.4142718283
892103173.6717542410 3832238.9475097656
815967963.4822425842 3117024.5288085938
815408689.1008908749 3109899.6210937500
748764665.0331399441 1187843.5510835643
749180496.9487903118 1250737.6143579436
753191851.7464077473 1571386.6458054725
764285321.0506807566 2093713.9387201150
796980608.9406796694 2848753.8170547485
749473732.6109896898 1282561.1370159432
750247364.7117888927 1359921.6709270352
758822821.8657047749 1869600.1141773753
794000957.8501701355 2792489.7545423508
775402679.4058111906 2408042.7113251658
763976014.8808500767 2075930.5829130337
786333220.5374850035 2653571.8952970505
749769438.0069890022 1317725.1183514472
753767231.0052027702 1606047.6357567888
748886930.8281018734 1210579.6596781267
756899229.4531034231 1784033.7757706188
750934270.7379144430 1412240.9302287064
750812292.0344679356 1403888.7817162462
796699658.1738748550 2841620.1084365845
760462306.1023472548 1940070.1619560525
891736309.4753271341 3831396.4619140625
751972406.2095624208 1486260.0266674606
808243698.9049048424 3019939.1948928833
748975382.4024904966 1220607.1872417582
749321359.9011673927 1265255.0833726805
752906938.6070506573 1553057.8053964842
756733156.5949909687 1774272.2399090671
772118369.6521242857 2329793.7465688810
779658267.8784997463 2500907.9192198515
760401512.7679617405 1939001.8714441396
748955468.7455974817 1219755.0326029314
751488732.2065089941 1446946.9624672532
758005358.7666633129 1832737.4670113996
816666504.8490012884 3133696.3557128906
750532517.4652017355 1382617.6200616783
782763723.0126695633 2552353.0963096619
883863614.0060099363 3747929.8243408203
757823012.4677516222 1818615.8997025483
758175827.9418785572 1836630.0724360785
750616474.3203632832 1387743.6104133003
752726999.2529362440 1541406.8786232341
772055848.7672754526 2324204.5007955655
780142965.8878507614 2506357.8097357750
753250630.1867231131 1575977.0460128523
752064760.9916744232 1492578.2249096481
752044232.5160079002 1491843.8115581532
754811224.8672350645 1667125.2912935996
771628528.0121014118 2305645.9104645476
760630855.1626696587 1953793.7675807588
805431786.5213088989 2986954.2861404419
809831538.7860838175 3063642.5532913208
749830079.0807499886 1321324.2792838749
754495172.3888163567 1648285.9924104901
779152783.5051903725 2491781.8121853098
749557336.6829221249 1287621.8558149915
748744810.5248438120 1185270.4625825877
760596480.8471449614 1951468.9342687242
786668486.1329352856 2656493.4433927536
780236965.5914807320 2511488.8999352679
750049013.0179533958 1341752.8107026157
750679306.3098613024 1394824.2975095608
749371189.7714934349 1272203.4736518369
773111605.3419156075 2360620.8263927260
785426078.1007211208 2637736.8638110384
763011243.9160948992 2059857.5175152514
771953387.3862996101 2320644.2666494474
753232378.9953428507 1574077.5154685332
749827596.6698929071 1320533.9862731036
883610290.9932363033 3738091.6499023438
750064486.5059416294 1343715.2225061592
753206447.3678605556 1573895.5517294125
748798772.0749641657 1197542.7958366047
756719941.1534454823 1768256.8968755868
757234784.4699090719 1795897.7415614724
757661887.4405907393 1816288.0609325392
762160379.4960385561 2020894.9215346202
750659879.5059674978 1392230.9974607327
761914123.0510512590 2007759.3976279125
753284707.2082322836 1577288.5332605566
753150254.6231750250 1567100.5688709335
762973297.5408589840 2054162.4577516578
761999943.4121694565 2009568.5459433421
762600078.9416252375 2042971.8541193828
761914123.0510509014 2007354.8271933421
757875190.6010751724 1822344.7782524426
816967559.5677109957 3144673.0115966797
749097747.1342794895 1235406.9990404686
761914123.0510501862 2007332.2900839671
757950695.0295619965 1825751.9486527881
757782929.0680648088 1816751.7805619233
781940430.9086301327 2538408.3417334780
755016343.8158932924 1677247.2120915749
817268859.5051199198 3146708.5407714844
756813284.8774799109 1778857.5772787929
762521699.5199698210 2036358.8759699687
766443605.3396511078 2166696.0424852055
775499932.8417938948 2412875.5214906111
858788816.7296285629 3536839.3006591797
858221247.0111887455 3524970.8797607422
780190529.5142455101 2508969.5890501961
748637489.9830162525 1160190.1556739206
813982213.2775852680 3086680.5922794342
789487952.1669660807 2697432.3449277878
761876179.9259749651 2004955.2405234203
753163981.3227895498 1569817.3734801216
762079720.2576166391 2009710.4359579906
807836304.7767618895 3001609.2507572174
767362935.2746224403 2198292.2288255375
767858788.7357138395 2214243.1703109425
849023464.3949583769 3440956.4506835938
848317359.5723165274 3437261.8442382812
757446014.2479441166 1805634.7193042566
770065278.1759346724 2256724.1062135664
891366186.8607612848 3824645.8989257812
756114066.4005872011 1740202.4430950382
761839961.3947257996 1999093.3148913011
892028282.1093086004 3832138.8447265625
755021618.6195672750 1677744.2941453555
816789713.9244827032 3134459.7717285156
881007059.5529665947 3691101.1940917969
816554708.8964985609 3131941.3664550781
759409725.9086928368 1894157.4328489222
816546971.2799569368 3126767.2667236328
799354990.4310190678 2866421.6524152756
758345991.6427137852 1844514.1060833645
752838478.7827956676 1549501.2336849298
753326587.6032011509 1579659.7959021551
779434063.7561519146 2500787.9210313782
886430801.2605690956 3757577.9831542969
863894860.5692917109 3558268.0618896484
755257951.6068552732 1691163.8740544827
754302505.8372980356 1639947.0884079656
755001115.9295519590 1676648.5233708718
761214687.1438236237 1974163.5681746490
754729421.8405270576 1662741.5118608272
752869103.5264714956 1552200.3144698215
754485536.7249832153 1647832.1403447487
761728309.9697304964 1993494.8354636058
876470632.5879081488 3674942.6352539062
835800496.5142668486 3320120.0103759766
816852739.4366914034 3138017.7722167969
756720999.4027692080 1769139.2423425582
758534267.8084839582 1856926.3864641602
753838320.4800713062 1611944.3329337987
871210495.5216053724 3614267.1961669922
775355551.8997030258 2406704.6910452815
752827281.4532723427 1548203.2530361738
754023917.4272898436 1623565.3975205144
752797951.5338606834 1546810.3640218691
875540882.3411501646 3659351.8586425781
767066821.5020207167 2187541.8138341587
755540498.1462031603 1708555.5253010071
881502787.7726780176 3715944.7143554688
759716586.1046224833 1905806.2471048520
846566469.2817096710 3393875.1652832031
840939999.8107291460 3371300.1057128906
846208669.9307922125 3391715.3305664062
841221101.8167358637 3376179.9528808594
796551809.4675838947 2835284.0109024048
759503400.8133319616 1895862.1522323890
884749166.7309497595 3754916.8540039062
751889009.6314767599 1476803.6054714860
751676521.9009065628 1460823.5646823400
753034481.8671907187 1562801.5279829369
753075009.1161264181 1565496.9445209976
757417900.3747254610 1804437.1343092569
807580794.7735930681 3000287.2810058594
807118889.1373242140 2995063.7399902344
767564657.9030526876 2200147.1341641215
775381413.5745633841 2407687.7223639460
800951944.3566486835 2900259.4884719849
775378018.8206365108 2407629.9148535701
751728750.6570066214 1464519.0618923844
767054724.7420113087 2185449.1613934305
808398860.8692158461 3021682.0625715256
808034568.7459104061 3016609.2121076584
783979113.8279521465 2582566.5251188278
802471527.7864694595 2929305.3718643188
802371933.0439115763 2925907.7920303345
768226912.6115120649 2221011.8611470875
775862916.2412539721 2418592.6171126338
771238233.5121186972 2291035.3689596280
775208311.5747493505 2399271.2028351501
829739381.5405945778 3233094.7264404297
771301223.9355872869 2292551.6452886686
812898575.0208138227 3074447.8615188599
812271741.6957485676 3068012.5070266724
790858742.0849426985 2725444.0906400681
872148395.6846801043 3631950.1213378906
872259054.0143446922 3631966.7023925781
867888730.1867381334 3608025.4217529297
757816307.8190932274 1816860.6644518750
763258231.3416330814 2063938.3216593531
856391321.0898433924 3509850.7608642578
785389293.6206749678 2627657.5751776919
761621645.5047812462 1984531.3679783954
784104994.6186000109 2590344.7562618256
776011868.7187732458 2419868.4396185847
882428117.5327699184 3718159.6356811523
793399517.4904549122 2774109.1912517548
781605471.0876209736 2531325.4632625580
805192578.4316418171 2974153.1169738770
867558929.9469747543 3601866.4455566406
873203453.1697620153 3653953.8299560547
867289537.2447530031 3581916.8376464844
865951169.3264662027 3579790.9543457031
842305343.2298166752 3376454.0711059570
766097893.1628752947 2153014.1594525990
789813644.5465033054 2700218.7648773193
787773829.4456648827 2685765.3097419739
803937275.5528771877 2931780.5469436646
804108399.0256599188 2953109.2066116333
779088700.7786270380 2483676.3406892419
782315088.1080411673 2548027.4767818451
828496696.6204711199 3212696.4841308594
771909863.9245982170 2316476.6507818326
775269291.5355548859 2400693.2950072261
776234775.9166004658 2435018.8750040503
790630669.2526531219 2712291.8062419891
783476169.3474450111 2571708.9010443911
784341441.1737722158 2601674.9137397036
784678681.7909770012 2606170.7178168520
792087766.5780850649 2754915.9351482391
791703834.9577409029 2746164.3376750946
763473455.9447844028 2069478.6432014857
832955924.8092566729 3277683.9523315430
786746190.8731857538 2660211.0348854065
788811252.6374450922 2691584.9652137756
784586949.9860252142 2603243.8403144106
831545204.3209331036 3236859.0131225586
775783297.1308423281 2417089.7981238337
848132408.7402840853 3402874.4544067383
783990648.3223249912 2587704.2623114809
814978165.5737936497 3086861.8201293945
793494472.6844995022 2774237.0082217455
795208608.6028100252 2814420.6055164337
802257851.3305234909 2906755.8045120239
766203870.5521793365 2157917.8643548680
794614173.6593809128 2799166.5342884064
794330168.4736465216 2799050.0450305939
794718761.4328973293 2803388.8244495392
793598874.7421064377 2782534.4460315704
791380656.5156710148 2732193.3340129852
891082224.5616272688 3813776.9174804688
776680618.1606447697 2441693.2562776180
776154192.3018364906 2432954.2461457821
784176307.8838733435 2595393.7732978091
799540903.3349055052 2868080.6939086914
792814790.7306474447 2769077.7896709442
792346904.5836615562 2761651.7295207977
795721240.1707248688 2814667.8405036926
784302796.6577409506 2600293.6191978455
791662612.6378270388 2738694.9724407196
879587105.7401304245 3686597.4741210938
880831516.0636715889 3689948.4868164062
835697381.5663775206 3287741.2873535156
835513188.4405337572 3285353.0002441406
890431681.4532840252 3808074.4475097656
890120116.7610244751 3806457.5715332031
845931066.4443565607 3383636.4962768555
846014474.6605131626 3391008.0040893555
849481727.4697415829 3456565.3397827148
849549996.6850743294 3468060.7504272461
860407892.0063925982 3546490.4757690430
860481655.7092616558 3547396.6476440430
840267360.3711680174 3331695.2554931641
771305587.3267408609 2297277.7477346035
770257953.1776390076 2270943.2281767726
760057820.6522176266 1917693.0930371510
769654185.3558162451 2251912.8609011993
883526167.8107901812 3721279.7949218750
886720777.2564903498 3761476.7927246094
887160000.7578274012 3769434.7893066406
890020035.7014938593 3795683.4948730469
800898200.1379103661 2873159.4017028809
798254893.5683346987 2851083.8470153809
766282294.5271533728 2160756.1099374518
766289255.6849632263 2161946.5375783667
765384452.8911083937 2132593.7118268013
770134640.5944070816 2269261.2638708949
764084496.1413906813 2086508.2488097474
766564014.2266740799 2171690.2700698376
766135216.9749289751 2155608.2992971167
766629505.7248735428 2174828.0835769400
770972184.6819337606 2290187.8366576731
770662346.8100664616 2283895.2504935861
828078082.2575862408 3173712.6436767578
770667810.4628208876 2285612.6784106791
770399897.9181139469 2273244.4564868510
826169922.7898907661 3154268.9156494141
847436271.8406891823 3394025.3248901367
826918345.2884119749 3168571.3119506836
826943017.9511772394 3171094.6904296875
