230283573.7513287663 77216.0061643079
225874481.2684608400 38094.1191265173
230082356.1863548756 76473.5251929716
231544892.1194039881 83718.5075540580
232051260.9958430231 86179.7178053595
238021170.4580485225 105958.4534759521
245291103.8678407073 112477.0117797852
245753948.7318706512 112721.6022338867
226029989.2342630029 38121.9761009403
225798618.6282384694 37312.3737155981
231556300.3479440212 83822.6014479920
236625300.0674974024 102265.5923004150
237546747.0697605312 105018.0500259399
238201516.2167568505 106313.5675964355
237831873.2111902833 105829.2894744873
249748277.8618599176 113730.0083618164
226757731.0532983243 53340.1923579948
226872757.1664369106 54010.0457030667
238124684.9754197299 106168.5896301270
237584712.9137207866 105106.3110198975
238102147.4098013937 105959.7256927490
240172797.9782079160 109567.7425537109
240779185.4214493632 110212.9776000977
225832376.0514924228 37381.6893212982
225887224.6887831092 38118.5781738348
225758686.0459393561 37206.6486084051
225726856.8506841063 36474.8885223456
226930854.6196125150 54738.0137490809
231651238.9706914127 84723.3671768047
236325284.2304633260 100985.7489585876
236433714.9000329971 101770.5161094666
246772372.3731286824 113052.4878540039
226599731.4243375659 52191.6380461429
226563153.7837084234 52014.3573089803
237713870.6785870790 105359.5622100830
238450069.3892915249 106389.6820373535
246065166.3575299680 112834.0113525391
239858828.7731788754 109097.7698135376
245267464.7426092327 112432.0837402344
246417694.7919962704 112983.4949951172
225697102.6389040351 34353.1097836848
239908476.5803435445 109304.8043518066
239879183.1619423330 109159.7716064453
225704683.2427029312 35037.4075972717
230023978.4000325501 75564.3807385222
230040053.6971451342 75608.2173893705
239763617.0894016027 108978.7764549255
232759283.3995999992 89193.8408087641
245573448.4936793149 112602.2078247070
226886879.4576146603 54301.5656754340
235588200.1264506876 98504.2896094024
240915411.5146124065 110258.4160156250
230046397.2731951177 75661.4659600847
226936979.6473293602 54780.2286609069
226773513.6128914654 53826.0841836513
226836227.0059600472 53907.3799325789
246738096.5359047353 113012.5773315430
231849074.2278512418 85280.8184749223
232825179.1353763640 89454.7287219912
236370940.9945925772 101135.1157178879
231541015.5684624314 83669.4792985953
231969068.9019664526 85988.9697788097
235504572.9865193367 98414.8962683380
240636029.2107682228 110121.9018554688
246875593.4314145148 113084.6685791016
231558517.9469063580 84354.0997209586
229976751.4185677767 74921.0569737211
231704770.5788168311 85113.7276506461
225724576.5768626332 35974.8343379106
230044406.4560486972 75624.2685063139
232750515.0890350938 88835.6512793452
235986030.5165005326 99873.3244862258
225714688.1255792975 35939.5974375810
235931416.3523095548 99639.5018591583
251035738.8021502197 113928.8871459961
226699161.4257814586 52935.5768438645
226657248.6137874722 52901.5933839644
246919008.8310656846 113134.1795654297
248900302.4091696739 113545.3639526367
241493621.0940181613 110529.7539672852
250290746.6601788998 113838.9214477539
236246398.0196691155 100932.6520118713
228033695.8752151728 58862.7788171202
232819799.3759385347 89264.5522955805
250754600.9731150270 113918.9130249023
250741849.4690595567 113887.5429077148
230694662.0113497674 79641.9040393912
240095875.3927497566 109513.3340454102
240220992.5654798448 109856.2933959961
227571021.7741196752 58607.9925149183
232884746.0485925972 89598.1807217747
250040034.3584384918 113831.9860839844
230076953.3561715186 75921.0170341500
231795970.5748112500 85192.4819037467
238462468.7835036516 106495.6509552002
246375063.5254212320 112965.3256835938
235477864.1330349445 98281.7333349884
241374702.8852808177 110442.6726684570
227716506.5548357964 58840.1985981867
240366325.0676822960 109935.9191284180
240266332.1205021143 109918.5686645508
246326515.9303533137 112959.8154907227
226551866.4873583019 50376.5395821661
245378052.3849735260 112549.4046020508
225869090.7947001159 37517.7982063098
241198191.1250827610 110378.6054077148
241562830.8970788717 110580.5464477539
241486556.7367127538 110468.2633056641
232038358.5379077792 86012.3573986739
240036312.4075453579 109506.8973693848
248726987.4204568267 113504.9597778320
245591324.8533115089 112700.2850341797
250109816.8411942720 113838.1500244141
232073308.1907856762 86382.0748607665
249949393.8594257534 113822.9302978516
232635367.9867032468 88782.3932625502
240938758.2822530270 110303.3330688477
230203222.4162843227 76851.5451348156
227546533.9762590528 58475.9186591904
250039440.2720979154 113829.6287231445
227397438.0203577876 57660.2220649522
227349880.8768827915 56821.6037177250
232043624.8971760869 86020.0712420493
227219644.3572746515 56008.8542508737
230330955.9914994240 77482.3577268079
245350965.1009411216 112524.8627929688
231944981.6275102198 85901.4453626424
249364833.1838608980 113684.1541748047
245887161.1458127797 112776.4155883789
248697057.5788456500 113380.7377319336
238523147.5873009264 106586.8475646973
245041971.6453769803 112400.4392089844
227453790.8286160827 57719.0332704559
227313614.3356215954 56748.2931102229
227394519.3096106946 56927.4724694148
227273349.3128535748 56719.2973813668
245021716.1703135073 112314.5538330078
227237435.6545224190 56088.7523065463
249296905.0652850866 113674.2249145508
227165096.6409220994 55815.0127167359
227101087.4358128309 55049.6763027118
240579600.2249642015 110094.4129638672
239743184.9546124935 108896.0979309082
246262181.7833977342 112883.3742065430
227119045.8966220021 55116.3214723945
232199853.1251766086 87039.1088179499
232409539.3464058638 88004.0672224909
230496747.0641899407 78525.1916467781
236587466.5799165666 101955.1271476746
240611858.1550903320 110096.3315429688
232478982.0471493602 88071.0936667472
241131347.7146359980 110350.5971069336
236781377.6575126946 102356.0929946899
239706291.6432458460 108799.5727844238
232251117.0896355808 87285.6374218017
232288826.3349152207 87378.8527760953
250392707.8775212765 113869.2001342773
230621896.9422706664 79273.3388805472
239776953.9819898903 109005.7962341309
230281451.0005559921 76968.1505698517
246056750.8600750566 112791.1828002930
230230630.1120538414 76872.6848948254
232110471.0778896511 86716.4686939269
231791634.2625831962 85123.5706520826
236799477.2837577760 102430.0660171509
232043821.3339913189 86149.8247367889
231916996.4530592263 85843.5620090514
249218645.6875233948 113550.8442382812
236373659.8314700127 101406.9948256910
236209264.4677474201 100790.2745733261
245748859.1979400218 112720.8464965820
249567025.8620936871 113722.1640014648
232178558.7136603296 86799.7911585569
235533049.6509368420 98493.0783900917
235471399.1026400030 98231.0309257209
249806919.1636055112 113764.2617797852
235696163.7693686783 99140.4478965178
235440338.0822623670 98077.4542040527
230495188.9786643088 78234.0864783720
235821758.5122360885 99525.9429298639
250037065.6869943142 113829.0990600586
243609685.1783940494 111342.9469604492
246275425.3148273528 112886.4556884766
249888740.4336175025 113792.6050415039
243563324.2645163238 111066.2573165894
243924169.9728536308 111791.6721191406
230423780.8729898036 77922.2110873813
243851090.3160514534 111744.5256958008
243756474.9600629508 111714.4203491211
244083743.7716836631 111910.2758789062
244250481.2280240059 111974.1096191406
244426352.3271039426 111995.9328613281
235441892.9630643725 98155.8058685958
230453083.7287824154 78219.8522984080
239173037.8584821224 107202.5739440918
235778651.4086967409 99322.6250805557
230197038.5968820155 76807.8649977997
230339773.2941330075 77633.8403317884
239578698.5795815885 108463.2622680664
226436523.7617184222 41214.7736605692
239392308.4128234982 107373.3377990723
226306451.5238204300 40510.5144228617
230532488.9446855187 78824.0227276378
244081423.7025057375 111802.4187622070
230520965.1252671778 78681.0110389285
244503140.3472030759 112113.9000854492
235629921.4263904989 99006.6466650665
237420401.9709047675 104130.1310920715
244336073.6759540737 111974.6151123047
230423930.4061644971 77984.0102706082
226145591.1233805716 38518.3147557620
226234258.3897289932 40077.9850003707
226205488.4191671610 39715.6281125534
226166507.3229562044 39570.5533292282
237518004.3299064934 104385.0659065247
226241480.3582957387 40178.1837490571
237399592.6663886309 103840.1321387291
237494399.4145137668 104302.9096503258
226307082.6450879276 41186.1088202542
244904153.6296627223 112220.4979858398
231209470.3185853064 81786.3779571139
237467652.4558235109 104238.3397803307
244635764.0120883286 112189.0121459961
226148912.3690645099 38872.5092849822
231124334.0495210886 81630.8870944227
237349844.3468463123 103720.9671454430
226186446.2597737908 39574.4626186860
230402665.0196714997 77776.9194861942
238997817.2737584710 107190.9542541504
238644599.8045356274 106679.8436279297
238645903.2350398898 106696.9227905273
238714864.8763200939 106893.6353759766
238948477.1330416203 107057.7236633301
244966422.3616094291 112286.4747314453
226448374.7603600025 41491.9727840384
238570260.3161400259 106647.7746582031
231459775.3704028428 82998.8488423609
237376048.8948939145 103838.4135870934
236168241.1631837189 100521.9626617432
230832404.9252476990 80252.0647387587
236328283.0282630920 101063.3677520752
239555046.2328897417 108266.8608856201
236245225.9470267892 100814.3594436646
231456201.0880255401 82973.1406203359
236071576.5711235702 100225.2017974854
239513264.5490514338 108144.9423065186
231420179.6789001226 82941.3188307188
231400520.5161536336 82896.3484332346
229954737.4209401309 74231.1999878362
231284864.4407292604 82366.4339434885
231087379.5207290053 81376.6145531916
231393174.2255964577 82600.3268751883
231122861.6482599676 81578.7191183352
248361785.8410203457 113194.7114257812
230949934.7143276632 80752.8819901728
230926186.1961066723 80722.3516976618
230786942.7136999667 79944.9697757952
247985836.8640151024 113166.4126586914
237130912.8354150355 102669.5523958206
237041000.8803982735 102620.1135911942
248183079.9149663746 113187.8404541016
248403568.4787155390 113264.1754760742
243222157.5214135945 110620.5147094727
243105608.6671257317 110592.9028320312
229110398.5435196161 63644.8401411404
243298039.0013462603 110670.2355346680
229220721.2671334147 64656.8738493701
229276651.8497551680 64687.7389694829
229743110.7251462042 68473.2515974343
243388054.5219854116 110704.2682495117
229822201.2618955672 68676.1781740487
229817470.2471657097 68596.6444930136
229928362.3451691568 69861.9828558266
229869758.5092592239 69449.8529177010
229208799.6039747298 64463.0172092100
235248462.6947503984 94953.6759847738
229425731.7260135412 65464.4928960581
229708027.6803286374 67683.2088104784
229701924.5042042434 67639.3160724719
229656194.6156059504 66919.2935810168
229653573.8195002973 66280.9055870851
229650405.2067997754 66237.4971231897
229654323.6685432792 66417.4241233547
229560938.9028442800 66197.8573440989
235141266.7859233022 94211.0278421119
235434565.1297157109 95858.9363008216
235133625.7878364623 94165.5954538062
235218850.1845120490 94215.9903817847
229082793.5314919353 62384.7419029851
229043830.4057616889 61466.2690012534
234202540.3128552437 89856.5301555749
234996906.0573034883 91993.4121541083
235020551.8862796128 92361.0460652411
234963712.4960843325 91889.5639294661
234863717.5739817917 91583.4818028510
234952524.9482980967 91777.3002842963
234966172.0352303386 91969.8299931586
234915502.7361175418 91621.9670552313
234783298.2068522871 91540.0074376166
234687282.8407129943 91029.7913722098
