712072911.7970057726 7776564.4980468750
726867834.9185497761 7954264.2441406250
735124182.6320403814 8001722.7246093750
734819328.0724925995 8001582.6621093750
735240351.4841572046 8002234.7949218750
734633143.1713590622 7998616.7285156250
653797388.2387119532 5213923.4907226562
680656353.5782244205 6958540.0507812500
711693307.7857145071 7774488.5097656250
726289138.1470590830 7947386.8828125000
726493357.5947121382 7950955.4335937500
742323624.2090544701 8028327.4941406250
653740189.3336173296 5212893.4677734375
704082471.2130410671 7643017.2558593750
742647111.9375565052 8030530.4531250000
691647257.3092979193 7347460.0068359375
644381896.4737907648 4056744.3491210938
666757829.1006942987 6154316.0429687500
680819516.8596931696 6963999.8955078125
680621288.1239829063 6957137.9316406250
695107461.1349080801 7431985.0781250000
653654609.7002862692 5205894.0864257812
680387503.1422530413 6944664.2451171875
688708992.6568405628 7257462.5927734375
695760214.8963938951 7445051.2089843750
695308909.7300658226 7439168.9833984375
695533642.2426060438 7441936.9111328125
703824350.4886530638 7639882.1816406250
716646199.4911830425 7838384.9375000000
729349703.3625628948 7972263.2988281250
742238997.0229099989 8026723.8125000000
760600377.9263112545 8074286.3242187500
666812691.8548578024 6161774.5498046875
667094395.7446944714 6179681.0908203125
691497612.2180372477 7342969.7470703125
654315344.7872885466 5259428.2529296875
667143183.3201744556 6182944.6601562500
734235136.5867198706 7997153.4960937500
667299527.1181360483 6189912.9218750000
677632373.4261081219 6816846.6152343750
759021636.8939527273 8073659.6621093750
757816488.4716645479 8067670.9902343750
644278240.0600430965 4045423.9165039062
734221467.2415667772 7996782.9160156250
667098277.3699225187 6179830.7187500000
666887156.6157776117 6168735.8251953125
678114863.7560466528 6840444.4990234375
689266033.3307206631 7281485.0478515625
653879423.1492556334 5224726.3525390625
678130554.1194846630 6842183.1416015625
729444529.1348912716 7972963.0976562500
666311178.5950680971 6118805.1840820312
729715175.9527436495 7974164.3750000000
742456093.8196277618 8029305.4882812500
643698710.5170691013 3945067.1403808594
666503479.9382662773 6137081.2065429688
654078328.8382180929 5243933.8554687500
643862537.5613229275 3962371.4296875000
653825015.1799197197 5222720.0371093750
653923076.9113239050 5229606.1528320312
653717199.2104414701 5212504.9672851562
655585596.7751034498 5339387.0205078125
690117809.9480715990 7303602.3994140625
690111251.5787190199 7301923.6298828125
642752663.9564955235 3760177.9812011719
656208887.2420704365 5420607.6240234375
726206982.1115807295 7944733.9335937500
758271077.7432328463 8070893.4355468750
642632633.1261429787 3735868.3679199219
653533845.7906173468 5187808.3901367188
691171139.0274919271 7331465.8623046875
715743719.3863587379 7826830.6503906250
655665366.2568336725 5374681.8876953125
655978446.5145193338 5392952.1474609375
655766759.6353294849 5381795.4433593750
655641254.1522991657 5372985.2426757812
643926791.6146768332 3962646.7070312500
647872162.1997252703 4564066.1342773438
690536401.7098314762 7311340.1621093750
678297280.2227429152 6845994.0849609375
728653273.0572174788 7968141.9414062500
647703838.1397114992 4542807.1943359375
678587511.0906118155 6857952.0175781250
678893037.5413156748 6867225.7392578125
690020723.4939366579 7300581.0224609375
728373659.4130777121 7965162.7246093750
727949912.2129662037 7964087.7851562500
678944671.0069538355 6868748.1181640625
678752043.3915277719 6864049.3066406250
728163376.0217071772 7964705.3984375000
742540137.1661907434 8030221.9863281250
741956393.2867555618 8023583.7695312500
759711966.0165215731 8074115.0273437500
643742407.8236615658 3948796.8913574219
643642633.1842464209 3937834.4799804688
702952030.3595590591 7619986.1445312500
655753744.5518634319 5380048.4575195312
743013030.9013485909 8031632.6386718750
654946729.8874115944 5314645.5507812500
655613677.2909944057 5366534.9062500000
678477881.8264933825 6851920.6416015625
644123111.3319509029 4016189.3090820312
678427273.3572719097 6851856.5634765625
711138466.0553122759 7764114.4804687500
669164275.0272705555 6295180.0195312500
669345105.6571334600 6301554.4404296875
669223681.6485296488 6300921.2529296875
668953642.2293400764 6288728.8125000000
717256566.8343868256 7842006.9804687500
716747686.2343074083 7839369.7636718750
741812481.3561931849 8023025.1484375000
717078017.3754204512 7841642.0507812500
654778845.9361029863 5300570.9306640625
689966649.7535123825 7300355.2197265625
689932565.0961880684 7298720.4013671875
648039333.5798662901 4579756.0424804688
679256804.6618838310 6886305.0703125000
647912070.7362310886 4567366.2797851562
702305312.8736404181 7599207.8330078125
741170201.7598623037 8022082.3554687500
690879842.1766738892 7320851.3710937500
669088958.9562937021 6293018.3115234375
668727958.5360159874 6269549.6367187500
690658694.4387499094 7315836.6259765625
679593394.7500195503 6899239.3154296875
716863778.1409324408 7840852.8828125000
643102149.3801006079 3810526.6142578125
665370458.9448943138 6057963.3603515625
679473534.9167877436 6893573.2441406250
665506390.4803506136 6067871.1484375000
701674606.9108322859 7584866.2050781250
701998153.3946759701 7591461.4960937500
643023938.6175032854 3806725.5209960938
725806623.3766250610 7940994.9277343750
726062667.6873265505 7944037.8574218750
725559790.0060881376 7939997.6933593750
717031752.7394993305 7841111.9492187500
643008297.9274817705 3797323.0634765625
668763973.8240053654 6277545.6289062500
710866293.0758399963 7758691.6816406250
725471393.9188814163 7937020.1503906250
701987037.4071124792 7591083.0205078125
694140858.4963250160 7404802.0585937500
731508774.0074352026 7981551.7968750000
710001646.9500073195 7742963.1367187500
694070122.0119297504 7403062.0751953125
731663416.1101285219 7982138.9941406250
731746589.1906409264 7982278.8144531250
653314366.8495206833 5146508.2543945312
694294740.1569694281 7410102.7080078125
731431775.4408252239 7978901.4648437500
682366263.3459581137 7001012.4462890625
681916582.7500427961 6990630.5332031250
701174323.5251724720 7562454.7402343750
648263248.1524505615 4604666.5996093750
653135734.8722615242 5134393.9672851562
653002279.7239680290 5122036.6464843750
653062640.1357802153 5125703.7680664062
731494779.8193584681 7981327.7812500000
681598924.4018440247 6973953.0615234375
694431272.3744635582 7411860.8007812500
652972912.4340703487 5116546.3583984375
693717107.5734939575 7392668.0478515625
681501660.1129554510 6972383.9980468750
693875161.2191830873 7398209.5566406250
693985808.9179677963 7398770.2851562500
643182699.5981715918 3830725.3811035156
643466412.3485608101 3896446.1372070312
694294241.7109273672 7407548.5722656250
715580731.0979388952 7820854.3828125000
643408352.1639400721 3884713.7080078125
643263022.8811745644 3841776.0524902344
667998025.6409962177 6227516.9516601562
667830017.8519655466 6215772.9975585938
667618806.8320589066 6199273.6806640625
682248918.3277053833 6998934.7636718750
701352160.1906216145 7573389.4375000000
715333905.2252019644 7814484.7500000000
652825876.9990588427 5060673.7387695312
700343694.7108902931 7549389.8886718750
700847221.8203370571 7559894.4531250000
692971650.9348268509 7370840.7031250000
717394566.4587407112 7842011.4472656250
645250757.7649025917 4152102.4636230469
644740821.8753898144 4066791.4240722656
644890190.0121197701 4103578.3234863281
644805742.5629423857 4087637.2739257812
644777978.8671752214 4084712.2497558594
683528368.7474775314 7044114.0732421875
683106577.4132591486 7029697.6523437500
683055980.4935681820 7025688.1289062500
683016165.3570142984 7024858.3203125000
700078793.9754136801 7533752.2675781250
652866369.6305257082 5076825.5898437500
687610224.9554288387 7204602.4384765625
686613921.7824182510 7162323.7167968750
687040422.6680321693 7175017.7753906250
740234101.6475005150 8014777.3457031250
686914939.0479404926 7173987.9658203125
739935180.4491592646 8012829.2343750000
686826615.5708019733 7168753.7929687500
687269891.0329496861 7185797.5615234375
700484458.7104635239 7552184.5732421875
687175665.2380023003 7182197.1855468750
699674107.6208239794 7521627.8232421875
686489634.8651585579 7145222.0244140625
647700268.9668067694 4485733.1547851562
684574598.3081591129 7062287.3339843750
684517391.9153171778 7055279.9667968750
699228229.6242302656 7514357.5224609375
665085165.4161679745 5986934.9218750000
757249138.4250658751 8061736.5078125000
698930918.9352031946 7508169.6582031250
698767322.3972587585 7503711.0175781250
738944441.7096695900 8006418.5097656250
647584220.7379572392 4461218.4389648438
714426587.0135436058 7800922.7695312500
757449103.7426903248 8062046.1679687500
739318878.3840554953 8008314.5058593750
647519951.8630903959 4430802.4882812500
714926688.5346268415 7807339.8867187500
709395809.8442606926 7710128.9472656250
685391456.6111286879 7091800.3125000000
714622001.0946915150 7803319.9062500000
709405330.2959952354 7713542.2382812500
724145245.9932708740 7906793.0351562500
651976017.0876948833 4932624.6123046875
664721122.4775695801 5950620.8325195312
664925418.4120843410 5963577.5122070312
714925384.1487619877 7806153.7675781250
714811924.8078275919 7805290.9824218750
647328103.8149251938 4397386.6123046875
664751069.5199650526 5953305.2475585938
647277828.2084646225 4383079.9941406250
651790163.3395479918 4889786.6206054688
647208527.1929248571 4376884.8979492188
647233312.3576917648 4377506.2915039062
647155228.2076178789 4366626.6992187500
651625591.9923477173 4882498.8530273438
714477922.6645063162 7801476.2246093750
651547656.4733372927 4863938.4882812500
651496845.7770305872 4857934.0078125000
651451859.9642813206 4853394.3784179688
664359707.5214906931 5893731.1416015625
664307244.2419502735 5893065.2519531250
664200182.4593136311 5880336.8374023438
651249809.8784523010 4842004.4682617188
663823713.4506089687 5851335.3764648438
675670278.4836612940 6560638.4130859375
663689444.8300473690 5836896.6972656250
663684432.3639712334 5830629.1523437500
650751096.1100460291 4788934.7060546875
650581378.9215649366 4769081.2583007812
676732313.3915678263 6605212.7402343750
676754103.3182222843 6607736.5507812500
646460538.6451784372 4171329.4995117188
649995608.5963847637 4699339.1987304688
650275402.2354300022 4728003.0512695312
650154511.9550572634 4710430.2324218750
662715381.8057558537 5751417.2402343750
649718288.0667320490 4653418.1137695312
662534339.3566300869 5738687.0019531250
649696485.3675699234 4645530.0517578125
649594148.9014388323 4634813.0678710938
662905594.0292590857 5760977.6591796875
662765585.4623165131 5752606.8154296875
675573558.7863808870 6539357.8769531250
675498658.6887012720 6536193.8769531250
646608699.1069272757 4190465.3547363281
646842637.9043079615 4227176.6433105469
646769222.7786284685 4219411.8908691406
646639175.9073519707 4202598.1281738281
675578444.7405965328 6539431.2807617188
662270367.7021526098 5712077.9892578125
756891218.8230618238 8038484.3945312500
646959810.7629544735 4234930.8476562500
662188458.9926012754 5687519.3227539062
755432746.0392148495 8033272.9589843750
755084772.8738980293 8032665.4492187500
662044564.2094986439 5676745.0825195312
660530092.7478557825 5556985.5336914062
660836822.4997507334 5581551.0126953125
660746760.5538382530 5566502.8662109375
660493565.8714388609 5552934.2749023438
660545338.6630231142 5561045.6113281250
647099636.8960131407 4253464.3564453125
660712692.8173224926 5564008.7963867188
723145840.1609565020 7876653.0683593750
754613169.9013626575 8031705.4433593750
660280081.6349250078 5542244.7143554688
673573013.4816015959 6412617.7377929688
673907988.1364078522 6430189.7836914062
673663574.5024521351 6418177.7846679688
673559632.2595715523 6406525.6357421875
674136275.7884216309 6440399.8872070312
709030798.3981986046 7686579.2314453125
672523215.4405732155 6318042.4731445312
721218183.4705182314 7843867.9316406250
672427377.6974366903 6312667.2011718750
707485137.3519270420 7647192.0136718750
