544308481.0250493288 2702352.4065551758
543784650.4901149273 2652380.7510375977
546063935.3965060711 2856440.3090820312
568752291.0090928078 3740306.0483398438
551756645.8368725777 3177415.7586669922
549440991.9982877970 3069575.4111328125
553732942.5619137287 3264931.1549072266
543784650.4901150465 2652432.7012329102
545537539.3809853792 2809701.6752929688
545837427.2663781643 2836915.2700195312
545631153.4357992411 2816684.7468261719
545679427.8137414455 2822841.8796386719
546174581.3976559639 2864991.8466796875
546833922.4596871138 2910997.6779785156
554331003.6007459164 3287541.2815551758
552023709.6813284159 3189673.5404052734
557248390.8100765944 3406791.2205200195
558799868.7157089710 3455730.6459350586
543405492.3902651072 2607302.5573730469
545585952.1724399328 2815660.5356445312
541978693.1983481646 2426996.1185913086
547513564.7860575914 2954890.2520751953
542031503.6420645714 2436685.7160034180
542149082.1792421341 2459901.0491333008
665361044.8362015486 4539977.2749023438
546940767.3488062620 2915068.1613769531
574756529.2125538588 3860904.5488281250
557661837.1675312519 3422016.5410766602
542652162.0214732885 2528386.6777343750
543014249.6064507961 2569588.1828613281
551756645.8368725777 3177449.3817138672
542149082.1792418957 2459856.6848754883
542053599.2355474234 2445079.1632690430
542668250.4299215078 2530411.3973388672
543747370.8984931707 2646794.5564575195
543820326.4526296854 2660203.2496337891
547415817.4228262901 2950696.3624267578
547147096.3516118526 2934682.7351074219
549531423.0510008335 3076021.0351562500
548870810.4868980646 3038352.0083007812
550471821.1311761141 3120470.6307373047
568170217.5490130186 3724332.2675781250
627205375.0367593765 4286862.8583984375
626870512.5592265129 4277516.4160156250
658572856.8532241583 4503360.7265625000
550219698.2458548546 3106997.1571044922
563904710.1856499910 3611792.2028808594
576971050.5949409008 3895694.1279296875
542288097.3374077082 2483522.9920043945
542668250.4299215078 2530397.3924560547
544951593.0638247728 2760539.6012573242
544009966.7396314144 2676271.2737426758
543644045.9183602333 2634640.2278442383
547147096.3516118526 2934680.5886230469
543051043.6802912951 2575707.6838378906
542433544.6011964083 2497391.2360229492
543216191.5278915167 2594755.0993652344
543324785.9069702625 2600992.4047241211
543216191.5278913975 2594753.8210449219
542580225.5989358425 2516521.4666137695
542633028.6846847534 2526101.9453125000
665422464.6128065586 4540146.4682617188
542374519.8803892136 2492929.7666625977
564631307.8430624008 3631030.8688964844
542243927.2910976410 2475752.9402465820
550471821.1311762333 3120498.4842529297
564156216.3671818972 3613099.9729003906
547329367.7178879976 2944355.3770751953
556459056.4973564148 3378247.9478759766
591850608.7484200001 4042618.2041015625
564227456.3827593327 3620175.8093261719
553646322.3055213690 3257907.7423095703
587110838.1264312267 3951043.3115234375
544308481.0250493288 2702367.7805786133
544604876.0731513500 2730519.4070434570
653307237.9322823286 4444447.8872070312
542175431.3260074854 2465862.3904418945
545174648.8147398233 2777958.5686645508
542982848.3581624031 2566103.0610351562
553894534.9252085686 3269901.4874267578
665571063.0693840981 4541317.8022460938
665152582.3337948322 4538204.0073242188
561358499.4938368797 3533897.3750000000
544090608.8510065079 2683596.5366821289
542095734.7176369429 2447632.8256225586
543949798.3377152681 2671426.2847290039
557246404.1736501455 3404865.9512939453
542782967.8064779043 2542490.0566406250
544444954.7455687523 2718413.8308715820
551873428.6083927155 3182244.5900878906
553101012.4213780165 3235721.6142578125
552939420.0580831766 3230754.7612304688
553730215.2045329809 3261611.1235351562
568963771.2150685787 3746614.7080078125
542766879.3980298042 2540492.1114501953
551478381.2748327255 3163942.2702636719
649177156.5430535078 4444322.6918945312
541914341.3710939884 2407097.0956420898
543330522.3634157181 2600999.6664428711
664754214.8952505589 4537726.6381835938
545113216.6332582235 2772382.9926147461
665253773.7052752972 4539328.4868164062
544984112.8018686771 2765106.9086303711
545163543.0930764675 2775436.9124145508
545679427.8137414455 2822833.0378417969
545783808.8088618517 2831401.8833007812
546239734.3367748260 2869123.2597656250
544473628.8726493120 2721370.8367309570
543814930.2224057913 2653622.9392700195
544139333.9151546955 2686158.2535400391
544473628.8726494312 2721398.0808715820
546060292.7264559269 2856149.3725585938
545664822.2803187370 2816854.1909790039
545664822.2803187370 2816858.0044555664
575046474.2771881819 3864061.5444335938
591475680.9129807949 4039849.0854492188
541860478.1913502216 2401028.5430908203
577174033.0339498520 3902599.9936523438
577374831.1958574057 3903093.3222656250
574074480.3050882816 3845619.8374023438
552749630.0339038372 3223498.2460937500
543633311.9334057570 2628043.8334960938
575098991.9150475264 3869595.5224609375
574055122.3002269268 3832521.4086914062
573460902.5920077562 3821130.8378906250
553206483.9025393724 3242995.7216796875
548217551.0485684872 3001997.4887695312
549362672.7939658165 3064953.3193359375
553272288.1753504276 3245463.5747070312
547586851.4795492887 2964880.0362548828
550059959.1317789555 3100976.7924804688
549726510.5495434999 3084087.0844726562
548414127.9614027739 3008789.5053710938
545675626.5409606695 2820760.3132324219
546156353.3153531551 2862699.6948242188
548113301.9393136501 2993393.0318603516
545934061.9923946857 2845161.3911132812
589395642.1433285475 4021515.6860351562
548056779.9606710672 2992000.6563720703
545311823.8095113039 2790195.9287719727
590052368.6058914661 4024037.5947265625
552774612.2027423382 3224575.0322265625
546369442.4637042284 2875485.9432373047
553710257.4526573420 3261242.5139160156
549926863.6934134960 3094301.2875976562
555573677.7873442173 3340392.4453125000
546493051.2961801291 2881915.7996826172
557548124.5562871695 3417471.1051025391
641523150.6171211004 4374447.6386718750
641582667.4117971659 4376809.0371093750
545163543.0930764675 2775452.5462036133
545267924.0881972313 2783948.2910766602
545294477.7155656815 2788940.8518676758
556557431.9320585728 3380630.4849243164
549659799.8489574194 3082048.4755859375
549741913.0767314434 3085779.6567993164
548388119.8968685865 3007010.2377929688
588580893.6890598536 3997944.7568359375
581575932.8253089190 3941731.5927734375
643269905.3288049698 4397847.6875000000
632222946.6534770727 4335383.9663085938
632127209.7529360056 4334227.8676757812
591165693.3743822575 4039650.6987304688
547118027.4168043137 2928996.9542236328
578544265.5241378546 3911657.5385742188
578082156.4580407143 3911134.3286132812
589005956.6053450108 4006245.0253906250
554503779.9564880133 3295376.0985107422
576889923.7879458666 3893224.7958984375
577962045.8912107944 3908392.3242187500
549588803.3338818550 3078392.7338867188
589286780.5674542189 4017212.3344726562
546733408.3442630768 2902251.4459228516
620729776.7269295454 4232962.2778320312
559682026.0560255051 3474835.6436767578
558481385.3433036804 3450509.5367431641
566441616.0690536499 3670778.9584960938
599675531.2306476831 4048874.2260742188
556109774.4166660309 3355320.1832275391
573851785.2778613567 3823412.0063476562
547725201.5341031551 2973904.0675048828
556951846.6089880466 3395037.1461181641
557076273.9770605564 3398651.0064086914
546599160.2835240364 2891150.2535400391
574465482.6675909758 3848254.8032226562
653981864.3542143106 4462912.2104492188
547857498.0445009470 2983089.2757568359
588857434.4043087959 3999624.0703125000
620831415.2877044678 4257544.1948242188
557382863.7244590521 3409014.7969360352
557076273.9770605564 3398637.4946899414
558384289.6221517324 3434451.5742797852
555728670.6686034203 3345794.8305664062
545781300.2563072443 2827196.3178100586
557076273.9770606756 3398661.3521118164
575989297.0649739504 3873081.6318359375
630138015.5745983124 4318462.8022460938
657388135.6586177349 4466461.8852539062
553155489.9391286373 3239107.1809082031
552202190.3270605803 3195445.4897460938
568715793.1516615152 3736293.8959960938
560590347.0544625521 3511667.6494140625
560700911.9090735912 3514499.7910156250
549104642.4104484320 3050144.9754638672
604844072.0928043127 4107622.9428710938
605164974.5186527967 4108457.6420898438
566145694.9110758305 3666095.6062011719
560007981.1905610561 3501559.5119628906
550842652.0367349386 3137654.8072509766
550669363.8484508991 3128225.2897949219
551362507.3845961094 3156762.3591308594
606868564.4708267450 4154592.8544921875
552511344.1612287760 3208919.1599121094
549265642.8260922432 3060226.6949462891
634616745.3240791559 4357037.7685546875
634241309.0860642195 4350828.8164062500
552471551.6622014046 3205350.5773925781
551648211.8098242283 3170181.7158203125
548681287.8325443268 3020910.6963500977
554027117.5200076103 3274034.6684570312
554132009.2831270695 3279836.0259399414
606715156.8144490719 4149523.8417968750
605970044.6586875916 4148244.6640625000
548937680.8425992727 3038766.1541748047
558442465.8778446913 3439491.6912231445
590788346.7487212420 4036942.8583984375
559004525.5912294388 3457139.8935546875
588197666.1960079670 3987946.9584960938
554184031.3522410393 3281146.1340332031
587813500.7276114225 3981913.2939453125
587564056.9466471672 3978861.4570312500
590450864.8668584824 4029339.6337890625
590498334.1567080021 4029862.4799804688
554730775.3634232283 3303988.9634399414
553468128.7330766916 3253090.0117187500
616003288.3455305099 4200970.1611328125
629743640.7664492130 4315475.9721679688
587392281.8606271744 3968977.6850585938
588200902.0606249571 3990927.2121582031
609598418.9300318956 4175786.8007812500
628279826.3742960691 4297811.7929687500
628166919.3222341537 4294989.7783203125
620183687.0367287397 4231418.6894531250
616742453.5608015060 4222325.5346679688
617197250.8229303360 4226032.7924804688
648567334.1172957420 4410297.5590820312
564540709.4142041206 3622371.6667480469
553985582.0490745306 3271166.3947753906
613937720.8497228622 4194942.7529296875
555213982.4868950844 3321567.1314697266
554836009.5061653852 3305286.4831542969
560362090.1696121693 3504200.0451660156
553694290.0456959009 3258261.6900024414
626729561.5599024296 4259020.2299804688
561705601.3359776735 3544256.0605468750
561424597.1517540216 3542693.5351562500
561718466.7099369764 3552209.3239746094
613158643.2318422794 4179067.6679687500
613168092.4071048498 4184018.0312500000
562383420.3343774080 3575204.7819824219
562662335.9533263445 3584676.3862304688
561997382.3288862705 3561700.7739257812
562438674.6603434086 3576879.5905761719
564958050.8398110867 3645956.0781250000
572069934.8220523596 3805922.0737304688
568324611.9514877796 3728522.2526855469
567863299.2144749165 3713287.8840332031
567554795.7082244158 3699136.4597167969
562202753.8250150681 3568189.3759765625
569364446.1621029377 3750367.4025878906
587475660.8926309347 3974068.1215820312
563753802.7714000940 3607186.4195556641
630648279.7535854578 4325887.5732421875
571805489.9161660671 3786718.2707519531
559197787.2469875813 3468102.6043701172
567529729.1360816956 3697995.4536132812
585656515.7358794212 3944523.6611328125
569132623.2773444653 3747740.0864257812
571826552.3751513958 3787730.2258300781
564908526.1238111258 3633899.6906738281
573246096.0212301016 3820192.6533203125
560345983.0932527781 3502598.4180908203
565546790.3979718685 3653874.9357910156
561123777.2491239309 3531560.9400634766
614970390.4709728956 4196418.2832031250
566877734.0514649153 3689774.7775878906
566644438.8588826656 3689357.7863769531
565987190.0402040482 3665777.4831542969
602652012.2261226177 4068076.9580078125
602244580.4350399971 4065385.3037109375
569949736.9080877304 3760115.1154785156
560817920.3525632620 3518316.6165771484
565746408.7359358072 3657500.5231933594
559845425.6785279512 3485926.5278320312
567252241.2124963999 3691546.3510742188
571079776.0313874483 3785292.9848632812
570923156.3785141706 3782005.2539062500
570274489.6551020145 3764949.5292968750
604343704.6186019182 4074857.6286621094
603983922.6885212660 4068916.3693847656
