617824757.7993328571 88758.4021987915
521420462.2139973044 30711.7919945310
521234975.7903646231 30601.4780449461
521465924.0402593613 30841.0488903127
521165532.2378879786 30484.0857860646
525732826.4039457440 36639.9776055663
533092444.4856559038 46976.6673427162
532949356.0416486263 46904.0202481088
532548179.4126797915 46359.9881509126
543013645.5378190279 56468.7669757146
559030468.7544180155 68383.8129980005
587293453.8445620537 81821.4915418206
516244342.5095829964 14508.0540243158
519880091.3158310652 27516.0827741941
520864206.2108086348 29650.6492476068
525799547.8019022942 36737.7334975361
587073495.6250571012 81810.5333303828
607997301.2197190523 87996.9422225952
516191589.4295834899 14162.4895491164
517428885.0784860849 21050.6010891633
542678673.1418614388 56099.9775105256
587070041.7492034435 81739.0635885615
517629369.5242642760 21184.7021015062
607644163.2785381079 87973.6693496704
525821390.8612251282 36763.4328454732
525624822.1669510603 36610.3875585794
532520469.1656422615 46332.0244528589
532856752.5356035233 46764.9383935866
533011745.5499530435 46943.1458536280
560301633.2905354500 69010.5742504336
571027037.4030762911 74933.1975877360
571552472.3908517361 75219.0606312230
608464099.0088256598 88181.4328536987
618643483.6966677904 88835.0867233276
618188976.4189282656 88833.1443099976
520950998.6314764023 29814.3626108966
532792481.5731449127 46737.3071591195
533102018.2823363543 47072.2032391366
560142682.0713301897 68961.4481134750
533160498.5694026947 47100.2026261473
542640141.3227297068 56051.8700428742
545053214.2870466709 58064.4290188258
520090711.0574835539 28132.7675534093
542539998.7936933041 56026.7499485749
593110497.8866543770 84164.3974599838
570563766.8223112822 74707.9693620279
610617624.0105645657 88449.0945968628
618059168.2275848389 88815.4231338501
593086903.4860184193 84106.1971654892
516260452.3816764355 14848.3737705136
525507570.3913359046 36388.9585412740
587143497.5103043318 81812.3894247431
608184960.8310000896 88056.9415817261
610864504.0262296200 88450.4458389282
532572672.5826326609 46432.0423781360
532999203.2455921173 46904.0473492470
542674322.3035751581 56062.8624344605
525411295.5382732153 36385.3441003560
532703514.7650090456 46630.2673232043
533289849.7896152735 47150.4663551785
608171950.1497374773 88037.2530136108
516930943.1549759507 18844.8405670513
516961877.4561545849 19514.1148017634
559657091.5025998354 68740.6326541938
608843133.9640287161 88220.1628799438
520340246.7168998718 28663.4001320564
520219959.1361529231 28439.5081463658
570223031.2781378031 74514.7357947901
593412940.1410633326 84209.4512624741
593161738.0925619602 84188.3492956161
520086354.3028141856 28090.5006270909
570929802.1822621822 74921.5185487345
571392622.1482656002 75123.1283586100
545232701.2505868673 58113.4485073749
558751651.7690230608 68082.4808504023
571707355.7557636499 75249.4812486246
586814428.9430322647 81701.8914083857
586678869.8097512722 81663.6346311569
542899485.6278666258 56367.8494435090
559542728.4778314829 68659.0497593544
594053290.7652777433 84404.2947463989
593461563.7041254044 84213.0630712509
571051435.9867075682 74955.2710740641
570695592.8666365147 74809.4820878580
587040508.0370240211 81707.1066641230
520200923.4089493155 28394.5085921788
570916664.2980502844 74886.1657426432
522006515.9918881655 31225.6962427772
587773553.9578227997 82095.3859996525
593901849.6802968979 84325.3361654282
522119446.9602272511 31276.4660987459
593831013.6811716557 84323.7791366577
517641099.1213927865 21260.0247226927
556618969.1294919252 66836.3719470808
588746300.3693969250 82508.7776289406
517071519.9435421824 19681.0933577738
609692233.8305405378 88351.9782028198
533686273.3152056932 47377.0962950671
516386835.1754121780 15549.7382141170
522111728.3036810160 31252.0256385408
555973088.3737211227 66454.8955265591
594476758.3988786936 84434.4710683823
556355013.0132359266 66667.7014165795
609298036.0181593895 88288.2311477661
610595293.8311119080 88447.9664077759
521889330.9459991455 31050.1159063236
609155091.8360567093 88285.6110305786
592534954.8854959011 83859.5961571634
609884649.2389485836 88383.6497421265
610576098.7369012833 88417.6489791870
587590169.4180772305 81994.0787271876
615352953.5791710615 88629.9880599976
544249489.8440390825 57423.0141193930
615095113.6930903196 88599.3528518677
517139088.9726327062 19898.3563781861
544661263.9084681273 57816.1673653189
544810547.8871468306 57850.1528908078
586619726.2174135447 81612.1096997843
617472944.9828790426 88719.0302200317
517096375.9905537963 19885.8543554429
589188857.4277008772 82674.3789525452
607445926.2720724344 87797.9029541016
543769211.9739431143 57121.9220432106
517161393.9585582018 19978.4149198151
557673784.0043866634 67314.2838314446
615372900.2325751781 88653.8062210083
543298003.7005846500 56680.1159477297
591672705.7604882717 83544.4414046109
525253357.7415595651 36098.5444368123
570209234.7561829090 74275.3962617007
516536074.7461012006 16252.3297635954
532399151.4020797610 45667.3072811226
543523834.7234395742 56888.6043351745
524957765.3472507596 35508.7512258290
586577333.1186164618 81530.0956606288
517886605.6953554749 21894.2122686424
557683166.5572712421 67441.9386461126
591181030.3105378151 83396.1437055171
590810062.3781260252 83267.2098802752
516527551.6432199478 16023.3727093308
590385635.9899855852 83127.7080010090
516744118.2807968855 16624.4546430152
590668386.8802719116 83176.4460533771
588320955.1611038446 82187.9249862656
524360046.8803976774 34661.9287456869
558364999.3042062521 67823.2921642857
516887615.5149865150 17920.6797198215
558560145.6908913851 68031.4565103399
524548750.2916218042 35021.6168560385
558103545.2381401062 67732.6739061223
590545594.4559811354 83140.6270149860
524692528.9466206431 35198.1690410971
617343321.0285434723 88697.6409072876
570081796.7107315063 74185.7116582643
616195208.7899316549 88674.2010116577
568828483.8536499739 73311.2310867396
616764268.0370121002 88688.1813888550
557935455.9191309214 67515.9583604680
524272271.7341547012 34496.4905466269
558347874.9894597530 67798.9644487249
602877648.0852975845 86339.4877243042
516622985.5476162434 16440.9307068367
531714271.1814038157 44619.3452963768
532334222.3369659781 45334.3668051152
531969656.5121570230 44952.9625512439
531567531.3005038500 44389.5619330916
587950439.5763359070 82159.1905273423
516662578.4392223358 16587.8540725197
531871838.9444592595 44751.0557380233
565418526.9096728563 71638.3896101646
531503696.8705657125 44271.8314055129
531589603.1656376719 44418.2601088211
613663184.7445312738 88480.1869277954
557788796.5875294209 67445.6147325383
587935882.1884541512 82156.4144386277
557524769.9322892427 67304.5242784368
567558362.5137840509 72711.3699697433
516876146.1081014276 17534.9713644035
567759928.5356833935 72841.7189287376
530906438.7035849094 43527.9997357881
602543609.6720267534 86212.8573532104
530800002.0058196783 43443.2786129638
554732618.6621412039 65155.8382668644
554896309.2020740509 65369.9908681065
554781430.3754016161 65324.0043339878
567842008.4509857893 72929.7924308860
602228316.5777261257 86004.7617645264
603026992.6987674236 86411.1388778687
614781701.3696663380 88502.6344985962
555163736.2822947502 65601.1267523344
567165446.2476352453 72532.6289634787
567175147.3497953415 72638.7388115012
602545495.8013224602 86235.4907188416
566630634.9269721508 72335.3154753379
614821216.6592901945 88525.9265670776
523158931.9446671605 32680.5089100625
523329016.5439034104 32935.1583126213
523203395.1395211220 32697.7168617125
523075304.3098577261 32324.9716923114
522960170.5295310020 32270.2872123595
529392807.9975720048 41489.8687869033
603895712.9690034389 86607.6811599731
604572615.2318974733 86732.4488296509
566837196.0520684719 72417.6096737960
604749952.9946235418 86775.2472152710
529429120.5120635033 41554.8610779714
528460225.1051242948 40156.9080128140
528576150.8825354576 40179.5277591732
529448872.9671494365 41557.9495325682
529580612.1030123830 41729.5652018187
522524450.1977555752 31406.2929216107
529125182.0313794017 41051.7799259212
604214064.8714621067 86663.2041397095
528777743.7431750298 40521.8507622478
522904701.9705244303 32074.0422352020
528409119.0334715843 40147.4426456478
529316414.1266154647 41308.5080982235
522928330.8417126536 32126.5249535132
522650434.0842430592 31687.8271219607
522727642.5399909616 31798.0791199401
529045717.9303455949 40937.9062152889
528888207.4886616468 40727.3356739071
528714774.0619079471 40507.1466556576
586431366.9567393064 81157.7388366759
586313064.8151421547 81138.7926544249
586362500.5571818352 81153.1066040099
586000413.0032387972 80956.4903606474
586074570.4901334047 80976.3986874935
527716408.9211357236 38817.7350471541
605579878.2271478176 86817.1270065308
605256322.1556279659 86810.4593276978
605658992.4687871933 86822.9405136108
564088162.3865277767 70628.6899844137
526897707.9300602078 37541.7869486701
526650559.2054464817 37298.6714863988
526491009.2898892760 36963.4012857742
526396994.7585400939 36946.9987102909
526357672.8190033436 36891.0159222050
526390593.6688176990 36940.9004131718
564909691.7088651657 71098.5871035803
542316919.9500077963 54285.0607028473
563896485.1907060146 70439.9771407084
583386093.1002254486 79774.1782983206
583442637.5049214363 79811.4925225116
518992068.7732696533 22034.0589326264
519094242.4964990020 22511.3309933783
563890443.2411402464 70389.4979002909
554653204.1551429033 64610.6947525181
554639432.7593327761 64607.8478210606
554431043.2788381577 64454.4156397022
554477381.4885176420 64471.9496548660
518997816.7105410695 22099.4153073596
519367016.0331423879 22977.8108795060
582899044.8538010120 79470.1639279258
540716924.0145422220 52408.4394980638
582694818.1494826078 79320.1246060263
563967087.8279350996 70451.8548148111
582172969.8637040854 79126.6512080007
540465991.8486616611 52190.2662483721
582523106.5026471615 79186.4698819052
540755760.8955528736 52485.1154123495
540754524.4450896978 52435.0617367277
564002398.7147256136 70498.0805113749
541114215.7677254677 52704.8517402380
540835484.5962684155 52572.6714576452
581865117.5972830057 78876.5933082793
540511536.6178766489 52248.4137368321
554294433.0241273642 64075.4196917824
581018853.8653215170 78624.7911791783
581932090.6703346968 78907.9132722802
581437132.8854608536 78713.6389512010
539532996.9543287754 50881.3603658905
579682073.0798451900 77764.3382141106
579362182.8640496731 77508.0839494653
519810833.6258194447 23745.9797891391
519736954.8837798238 23469.3373025668
519636379.9179441929 23003.6147026027
578938808.8864650726 77158.4452422815
577790715.0684807301 76363.0384104209
578328232.9892337322 76779.9175264646
577865229.2188476324 76554.1047232109
578435828.9027825594 76828.0612509208
578080764.0406345129 76729.5442984062
576488352.9121125937 75801.0181064414
599903612.2820445299 84579.6808223724
599956697.2263324261 84585.7742061615
601045962.6003813744 84789.6004581451
601819244.6115363836 84988.0437450409
602066467.0697333813 85003.9554996490
553443261.3780962229 61558.4350891328
553613020.9106913805 61633.5081574062
553969972.3640232086 61986.5861754764
539365976.9543334246 48467.9454067822
552584552.6303246021 59850.3763510345
552188937.8427469730 59284.4353073075
551857227.2334437370 58785.6581468940
552187018.7984914780 59177.0365086682
551898765.8622812033 58985.9969025664
552112239.7973403931 59154.7038622260
551954449.4694471359 59035.5112963080
