193373367.5723611414 10675.1959724426
179694677.7314800322 4866.0717024796
181254896.6855823398 7220.6978651180
187605449.3440310955 10388.9869422913
181334278.6692000628 7288.9583306620
181413915.7948400378 7303.4140077724
183770553.5676280856 8987.8396030476
187373763.7848719358 10371.1634483337
188583965.7147038281 10498.5528907776
193430000.2642001212 10677.0313453674
193498040.4388202131 10682.1921501160
181467397.1681357324 7305.6156792948
181292555.5789275467 7274.6337081501
191446768.5517453253 10648.3250350952
179714421.6054628193 4873.6852972500
181520965.6860308349 7313.1669448875
181156627.5291880965 7200.3231301615
183350079.4567406178 8801.1830892013
187386792.8561944664 10380.9876518250
187260070.4102346003 10368.7753791809
183581460.0457057059 8949.4119862961
187551158.0461162627 10384.7609443665
179709682.1927168667 4871.7225515835
181323727.8771899045 7277.8188835576
183382365.5325660110 8877.0370339798
191116736.3637808561 10636.0034255981
191559434.9030616283 10656.1880035400
187376779.6698920429 10373.3237648010
189351481.4313077331 10537.8766288757
189325397.0829352736 10535.1751060486
187221976.1189569533 10366.0251350403
191489519.4289353192 10648.5733337402
191604838.8121686876 10656.3682022095
191723188.0105516016 10659.1622390747
183637248.0708998144 8964.6579980301
183680703.7916880250 8977.9740329792
183275332.2168499231 8765.6797470497
182838946.0351656973 8535.0506735517
182931112.5786978006 8540.6966086103
183726043.2344289720 8986.8661508011
187105684.2527534366 10347.4361000061
188762020.0206394494 10509.3603630066
179869264.5948926508 5035.8749286062
187176434.7564707696 10347.7595634460
188292011.1063627899 10459.5966300964
182690492.2540883124 8437.8378592207
183928237.9977224767 8999.7300296833
183381526.9715494215 8876.6968774246
183352026.5951763690 8808.8667125152
183414667.3725027144 8881.6911019729
189299700.4748844504 10532.9489479065
187029539.6672214270 10320.0261344910
191518505.0460997522 10654.5307846069
183846950.6387353539 8996.2964791702
183837334.5960552692 8994.5220727371
183435930.5994561315 8886.8363351272
191657078.0604520440 10657.8563232422
181142427.2249320149 7108.0441737482
186921845.3247871101 10305.4724845886
189235257.1219547689 10531.7661857605
179559250.1579675078 4255.7801755934
179723091.2628435194 4884.9113891118
183492090.0660683513 8898.7373361038
186705330.8187277317 10200.2826595306
187209221.3403428197 10350.5264167786
189041428.7570607662 10530.8809165955
191160826.3207104504 10637.1120758057
191220027.4624956548 10638.9033927917
191746687.1106729507 10659.8097686768
191631183.3169165850 10656.7396163940
179557736.7124502361 4251.8697202473
182694356.8160468638 8452.6169653608
186767972.1679642200 10224.6848373413
180014056.6519786417 5064.7946826345
181340023.5950559676 7292.3298001790
182579716.6190089583 8336.8389502241
191333190.0610753298 10647.6313095093
191764695.4003952146 10660.8620223999
181368287.8433490098 7295.8824569294
183572369.2617396712 8914.3642269184
183890401.1918514073 8996.3418953167
179763064.8491078317 4974.2894122593
182883751.3258143961 8540.6744909956
188922367.3873666227 10518.7617454529
179644871.4694409072 4662.9081376002
189018021.7457325757 10520.5398139954
183296745.9839314818 8798.8707818436
187001072.8790219128 10310.2096366882
179580618.2861714661 4454.1133451410
191969339.8670995235 10667.1110305786
192718695.1945136189 10671.9591178894
181137099.2102162540 7091.6311598727
182513890.4795770645 8253.5822138681
188358488.4878357351 10477.8408241272
180846744.3769781888 6707.5076494971
179669970.8612283170 4768.1447369482
191290154.1110039651 10641.8234558105
181107962.3335770071 7071.0454583475
180938056.7470469177 6889.8805802921
186778089.2128206491 10246.6977195740
182641390.0361882448 8366.7130785658
191526731.9713712335 10656.0390777588
182821992.3584565520 8505.8539758398
191512931.9420941770 10652.5884170532
191942158.4800494015 10666.8295211792
187002863.0178047717 10313.2542304993
186436143.8653246760 10074.3734179735
188639399.4527995884 10499.7495307922
191828698.1595940888 10666.4983673096
192510283.2900861204 10669.9208374023
179749303.0237741768 4968.3077294819
188835360.1311374009 10518.2167472839
182758005.3797805309 8464.4098616316
186940915.8556084931 10306.1522102356
188922276.5558719933 10518.4767189026
188663209.5521531701 10503.6115150452
191965073.8497414291 10667.0951919556
179647972.8798578680 4766.4131459321
179683411.0188547671 4861.9075348370
182576223.0859755576 8333.6967535688
187057246.0142971873 10334.1158485413
188746048.5939338207 10507.1140861511
192076370.8405792713 10668.5890350342
182646942.3539018631 8430.6137381269
180976471.3449855745 6903.1855343291
182554542.7708524466 8322.8301840498
183216965.6865749359 8734.2016915726
183286960.0023787618 8794.9904488968
182581374.6716908813 8362.8532381727
183132593.3790097833 8706.2161611961
182937032.5678156912 8596.7560171532
191612987.6197656393 10656.4570465088
181093393.6958054602 6999.3404320190
186694959.5184649527 10182.0073604584
186524522.7757421732 10130.2955532074
183022406.8165143430 8604.0841192650
179559442.0492728651 4260.6506957956
188540239.8920505941 10492.4497871399
186645391.4299290478 10177.8207683563
186871490.1300254166 10268.1930274963
183044209.8275952339 8611.5144171165
186378284.9523276389 10058.5390557647
180961039.3493353724 6891.9859228441
188502319.4139324427 10485.7942390442
192893584.0859818459 10673.0485954285
182788460.0230965316 8490.7436422752
180880489.5662461221 6797.1349075744
186553974.1280098855 10132.4976227283
179676617.6695630252 4769.3483860486
183072938.6894138157 8633.5347418236
182945327.3545182049 8600.2037863182
179632721.4171460569 4660.9750202771
179615641.5179819763 4659.3290557407
182777675.5681561232 8490.0974325584
188544416.3982804418 10495.1099128723
182479806.7389123142 8226.8003300028
186571915.0276218057 10165.4182567596
192397398.8042233884 10668.6109085083
182554815.2739736736 8332.5987845137
188440834.8446061313 10479.8046073914
188998510.7099625468 10520.2896842957
179613260.4085369408 4658.8684930231
191041076.2758095264 10622.2769660950
188592261.4431459606 10499.6233787537
191075311.8280640244 10630.5041503906
180962817.8971696198 6892.8434572565
182131324.5143946409 7905.8023253267
180979182.8909030855 6906.3606477091
191307580.0004703701 10643.1566543579
186853459.1652670503 10266.8492698669
187052088.9329523444 10322.6121482849
188944803.7219801247 10520.0324134827
188824153.9970160723 10518.1856880188
192401598.4511074126 10668.6867065430
192495453.8812730014 10669.4405784607
189040197.9573051333 10527.3331375122
182109132.4898940325 7902.7208910768
179592084.1716383398 4465.4058436777
180895730.0215948820 6819.1730087707
180998945.1706792414 6928.6331528136
180937547.1884530187 6832.5346446344
181030568.0526266992 6982.9023385355
188468054.2334228456 10483.0424003601
182227316.9854156077 8016.6646433657
188587676.9078426659 10499.2793312073
188786856.1894663572 10512.4273872375
182224926.2960875630 8014.9855204409
182189143.6933849454 8004.7637015169
182363934.6434590816 8092.9327939337
186717673.9105588198 10221.8656978607
181045921.1489874721 6983.3118005106
182296478.0635665059 8089.1016169374
188342820.2511566579 10467.1185035706
192818140.3095032871 10672.8041191101
182096031.8055424392 7901.2906990831
192730674.9377205968 10672.1516685486
186880776.4691451192 10268.2749900818
188526131.9367066026 10488.0244255066
187011077.0817170143 10314.4248466492
181050036.0985597372 6999.3392448022
189404993.6723813713 10540.7014999390
181094117.5949444175 7018.1150002787
189202828.6558058858 10531.2484588623
189104706.0969499648 10530.9574279785
182144669.6003393233 7979.6414728945
190561131.6987545192 10594.0607719421
180983581.3743931353 6928.4497590372
190280100.4662738144 10579.5343742371
180708621.0819019675 6447.4342548856
180907756.0954231918 6825.8436020324
182191318.1698837876 8012.2407999819
182463938.4719729125 8147.3281156276
187054453.0054542720 10323.2945137024
188463364.8479835689 10481.4733543396
187026952.9039358497 10318.0621147156
190193581.2015352249 10568.2784957886
180878485.1635545790 6751.3893141458
190474969.0827465653 10589.8401985168
182383385.7581003606 8119.8333113377
188734083.9527512789 10504.5491294861
190490763.8568045199 10593.1093025208
190332309.3129939437 10579.8117179871
190339384.2935288250 10580.5935401917
180829452.0286626220 6659.7351112822
190734292.8681678176 10596.5613059998
190835879.3930296302 10601.7597084045
190524733.2553199530 10593.1095542908
190219386.4978672862 10576.6012344360
190635761.1083711684 10595.0082740784
190761449.1153081954 10597.0235557556
180638585.5617684126 6319.3880743244
190908565.5948845744 10601.9991111755
190675741.0112215281 10596.4784278870
180629191.8519261181 6172.3678217506
182468607.5086715221 8196.6977930849
182401787.0639784336 8146.2118998354
190375752.7787925601 10581.7325630188
190873010.0930426419 10601.9209480286
181804786.2639882863 7607.5139790370
182286628.4163693786 8045.5518732851
190810258.5000320077 10601.6613655090
190776904.2041713297 10597.0607185364
180870963.2929167449 6739.3858046243
190777119.4588937163 10598.1342201233
190408774.3147828877 10587.2312660217
182244510.3553153574 8034.8571177309
181795821.3738727570 7583.2222309902
181763315.7490888238 7546.6922522380
180865736.4056768417 6735.0885963151
182092405.1071881652 7873.6575260346
182025777.8531590998 7777.1543655486
181678698.0923261046 7524.7892018154
182057678.8673132360 7851.6860122771
181689256.1409660578 7526.6926379511
180817212.6918897033 6644.0584658577
181707514.4964335859 7528.9126168086
187962272.5027396083 10398.5935096741
181763396.2263619900 7562.6465283229
187987804.4586481750 10402.6954612732
181860382.3787312210 7636.0702753856
180862297.7637606859 6735.0883040139
181711333.4131944478 7543.5111265972
181998815.7357831001 7771.9606590455
180766600.2075186968 6532.2872976968
180656478.2190977335 6346.3629689673
181847419.9705750346 7628.5885629999
180794032.9045962095 6535.7143912026
180646257.2654279172 6321.8861675458
180687495.8584629595 6431.3338056067
181665496.4694814980 7464.1313916042
181625692.8989489377 7443.2070771053
188057318.8118318915 10413.0129508972
188215574.1573370099 10431.9320259094
181949554.4692744315 7716.2237024652
180794708.9387286901 6562.9013104150
181984137.2882451415 7721.5345850335
181907386.4283958673 7638.4895859554
180803920.2740699351 6577.2168822000
181850918.4945291877 7634.2493458583
181600107.3663086295 7425.0342732265
181624313.7051705122 7433.7015133693
181827143.4362407625 7624.9502659633
180746907.4278019369 6531.4168905923
181533679.0859868824 7335.9990430667
180816786.5172804296 6590.6567031452
188267863.7969011962 10437.0464820862
188224973.0289561749 10435.0296821594
188041442.9896130562 10409.7923088074
181495451.0872992575 7310.2130375698
188189533.4924686551 10429.3151741028
188116621.8572459221 10416.2291450500
185364814.7099282146 9005.5583653450
185407321.5515674949 9010.3507781625
