138764890.4089187384 76518.8812255859
138522750.1271584332 76356.4247436523
138926082.8092414439 76649.1123657227
142397368.6475721300 77500.7839965820
142404420.8819774985 77525.3320922852
128146243.8910298795 51224.7586485808
128189041.3520560265 51285.2107340619
127819766.7311012298 50744.8320961446
128218605.8414042443 51549.6921117604
126702717.1541261226 46630.7830193639
127688971.7613062263 49808.5865226872
127750957.8573824912 50620.4469255731
127719554.1887435466 49965.9278404448
127464463.9845318049 49708.5173601434
135280470.2565016150 71180.1945877075
135059896.3037175536 70907.7884292603
135086209.7811926603 71081.1846694946
135991581.7336027622 72511.9379730225
135714087.1186636090 72035.8454818726
135766642.6568185091 72091.7715988159
138485648.1989994645 76339.6325683594
138057432.4797328115 75486.3649139404
138738366.5099748671 76459.3370361328
138442328.3894800246 76333.6569213867
139417147.6345630884 76855.0073242188
142208366.4465708733 77474.3503417969
127670492.5718136877 49772.1815402508
127489708.0887214094 49731.6613420770
125486427.7912725508 33776.2995228666
126526724.7983675748 45504.1364707015
126890453.6133666486 47191.5190567896
126606639.7052147537 45574.6155402996
126939806.7454648465 47222.3044121861
127112102.4356630445 47946.1397133917
127544367.7265019268 49749.9026706219
127181759.4284982085 48018.9908517599
133268802.1937674284 66681.6415462494
133127013.7284122854 66271.7810955048
133651543.9971015751 67533.0356998444
134869566.1478189528 70473.2455673218
135514526.8898455501 71463.1738357544
136108877.7675113082 72609.3937072754
135290192.8768038452 71418.8540267944
138284965.8722280562 76004.5261535645
138789998.8998816013 76616.6715698242
139298347.7749668658 76825.4403076172
139622282.8038386703 76870.5282592773
134984466.6763123274 70786.9841384888
135165715.6615108848 71174.2589645386
138773112.7919800878 76609.5608520508
139363132.3950838447 76838.9293823242
125470471.3468411416 33698.3023171324
126289900.1654207855 43273.4433769360
126945218.3021847904 47244.1097624898
126640795.6702705175 46310.3748467565
126610279.2639833838 45731.9029971957
127327308.1045368016 48938.0422677360
127445593.6269443631 49071.5428750515
127273458.3372072279 48837.9731051922
133594847.4880236536 67530.2585964203
135099359.1178651452 71092.7433547974
135789887.9078508019 72097.3890304565
136291060.7692243457 72727.0403060913
138216680.3499636352 75899.7333679199
138143453.7341015339 75766.7830505371
138410217.5102137625 76245.1551513672
138523342.1207457483 76366.7730712891
138543037.6415865123 76450.9458007812
138803628.6014364958 76638.3503417969
139229917.9312815070 76754.9086914062
125551011.8120433837 34278.7055777197
126252439.8898313642 43133.4362892285
126464273.6479377002 44643.6897992939
127119739.1667307168 47964.6753878277
134883298.8613552451 70473.3917093277
134954593.1431854367 70537.1005258560
135913403.2780693173 72434.7790756226
138981413.8780066967 76723.3098144531
140991945.4497221708 77103.4346313477
141060667.8625096977 77123.7816772461
142135718.0864287615 77444.8306884766
133281659.6337183565 66762.0982551575
132957606.4546307772 65872.5593421459
135668252.5770310163 71949.3134689331
135546763.1303604841 71908.6189498901
139115377.9324453473 76751.6432495117
141748998.7832152247 77362.2639160156
136208685.1904184520 72687.0693283081
135710992.3093224168 72032.0281295776
126182790.4387191385 43030.2669747099
126251797.7401869744 43048.6536497846
135180584.4830783606 71177.2481698990
141677783.5942887366 77362.0322875977
126169420.8734199554 43023.2033561841
126501384.1021962911 45111.6243000627
126591799.5921510309 45539.8845009133
127078470.5077306330 47930.3876809329
127183028.3165724128 48053.9714038372
132915466.9166942537 65733.4934241772
141852885.9448345006 77429.4248657227
141263000.0135430098 77307.0305786133
141397315.3621653616 77351.1320190430
141036737.3582906425 77122.4714355469
125948204.2197440416 40450.5897832736
126951801.8247554451 47298.9356228933
133500290.1830874681 67217.7788600922
136584475.0101244450 73242.4167404175
141377932.5502323508 77323.0544433594
141220432.8458245099 77246.3942260742
141202564.3152239621 77219.6867065430
140903240.1233130693 77081.6624145508
126131411.8801258951 42122.0728036426
126161935.9867516309 42437.8519982323
127013233.3255675882 47483.5163180836
127213380.0413801223 48131.0606815815
127109958.8542337567 47943.0865710303
133220601.2854029983 66674.4236354828
136516668.6696813107 72867.4739913940
140752262.4056286216 77001.7963867188
127256981.4928210825 48158.0816912334
125982830.1506334096 40584.4900488406
126108393.9217117578 41523.2669510394
127068544.0223600417 47926.0435397625
127064137.3096647412 47688.1892841384
127050193.8041985184 47499.3489246368
126126667.8384549469 42107.4754916057
126838808.6261692792 47033.4264035225
133393989.4798874855 66977.7809295654
141072580.4991914034 77213.9724731445
125591202.5494203717 34789.9299480218
125997736.9505394250 40653.3158132436
127050829.7149793655 47500.8695361614
126965191.8737439662 47477.8290317059
125993508.9034529775 40585.0386442691
126055420.4945917279 41413.1327035651
125952017.7486084253 40537.4238981754
126828621.4984560162 47014.1139743328
133172007.0318809599 66355.7969436646
133480127.5749258250 67041.0163040161
126534758.9485592097 45539.7893391252
125592119.5195754319 34880.0310527581
126041872.9072128683 41347.6350155175
126274254.5445227623 43187.9311624132
126416012.8483942002 43977.9651446417
129579039.2306942493 55592.1080746092
129786546.1497516483 55739.0915458687
129927372.1471584886 56303.1376274116
126437626.6394521445 44076.2576135844
126472764.2122939080 44822.6238616072
125812339.5888852328 36737.1631631601
126339501.9415139556 43935.2356651388
129253140.5584771484 54442.8919054456
129809525.6644696444 56043.5426567085
129703519.1704327315 55626.9743465818
133494439.5602278113 67108.1452655792
133686382.5181735456 67703.5144500732
134859003.9997706413 70120.5631999969
134790020.8085469306 70071.0982494354
136669677.7754616141 73254.6837081909
125650065.9374892265 35783.8629383791
129719486.1683889180 55695.5637194104
129453668.6468436569 55018.6165641470
133381906.6543860137 66964.1977653503
135542222.5192289352 71581.1124887466
129527508.2735455483 55052.6037889905
126222811.4664374441 43039.8900689110
129355946.3483004719 54859.4389635511
129322299.9223868698 54783.6341539808
129168904.3281995803 53768.2160405107
129241145.4152369648 54314.0965506025
133092027.2226574123 66134.8399276733
133433235.1122016609 67025.9514846802
133105660.2458875030 66184.1209073067
136498145.8562526107 72827.5409774780
133323905.1599108428 66901.9503860474
133827821.5519622862 67918.1577959061
133941686.4855296314 68060.6726750135
134276630.7356206179 68862.2367390394
126022669.4391390532 41336.4668246135
140794305.8346128762 77025.9000854492
125650688.3463086337 35799.5656835485
129181901.2841935456 53978.2566800155
135520974.4931364059 71552.8714303970
140592584.0198313296 76976.0207519531
126132384.1525162905 42160.5823125467
129193832.4879425913 54190.3715886064
128941540.7098629624 53305.6153630204
125689538.1032843441 35887.2373468328
125826442.4307421595 36982.1953374791
128924238.5427425951 53226.3130661435
129092198.7258056849 53570.6321043707
125912489.8821733445 37619.8560755599
129010877.2976355702 53408.2368111545
125732937.7221307606 36733.3766424108
125684734.1291762143 35823.7893068242
129077818.9025506824 53527.7086424567
134124051.6179734468 68557.0622328818
128802765.8637323827 52113.4419045188
128899591.0477184504 52994.9291166998
134334450.9119056463 68879.5560235977
129126013.0498908758 53736.8697075062
128849457.7252650112 52772.6061149873
128885204.3064899743 52840.4223849885
133781980.6886091828 67871.5298051834
137827288.4328757823 74460.3916320801
128873641.9884644002 52838.9222629182
134179891.8375374973 68805.6997517347
134412411.2511992455 69186.9373463392
128789379.0231883824 52033.5051537805
134663904.7591112852 69842.9386377335
134638474.2882497311 69659.0701684952
140505094.0897220969 76895.0522460938
134090906.4193732291 68146.1936177015
134138020.6581849158 68723.1708210707
133907866.1691914797 68060.3732805252
133591909.4337059855 67339.3539857864
133944515.0676838607 68074.1591157913
133880700.3663320839 68017.3729219437
134678649.1739206314 69844.8570573330
137656323.9875783026 74060.5777587891
140554977.5459921062 76911.2838745117
134254145.0031848252 68841.3710565567
134563507.1724775732 69659.0129175186
134340612.5148997903 68958.0029039383
134004635.7928714454 68074.4280443192
137924869.8338649273 74485.2258605957
128773578.2057144642 51647.3356800058
134063790.9851979911 68124.3216066360
134292766.0037188828 68878.8667955399
134401101.5318690538 69149.7955408096
134643224.0985127091 69694.0887231827
134180889.3881752491 68818.9369859695
134531652.4629841745 69423.3274345398
137942710.7405137718 74620.3093566895
137978053.4237840474 74640.1449279785
134462518.4476761222 69199.6530036926
134781962.9097674191 69900.2635688782
134470594.1146687865 69363.8430519104
134343252.2927041054 69121.7824592590
134469337.4301410019 69260.8483772278
131177965.8814480305 58667.9180417862
131083518.1165750325 58488.6672521438
131507004.6191211939 60005.6803436279
137266100.7449373901 73529.0653839111
131767162.5333774388 60365.2560659256
131222774.6630854607 59360.2074094620
131711413.9259014130 60079.8517728522
131341598.9448318183 59387.0617197361
130841412.1625956297 57618.9514005985
130978891.9043117464 57812.3199385013
137807825.9850444794 74194.8920593262
137595966.4849654734 74044.9676818848
137698074.5022609532 74180.9293365479
130913122.9465714693 57653.6676481571
130834238.5326001048 57614.2796171512
137174087.1225467622 73444.9984893799
137427217.0417197645 73727.9821014404
137666523.6064652205 74113.5199127197
137173013.6322072744 73259.6941986084
131087465.3733727038 58538.3276948240
131409064.8469561040 59415.4307344761
131034830.3466406167 58455.2317121830
130724143.1149088144 56773.6830061283
130709177.6713856459 56723.1588288010
130815265.9477424920 57393.9981916752
