825536699.4000557661 5762989.8564453125
825131137.7981961966 5758768.7255859375
829518224.1020003557 5774987.3730468750
743328683.1849424839 4413974.6328125000
742925154.9752132893 4398725.5627441406
743085958.4607183933 4411622.2282714844
712005925.7034262419 2251706.7303466797
712401812.2677202225 2286386.3447265625
733062323.0814801455 3894435.4990234375
758114495.9222400188 4897975.2709960938
803806625.7787688971 5652836.2265625000
733116491.1205011606 3898730.5197753906
712559146.7582517862 2289481.1949462891
732760695.8971782923 3893461.4523925781
732987744.6421161890 3893494.6567382812
733040022.8798428774 3894310.3281250000
732533735.1144374609 3883035.3376464844
732725638.8693269491 3892059.6901855469
732653394.4382106066 3883778.3830566406
742687947.0871009827 4395977.1071777344
803194862.4837142229 5647435.2089843750
803439928.3571548462 5650517.4101562500
711857592.8884321451 2244148.0276184082
712087993.2429769039 2264339.6644897461
712175296.1912741661 2270561.5434570312
712092083.6780884266 2269697.0060424805
758048212.0733602047 4893824.2773437500
731437183.7393207550 3812265.1008300781
742519077.9745862484 4390035.2961425781
789961521.8089934587 5499463.3632812500
824396329.0673199892 5757059.6093750000
770132422.1100814342 5170739.2480468750
770142744.0174603462 5173567.5854492188
770136345.5171861649 5170955.6166992188
769725980.6393702030 5167228.0463867188
769150125.8519222736 5154627.4936523438
742459579.9542460442 4385129.5158691406
758059873.4580328465 4894266.6108398438
769069836.0121202469 5153439.7944335938
789605091.5531424284 5494138.2128906250
830285854.1084295511 5776029.9111328125
830780839.6728314161 5776754.8095703125
788902639.6628888845 5486529.2700195312
708250254.8892302513 1735919.6033325195
760199217.5354037285 4948277.5097656250
804168983.3821320534 5654328.4687500000
824421206.9628607035 5758130.8144531250
742254284.3825981617 4377609.7976074219
813983741.1389065981 5713454.7910156250
840664074.5825783014 5784189.9990234375
768585382.6075921059 5143174.5756835938
732233391.2253288031 3866583.7021484375
742254105.4516134262 4377213.2546386719
784727280.5135047436 5423807.1010742188
731733773.7867347002 3837406.3227539062
732123646.4603210688 3860217.5598144531
742384633.4135448933 4379791.5407714844
830461880.6923347712 5776667.9619140625
791282817.4950572252 5511325.2626953125
731929133.6128181219 3846424.9057617188
768504996.5069084167 5142002.8803710938
712009939.4395819902 2256265.5378723145
711755771.6251273155 2235866.5923767090
711659188.4398419857 2210395.4923400879
708585571.7154835463 1801057.8073730469
768720494.0822339058 5147702.9663085938
785672232.2670938969 5436604.9277343750
791313728.2256779671 5514008.7578125000
711323674.8252323866 2179264.6758422852
711673799.2120995522 2214823.7450256348
767988477.2508952618 5132167.6625976562
771863788.6720238924 5204754.6787109375
813057726.4584449530 5708747.0937500000
841015219.3379768133 5784260.8925781250
708342411.0655732155 1758899.6437072754
736508609.2516711950 4082307.1645507812
826853535.3509459496 5767699.8476562500
759189553.4919173717 4928512.6220703125
827221273.2821369171 5768586.5664062500
805889234.1501010656 5669281.6083984375
736279183.3921581507 4075993.4990234375
743902166.6465414762 4429324.9184570312
736136679.9615820646 4069416.7890625000
711594445.8333731890 2202857.6894836426
813783720.4020203352 5712315.9589843750
830371797.2627545595 5776421.3095703125
710606861.9172992706 2091352.4272766113
710665629.8305149078 2103646.9715270996
767234547.2026425600 5116667.7822265625
710510478.0403783321 2080367.5147399902
771204526.2996481657 5193296.7709960938
771183924.0021799803 5192302.6870117188
737074089.5241882801 4089129.9158935547
743736463.1501725912 4425033.0092773438
804941962.9516640902 5662014.4882812500
711519560.5848315954 2201022.1777648926
766999475.8334606886 5109693.9467773438
804531052.8153625727 5657766.9345703125
786412597.6686186790 5445733.0371093750
771101666.1457608938 5190333.4414062500
804698750.9011691809 5659311.9140625000
813162648.4141386747 5708853.2363281250
828483367.9998645782 5771269.1923828125
804836342.3440262079 5660030.2666015625
804725815.4016571045 5659448.6035156250
804178453.6454662085 5655080.6933593750
804629074.3964575529 5659278.8447265625
741522460.2417047024 4330368.0839843750
758193306.9607858658 4901696.9135742188
804307660.6639770269 5655527.0683593750
804318434.9465988874 5656940.1884765625
804029958.7828603983 5654111.0810546875
736032196.3711477518 4058470.3294677734
735841428.6005240679 4045106.6854248047
812694542.6461352110 5706399.3808593750
710477610.6604093313 2075306.3274841309
735861854.9511383772 4047699.8907470703
827707908.4326853752 5770251.6201171875
758485138.9313828945 4908489.2358398438
770647954.1988075972 5178272.2348632812
710421228.7609033585 2057903.4408264160
770494848.1104203463 5174539.5493164062
840103690.4054602385 5783294.2734375000
757729461.3549001217 4887029.8710937500
840432132.0662196875 5783861.1748046875
757281513.9690535069 4868425.0883789062
788367150.1297664642 5473639.1757812500
709225110.7857104540 1853824.1407775879
709140264.1430649757 1844950.4941711426
788070492.5001332760 5470522.9648437500
825816842.1792924404 5764315.6357421875
787147142.9212051630 5458639.4707031250
788065040.5660711527 5469461.9853515625
813420185.8351352215 5710185.6767578125
710444913.9270302057 2060101.2872009277
827618632.1931195259 5769952.4921875000
709129503.8870645761 1840200.4743957520
741330545.2754275799 4312914.1713867188
786924880.2126537561 5455310.0488281250
741412915.4248194695 4317661.8349609375
786727088.0880807638 5452077.2929687500
716127737.0665762424 2595869.7018432617
741391481.2093939781 4315051.3500976562
829194210.0067765713 5771348.7236328125
709501697.7038877010 1879152.9664001465
812072799.3552392721 5703044.5556640625
750037645.6766843796 4641512.8356933594
709519695.1599998474 1894178.0698547363
709333910.1804651022 1862748.8713684082
750319871.7497912645 4649400.2382812500
823540759.0888096094 5753748.2373046875
811682678.3560030460 5699104.1708984375
710102685.9341073036 1968122.5479736328
710170918.2189178467 1969611.5734252930
710297721.1772338152 2020517.0372924805
749102990.8858922720 4604754.0905761719
823297870.1530281305 5752776.3935546875
829204906.1176052094 5773204.2441406250
715848352.3597965240 2563555.6478271484
824219928.7362400293 5755379.5371093750
823821295.5704613924 5754629.0400390625
761515952.8738167286 4961296.5190429688
811209764.8820865154 5695889.4208984375
709967217.8573397398 1954432.5762329102
810900090.5066754818 5694099.9267578125
715655938.9485516548 2544670.7586669922
761209361.9683849812 4954677.9980468750
755290044.3030011654 4794746.8376464844
723714357.1241140366 3220823.9301757812
723788916.8445712328 3223230.4912109375
723537210.2642730474 3210045.5332031250
765367407.9781799316 5054718.3232421875
724006478.3918989897 3225254.8920898438
765784324.5749716759 5061621.6147460938
765525136.2963471413 5057445.8027343750
723614179.6202061176 3213082.4089355469
723945473.5921763182 3224227.8405761719
723843736.0074186325 3223274.2744140625
765650953.5125284195 5059483.3295898438
765312816.6564440727 5053763.5380859375
764812212.8543469906 5043034.3842773438
784523805.1794157028 5406188.8007812500
739233506.6292563677 4199131.3244628906
715409036.1395556927 2508766.5838623047
738856262.2965644598 4181440.3076171875
739143424.2371317148 4192167.3310546875
764775849.5425812006 5040148.5473632812
738992409.9417625666 4187693.5009765625
839692215.1074370146 5781397.0439453125
839879842.5855103731 5782071.0546875000
784416320.1647717953 5406067.3564453125
739223488.8340314627 4193334.3769531250
838631187.9589985609 5781177.0078125000
783924938.0034027100 5396851.2973632812
755304433.9667100906 4797751.2707519531
802027103.1552728415 5629706.6914062500
715557236.0614807606 2523385.7461547852
783480900.9907836914 5389134.3286132812
715468159.9253568649 2509967.5119628906
715341687.4857466221 2503445.8181152344
801932082.1466888189 5628005.0800781250
801152623.5840245485 5621152.3906250000
754912138.5544435978 4786901.1179199219
783121344.4105508327 5382652.7626953125
738637179.9620436430 4163834.8767089844
738532083.5296820402 4161406.6550292969
763754789.3373277187 5009290.8398437500
763554438.0040328503 5005709.3955078125
714431342.2395132780 2394777.9355468750
763373297.2822387218 5002064.0332031250
762454390.9264583588 4981479.5566406250
762616797.6837108135 4987099.4018554688
714369579.4478908777 2386900.2351684570
762286511.0507605076 4978020.9355468750
737840056.6422897577 4122309.3958740234
755450112.7748689651 4800943.5129394531
714311191.3439093828 2386634.3775634766
734691309.9532543421 3957266.8116455078
836838352.0626636744 5779239.1005859375
734791194.0357571840 3964244.6514892578
737967212.0144590139 4129866.1110839844
714586019.3180766106 2409071.3252563477
714472401.7392117977 2404122.9202270508
835602374.6054816246 5777794.8173828125
737510160.7279461622 4105897.7163085938
737920671.4889522791 4125624.7246093750
737613463.0158563852 4108118.4174804688
737631620.5012263060 4113099.7036132812
735281394.6384279728 3994242.9481201172
836091212.6751064062 5778098.1328125000
734763958.9414514303 3963177.4244384766
734989200.0644348860 3975250.5284423828
734877403.7199255228 3969955.9073486328
836301594.3151284456 5778162.2675781250
809127340.6243664026 5675347.6582031250
735086434.6623107195 3981297.6368408203
747904836.3864772320 4533213.3659667969
747848557.2564935684 4528326.0114746094
753871909.2344577312 4741370.2548828125
714287874.8102790117 2345345.7392578125
809707381.8589020967 5679271.7138671875
713994886.5482791662 2319244.5509033203
753642082.6205296516 4732853.1286621094
753430980.7282949686 4726679.2958984375
753495222.3035305738 4727439.8725585938
753394953.3539175987 4722543.8266601562
753282390.3613362312 4721577.9125976562
798409595.3438438177 5577006.6699218750
747489012.3553812504 4520172.7902832031
778187430.3674026728 5282674.6796875000
778662830.5087140799 5290714.2387695312
778815569.5078064203 5292568.4516601562
748462019.3308278322 4550529.5776367188
779131794.2904497385 5299445.7192382812
799872555.9604746103 5593529.9140625000
779303393.5634250641 5301671.2641601562
797806271.2288975716 5564740.4218750000
798064060.6972512007 5570603.7246093750
721280948.1532415152 2933967.8726806641
721089932.9257227182 2917181.6463623047
779871127.6043694019 5310789.7280273438
721408713.0582566261 2943110.2020263672
780174010.6685199738 5315272.9355468750
775089609.3650792837 5211492.6938476562
780009685.5704247952 5312592.8974609375
720707404.4819984436 2859800.7319335938
797112303.9819897413 5552373.5136718750
797411778.9310759306 5556550.5156250000
797555492.7938355207 5559589.3759765625
720594624.4524605274 2849502.5903320312
720835613.7157027721 2866926.9532470703
776776270.5719974041 5245614.8090820312
720216250.0857627392 2803332.6234130859
720117761.7607438564 2793161.9685058594
795037268.4085199833 5514210.3095703125
775917882.2624047995 5227902.8139648438
795637207.7526383400 5521478.0742187500
719674552.3088552952 2732282.0849609375
719351674.8829312325 2690777.5541992188
719377243.3907148838 2704671.7275390625
719183638.1358253956 2669546.7770996094
719274481.1661055088 2679671.1894531250
719218106.2542252541 2678852.2677001953
796706018.0732274055 5532192.6513671875
730975497.2804483175 3535018.1497802734
730579847.0124765635 3509286.2125244141
730759159.8863621950 3521843.0816650391
730383023.3734976053 3495698.4215087891
730850334.5061749220 3524874.3394775391
730674047.3743048906 3510690.4903564453
729884767.6416472197 3410044.2471923828
729779666.4538916349 3406481.9527587891
728346193.0707284212 3293159.1086425781
729350440.6803373098 3363621.8153076172
729135785.8488055468 3347219.5552978516
728904119.6093357801 3332755.4217529297
729002389.8690856695 3338796.9320068359
728768581.2912172079 3323922.3011474609
728203479.5944083929 3280275.7979736328
727844389.9503129721 3235653.4948730469
