798964277.0657104254 32419.9359247312
789173372.3125450611 30202.0607646257
789827010.4591163397 30370.5418851525
789045666.8031644821 30139.1830241829
778175958.0994044542 26338.0156308460
788690536.3216985464 30012.9457610417
791408244.3910683393 30740.5918641314
783657803.4446288347 28542.5436041767
794643749.1504341364 31491.8797993436
794366804.6138352156 31406.6265629306
794828643.7007229328 31544.6496557966
794003301.1824969053 31375.3833664432
796077766.3498127460 31864.6697722897
798716799.7757002115 32358.4050806388
778195058.0915589333 26501.1815100956
786295030.0984176397 29314.4270863275
775452804.5351570845 24685.3109480325
792973095.8558845520 31119.2258628830
801271358.9306780100 32784.2302996740
794169745.0970703363 31396.2994321957
790822804.1924467087 30608.2683772072
791302236.4939899445 30705.8782528862
790584728.1997694969 30506.3985377122
790970578.2568688393 30695.9044074044
793318461.3175419569 31197.8008092865
814524133.8329854012 34720.5316658020
814551397.4091877937 34804.6295871735
792168952.8496612310 30909.1896109208
801955159.7467691898 32915.2065785751
801236954.2552237511 32783.1468060836
788746301.7079452276 30022.2798938621
776848551.7459380627 25514.4936876398
796890484.9814360142 32038.6694802269
822237428.7093310356 35421.6357650757
787158132.6111048460 29577.9159048388
776038489.0038840771 25174.9908651214
781099370.7873150110 27787.8874495386
792235028.5606600046 30953.8398670182
792484445.5802577734 31011.9135077819
804412563.3914772272 33317.5817672834
777319910.6459404230 25753.2306905191
790307126.3795940876 30458.9392042924
783456474.8397809267 28414.4408176357
775835983.6820832491 25119.7594044011
776511208.6623232365 25468.1961121660
789298567.9278947115 30246.2130611092
804422856.9975967407 33329.9692722186
796367806.4229999781 31871.3598607406
780159433.2794359922 27205.6608436464
795110663.7295660973 31569.1278610453
792860914.6647262573 31099.8350270614
792829811.0419154167 31084.7684071884
790698076.3094753027 30560.7072476372
811783691.0418190956 34389.3563966751
789737631.4653273821 30345.5567487031
776073663.7412189245 25242.8475858968
795079560.1067552567 31559.7282867655
806432820.3026489019 33711.3816730604
793349564.9403527975 31204.3678945526
793178006.9749038219 31137.8215497956
783799085.5391103029 28616.8186925764
784417822.2137745619 28815.6274751539
824562545.2139375210 35539.4621124268
784083972.6529531479 28722.8587783410
785283166.9596925974 29073.9982798288
795223672.8827481270 31613.2821111307
823554150.8411670923 35504.7041263580
801955159.7467691898 32909.7393315658
793123729.6897338629 31126.3276968822
793937597.7046644688 31291.9691608772
810787167.1587382555 34253.6627998352
794584512.8457239866 31485.0537261590
781012014.7489417791 27778.1002328901
781763076.0551933050 28003.1822238977
787684950.1189949512 29699.7939438412
780805765.9732049704 27754.0210321455
815092611.3477343321 34824.4832019806
781164131.7917743921 27925.3309076487
786431139.0140467882 29379.2071873138
802207138.3651014566 32975.9195687398
782269764.1927384138 28089.3403973693
785632515.3679847717 29143.4100411648
782407264.3340356350 28224.3203314359
783077148.4342753887 28365.2145549248
779611550.8283416033 27098.3441774158
815413108.0805916786 34838.1711559296
783022214.2885637283 28339.9517835791
777201300.8898141384 25684.5078002464
777343428.3134077787 25768.6595306034
786431139.0140470266 29381.9866749237
775587798.4254084826 24947.0719286006
784324365.7638829947 28738.2234116609
792699261.7582479715 31037.9676938131
782562496.7431561947 28290.9351323659
823287176.2657145262 35430.3449344635
802207138.3651015759 32978.3126656637
802080735.1828052998 32947.6111095771
802207138.3651018143 32978.8962609395
783709924.4043151140 28579.9269023004
792706759.5966348648 31045.8709856495
785822089.8252649307 29237.2632940600
780628092.0431954861 27699.8233373670
776897386.0225368738 25565.3738072168
793742560.4719643593 31221.6280091181
798428233.0851408243 32307.5983659849
798432571.2601802349 32351.9505731687
799980625.4416275024 32540.0822194442
791445260.7419819832 30777.6298966035
806684798.9209816456 33776.9058929309
786146696.3335096836 29295.1229423473
784324365.7638829947 28738.4160996492
804635712.5530327559 33349.1498877630
780517423.1072670221 27568.6461859106
813940911.9803823233 34602.3134269714
784461865.9051802158 28861.4365915770
786735073.5201238394 29418.5580960105
810812937.2402753830 34311.9712781906
795517370.1199634075 31719.4191884622
786707352.6883831024 29394.7173345278
786334302.6865531206 29318.1580088327
810283082.7876287699 34195.6968003139
820060253.4912307262 35158.3577489853
784617098.3143007755 28940.0108346457
785183279.8270562887 29061.4487227912
805380870.3144518137 33510.2874127254
779259220.4624494314 26929.6294717698
795830623.3968199492 31775.7737643346
795355433.7302957773 31699.9111246690
775730481.8245348930 25050.8842136662
780204824.4276840687 27257.6792420207
785183279.8270562887 29064.5423583502
814432242.4675420523 34707.6981172562
780215145.3359179497 27410.5767778216
799369598.0675265789 32466.8665692434
779283769.4561784267 26967.8542394547
785714308.8478789330 29150.5800793881
783393368.4359478951 28410.3644711731
799165970.1106749773 32465.7666318044
804299530.8231282234 33301.6658137664
794823625.6973340511 31538.5281710252
780266204.9277694225 27487.1496789216
810812937.2402757406 34317.1943082809
820010938.3131132126 35151.9369010925
812734831.2358111143 34518.6024765968
818911797.3144705296 35083.5588417053
811294951.5299242735 34385.3867435455
783985295.8851161003 28617.3807844315
823876053.9890631437 35508.4202899933
823306632.6325786114 35480.8498287201
802867387.8631511927 33102.6762340888
796595609.7020272017 31947.6928734407
802019246.4114910364 32935.8186274394
795886116.0436578989 31824.5340280160
802728382.7118767500 33099.7437244281
805716741.2272109985 33580.3030548915
796415432.3263547421 31929.1604179963
777888584.1087917089 26185.9753698765
804657779.2526471615 33379.0215636119
810035906.3288729191 34179.0303383693
794785806.9994037151 31516.5015730038
796996010.5783258677 32052.5747966394
777704139.4513866901 26080.3101225703
798791721.7399530411 32395.5276998505
802370096.7560930252 33021.7445689067
805477424.6269816160 33579.9268971309
810035906.3288729191 34180.0357781276
810035906.3288731575 34181.0357514247
779162599.5488754511 26908.5857089965
777751839.2448136806 26129.0314360915
779267131.8600199223 26956.3813026606
800732024.6392290592 32683.9160529003
805828790.2718225718 33657.2194920406
806452019.2014412880 33759.0199528560
803128211.7995606661 33154.4875150546
777654410.4949690104 25974.4967538922
777890731.3175367117 26214.5193959533
778743347.1727963686 26645.1868050934
778973046.2550898790 26819.1992343871
790682021.7399468422 30540.7965818867
778457423.9369570017 26596.8131640476
811266931.1701362133 34339.9127497673
800732024.6392290592 32689.2060480937
814238692.8220354319 34706.4360070229
814543174.4685802460 34735.2514958382
813435376.9468388557 34583.8405756950
807946164.9337425232 33902.6301823482
811164498.8855293989 34318.3345384598
830781739.9364558458 35677.5660858154
814990831.7719999552 34818.5792980194
806222115.6054786444 33692.7377463207
802859531.9752371311 33102.3093481883
802717441.1146240234 33097.6514831409
824143834.0394239426 35535.2250766754
779526861.2180842161 27030.1441005676
800893336.8938479424 32731.9994063005
784228166.0032720566 28732.1231829042
819179138.1066418886 35104.5126152039
809865256.8514853716 34145.2780756950
805170223.6758383512 33507.9832673892
803305176.7714964151 33219.1353898868
812167461.0410706997 34474.8436856270
818598952.4984701872 35046.1528244019
784072933.5941513777 28653.5598193521
801702007.0954273939 32893.9773474559
813668636.8268858194 34590.6300249100
777909865.2399913073 26283.0888897388
825003064.4194195271 35569.5915298462
806036599.3726004362 33669.5495267734
806786223.7643679380 33778.9864927158
820662709.7001048326 35211.2214994431
797380342.9868981838 32121.7888187990
811861545.0378057957 34413.9982686043
806836351.6100136042 33831.0134626254
778876798.5313104391 26757.1411942451
803970920.5532039404 33285.1957879886
820662709.7001049519 35213.1309156418
777000771.8289064169 25594.2540920775
791750848.1947623491 30838.2202546820
791723290.4577548504 30821.9354837164
820824467.9439759254 35219.2806444168
791877086.6512142420 30867.4964902624
820549120.1415641308 35209.3243246078
797295927.9101681709 32085.8515915498
790952227.6065788269 30616.5806254372
800407962.2713738680 32677.6184472069
818331711.5733385086 35000.4050140381
818872496.4073779583 35070.7443771362
777192643.6587263346 25614.1231693150
820952169.1267107725 35271.8723936081
776316893.0435657501 25358.0889024123
797581060.5297508240 32160.2722793445
776851299.9053194523 25530.1867217393
830956524.4149360657 35740.7799682617
818421662.1348989010 35009.3558464050
817826735.6038324833 34986.0488047600
830894892.5549483299 35717.1838703156
827847222.5664992332 35601.8185720444
796734647.1876500845 31978.2716508135
809714872.3878265619 34098.3420704827
808897872.1292692423 34063.6488169655
808114362.8336194754 33986.5600329265
797796141.9024093151 32174.9352032766
807410394.2302908897 33894.7657571658
777495817.6122514009 25803.0366867785
807683066.4020538330 33899.6516614780
808043989.1096795797 33955.0578246936
787568491.7715915442 29682.8349445588
830897942.6298830509 35740.6429538727
817592421.0808000565 34978.7592082024
807373870.1357443333 33893.4952264652
788279875.9856302738 29835.7947952873
813010329.1354508400 34530.8812236786
817411114.5087602139 34930.9143824577
796762396.2916438580 31985.4297547564
776156078.2831559181 25256.1263307914
800158723.3944671154 32541.6113830432
787819644.7844747305 29735.4721381012
793920450.5760158300 31277.8800661969
813244643.6584833860 34550.0979366302
816885558.9730495214 34901.8938860893
794402618.8452538252 31421.6641454920
778664402.7551920414 26637.8383815360
813010329.1354509592 34536.6012706757
793874024.7640136480 31271.5608588681
787473694.5491324663 29604.1604759041
831089536.7208815813 35742.7155704498
831631047.4137500525 35792.4711780548
787186060.8865253925 29598.0702014691
779880279.1228671074 27169.6322357963
779471572.7663847208 27002.2973398041
778823607.1337114573 26689.0844104361
830596352.8305361271 35673.7562618256
790300527.3243552446 30444.3980673105
828318256.6153858900 35607.5110149384
800169083.5625475645 32588.6262717471
799973089.5042071342 32517.1495850310
782215507.7609812021 28077.5533060820
787840930.3886455297 29754.9709816701
782144918.5328320265 28031.1218034418
788576609.1233221292 29959.4702795893
787522504.0363892317 29664.0359006650
788934491.6323674917 30026.0337292105
788280492.1677286625 29878.1182174031
828318256.6153858900 35607.5524311066
828448732.5860456228 35668.9324359894
789624156.6532769203 30268.6729723960
783210233.3806753159 28407.5703051479
788184306.5548698902 29825.8972346131
783009411.5743167400 28332.2894724722
826251853.8741320372 35591.1689825058
804851640.6454756260 33437.1509179100
788090464.3740372658 29783.2661724631
826123230.7665513754 35577.7276411057
821719924.0844619274 35353.0283613205
821713585.5282180309 35319.3955564499
821936933.3632062674 35375.8137044907
821370938.1432689428 35287.3257741928
826265784.1127008200 35596.5834684372
788090464.3740372658 29786.1235867087
805095504.1900998354 33471.3748687729
