213604099.7851547003 12550.2830047607
214990892.0851394534 12813.7889595032
215426424.3590780795 12830.1065711975
200368251.1423453689 7062.3566553232
200242407.9691075087 7019.4597729084
200470458.8019049168 7063.0585333400
200491328.7857473195 7065.8591600296
210260583.4668365717 11523.9963424206
210812846.1545999348 11708.2671175003
199570034.3816129863 6591.6410896906
200520903.1245099008 7072.1269089082
200064054.5153528154 6953.1914013263
204402312.7423178554 9171.1464440637
210946040.1135584116 11717.8724832535
210443121.0059394836 11601.0826117992
213384087.5907101631 12518.7994852066
213610312.6676610112 12565.4981727600
214403485.5316576362 12760.8670959473
214601871.2862207294 12760.9297599792
214776785.9393067062 12787.0284080505
218949024.2814993560 12951.0005702972
218833006.9242895842 12949.7288475037
200209286.3648061454 6993.9654101469
204446699.7270236611 9221.5039269888
204200168.9356631637 9132.9885017985
210160049.9442124367 11450.4322435856
211682960.9945711792 11987.1950721741
219016488.9756465256 12951.6252937317
218259741.2775997818 12931.6051368713
200250056.7110172510 7046.9401188083
200368061.9908895791 7047.4078696221
218414584.8052071631 12937.6435890198
199255056.1096872985 6011.2182214023
200304218.0339620709 7047.1129795760
200043052.9313794672 6937.9477255791
203967857.9588241279 9063.2744054758
204413841.8749635816 9220.9426114008
209971165.3725833297 11378.9257639647
212036224.1025498807 12092.7314100266
213487807.8515275717 12531.7277793884
215141790.1008123457 12816.7946014404
215494964.4402569234 12833.0509910583
219244240.9381527305 12952.5124702454
218176529.3364861310 12916.2068710327
218485592.4795661271 12949.1166496277
219952714.5149769187 12960.4501800537
204357598.7002018094 9142.1405541712
199495253.4668247104 6514.3571720251
199374294.5108734369 6383.1222102770
204138267.6694549620 9115.9765478038
204038456.2975226641 9111.2120835596
210146926.2563080788 11415.9631001949
215576424.5271091163 12833.4047584534
219590735.6055037379 12956.4220314026
203995791.4220639765 9082.9496562445
213805301.3240737319 12637.6740226746
213682947.7228625417 12616.3817672729
199416917.6646111906 6494.0588076243
199511362.8787596822 6548.1031616744
199695367.2184250653 6637.6060146510
199980066.3266302347 6874.5959713906
199895605.6472816765 6828.4875815362
203356212.0758856237 8790.0595381820
204086529.4651856124 9113.9838960135
210000152.8839484751 11395.0608723164
213567731.9627360702 12545.7755374908
214926976.4570872486 12803.8621711731
199657485.8586112261 6629.5048010796
203941999.0336561501 9042.5921466314
210054673.9401249886 11405.2519357204
213825788.5117430687 12643.4777183533
214074384.9245265126 12706.2404594421
215290359.5034776628 12822.9393730164
203875142.3340447843 9013.6503798776
210522960.2411846817 11609.4213447571
213606403.2169510126 12554.6361198425
210618837.4437381327 11619.0267105103
210188563.2623298168 11502.2368390560
210558571.2554648817 11609.4330258369
203774124.2814618647 9001.8788039648
203762918.5813783109 8942.9947229886
203722110.7687218487 8929.3769375876
210162514.8665155768 11492.6431543827
211160806.0282340050 11829.5541238785
213540408.0069527626 12545.4341888428
214695229.7900106907 12771.3410835266
224697023.1441645920 12981.5901355743
199299451.2226133347 6136.3873353275
203517556.8548050225 8823.1640688145
211415877.5829054415 11889.0101461411
214146641.9263879061 12714.0953941345
220519213.7778278887 12960.6810646057
199823682.2215841711 6745.3142633587
203917409.5468837917 9016.4591421138
203475599.2489630282 8799.0489284956
203558425.9834165871 8846.8124806845
203582917.4169354737 8882.1292219577
199360313.3426206708 6237.3236405401
203674401.4693370163 8927.3355796301
213665145.8230045438 12578.5942478180
219202070.2273324430 12952.1791152954
219865498.3925627172 12960.2321968079
203898251.9201247692 9013.7772443258
203620854.8080604374 8908.7102715933
219508388.2743539810 12955.3179969788
199779550.6989586651 6733.4851201773
203484703.3300159276 8820.1580460035
203527737.3071029484 8823.2462480032
203756920.6946766078 8936.2716367208
203530740.1896742284 8835.3034831324
199722319.9861816466 6654.3225354552
199615020.3546246290 6628.1868668050
199756089.0216263235 6719.3396971673
199640653.5805740952 6628.2354116850
203588588.7936215103 8904.3171002829
214615357.7772498131 12767.9486198425
216514796.6464145184 12874.3460693359
216359101.6551696956 12861.8542404175
199883225.2337055504 6758.5504467934
210387862.7763314247 11552.4913542271
199802016.4015496373 6737.5909233540
211048907.0914285779 11790.6545248032
211288269.7508942187 11868.8211822510
211292506.0469518602 11880.0074243546
213539134.5012114644 12532.3134460449
213364122.7063093781 12513.7363901138
213450380.0879585147 12528.1524848938
213974304.2805531621 12669.0276069641
214325559.6103254557 12751.7441825867
216574543.9756668508 12875.1449241638
219260974.0094946623 12955.0139579773
199346496.4917261600 6234.0530249624
204386964.0451351106 9146.1236245149
213676290.6773507595 12611.3186721802
210615179.2040456235 11612.8366856575
213897436.2991923094 12662.2581977844
214247764.5688461065 12742.5685997009
217022423.5409397185 12886.3338165283
210748925.7360273004 11675.9893641472
214892491.3333679140 12789.6533470154
216862746.9574587941 12877.9817886353
213206627.7648010254 12449.1324958801
199696329.0046993196 6645.1196691691
212836284.5336863399 12364.1696853638
212399488.2769466937 12228.5475740433
214350769.7586898208 12752.0461463928
212803332.2649172544 12326.1839294434
212752610.3932514191 12326.1298561096
217153161.3582655191 12887.5847816467
216988269.8788436055 12886.0308189392
225022243.3710047901 12983.6337814331
215349184.1471897066 12825.1798515320
222389399.9305339456 12969.1989364624
222895774.8496991396 12975.9071502686
214661368.2359417677 12769.9074134827
216798943.6732574105 12877.5503044128
203287624.7508716881 8593.9797649943
203292007.1330339015 8598.6209375375
216055083.0442970395 12849.4241752625
216284908.2992066741 12856.8639030457
216491501.7281751633 12873.7390785217
203313792.7077089250 8663.9873096460
202158478.0842234790 7930.4527705338
202419815.7204499543 8124.8336729555
216718904.2364822030 12875.7179450989
202069656.1035881937 7823.4710990813
223504975.0907445550 12976.1728210449
223157734.3656919599 12976.1047821045
212313544.2136888504 12191.7425994873
212609846.1201565266 12280.5408706665
216875500.1654634476 12883.0477485657
227577235.6542687714 12988.0928916931
202237934.4595750868 7990.9514586356
213014498.3560048938 12372.1262817383
212379150.9765707552 12218.9422082901
212937571.4085542560 12364.2787590027
213053159.6451351643 12394.0763587952
216448650.2989487648 12870.7560081482
210696132.3845166862 11659.6758599281
202467106.8877771795 8139.0268956114
210959216.7087919116 11740.7612705231
212452434.6046391726 12232.3320436478
202260478.6017371118 8026.0690514472
202404866.8480984271 8104.0231015113
225178823.7739698589 12983.6438026428
202205871.6304331124 7953.9717404273
213179572.2484824657 12411.3153114319
225061298.7152407765 12983.6345138550
212459858.9946182370 12233.8720378876
212675205.4893738031 12293.2640933990
216248888.6546058059 12856.8574295044
202541113.3682403862 8144.9666776851
228610957.8792773783 12988.0968437195
203217715.5892074406 8553.3052836292
216298969.7357741594 12856.8818321228
203277157.6616755426 8582.8527789943
216094541.7998757362 12856.8450202942
218013423.1328908205 12905.8969955444
212341084.8014523387 12194.9438476562
227413890.9773234427 12987.5195388794
202531952.9135595858 8143.1056888316
203212993.3449746668 8534.3639685147
223636266.6208736897 12977.2951278687
211001164.8872781992 11771.5679669380
203208992.4600115418 8503.8720591087
203084512.5425110757 8475.2057444089
211465479.7590722144 11889.6453676224
214865708.9753112197 12788.8050880432
203180335.1111826897 8486.9773203217
203030232.3201124370 8403.3373344325
214886110.0043762922 12788.9700965881
202975100.3895562589 8402.2084623658
203063343.4186829627 8404.9294327878
203190020.8922931254 8487.1041847699
202321332.8884998858 8039.3268940811
203178456.7426606119 8485.2910753124
217527312.0647420287 12889.7998352051
217918522.9883021712 12901.5815048218
224905910.7906990051 12982.1461143494
202296973.3965437710 8038.2987858680
202333321.5862545669 8059.2901036170
222619195.9598624706 12969.5852584839
223317978.8671135902 12976.1401748657
202633304.2874620259 8196.2950094369
202542840.0928027332 8168.7357078510
203072213.8947873712 8420.2868680273
210901850.5911414325 11710.0280423164
218044944.7705611885 12909.8241882324
222735031.4724373221 12973.6397514343
202906409.6517994106 8377.6440407269
217254908.0045425296 12887.9053115845
202737997.2231791317 8273.4723397725
217397300.7372152805 12888.5123138428
217605045.8778904080 12892.5121231079
222828371.9247440696 12974.5630264282
227452728.2330587208 12987.6938476562
202853594.9449571669 8283.1950710922
217938271.4358724058 12902.2954711914
210918025.3584401608 11712.0381894112
202716846.5966828763 8243.1223577171
201915027.3088013232 7634.4580267049
211031613.8140037060 11771.6005444527
211490412.2224579453 11916.5888128281
222500922.3934215307 12969.4285240173
201785413.7755416930 7403.5860018708
201800240.3108674586 7552.3202682115
201995374.8899133503 7651.1996765673
201878269.5597348213 7593.0018124311
201996882.3260042965 7667.9034170723
211873473.3274654150 12030.0174465179
202020688.2592076957 7676.5823755573
201853568.4671486318 7581.4990777484
211814099.2446249127 11992.1282062531
201925848.8576363027 7640.9991224386
211826773.0975235999 12023.7764606476
212206956.3294733763 12130.7446651459
201973712.8931680620 7641.1158168852
217906075.6748484373 12898.4943542480
222257744.8016703129 12964.0970115662
222162737.2149226069 12962.3300056458
211578272.9746988416 11919.9198870659
202055327.3558717370 7676.8276318034
211981395.7993226051 12047.6951465607
224537516.7299839258 12980.3472671509
211853632.0220592916 12024.1338214874
212139093.4227637053 12110.4201259613
212150394.6302087307 12114.0583171844
201790225.6713793278 7454.4566525498
222065046.4099361897 12961.6135253906
207669661.9179139435 10018.7246358693
207764112.2383080423 10120.7754714787
207717155.4188863337 10095.5751626790
207743745.3518389761 10105.4075007141
207837433.2127935588 10215.4815423787
208080176.8851528168 10265.7774395347
208542794.1529605389 10426.4802231193
208178674.5438687801 10328.4722561240
208419004.1452589035 10379.4113900065
207808541.9225907624 10141.7894802690
208385735.1818050444 10340.1189860702
208412108.7119451761 10366.1345462203
208029602.9206502438 10262.6215185523
208403444.5060651898 10365.9390925765
208386670.3254545629 10354.9001404643
208379642.4735730588 10332.5742909312
208391473.5485813618 10362.0360404253
208675693.2358821929 10461.1361056566
208577002.9307836890 10428.6300319433
208786830.5325821340 10477.9927545786
208922195.3750612438 10487.5850139856
209041035.7110647559 10498.8325260878
208531883.4498994052 10382.0426546335
209900286.4948174357 10745.1286070347
209959856.2395118177 10839.8220121861
209299469.3417024612 10532.3279614449
209765062.7335657477 10733.0959951878
209642053.3236331642 10637.9368634224
209467247.6777490377 10628.8483040333
209202608.4320044816 10530.7523577213
209373043.6188959181 10552.3436958790
