255154305.0431548953 2072039.4382324219
267855338.4728628099 2848145.1269531250
268028870.8200421035 2848997.5107421875
267841696.4397672713 2847655.7685546875
267779869.0887362361 2845221.9472656250
268036972.9398797452 2849084.3115234375
270903618.9711532593 2893929.5185546875
260459822.2050678432 2555688.5971679688
264695357.0544632375 2759417.3681640625
264604740.5695867836 2758553.8466796875
267769134.6521023214 2843115.3222656250
268107783.9301775396 2849826.2031250000
267587475.9897902906 2842878.3320312500
254587672.0456309617 2019349.8623046875
264701018.2551961839 2761384.3623046875
264356962.7785593569 2753111.0722656250
270974747.5341909528 2895037.9462890625
272419374.0497296453 2911659.6416015625
272809703.9627714157 2913324.7802734375
274323218.6076064706 2921325.5175781250
252999181.0935820639 1748777.4848632812
253125773.3138531744 1760026.5908203125
254812275.4361726642 2042545.0717773438
254929289.3582061231 2062114.0678710938
255044322.2597277462 2069593.0710449219
262809603.8709520996 2681624.1093750000
271008741.9692170620 2896610.9658203125
270588794.5685874224 2888988.3310546875
274292240.4120323658 2921235.5830078125
263543132.8640924990 2716835.9570312500
265179867.4287723601 2780162.6953125000
268038464.2227393091 2849732.7158203125
271614164.5841304064 2900612.3564453125
270979404.6188090444 2895178.0283203125
260923476.4412120581 2586499.2700195312
260985013.1326618493 2589359.0288085938
263440687.4293145537 2713851.5732421875
262694185.5044437051 2677827.9228515625
263641590.9446867704 2722115.8486328125
265124017.1287422478 2776606.6503906250
265468235.6954948604 2788785.1406250000
270620672.2356386781 2890841.7265625000
274418793.5191575885 2921518.7031250000
261038554.3143779635 2592304.5395507812
267980442.0331779420 2848319.7255859375
278110776.8637655973 2927816.4316406250
254696518.5616001189 2035439.4389648438
262800046.3894527853 2680797.1318359375
270594941.5438418388 2889468.1191406250
274477918.2992488742 2921901.5595703125
271142082.8397974968 2898381.0966796875
270533395.1193091869 2886688.0908203125
265162131.8022445142 2777548.2333984375
272601999.2054081559 2912079.5898437500
260009163.3499554098 2525520.7861328125
260891046.7006976008 2583729.5102539062
267426568.3247654736 2836763.3789062500
277713370.5055943131 2927784.7480468750
281444936.3830331564 2928720.8251953125
254901663.4049232900 2058378.2121582031
254848843.4301597774 2053990.5222167969
254693756.9045358896 2023873.0354003906
267186133.4182094038 2834159.2597656250
273475925.7949599624 2918120.9423828125
274135149.1820658445 2921179.3408203125
268331344.7698969543 2850497.2832031250
277784519.8407297730 2927792.7558593750
281196334.1367710233 2928671.7353515625
277871497.5744671822 2927813.8808593750
273849554.6811545491 2919998.2724609375
253060100.0670910180 1754685.9807128906
260324000.7996414602 2545164.4316406250
267136307.4644539058 2830898.7851562500
254660933.3953434527 2021097.3503417969
262749556.6934966743 2679837.4306640625
265240001.8300348222 2782200.0820312500
264988783.0774116218 2773181.5644531250
265089221.7351149023 2774780.7421875000
265132663.2126010954 2776830.8808593750
266606851.9177045226 2816824.8496093750
273052122.7563085556 2915597.0712890625
273611086.3277644515 2919837.1748046875
254567399.6436082721 2009989.3073730469
255422986.3419251442 2104883.0014648438
264582660.9827233255 2755331.6689453125
269849702.6698272824 2876862.2148437500
263672685.3425455689 2722764.5400390625
269674669.4484927058 2874242.5722656250
273600273.7233085632 2919775.6826171875
254603043.9958547056 2019788.9968261719
262650465.8912682235 2676532.2548828125
273471471.0750969052 2917840.2529296875
252655204.4136209488 1621311.3706054688
264252108.1933552623 2747923.4501953125
273538787.3926321864 2919535.7177734375
263619885.8668684661 2721486.3134765625
264418729.3463898003 2754001.9667968750
271547974.4728315473 2900057.9003906250
277657052.6494723558 2927228.4365234375
252666703.1579871178 1624999.5039062500
260668254.9085571766 2572816.8745117188
260584288.0300931036 2568656.3559570312
267074027.9572572708 2827440.9804687500
266921409.3792874217 2825518.6552734375
255223429.2891391516 2087413.8583984375
257445154.9659950733 2308605.5512695312
266835705.4863963723 2823024.4960937500
277711576.0424909592 2927574.8554687500
265786157.9619668424 2796463.4833984375
262830518.4317524135 2685086.3593750000
266238784.1470570266 2807533.9843750000
266862452.1117361486 2823323.8164062500
255416675.6288151145 2103593.2270507812
266800233.7982345521 2822857.4042968750
278350437.2566235662 2927863.2822265625
255375151.7240672708 2102676.5800781250
266318311.8705058396 2810276.5390625000
262721448.9819624424 2678633.5625000000
268984602.7842184901 2860628.4306640625
272975366.2247108817 2915072.1669921875
255528784.9805906415 2105041.1694335938
252866610.4738087952 1722925.6450195312
252694435.7027660906 1643705.9392089844
266145689.3465293348 2803749.6914062500
269173009.4373377562 2865699.7314453125
273145487.5837235451 2916910.6728515625
252821720.5455857217 1711896.6149902344
266036420.5766020119 2801688.7734375000
272618657.7451182604 2913142.2324218750
252855862.5831433833 1721394.2062988281
252845542.0166350901 1716577.3701171875
266180089.0779266655 2805617.2011718750
278487611.0281748772 2927896.1289062500
255402595.0648161173 2103198.4750976562
260866532.2108420134 2582322.4106445312
266003624.7490196228 2799311.1542968750
266131033.1141068637 2801831.7705078125
260073037.2640935481 2532189.8173828125
272326632.0624653101 2907018.4843750000
260767668.6880496740 2579616.2583007812
272244235.9659535289 2906576.6474609375
255301437.3423606753 2098074.2392578125
272938101.4482764006 2915051.6806640625
260657174.6828379035 2571542.5903320312
263561897.2062201500 2721005.6396484375
264666263.7344128191 2758913.1386718750
260178453.5193798840 2539616.9355468750
252675963.6325063109 1642786.7182617188
252675140.3113249242 1637168.4995117188
255254180.6372639239 2090507.3786621094
263327374.2109102011 2709442.9619140625
252904145.9987690747 1729431.7568359375
260695074.8761819601 2575171.9252929688
263469076.7615275979 2716784.4941406250
265588101.8664889932 2791509.3701171875
263675746.8861077130 2724229.7910156250
263684603.1559574008 2724627.8154296875
252787323.9726000726 1699744.1015625000
252803748.2989125848 1710310.0571289062
252798961.1691849828 1707212.5756835938
263941378.8819788694 2733804.4296875000
272349854.4982816577 2907186.7792968750
260616280.1033637524 2570967.0678710938
271501203.6594884396 2899903.3300781250
255272826.8642427027 2090955.8798828125
275060550.4667401910 2922146.0546875000
255182384.7177280486 2086121.9638671875
260378921.9443802536 2553275.3955078125
271608297.6155648828 2900253.7695312500
260569280.3866674304 2567020.5478515625
271561070.4113040566 2900230.5664062500
260483854.8040494621 2559032.4433593750
260530888.4665806890 2564717.1455078125
269391931.2465129495 2869214.9833984375
258126628.2730146050 2342784.1708984375
264057818.4822047949 2737528.0566406250
258074675.9034779668 2341448.1342773438
280793620.2355462909 2928361.0664062500
255179410.3904719651 2082166.4655761719
259855064.8702184260 2503013.7880859375
263137012.9340489507 2698980.2509765625
263792213.8460692167 2727452.5380859375
263993794.6766462922 2736744.2216796875
257963369.8276908398 2341368.7260742188
259922126.3897454441 2509778.2744140625
257838241.7900515199 2337254.1743164062
259971596.1478394270 2517229.3027343750
264136695.4138682485 2741893.4541015625
258143211.9826019108 2345405.6625976562
269607458.2672177553 2873045.2753906250
254677193.1524306238 2023641.7458496094
280448444.9335285425 2927948.4394531250
280921040.0858386755 2928372.9755859375
257733082.8644248545 2328083.1918945312
257763004.5153541565 2331474.4296875000
257882806.8243208230 2339213.5761718750
257658903.3231897652 2327000.3139648438
262269613.0494312644 2648242.8657226562
263258261.6770452857 2703892.6030273438
252718081.1559267640 1658209.1130371094
252752963.6918128431 1669886.2287597656
263175295.4826874733 2701274.9521484375
270316355.0833247304 2883452.3447265625
252738806.6481263638 1668843.6862792969
259953666.6817279756 2513484.0722656250
262340135.9576541483 2656760.9633789062
262531722.2258086503 2663576.0659179688
252774360.4356647432 1678077.8376464844
252727959.9132484496 1659907.9162597656
255016013.9830113053 2065460.2626953125
262291292.0676645935 2652775.1215820312
253284367.6892423332 1762641.7893066406
253362791.8686368763 1768805.2551269531
280678059.0883261561 2928354.6953125000
253373627.2009635270 1771482.5346679688
257726581.6450111568 2327532.5170898438
257512669.1896411180 2314428.9125976562
262456109.0074313283 2659330.3266601562
263299151.2813472152 2707121.1562500000
253427470.0571757555 1772685.3320312500
253664373.3536706269 1775457.1867675781
253600523.0633267164 1772850.1516113281
254183036.3423212767 1936646.0893554688
262536886.3575490415 2666845.6054687500
262615489.2910907567 2671038.0009765625
262351444.9316270649 2657281.3159179688
270402029.0991700292 2883465.0898437500
270304153.6174235344 2882547.8115234375
262114394.1695472300 2641585.4545898438
270239059.6900962591 2882448.4931640625
254145440.5791731179 1917860.1948242188
270143517.8447043300 2880655.1240234375
255158462.1880907416 2079590.5151367188
254275315.5815048814 1945543.6435546875
257367008.3169962466 2298147.5512695312
277485618.6365631819 2926563.4169921875
254255600.3079128861 1941495.9045410156
254146779.7537000477 1920478.4431152344
277457032.7559081316 2926459.4355468750
257372030.0298779011 2299647.9125976562
257279979.1261884868 2290210.5610351562
257165536.8943863809 2277769.8647460938
257222627.3336765766 2285831.1840820312
261844706.9740460813 2611175.5664062500
261842105.5247267485 2610590.7392578125
261772375.9362346530 2610193.2460937500
277154319.4248340130 2925765.3886718750
254243401.0710710287 1940818.9196777344
261888436.7117584944 2621170.2304687500
254520540.0612911284 1981402.5529785156
254433385.1530369818 1972556.2932128906
254521563.8814905584 1982193.6826171875
261872495.1560995281 2618837.2124023438
261962313.2833302617 2623431.6254882812
253722960.4939494133 1829813.1887207031
254538137.6784585416 1983919.3688964844
254319218.2539497316 1953660.2131347656
254463337.2917600870 1977034.9016113281
253761233.5327649713 1833808.6203613281
276880399.7117946744 2924618.2197265625
253768399.2834244072 1842952.7824707031
261433207.5255593956 2595234.2456054688
253797192.2041463256 1847987.7062988281
253819937.4401149452 1851127.7922363281
268841765.2149751186 2851333.1250000000
276526156.9727209806 2923805.7382812500
276099456.8033297062 2922392.5996093750
254374754.3593083918 1959047.0363769531
276342248.5257425904 2923502.7607421875
276395839.9591234922 2923780.9687500000
276676190.3339970112 2924294.4921875000
276581350.1327282190 2924167.2871093750
254047320.9116824567 1879512.2219238281
254059119.6706375480 1881820.8845214844
254030521.7952572703 1874983.0871582031
253995744.6304116547 1866494.0397949219
254119844.2881070077 1892058.1140136719
254081090.9054119587 1888152.3698730469
254021287.7819029987 1873578.4216308594
259752054.7704127431 2429249.7436523438
259621373.8669882715 2408860.5385742188
259586377.1285170913 2407988.3061523438
259537771.4533574283 2403810.9379882812
259433488.1624123752 2394251.8188476562
259333588.3211211562 2391922.0795898438
259154313.1102888882 2368840.5405273438
259219007.8368351460 2384662.1098632812
259159632.6424595118 2377320.5776367188
259056139.7071068287 2367694.9448242188
258907479.7281922996 2361895.4428710938
258849256.3368992507 2352531.1821289062
258868404.3543815911 2355909.2348632812
258801795.7925386429 2346503.9301757812
256589597.7742651701 2109809.9814453125
256835987.7433727980 2124543.0307617188
256773049.6623022556 2117572.8852539062
256742522.5881704390 2114714.5742187500
257011662.4017221630 2134408.8735351562
256994598.1664071679 2133993.4736328125
257086237.5495985448 2141946.2460937500
