63666394.1094706133 1194263.6542968750
62449816.6392598301 963622.5502929688
64839295.1142855734 1265160.6572265625
63775177.7935206741 1206387.2988281250
64765668.1279867515 1258893.6767578125
64867921.6770912558 1265527.4667968750
62637796.3016074598 1055611.4790039062
64998881.8418143392 1270677.4111328125
62469602.1564301103 981961.9077148438
65039272.2472802848 1270767.4228515625
65943392.0193676651 1273532.8310546875
63735867.0303538293 1202896.8994140625
67357893.9883897007 1274156.4970703125
64814132.6732480228 1264906.4736328125
62687758.8516844213 1064794.7690429688
63587309.7676762044 1190474.9628906250
64994256.8551930487 1270675.7607421875
62631003.2107866853 1053903.2133789062
67022267.1731235012 1274039.2548828125
62855957.0854377672 1092122.9575195312
62963752.0210022479 1110196.7778320312
66856769.8134529442 1273965.2763671875
62775085.4672455043 1079557.7993164062
63679835.6829943880 1200919.9160156250
63694852.5042728633 1201167.6865234375
63616049.8418078944 1191373.1425781250
63797922.0177872330 1207579.7050781250
64692307.4709113166 1258184.9550781250
62881904.6841953918 1100689.6528320312
63717848.2807657570 1201608.5878906250
64042205.7177597210 1224732.0292968750
64121520.6071415916 1231850.6777343750
62574028.2276785970 1038590.1625976562
62910912.6807156950 1107779.8842773438
64225768.7295837700 1235067.6416015625
63834168.3723245785 1209778.1191406250
63663299.2108891904 1194263.3710937500
63708385.9111399800 1201510.1777343750
63937932.7402090356 1218078.9091796875
66811960.1726137176 1273849.5849609375
67997991.7138266712 1274269.7705078125
63805372.1796891391 1207732.5546875000
63879572.9961017966 1209989.7812500000
64619188.8753103763 1253135.2197265625
62717313.9408404976 1073449.0102539062
63780124.0597357526 1207324.5117187500
64064086.1157283932 1225933.7763671875
66579717.7005325109 1273779.5810546875
65142669.3284669816 1272510.1083984375
62767434.1418552250 1077386.6718750000
64210139.9708909541 1234457.7265625000
64165873.9539713413 1233862.9658203125
63837108.3905279189 1209798.0292968750
63936548.8115582839 1210581.2451171875
63611014.6275067180 1191134.5332031250
63670311.4760089591 1200574.2011718750
64106240.6542556733 1230726.5078125000
62774800.3371899873 1079466.3286132812
62986535.9255789965 1116791.7739257812
65259589.3563216329 1272683.7607421875
66323508.8955354840 1273748.3037109375
64313213.4282373488 1241590.2373046875
64521880.9463718534 1250435.0019531250
65674524.9728280455 1273345.6455078125
64804675.6777415723 1263865.0126953125
64889342.8914514035 1265754.1425781250
64117774.3268813044 1231795.4765625000
62858229.7890693396 1096773.7709960938
64665798.3996739686 1258004.1894531250
65004006.5782193691 1270700.2236328125
65109615.6304221749 1272278.1435546875
67314950.6624479443 1274082.5634765625
64753040.3015536517 1258793.2167968750
62712579.1474086791 1072785.5615234375
63636288.0705642477 1192013.3281250000
63657636.7392898723 1193954.3603515625
64015357.0260653347 1222016.0214843750
63086628.0267533138 1125039.2919921875
65320261.8971868604 1272782.2333984375
62871056.7659472898 1098321.9272460938
63020487.8426047862 1119954.0249023438
64658469.3644519895 1257789.0683593750
62768967.8724836558 1078964.3139648438
64737955.7189403772 1258500.1845703125
64633007.9396205246 1257043.4433593750
65155200.4982461631 1272516.3759765625
62456107.6943749338 966081.2329101562
64714557.2121353000 1258370.9990234375
65268085.5708791390 1272752.7763671875
64438492.9508419931 1245522.6806640625
62836289.0106628239 1086692.8852539062
64020046.1706853360 1222284.3125000000
64473928.2656012177 1249067.0273437500
63578040.0656322613 1186575.0874023438
63460208.5101800337 1172877.0893554688
63505785.5460992679 1173904.9731445312
66996126.8323982656 1274000.8017578125
66069519.9919198602 1273581.8896484375
62655793.0720279515 1057872.5268554688
64026890.6986909509 1223084.9902343750
64780468.0627046078 1259892.2558593750
64776617.7452113926 1259835.1367187500
65930870.8336331099 1273517.9345703125
64934487.9330506176 1266056.1835937500
64615338.5578171611 1253078.1005859375
66248530.4765796959 1273626.4970703125
65873332.9863322228 1273461.5380859375
65750612.5468435735 1273396.1279296875
63511193.8892296627 1179496.9301757812
64573366.7455245405 1252083.5341796875
74558791.6860977113 1274480.7333984375
65079476.6858269572 1271141.7373046875
62700879.4504923820 1065179.1123046875
62962417.9209269509 1109558.4750976562
65235813.9337428361 1272562.9501953125
65324219.1858173460 1272787.5224609375
62463606.7238090783 976206.1796875000
65084571.4268114567 1271978.7880859375
65245276.3033686280 1272661.3388671875
64527023.3325845897 1251157.6728515625
64469467.2864092812 1248361.9335937500
62995955.3093300089 1117362.5708007812
64287300.5949006677 1238924.1503906250
62586732.1463547051 1043454.1416015625
63416400.3231190071 1165873.1059570312
68613183.9553153515 1274275.8369140625
62615692.2568449080 1053458.7690429688
63543230.9218522012 1182605.4125976562
64377744.4907184690 1242186.4941406250
65797735.4763029069 1273396.1416015625
62470264.9511088431 987628.3100585938
62521157.3607959822 1016447.6884765625
63111412.6318788454 1131490.7416992188
64623483.7326350957 1256708.5449218750
64635017.4052607268 1257777.5136718750
63554477.5754761025 1182863.1059570312
64255655.0030716360 1236296.3583984375
65258850.6080000252 1272675.0341796875
63435428.2377411649 1166348.2875976562
62776881.7094773054 1081963.5761718750
63462363.8337489069 1173181.6674804688
64414647.5599854738 1243111.1054687500
64267135.6612605304 1237608.9941406250
64796639.0880245119 1260205.3222656250
64816209.3503672034 1264933.9814453125
65204699.1869040430 1272533.9287109375
62842816.9357703924 1086713.4404296875
64650328.3592024818 1257779.3125000000
62736938.3645674139 1073455.3535156250
63557339.4502232075 1183449.7504882812
65041065.2848511934 1270904.6826171875
65562129.6469189674 1273224.2822265625
62515090.1342452765 1007466.9829101562
62981846.7809589952 1116518.2329101562
65079763.7048286647 1271952.9462890625
65117760.3901381493 1272294.1845703125
65138044.3418456912 1272508.4580078125
62543298.3193078190 1017190.0087890625
62607672.4727942646 1044331.3032226562
62789835.6117101312 1085072.5512695312
65434689.1135440767 1273041.5576171875
62477980.9794016182 995992.8325195312
63440259.7889863625 1170913.5336914062
68051413.1729654819 1274271.2373046875
62740251.1386253983 1075641.3325195312
62707954.1607873887 1072783.9111328125
63520718.0962150916 1179842.6450195312
65242795.7859204561 1272638.6435546875
63287069.7212360576 1139673.6215820312
62701496.6525717080 1065606.1845703125
64371566.2843349874 1242185.8574218750
65098231.8516290337 1272009.3212890625
66847946.3724761605 1273854.7158203125
63048936.0057115555 1123831.2856445312
62962349.9920198470 1109330.4487304688
65135771.6382141262 1272503.1689453125
65104401.7599804103 1272249.8486328125
64291121.6949329674 1239137.9882812500
62659896.2557623237 1061779.4482421875
65337845.5547601879 1272789.3212890625
65413590.0963506624 1272948.7001953125
62559534.3068475723 1020903.7832031250
64968531.6044299528 1266498.4208984375
63525302.4176006764 1180341.2680664062
65661798.4111081809 1273274.3525390625
62659789.5947260559 1058847.3349609375
64343402.4128917903 1241643.2080078125
62568660.7126366645 1031981.1762695312
67847715.8838873506 1274198.2666015625
62563587.8834347427 1023781.3374023438
63259813.5923371390 1137754.5117187500
65538339.2232979238 1273200.2158203125
64993466.9359053671 1267337.9843750000
63925288.5323113352 1210034.6308593750
65104990.6438008845 1272276.4931640625
64831608.0244515687 1264934.6250000000
67937574.2892726213 1274211.8935546875
64443544.3196424544 1247352.1533203125
63162437.1930481642 1136682.5888671875
63039411.7987261340 1123485.5708007812
65376496.4382844120 1272884.7607421875
64338662.0375572294 1241590.9902343750
62546749.2739743888 1018456.9780273438
67816810.2783528119 1274196.7998046875
65608005.5203094631 1273239.7021484375
62516820.1214559525 1008189.1816406250
62556907.4999547005 1019457.4716796875
62609945.1764258444 1048982.1166992188
64455013.8342693597 1248154.4814453125
65522284.4012183696 1273163.8251953125
67150885.7106798142 1274050.4892578125
62520259.4773377925 1010289.0112304688
65415260.2535120249 1273028.3505859375
64463158.5939853340 1248170.5224609375
64450388.8476480693 1248152.8310546875
67780337.8420325071 1274167.7314453125
65417532.9571436048 1273033.6396484375
65022500.6265544742 1270748.8779296875
65050815.0078775138 1270929.1455078125
62498155.4325752556 1006655.9536132812
65539077.9716195315 1273208.9423828125
62850396.8944007456 1090167.7778320312
65393290.0086855888 1272929.8779296875
64432671.5575026423 1243603.4082031250
62847583.0446972549 1087797.2587890625
62856915.7236132175 1092416.4550781250
62850565.9794213325 1090315.4018554688
73981859.3055257052 1274478.5380859375
64508387.3953643292 1250223.2490234375
65020034.0134642720 1270702.4697265625
64973208.3644022346 1266992.2480468750
65222282.8444773853 1272541.0166015625
65133071.3440799117 1272295.9833984375
65220010.1408458054 1272535.7275390625
65153355.2957874537 1272510.2568359375
65170511.4521879256 1272518.1748046875
71820129.7192077339 1274472.1025390625
71894593.7608387172 1274475.3056640625
71802782.1677214503 1274450.4814453125
71771876.5621869266 1274449.0146484375
70578974.5698936433 1274420.7841796875
71150726.9471397102 1274442.1572265625
70162598.5984835029 1274316.5615234375
70439639.5767985284 1274383.9462890625
69782969.6787678301 1274283.8740234375
70475148.9976274669 1274415.1025390625
