120777120.9692832530 26340.9441739321
109005083.8683763593 15200.7222999125
109059702.4430357963 15243.6772980024
112936753.9167190492 20027.2958478928
121832318.8679016083 26877.6170387268
122294731.5756520480 27120.9370880127
122482341.6424815208 27311.5496063232
116536741.9009571820 23464.8211824289
109523713.5138871074 16111.9265738097
128024631.8570615649 28630.9063720703
110881520.0100538433 17716.3311567977
127072850.2608456761 28521.4746398926
115231805.3674011379 22413.4125767946
111883508.1371954381 18928.5756957419
115302764.2735865712 22430.4973782687
108858659.9208858311 14055.0859577455
108912351.0135733485 14170.0223259106
117638569.0959619284 24233.1322501898
111325074.0048400164 18245.0328753479
118818514.8848684281 25033.2868767977
109822451.8454568833 16519.0183574124
108988046.2775733769 15085.7602730547
123583498.4599919170 27714.9990844727
127497074.7985617220 28602.6024169922
116301144.9276019335 23269.9844472324
111130653.8812783062 17849.8562159613
111242910.4147840887 18039.4881728729
121996540.2176675946 27009.6325836182
109291451.6865119934 15614.9866790702
117250818.9519450963 23931.2651184713
108916541.2341643274 14543.5401863232
123096255.2702672035 27560.6538238525
117745214.9865559638 24277.1387787461
123911070.7330756932 27838.6228027344
109037158.4170466363 15218.2772010793
117578060.1021312624 24229.4749039328
117397727.8888453841 24070.7624672567
120596788.7559973449 26182.2317372561
125459460.5558587760 28209.7519531250
122022881.6280364841 27028.6632385254
116066873.5052056015 23032.0144191375
126207948.3434993178 28382.9076080322
111851525.0237513483 18883.7698474778
118113791.5735189319 24606.7662380338
123208991.8584323823 27588.8284759521
126473416.3030760735 28417.0503387451
124525257.3562544733 27966.8665924072
111144730.9864554852 17967.6119709313
114696363.6229567677 21842.8910961538
109323434.7999560833 15659.7925273343
117326036.1759925187 24063.2221993124
109279297.3207676411 15449.3282811572
111706570.0215991139 18644.6605303772
123352305.6149270087 27658.1012115479
117938001.5221321881 24451.6949729398
111631160.2840734720 18616.4858782776
117000493.2235031128 23843.6697086012
117861767.6473801732 24440.5135334134
109062367.7376203239 15243.7606336637
109448018.0629597455 15889.4129874273
125946703.7455835044 28364.0972137451
125467603.2363961041 28235.2287139893
127130329.0657782853 28549.6492919922
109054049.3560311347 15232.7406830122
112650829.3366885632 19675.8882134072
114970128.5102724284 22166.6700500920
114792367.7625439167 22041.1141337827
116748469.2973643541 23677.4170039808
113967310.0748252422 21086.6981830224
120271553.8277271092 26052.6552200317
115020077.9709939659 22200.8167552426
118083970.4808934778 24590.1948146299
118868133.4630835801 25042.6982308626
118935606.5581102967 25175.5830727816
118165711.7305822223 24611.3975943998
113785196.9710843414 21056.9174646735
124881877.9528955668 28121.2118530273
109314645.6897214353 15641.0354582830
126600883.7829844207 28480.9035644531
109135144.8639547825 15347.9485677760
109071086.9468341172 15347.7027098699
120851830.4521667957 26382.6600552797
122287343.1973024011 27099.8786468506
124600667.0937801003 27995.0412445068
120797874.9069413394 26349.8152427673
109790468.7320127934 16474.2125091483
113983140.9547329396 21107.3113950975
114416734.7213510573 21491.8465826726
119356606.5339808166 25397.7615491152
117265930.5226991624 24029.0066608107
122852930.7866255194 27401.2765655518
115911566.9424118847 22897.6860042205
116089417.5311947614 23057.3886256805
121105173.6625982076 26481.2427711487
111302712.3763677329 18085.8440113366
118629463.0531281531 24990.2461205721
110283043.3237526417 17026.4416762069
118377439.1269893944 24823.9934159517
120954368.2148667276 26411.8866539001
115986704.5269027054 22936.2214918649
112815181.1629115343 19930.8517255783
122173000.8484456837 27098.5537719727
121029777.9523923546 26440.0613059998
115990129.0706618130 23017.5184329664
111519012.2352032065 18406.7364229737
122097591.1109200418 27070.3791198730
121941097.8029946536 27008.3077087402
126619781.7956984192 28509.0782165527
118452848.8645150363 24852.1680680513
129022764.1984897554 28784.6730957031
110102550.8638757467 16738.9265452786
117845910.5057711005 24437.4551020861
117706832.0548513532 24271.1907852804
110845793.8995338529 17708.8767019473
110421048.8280179054 17179.7283778265
119633898.0732299089 25682.4517079592
120723165.4240577817 26308.0993614197
119211308.0908660740 25341.8357774019
119708607.5561134815 25724.1675893068
111783831.2762139440 18851.1373401536
120525097.0431444794 26174.6914693117
121376445.5970677584 26653.0571403503
119898203.1730695069 25867.7886601686
110503408.0634305179 17293.7256454071
120132069.4104707390 25944.6197319031
110535391.1768746078 17338.5314936712
114742418.3018223792 22006.9674286321
110125094.8898649067 16764.3007518216
110682709.0704868287 17441.3222761825
116218725.1315080523 23074.0971412575
109336622.5761926174 15709.3049284979
111769165.7883387208 18769.7725798972
119453565.8599440157 25523.7392712831
111737182.6748946309 18724.9667316331
115433879.8328183591 22545.5185762644
116243883.5399828702 23187.0892335763
109708109.4966001809 16360.2152415677
109412032.3137182593 15737.4795805975
116310163.8918635994 23305.1185609689
110723002.9411623776 17497.4866798958
112859694.6227747947 19993.1491427422
119165388.2676859349 25304.9974994138
122777521.0490998775 27373.1019134521
109442644.9670137912 15817.7857818534
112445885.6642715633 19518.5786591433
110610800.9144002497 17366.7061457708
112198977.5246145129 19271.2840200779
114053935.7893205583 21269.0920813754
111076082.5886611789 17809.2851405218
118022330.5762501657 24493.1655539945
113080059.3624526709 20260.4331119424
111608275.2592781484 18451.2718146732
119822949.9049701989 25725.4924641848
110405727.7419251502 17028.5675490936
113492560.5037329644 20635.0434904797
124311138.7911319733 27935.5167236328
116957459.5890295357 23732.3943373552
119381874.1470911503 25516.1990033388
113058403.5301171690 20201.1165213673
114170628.0401850194 21358.6701311683
109989862.6832805276 16578.3815428778
128032081.1784792840 28675.2269897461
110935056.9236087799 17753.4120936468
121737458.0836815834 26814.0880546570
119630757.3724294901 25562.7457104921
114004855.6892979592 21206.8597157216
109570103.9923349172 16206.9285399481
118896858.4287711829 25100.7856818438
109676126.3831560761 16315.4093933036
110139102.1874758005 16773.3203109344
123547927.9848109484 27684.2775421143
121451855.3345934004 26681.2317924500
115676504.7550012320 22750.7676682286
113056034.0323739648 20158.1308847629
113285424.1080815345 20379.2319681449
112569363.8126848489 19668.0795885934
122363175.1851956844 27249.4781951904
116379892.7104013860 23346.5891420236
126549427.0576105863 28444.3089141846
118789550.9244465083 25020.0208350420
122931501.9453201741 27437.7202148438
117568600.7979428321 24137.8603235558
125819837.2826840430 28299.3279113770
116646553.5630878657 23505.3922578683
116426184.2947877347 23369.2384570753
121549296.5327368677 26717.1563377380
113181427.3010213375 20344.3876678757
112462937.1767738461 19521.3737059496
121236462.0924842358 26619.1603813171
112311546.5953885317 19401.4801604254
117402578.1128746122 24091.3968514120
118621039.7684138417 24906.0766249895
121614364.3939723372 26800.3391227722
116613283.8378392905 23492.9958345285
121219952.2891423702 26590.9857292175
114193172.0661741793 21384.0443377113
121937496.6939946562 26942.5753860474
123052498.5505069941 27526.7570648193
112899463.6481328458 19998.2863116665
118302476.9487353712 24779.9060164690
122977088.8129813671 27498.5824127197
113272195.7640550882 20367.9999578483
112413857.0767512470 19459.3817768646
117493191.0604172051 24109.6856714562
116455302.4479270279 23374.7637941232
112725322.8272454143 19893.8553631925
128342023.6719505638 28715.7980651855
124192369.9302458614 27860.9019622803
117938309.5842622668 24468.6881855130
117161265.7349063158 23889.3571704542
113749454.3164212406 20881.7901615729
114584565.1245033294 21795.2170471624
114575455.2560498118 21791.6595895290
114426583.7345910668 21676.9850067571
111973897.4593415260 18988.3367731757
113689658.0926165432 20786.8472199626
110210227.4229584187 16845.6655120780
113902841.2560842186 21058.9747835626
117077035.1603852212 23871.8443607008
120471141.4979190230 26141.8466567993
118714141.1869208664 24991.8461829424
114645039.6642833501 21840.8229381540
114722245.4702365249 21854.8976072744
114881731.5285937041 22097.6013583117
117568707.7302915007 24175.5255550062
112171718.1730302423 19230.2465358330
115378174.0111121982 22458.6720303684
110253444.5363325030 16932.1234267792
112044846.6148608923 19096.8176265312
116825011.2342464477 23705.5916560804
119859054.3970362544 25728.1391698122
116720993.4547027051 23581.8631285457
119012165.3607717305 25185.3711413816
128514460.4221972078 28724.5329895020
113652758.0028124005 20782.2397933318
113431051.4753876776 20609.2498833179
110748332.0606220812 17665.1786483368
113520642.4458795190 20678.0422924035
113631483.3690294176 20737.1542728706
114403899.7286332101 21481.2611517906
118271042.7801803350 24649.3952685595
119457283.8846167922 25544.3736554384
113371226.8617210239 20519.2391765588
115178867.2420444489 22388.8309393623
127556160.9579413533 28622.2738647461
112666025.4126075655 19776.5736072683
116939560.3632118851 23713.3917478323
120412479.5770123452 26080.8298721313
114679797.7001824826 21841.6004959433
116687536.4370731264 23547.1390432119
111006522.2955567092 17766.3689781716
113494930.0014761686 20678.0291270842
120623522.6602668762 26227.5060997009
115434864.5044782460 22584.4913548403
110093111.7764208168 16719.4949035575
115510274.2420038879 22612.6660069400
112194262.1990194023 19255.6207423760
114521816.3102702200 21723.3684555381
115251440.3149131387 22428.4292202690
113557555.0252942741 20690.5421170457
115039712.9185059667 22215.8333987170
112947556.5536989719 20039.5742240413
119068277.0809242427 25229.4026687145
125408003.8304849565 28173.1573028564
111591107.9644610733 18432.6290964840
124103905.7181688100 27850.1016845703
115398816.1724564731 22461.3302465593
114957141.2661193460 22125.7760104113
129601853.2980749756 28844.3248291016
128949764.2720224559 28750.8006286621
113991398.5873529017 21111.3871756443
109962211.2121235281 16565.6570679387
113930254.9573252946 21080.4366819574
118216035.8983888626 24631.8824588060
120111078.3231750131 25894.3918744326
115115122.6560316086 22244.0080508166
115326850.0524387807 22456.6038723686
112856667.1223877817 19935.3767231130
120206094.6758401394 25993.5127278566
111441692.3803025633 18273.8259806393
128769870.7625661492 28741.6823425293
111257277.6659912169 18060.4547096221
116287834.8590401709 23225.4986311197
113000228.1865276992 20150.7933447226
115503464.2410518974 22594.6819248893
121772542.2766130865 26831.1005477905
112439130.7787193209 19477.3653910412
124531045.7404760420 27984.3391113281
115745993.9805933237 22779.0417991155
125704121.6401865780 28271.1532592773
125084117.2746919245 28160.4101257324
124640991.3043713868 28030.9657897949
124269463.7571441233 27904.7951812744
124756706.9468688518 28059.1404418945
125814542.0871817917 28276.3036651611
125698826.4446843565 28248.1290130615
129240508.0412849635 28803.7537536621
127412324.4109277874 28560.2024536133
127899288.4384909570 28626.2368164062
128300466.9691631198 28676.6213073730
