261964681.8214704394 323434.8014847171
259587874.3183191121 224945.2366571714
262877827.7608897090 338288.4677268043
260197288.0282103419 270975.5673629823
259501408.4537791312 209390.6553658814
259489439.7492524981 209162.3610951745
259882087.7171681523 255251.4725613552
260518551.2477005422 284741.8679758627
264165522.9232139289 357125.4870504781
259517601.6572268009 216109.7634155740
259603994.0503255725 227995.9756420416
259700290.4600665569 238756.4747310973
260659438.8656521738 288342.1316333655
263323635.9221855402 346265.5897193793
276637683.1834453940 425846.5007344820
276255095.7906019092 423732.6213414185
299076356.0880437493 521980.0361938477
259571005.3253716230 221058.8184356977
259603473.1077954769 225715.4929846091
259579490.8244483769 224056.1995392133
259653129.8406667411 233205.9926511063
259611958.6068722010 228712.8740881247
260097320.7933194041 265584.3718625531
259914556.9300859272 256492.2611355740
260213909.4428006411 273146.8541593403
259504639.5276471972 212168.0312683572
259540032.0085456967 217157.1140969996
259612377.5441962779 228885.0127599997
259877092.2428993285 255210.2619719463
296375691.7295313478 513497.1369961202
259560391.3788791299 219423.7287359697
259801464.0728462934 247435.3212187700
265630152.0436083972 374731.7204998736
265134369.5623919070 371498.6955975299
259511963.5826067328 212478.2824599588
259802091.8144905567 247620.9244902544
259950189.7826282084 259426.2269563559
261409248.7725780308 311164.2615074333
272481830.8729464412 412241.8844410889
260185060.4382662475 269269.8699752870
260051309.5090588927 264108.3144988897
260692275.9499257207 291169.9322961646
260708555.2243816853 291248.5941613990
300306180.3979356885 531397.5202026367
300974121.0353551507 536421.8618164062
263793237.4655157328 351211.2111715719
259626517.8836798370 231364.5200842184
259639386.5312240720 233089.4168762459
260086395.6831885576 264620.0142623964
301358613.2797788382 537969.0933837891
261168362.1148428619 305129.7299280136
261463744.5764089525 313107.8621334676
263149922.5896722972 343675.6584364027
259558220.8798123896 219421.8592693795
260126086.8155722618 267846.4837448183
260604850.3721361458 287386.9435325938
260940288.3153297007 297371.3251385186
260974024.5438525677 298195.5034163836
261770417.9152116477 319421.7540973444
264774592.4189301431 364166.7786994991
264928429.3803746998 367250.5109511619
261232011.4854609370 306944.4594202011
293456016.6323711872 506296.9256668091
293194974.2101406455 505751.5435256958
259987654.4698148072 260708.2261199835
259813153.9179368615 250054.6315215044
259845584.4947072864 252949.7626004177
259840589.0204384923 252909.4152922588
259955185.2568970025 259467.4375457647
260050802.3806507587 264106.4408416632
260125579.6871640682 267845.5134079042
261267583.2584248185 307772.1740198105
261792867.8925318718 321157.5289941523
259551247.6495545208 219237.0649176103
282804379.3287250400 457995.7375431880
260876502.1275433004 296435.1662953738
261585848.4372249246 314420.8113288898
261847437.6681423485 322144.3664872292
266137941.3860603869 375272.5729863653
259832768.5822536051 251563.8106956589
260085888.5547803342 264619.0439254823
260022367.5961668193 261200.0775714039
261108235.2184913158 302482.8880385477
264730152.7008571923 363125.2897597556
259954678.1284888685 259466.5233611944
260786475.8354529440 292880.8812477384
260123175.6540022790 265818.1487271606
263363415.8361735642 346827.2389218751
267746029.0023958683 386166.3557894854
264994732.0220052302 367712.5795871452
267156133.0947849751 383065.2229159502
263145417.0631141365 343619.0617209021
262389022.1727867723 331970.9211205672
259676104.3843531907 235823.1077084870
260042143.1973804533 262359.3691597241
261127951.4614795446 304052.7305641252
261036081.7918419838 300619.7351315860
261791967.8134744167 321057.5347096715
261909140.3278719485 322524.5276061464
259991965.2277108133 260728.7214961170
260161096.5314058959 269024.1165573183
261534672.8057170212 314416.7825111989
263073499.0660749376 342651.0663452689
261367641.8298222423 310266.4427990559
261071293.4966620505 301461.4744032938
261807408.0770179629 321325.4487190265
261754426.2262021899 318649.4603405017
267086917.9785229862 378756.4965836493
259830102.1505638361 251081.3717312771
262038293.4233956337 324781.7375413571
272319472.7528112531 411973.9107472412
260162866.7863860428 269044.6182095825
261050496.6207968295 300634.5066159610
262307791.1814690530 331419.4851412009
261228703.6228406727 305705.3573637921
259782967.5687405765 244272.1871628719
263740847.2643595636 350237.5738053813
264863457.4458735883 364188.0565875773
263295039.3966205716 345671.4808622766
261706456.9164268970 318452.2925439570
260807527.1515360475 293757.5204273108
261598890.3595817387 316118.8552975301
264234918.6843869388 357997.6730966679
259573260.0264233649 221123.6868072940
259626391.6012150347 229408.0518222184
259917265.5335650146 256585.9150848272
260522709.4903269112 285108.5883187372
259991965.2277108431 260728.7214961171
261105279.2633459270 302191.3791332304
262923146.3059620559 341360.1375153605
259603151.6674959362 225200.8750606967
260293682.0103998184 276978.4606331903
262151924.3068204522 328042.7605764549
263894684.2258040309 353326.3405661031
259564116.2970987856 220937.0229889347
259884796.3206472695 255301.6191863897
259921222.5373522043 257124.1239471319
264287366.9948714077 361332.5289046213
259848293.0981864333 252962.5295867804
260975138.8100812137 299310.8360146601
261671245.2116067708 317610.5532722492
260092124.0960272849 265553.7525436464
260675359.3329523504 290758.1726590116
260233535.2223252654 273749.9086312372
261497593.2670330703 314052.4971083719
260253990.8780160844 273751.9911507685
297245799.7493479252 514685.0317602158
262904057.9933112562 341268.4528968465
260729761.2787446678 291580.2124439124
260451037.8922594190 282881.7744759638
262460635.0836447775 334276.6204799842
260554742.7445049584 286743.4251047689
281583004.8841263056 445265.1626080200
262329117.5501425266 331478.2997629475
262295873.6302953064 330731.9525200482
290222551.2870891094 491305.1776123047
280935786.2128975987 444737.4019524567
262223021.6598093510 329815.2140701767
260121405.3990221322 265797.6470748964
260436814.6231210530 282402.6741341669
261223057.7295515239 305673.7771376688
261304177.6825472414 308006.1170945633
260337679.4826138020 278577.1604622919
262835375.0390346050 337822.9150508586
263186737.0520333350 345335.3108428065
261352785.1876999438 310167.2524395380
261626581.6419930160 317387.4314374868
260967097.3598350585 297480.3201099280
266869497.2414361238 377300.7465150503
260392024.4981260598 279399.7395595033
260411346.7598756552 279655.3049935419
262410210.0433612466 333098.5221895408
270567356.3088370562 394475.3084513657
260412870.2913123071 281512.9108377341
261065575.5313004255 301253.9811002780
263229009.0792799592 345624.5711546633
267131650.5174488425 379428.2547277948
259714033.7695092857 238831.0900195055
260866625.8734931052 295884.7344656903
260191566.5472741425 269612.0089184660
260609087.7600171566 287523.4097195584
262893500.7536384165 339802.5736759845
297319061.6299400330 516277.2138666511
259746464.3462797403 241900.2600388485
259579234.5192899704 221377.5156561328
260269018.7728916407 275443.5935677607
262656860.5634051561 337069.1142033283
262491656.8660481572 334497.5611910056
260491159.6386332810 283182.6587489564
261984436.9103363454 323758.0936599653
260577748.7554307282 286879.7029384095
260758248.6141270399 292089.4140370730
262208109.5930357575 328524.3992037009
260643324.0584530830 287827.4668673743
260652505.3099502325 288221.2057910804
297153444.5203002691 513506.8150091171
272216109.2353333235 408659.9891468994
274863904.2325515151 422815.7564274780
262346828.5776799619 331528.5363472831
263207532.6925934553 345430.8912309203
259739530.7715440691 240550.0042040758
262121809.5766454339 327744.0178140979
260505382.9077716172 283704.3535731751
263417527.8885211051 348643.9159740005
263216701.8309573531 345495.4952073637
260496436.9638436437 283625.9111293275
263508640.7530159056 349279.7716907058
260747028.9106986523 291646.5230137575
271543071.0056619644 405665.3132016174
271469250.8976664543 403225.0229241364
259673101.5102826655 235706.8475338317
261010908.3063219488 299587.5644484093
261319160.4761382341 308516.8646229822
268293685.8140268028 389335.8429424968
260833466.1309901774 295407.5620473269
259778856.9053192139 244220.4821308437
259686150.1205830872 236314.5036617614
264046970.2199161947 355292.7742964801
299788450.0871528983 527556.4160156250
259688973.0318973958 237572.0761557879
259658961.1707991958 233331.6477047301
261206309.4476597905 305311.4363173563
282315852.1920734644 450054.2504644096
282182257.1625359058 448597.2493851483
260991324.6386035383 299575.5039418582
259683699.7520419359 236126.1389156676
259753671.1110275388 242991.9752734117
278365083.5003293753 436858.7482354157
261970343.6430160403 323601.0786092114
259685731.1832589805 236128.9003902770
263941898.3149226010 353686.7984560493
272050737.3554186225 406837.9356934540
261054545.2147703767 301085.3710707743
262801260.4134787917 337577.6161672864
281926649.1766111851 447316.3759805672
262673801.5562966168 337142.4987214152
262026500.2736814618 324443.0587589729
260853723.3148355782 295421.8783868197
259739111.8342199624 240364.4009325914
271445506.9710816145 401462.8269330971
259786101.6877979934 246061.1452927548
262778966.8102295995 337566.1854923908
262640112.2815135121 336748.6506107990
262688632.1518489122 337450.6966914404
262582792.9108322859 335360.0286930744
262258233.3646293879 330655.7005953025
260624921.8627897799 287749.0244235266
262118995.4634849429 327058.2098421287
262543012.7942031026 334613.0086571407
259742353.6828583777 241848.5550068202
262241485.0827377141 330307.6812776756
259653104.7838020027 233150.9239959089
272011444.6435502768 406124.5098149292
263739671.0146247149 349298.5546642307
299108155.0527593493 523038.2247772217
263780550.4746150672 350979.5092114571
273866787.2498069406 418349.8961445801
277317154.5884763002 430095.1021477692
259686941.6006803513 237569.3146811785
272088568.6278861165 408107.0672852509
260781357.4671764374 292231.4762872104
259659752.6508964598 234600.2126303973
264019077.8896226883 355174.1443859104
281717517.8058221936 446753.0946713984
263749992.7223677337 350545.9709524157
260767194.5580550432 292172.7991078738
280825471.9472989440 440677.6969255209
261939137.0712445080 322646.4136633035
262084386.6703009307 326969.2450881880
270439680.2071801424 392123.9628259353
298639576.5247110128 518644.5549774170
271130856.0957933664 396094.5411792956
260654543.7618815005 288275.3005176429
262064631.5814349353 326645.9529129397
260663489.7058094442 288353.7429614905
271218706.0618600845 399558.1559787951
261092783.1342436373 301569.2712782938
260931382.1715536416 297210.4108632449
263849034.6824495196 351969.7557140354
261107690.0868769586 302284.2020880375
263962712.8987116218 354112.7217784885
263948526.6317339838 353930.1990672683
280576900.2776817679 438517.1984170973
288935864.6075698137 483875.9139609337
288354342.3126122355 480622.7160835266
270177940.1157618165 391119.4968951195
271283585.1645516157 400192.0644828491
271334623.1539821029 400313.0311619006
270476903.8236426711 393810.2926444821
270081885.4318361282 390136.9527702145
280509840.4809931517 436863.7842574045
271420187.7361440063 400522.8292576037
287396105.6838340163 479991.0714759827
287175422.3987396359 478453.1366500854
283390963.9849287271 459327.4699954614
282629212.6419025064 453185.4608481815
282122457.0204107761 447509.6268908898
