1171649964.4920055866 3591402.3738098145
1171473341.1490950584 3582432.5560188293
1171895308.2004210949 3603474.2296905518
1172445055.3696229458 3632296.0179138184
1172162805.0234615803 3613458.9799728394
1172940289.3477931023 3653019.0346984863
1172930114.1131923199 3652000.6841659546
1172665759.2572162151 3645633.5288085938
1172665759.2572162151 3645631.7307662964
1173368476.6593904495 3661812.4747009277
1172910887.4284727573 3647696.4588623047
1173081803.7684130669 3654306.0989990234
1172665759.2572159767 3645624.5711669922
1173818679.4517390728 3687391.7521934509
1174031087.1792111397 3703099.7817039490
1174816343.5321898460 3715370.4373016357
1174935431.9651682377 3727909.3276176453
1176063648.7658543587 3771818.8775367737
1174991224.8949203491 3729210.3150978088
1175979224.7819619179 3761702.7944068909
1175205561.2458024025 3739536.1231422424
1178658567.7028062344 3839555.2161979675
1179611186.1588408947 3868377.1920204163
1229422255.6004374027 4519170.0294189453
1229878780.5965490341 4522827.8892211914
1335927903.2935643196 5105487.0360107422
1194690553.3645756245 4146247.2521972656
1181324683.7786078453 3899001.6089019775
1170594816.7937414646 3536451.1969604492
1170628304.1776647568 3538224.6670532227
1170323538.7292273045 3527217.8220825195
1170323538.7292273045 3527387.2451171875
1170323538.7292273045 3527213.7684936523
1170323538.7292275429 3527436.5254669189
1171162134.8367364407 3565946.0274543762
1170709964.4719331264 3559712.0677986145
1171558039.0221521854 3588041.0439643860
1171255591.2876241207 3580420.6459083557
1171521854.3838400841 3586528.3964118958
1171255591.2876241207 3580415.0642280579
1171496232.6678256989 3583677.6853828430
1171194424.0704786777 3579952.4398994446
1171255591.2876231670 3580413.2597846985
1172635534.2367668152 3642197.4829139709
1172375140.4573812485 3631772.4856796265
1172623002.4701378345 3633175.7243614197
1173283988.0649883747 3655956.9131813049
1174847564.6210789680 3725555.4303855896
1174701893.8126733303 3711591.5029296875
1175982609.6726329327 3764223.9453125000
1175579707.4791920185 3761261.1604728699
1175078764.9829745293 3733213.8585472107
1175134290.7983705997 3733656.0216331482
1181190124.4880619049 3897379.7099761963
1180796909.2512454987 3892032.3986663818
1188610568.3511619568 4070931.2879867554
1189123569.0591750145 4079753.4061813354
1188383220.5562102795 4061924.6607894897
1189219203.0424370766 4084236.1813278198
1188441167.1466722488 4068455.4772872925
1293534736.4486229420 4875674.0021057129
1192817979.9490094185 4109381.8602294922
1199309623.7035369873 4239917.8429260254
1172318740.0319216251 3615913.9188194275
1173782557.6484889984 3678976.4331779480
1173675623.1893301010 3671166.4927215576
1173418476.3124709129 3663397.2867889404
1173470661.8112099171 3664229.2100334167
1175205561.2458024025 3739558.2600059509
1180452263.7262897491 3884467.6950416565
1188288208.7744352818 4060044.0044021606
1184224178.4589884281 3970034.1979942322
1170587769.7810633183 3530406.4556770325
1172128105.6774828434 3611660.4368705750
1172128105.6774828434 3612015.6254692078
1173748591.9211993217 3671227.8130645752
1173642904.9320797920 3669440.2931327820
1174491637.6283445358 3706545.7394981384
1175515237.3040976524 3741795.5971412659
1178989755.7050619125 3844329.6371040344
1179855865.4344315529 3873951.3913917542
1199181214.1307442188 4235282.2171936035
1197460529.5681946278 4210304.0486755371
1198658204.6078794003 4231581.2257995605
1171707988.0531229973 3593095.0295410156
1172128105.6774828434 3611684.9563713074
1173654574.3390412331 3670184.2444267273
1179412314.7861187458 3859966.1432228088
1178368309.3379077911 3824386.7040977478
1178382721.3104007244 3824534.7234916687
1185871416.1749556065 4001492.8240432739
1200396461.5309805870 4243719.5926208496
1172128105.6774828434 3611660.9983329773
1172374862.2072248459 3622931.1302299500
1175551014.2520687580 3747687.1775665283
1179261548.2122275829 3852094.2130622864
1178819888.7471358776 3841358.0359382629
1184518203.6826777458 3972798.4564704895
1190522276.7812702656 4096138.8405914307
1318956365.7294981480 4994774.2364501953
1172128105.6774828434 3611665.5140190125
1172197515.2821574211 3615835.7951469421
1178732430.4530405998 3839795.4489326477
1179757238.8811023235 3869891.0486488342
1177961220.6499447823 3812785.9202690125
1188224735.6124958992 4058442.3708419800
1196409180.4448833466 4175482.3978271484
1188117998.4867944717 4057566.8626480103
1336051089.1892485619 5105929.1588134766
1201225392.3381350040 4252678.3908996582
1210930318.4267961979 4378893.9922180176
1200884836.5187232494 4249550.0345153809
1210584542.7757024765 4377463.2800598145
1176646425.2504982948 3772392.8349571228
1178103981.2938547134 3819442.4073143005
1182174609.5633006096 3918399.9063301086
1181523088.7692933083 3911030.7434883118
1187744697.1864564419 4049899.0938491821
1188094660.8892390728 4054952.5876846313
1200490807.1155657768 4244635.7330169678
1208586589.9846713543 4338254.8661804199
1195552910.8248829842 4169857.9002532959
1208590010.4526910782 4346789.6567077637
1184853538.6582205296 3981627.6059303284
1185244854.4717350006 3986867.5369453430
1171727715.4054238796 3594201.1130981445
1171627343.4513802528 3588394.9473876953
1172093832.0432147980 3608802.2792167664
1172331441.9115581512 3619967.2658195496
1176646425.2504982948 3772315.3668785095
1177110423.0438768864 3792947.8826713562
1177339765.1560168266 3802597.6837425232
1177164022.9450616837 3795638.9179496765
1176808895.7941801548 3777224.6799278259
1180314893.6024348736 3882341.1320762634
1183091720.5923087597 3937518.1353454590
1181950445.2839701176 3914523.9389381409
1181312925.0000934601 3898214.7408103943
1200515723.6184825897 4245655.5662078857
1194402492.3220438957 4140996.9027709961
1199300203.2614314556 4235536.0918273926
1199141494.0776457787 4233099.5300598145
1185200051.7489445210 3982135.2306251526
1184154817.8350386620 3962407.9542007446
1171727715.4054236412 3594196.5972900391
1179175924.2884113789 3848567.6474037170
1181151031.5238320827 3897292.1869773865
1185569832.3046514988 3989020.2666740417
1194566737.9352011681 4143639.3591918945
1181455553.6820321083 3899195.1435356140
1182817237.6933076382 3931166.3470153809
1184741214.6899704933 3981471.7583198547
1210037739.2209305763 4371305.3488311768
1201925352.3600406647 4258917.9880218506
1201511351.9038653374 4257838.8383636475
1178245926.7334914207 3824027.0014915466
1177237810.4176959991 3802191.8704032898
1204660727.1004607677 4288912.9205780029
1190280699.6601252556 4092001.4710540771
1189775002.2468521595 4084711.0050659180
1176995857.5545589924 3781854.6898956299
1177573781.8919057846 3804717.5492973328
1183338896.4208326340 3938857.8805885315
1190280699.6601257324 4092019.8047027588
1176846410.0949120522 3777466.1545982361
1177643609.4365899563 3812303.8744163513
1178440807.1414728165 3830137.2993125916
1177961220.6499459743 3812908.1870841980
1202996990.4601571560 4277412.5674819946
1320246308.9518311024 5006628.0893554688
1229285310.6288433075 4516066.2274169922
1187900019.1856074333 4052770.9108810425
1176646425.2504997253 3772442.7675132751
1176646425.2504982948 3772322.0669517517
1178191826.6209931374 3822149.4688682556
1183471246.2023043633 3948961.2875633240
1180742172.4459493160 3887589.0027732849
1278216802.7867169380 4830569.0333251953
1335762859.9703922272 5102617.5714111328
1182415704.0316846371 3918445.0789184570
1185652089.8310194016 3991677.2279434204
1183598107.6907095909 3950172.5020484924
1184673576.1117174625 3976210.3862571716
1181872021.3336088657 3912940.3735275269
1314248467.8724613190 4985121.5946044922
1185868549.5430049896 3993559.0097732544
1182719588.5627007484 3925768.7001190186
1182736144.6596491337 3930879.8879852295
1201390048.7866537571 4252920.0173797607
1197031592.5245404243 4186183.9147949219
1176995857.5545587540 3781579.1195831299
1176675720.7344627380 3774038.9542999268
1185783455.1475448608 3992141.0244827271
1200414791.6440203190 4244378.1871185303
1188257949.8089022636 4059004.6502838135
1183744887.5330581665 3960518.4909057617
1229165417.1171526909 4510708.8382568359
1184271166.9325375557 3972277.5739936829
1185657658.3435122967 3992125.7783889771
1228780805.0187401772 4506019.3266601562
1228696305.8632731438 4505821.8051147461
1187442319.7959074974 4043156.5242996216
1287211014.1555576324 4869340.8015136719
1176894349.1462121010 3779519.6589012146
1187580168.7016332150 4044374.7694473267
1231226244.4627482891 4529993.2839050293
1193596236.7387704849 4130293.9615020752
1191891010.4229614735 4099287.2030181885
1195332094.9535236359 4163307.2354431152
1187254921.4387128353 4025888.1551589966
1195087365.9851634502 4162428.3843383789
1193825571.3720362186 4140298.8711395264
1322156698.5488669872 5054248.8911132812
1194747483.7607712746 4148332.1925048828
1208004844.0955650806 4305015.7851562500
1208186732.0364925861 4315249.8344726562
1187161384.9462633133 4023238.3527297974
1212991555.2778367996 4384291.6801452637
1304456585.5335848331 4887946.9703063965
1268799510.6541521549 4766764.2782592773
1231226129.5781757832 4529380.8783874512
1231279877.1354873180 4532500.1305847168
1195159227.8659081459 4162714.2466735840
1197448373.0506243706 4193010.2951660156
1184064228.4338116646 3962194.0979385376
1183945891.5039587021 3962017.6737136841
1186887247.3916549683 4019722.8600540161
1195424207.0781946182 4165717.2230834961
1184184755.0170199871 3964431.5974197388
1195415476.3144402504 4165250.9578552246
1196569458.2158608437 4183827.2101440430
1192534717.3955814838 4105933.5789947510
1194883030.4756519794 4156236.7897033691
1206977345.0576922894 4304015.3606414795
1186230594.0703830719 4009818.4940872192
1185891190.6763808727 4007851.9653396606
1194883030.4756519794 4156234.8335876465
1185818237.7679512501 3992739.4004745483
1193207820.9703357220 4128261.2631912231
1310956271.2663319111 4971457.5266113281
1310523733.9231147766 4969430.1606445312
1191821661.1601431370 4098377.7686004639
1230948595.2676718235 4527029.1425476074
1215714750.0634102821 4425512.1708374023
1215255602.9107532501 4418221.1969604492
1192243587.5819430351 4103926.8002166748
1192259687.0694329739 4105566.8278198242
1230930253.5274379253 4524812.5426940918
1182618447.0697386265 3918722.8182449341
1231681650.1091334820 4548088.7413635254
1192070483.2487769127 4101883.8014831543
1228389402.1197443008 4492281.0214843750
1329740324.7604377270 5080859.5668945312
1329331601.6883246899 5073721.4082031250
1231426146.4961776733 4536998.9906921387
1335433925.9757773876 5099248.5694580078
1262789441.1852681637 4660753.0006561279
1217147534.1777825356 4429119.7967529297
1310232656.0337052345 4913151.6527099609
1313871740.2590916157 4978738.6381835938
1302176246.2458963394 4878749.6083374023
1302246118.4411349297 4879446.6307983398
1309576211.8753647804 4903742.8718872070
1328870102.7207038403 5064543.4179687500
1249405992.1829416752 4653670.8720397949
1281056781.1100761890 4834378.0272827148
1219236091.2444121838 4447485.6670837402
1223308161.9048223495 4470507.0020751953
1223009428.5508396626 4468165.5128784180
1220051761.5077471733 4466941.5764770508
1217382253.3166613579 4435474.7245178223
1233756810.4145696163 4551709.4882507324
1215211764.6647751331 4384965.1917724609
1219597389.0362176895 4455077.8723144531
1218371043.5156638622 4439496.7951354980
1224703084.0046930313 4487343.2167968750
1242450188.9207091331 4562191.5052490234
1242651934.7437999249 4569949.9606933594
1242102006.6610636711 4554028.2569580078
1242576105.0321915150 4568284.0013427734
1242287901.0439035892 4561756.1115722656
