490174023.3964704275 78258.2821731567
498563930.7135593891 80284.6076965332
499013697.1067426205 80396.0466156006
498821083.5095215440 80357.5809631348
434164491.8498450518 25882.6556086685
434063452.2982946038 25501.9182590405
434650776.9182933569 27642.7377575256
434968116.2155217528 27968.7938350255
440204933.1387280226 37225.7383934744
440674902.2999638319 37842.1064017452
440433199.3226077557 37550.3030311354
440533889.6473833323 37594.4813371785
440611340.6461758614 37686.1574012525
449989745.1845375896 50425.1891300440
450169153.5174943805 50518.9694767170
449719752.1075463891 50215.4652136923
450361102.9099113345 50751.6722926260
464724071.7725275159 63549.3274039812
464723583.1040775180 63448.5330466814
464749815.4329298139 63582.8066138811
465413063.4141834974 64014.1611763351
465379047.8249170184 63949.3963774256
480099337.1697046757 73629.5782700479
481312534.9912364483 74180.5260628164
490297932.7865178585 78302.0484542847
490023931.7041602135 78230.0774612427
489948569.4211014509 78213.5301589966
493634730.5655838251 79214.0667724609
493879850.9881879091 79416.4887695312
494021812.8272515535 79439.8515319824
499130192.3904900551 80426.2995605469
434536322.1052724719 27394.6133853078
465221353.5172173381 63916.4163415395
434187486.1565588117 25917.4646862904
434165243.2522094846 25891.6528849444
434076806.1494953036 25866.9667614857
434221613.1498544812 26238.4197644154
434444605.8731192350 27253.9531193592
434391985.8948732018 26623.0685844935
434271425.0766431093 26585.7048836268
440845387.6862106323 37954.6649662666
440699338.3163826466 37894.2902628593
450006812.8740461469 50467.1013983846
449612075.5919237733 49772.9480367347
450222218.4678934216 50730.8835145035
449827107.7293791175 50395.3557166219
450689441.3199984431 50976.9256554641
450466500.5686261058 50909.5166550264
434438937.3560982347 26928.7742635824
450174017.2749137282 50670.0927392044
480804647.9011347294 74062.4567757547
480176115.3975839615 73731.2381249368
481144738.6541393995 74104.8961256444
434405200.4374853969 26909.4759809591
464805444.9749338031 63599.4060879387
464528158.2595133781 63432.0679740496
480361146.3100665808 73891.7731972635
480837800.5967093706 74081.1337319314
489421713.5244999528 77816.7494773865
451169589.4362551570 51468.6869167969
464136904.7807726860 62959.9067592211
451289980.3142341971 51521.9635320403
464300617.7102409601 63178.6091537066
465332495.3209746480 63938.0498431767
489655868.7634404302 77979.9406661987
489557387.2611493468 77960.0916213989
494342685.3234013319 79521.3171691895
499609489.6976900101 80467.2890930176
500295725.6669706106 80493.1907501221
499621278.7827788591 80483.7030944824
440459746.1963857412 37580.5371410139
480728912.8674306870 74034.7456704080
440991504.7126531601 38246.7166727576
465606247.6984743476 64114.5848197527
479219484.8705945611 72951.2599023283
479016099.2939407229 72890.9053185880
480349117.3040523529 73821.2719002664
494093891.0426084995 79451.1677703857
478718692.9360308051 72415.3885968626
440644160.7517225742 37796.6901656184
450876579.2919684649 51206.0703625367
465876355.0540658832 64255.0463995151
465660446.6494464278 64127.2735904301
493824128.0726383328 79365.3072662354
440344997.6715428829 37435.8985603694
440337794.1224014759 37435.3894669134
450993707.9604813457 51298.9167943694
480126667.5643770695 73638.4391625822
494153562.0927310586 79477.9290924072
450851359.4979767203 51151.4433522918
489459669.4452409148 77904.8801612854
489911220.0088728070 78159.6692733765
489261620.5603283048 77629.7323913574
489780299.2685239911 78128.8590316772
451038801.5299429297 51354.9330907562
450818695.6211593747 51119.3648875453
450844245.8408785462 51127.3505394966
465055714.5390698314 63749.9842071123
479935597.6244519949 73542.1680444181
479790228.4302009344 73425.4436844289
479509304.4268717766 73293.8464082181
465062889.5932541490 63766.3698037565
464822551.2805066705 63602.0603942461
479289595.7221977711 73063.4855836332
479108229.2347784042 72906.4447968900
478931938.4383587837 72789.0137666166
493707546.1041718125 79295.4437713623
493797072.2581198812 79337.4187011719
493671019.0699556470 79274.6680755615
498312015.2803089619 80160.8672790527
498058354.4498310089 79996.6425094604
498522713.3161098957 80237.4501495361
440151341.9706816673 36945.8016877521
440014813.2871260643 36755.9072797311
439972740.7397545576 36752.4135397198
436326421.2470858693 29948.1571988774
439823913.6728218794 36344.4219664251
439931810.1854693890 36641.1977270367
436314412.1723890305 29785.3595583154
436162621.8339113593 29541.6662143780
436288898.1339046359 29556.7942456318
439794687.3417932987 36277.0874975445
436036435.8085884452 29192.2346145416
436087016.1848520041 29208.2383298887
436238760.2647203207 29548.5399458719
436130802.3726148605 29225.3507096482
436014842.5505431890 29177.0869429422
439644654.6201386452 35991.8829385461
439538822.0688048601 35879.9960824670
463877313.3196188211 62543.3128423281
435934493.9884787798 28806.7813788963
438529127.3594853878 33838.7268203432
493078553.4918605089 79019.9490966797
438602830.3920034170 34158.8991261860
435915636.2325366735 28805.6339400125
438579330.7507599592 34156.1202796633
438888605.4581409693 34664.2930639379
490631993.0397558808 78390.1113128662
490539937.0042464137 78331.0543441772
489394872.1541470885 77632.5102348328
463723274.9585171342 62438.4819887616
489778196.3025360703 78050.1235890388
435865362.8682094216 28534.1428644372
490163272.8165065646 78250.6547317505
435685608.0382345915 28152.4909575296
438705554.0868029594 34280.4031122916
439220505.4906091690 35207.5096132793
438809509.8476630449 34543.6587275260
439112721.3268094063 34929.0050924700
438804794.2892336845 34523.7694704570
435843095.8410691619 28523.9439604593
463692715.4940446615 62430.0851032510
463467143.1865737438 62316.0907381512
497697027.1786780357 79800.0966644287
497106511.3013280630 79679.7081146240
463265137.4044123888 62081.4161082450
497212684.5217972994 79707.3313446045
449560316.4276697040 48834.1997948233
449534363.0129703283 48499.3166859876
449497210.3764374256 48382.0800183546
497041630.0627479553 79649.9961853027
496737446.9154103994 79600.2990722656
449555736.8048901558 48620.2254416635
496582528.7073246241 79582.1268920898
496493020.7743773460 79570.2596282959
491217423.2086986899 78470.5236358643
491812175.5525287986 78637.6146697998
496311618.7026425600 79547.6593933105
491957032.4037641883 78677.6050872803
492368264.9889758229 78787.3614807129
491882457.5758495927 78637.9254455566
491948428.7982227206 78668.1561279297
463083844.0306463242 61727.3413183672
492063317.8927896619 78757.0503997803
463238785.5205808878 61909.7233654132
462860139.7578424811 61529.0605348182
493012394.2364643216 78980.9764709473
449034807.5159012675 47966.6300050588
463219261.7901511192 61882.3905928118
438333880.5953309536 32943.3267126127
438226579.7966272831 32760.5087758719
438096882.4843166471 32590.0885335624
437897969.7014111876 32255.6355799646
438005887.7804798484 32283.7701682751
438040177.0720168352 32295.8130699872
437714489.2413084507 31805.7850707476
437729476.2841475010 31938.6029286091
437563144.6673561931 31581.7765563433
437366164.4622276425 31217.3179174964
449140429.0842377543 48128.5768892141
437213711.1675087810 30479.6853563690
437227522.6300709248 30636.6628115082
437228407.8774663210 30754.1394649475
478503282.6698674560 71900.1010470464
437120534.2440152764 30376.5183251703
437062236.5530899763 30359.2862247133
478513916.4931604266 71916.4476704671
473421410.4843483567 68837.6925840694
478449285.1960049272 71726.8444209172
478192741.1297530532 71611.2150731160
462844068.5651825070 61207.4349920732
478390558.7169927955 71704.9204173162
478204645.1718587279 71682.7795939519
478312401.2669565082 71698.5387339666
473675439.7867773175 68939.5750888893
448819566.0584403276 47237.2589284194
448854270.7008343339 47333.0716325057
449004517.6370723844 47441.7810557609
448531894.7439750433 46915.0118924392
448650253.8306581974 47110.4404546035
474037073.0000043511 69095.0882340080
477327359.3291248083 71149.4730758443
477492528.5811444521 71205.3164214864
447901332.6751617193 45862.5478718174
448027971.0627979636 45973.5840303791
477494403.1921154261 71212.2288627401
477396387.4668640494 71156.0993232504
447356935.7039042711 44828.9644864717
447735188.6533586979 45591.2518713367
447469839.8347706199 45190.6133424626
447684166.2535804510 45548.2448809040
448097579.0510433316 46075.0179350269
447879755.4025183916 45716.0108873737
447918800.4626098871 45914.1740190876
447991483.6884701848 45914.7640102399
472975594.4122120738 68395.4349140220
472409779.6936288476 68020.4313820072
476006449.9351859689 70004.5929036990
445435524.9271515608 40840.1235230197
472057240.3879030347 67733.5102208831
472583311.8370276690 68062.5459989287
471847637.5914556384 67506.3372052185
472222576.5339341760 67854.2035039641
472256248.9841910005 67861.1817389004
475776990.0126878619 69973.8055272952
475483166.0533731580 69768.4180430578
476099025.3535220027 70153.0482564822
475591519.8510870337 69877.7930659459
475338463.3920841813 69688.1259279442
475463010.2315139174 69749.9466963005
475619423.3004146218 69887.5656557274
475589010.3791213632 69875.7394838524
445508657.4733448029 41120.7478363742
447204440.4043619633 43797.5480289641
447055963.1911437511 43754.6760997954
475020073.8501520753 69287.3127833158
445918070.3382518291 41844.1366922488
446890638.7098394036 43214.8809603709
446978139.7118644714 43584.6359768095
446451209.8541628718 42514.5590024670
446357218.8696457744 42438.4726755251
446122616.0027037859 42181.4080625256
445827187.9347139001 41543.9662481030
445916841.6961359978 41843.9571958263
446113389.4948150516 41997.6572088529
446820727.0831335187 43171.6289349622
446327024.8431345224 42225.9173740035
446917088.5681407452 43295.2698570318
471763810.8975320458 67268.3620164869
471572113.1571895480 67259.7328531646
446666574.7294665575 42679.1741536953
471385322.5439540744 67066.8718440400
470812575.3380218744 66709.0244444009
445354498.2645492554 40174.5004422967
445093419.6560097933 39246.5341786000
445093070.4443052411 39241.7792336914
445269707.9918519258 39561.4031312023
445145122.9874377847 39503.4090058777
444929287.3105661869 38970.8337113830
444947960.7239546180 39222.9331452820
444734325.0953915715 38873.6284577820
444658097.7473362684 38558.5478740308
444645932.6080116630 38540.6298610038
444563601.7226912975 38505.6162764403
470618011.1123372912 66597.0986240503
470218776.2775253654 66301.2214586593
469655694.0798758864 65780.0564587459
469535656.1151787639 65770.4274685725
468704740.4238594174 65068.9101016268
469169122.6226158738 65444.3234393343
469230880.6226658225 65526.1992314204
468869364.6734313369 65297.8135821566
468473642.4358733892 64990.7487933382
467907667.4662902951 64547.6450278505
468456636.4545129538 64934.5315654024
468299392.9389213324 64836.2455228313
468037243.9935965538 64715.6467425569
467768185.9331000447 64519.8743312105
467444256.1981957555 64310.2719599947
489075624.2243927121 75839.2132606506
488375714.6887929440 75256.4458577633
488293972.1183956861 75096.7336118221
487892530.1812153459 74798.6147344112
487865565.9347103238 74768.6846044064
487723512.4499241114 74586.2370717525
487976299.9087250829 74918.5859715939
487695545.3845185637 74485.2653598785
487213596.4619823694 74425.8036229610
487492316.3199017644 74464.1389195919
487084212.1945978999 74390.2796514034
