424106405.2319171429 12170725.9375000000
425334562.3175865412 12661377.9023437500
434279803.1428289413 13801221.8984375000
438369453.1254403591 14076449.6718750000
438969711.9508818388 14111538.3515625000
448041775.0967124104 14468826.2812500000
462602760.8081688881 14733001.2500000000
462427319.2722162008 14725310.4375000000
470851045.0010066032 14771221.5742187500
434595875.7645565271 13810766.8046875000
423468156.1374523640 11581765.0742187500
425735938.4772832394 12758308.1289062500
427572564.7651867270 13092970.6562500000
438210066.0556330681 14075344.7812500000
437956589.1950709820 14055246.8945312500
443784295.3373816013 14319133.5937500000
462431824.6695398092 14730129.7187500000
428943936.9877711535 13296251.3710937500
448377691.4469693899 14479786.1367187500
458199269.3740002513 14680602.3437500000
469834769.6703919172 14768809.0117187500
438843074.3900293112 14105564.9101562500
428918391.5385801196 13292965.9414062500
428976428.1630496979 13300720.4179687500
429339934.2269826531 13336937.6523437500
429209769.5788160563 13324289.6484375000
429836362.3656510711 13354159.0117187500
443287579.8989963531 14307091.8007812500
443420765.4351484179 14313044.1523437500
449347344.8523427248 14501315.1015625000
469874267.4667018056 14769040.9726562500
482792159.6725603342 14783486.0039062500
443288433.9652689695 14309382.0507812500
458429484.1430971622 14683107.6328125000
436746697.1120064855 13972914.3398437500
448510825.2058672309 14481047.9843750000
424108896.3632273674 12196832.8984375000
426392648.5920178890 12845297.4375000000
449416494.9223302007 14502714.2031250000
448165389.8396927714 14471240.3593750000
426064409.5447528362 12826134.9804687500
449085877.3450923562 14498405.7421875000
429057119.8855649233 13311001.7929687500
429240332.3799288869 13331245.7460937500
434275268.5128695965 13798815.0546875000
458742821.6373622417 14686087.8203125000
429097337.9323914647 13315264.5273437500
428865738.3301650882 13288833.4296875000
458935583.4534772635 14686954.1875000000
458439096.0023076534 14683157.4765625000
442950428.7957304716 14290790.5546875000
442915424.6057881117 14283608.2656250000
424038747.4379503727 12169975.5664062500
426028966.2517594695 12819688.1875000000
428672846.5577939153 13256132.8437500000
436993808.4761317372 13994824.9921875000
443019803.3042387962 14296442.4960937500
450623867.2228065133 14531493.4257812500
458253233.5914916992 14681154.4062500000
434366825.7155141830 13807230.4062500000
426311015.7207962871 12844052.7578125000
433134177.3683398962 13705696.3984375000
434071569.8351314068 13783944.9453125000
438009885.7865861654 14063215.1054687500
454850071.9404669404 14623592.9609375000
455171689.5247345567 14626034.1171875000
458522092.8802168369 14683502.7890625000
482433808.0222660303 14782304.1992187500
424405693.5708306432 12316347.7304687500
428709553.8817437887 13265936.9570312500
433868515.6518728733 13763517.2968750000
458331031.9914205074 14682389.7812500000
470060981.1540570855 14770655.1445312500
423452180.4894384146 11557367.3867187500
423461103.7922245860 11572123.7226562500
428855590.0591947436 13283864.2421875000
469701610.5515805483 14768690.0820312500
426090748.4967606068 12832876.8359375000
430675087.2894814610 13464399.4414062500
458690235.7317439914 14685303.9687500000
462591274.3237786293 14732184.3671875000
423986225.7472237945 12127406.9453125000
454919580.2957469821 14624944.8515625000
448694389.1311858296 14488010.4765625000
448917806.3831130266 14491515.2539062500
424016870.6954791546 12154510.0664062500
433881275.0180227757 13767885.7890625000
433689253.9455738068 13748849.8046875000
448219015.8044736981 14474576.2109375000
428727991.9452576637 13268623.0937500000
428677750.8309617043 13263660.1914062500
428734469.2201454639 13272605.4140625000
428810922.1487834454 13282926.0937500000
434039045.6312583685 13779620.5468750000
454947989.2510716915 14625431.4375000000
462859420.0694327354 14734597.7343750000
463226034.9395674467 14736575.2265625000
469995036.8546667695 14770651.6601562500
443892076.4239672422 14323120.9062500000
448669177.6489766836 14485966.0625000000
434204419.4994132519 13793514.3632812500
454077369.1248086095 14608608.5156250000
473377459.0596253276 14773911.6250000000
424148839.9957254529 12204933.8632812500
433950148.9595624208 13775006.7890625000
443908206.7242105007 14323246.8984375000
425200167.0898205042 12630471.3710937500
473055282.6049933434 14773376.1328125000
429048413.3946768641 13304722.1484375000
453907555.3662143946 14604372.7304687500
430532323.0649864078 13447720.7421875000
430519233.3740345836 13440944.2734375000
461470697.3675507903 14718924.8359375000
423648457.9405068159 11799908.8867187500
434359855.7840558290 13804350.8789062500
448345318.3248316646 14477780.3046875000
448427586.6795530915 14479843.6093750000
461536015.6884695292 14719573.8437500000
469699093.0079953671 14768199.7773437500
448563595.5602453947 14483013.2617187500
461287309.0376604199 14717835.1640625000
461617253.7735807300 14721980.4765625000
423479235.6925799847 11594307.0117187500
438021637.4812791348 14064264.0898437500
469914636.8201866746 14769748.4414062500
458459496.0017951727 14683407.0000000000
423523539.8610097170 11638134.2460937500
437966301.5647075176 14061004.6835937500
423883106.4555786848 12031230.9609375000
425235644.6554431319 12635602.6601562500
425938872.2812877297 12804961.5742187500
425364134.6438750029 12671070.4023437500
425346014.7844420671 12665983.3906250000
433694469.9027848244 13751774.4453125000
427402131.7502459884 13067630.0273437500
425411126.6487337351 12676286.4492187500
469131035.1025019288 14757739.8867187500
425236447.5440819263 12639902.3710937500
442606069.2145531178 14274810.9101562500
442653085.5794144869 14278642.7929687500
451216664.3455554247 14538977.2265625000
454032010.7038382292 14607965.8437500000
423605211.3980136514 11760600.5703125000
423999745.1896485686 12144737.1015625000
425109781.9874663949 12585307.9179687500
437560566.0955780149 14030957.2968750000
458562537.2333019972 14684766.4765625000
423624973.3558735251 11782731.7343750000
433549141.5112141371 13740936.9960937500
458349141.3084421158 14682910.7265625000
425279091.6381492615 12651612.2500000000
462015563.6264162660 14725278.7343750000
469339639.1314995885 14765568.2304687500
472684000.3657166958 14773294.5312500000
425308155.4551478624 12659111.2109375000
430965130.6229118705 13488378.5976562500
469433288.4561277032 14766544.8476562500
423878931.6767408252 12030605.4531250000
425779167.9810284376 12773835.3125000000
423594062.0897091627 11742233.1015625000
428652236.0173318386 13252863.3671875000
457806942.4991185665 14673848.5000000000
423871543.6725453734 12026293.2031250000
447340200.5982065797 14442761.8554687500
423603355.8693396449 11755062.7890625000
450521537.5000421405 14531449.4101562500
469608913.0191828609 14768031.8867187500
423869241.5902253985 12026174.8125000000
458301483.2722104788 14681848.8437500000
423584230.2397470474 11725914.4726562500
423915950.9164646864 12058021.9062500000
442099843.6846969128 14248550.6132812500
427478113.0605165362 13081583.4414062500
442116693.5866510868 14251374.7304687500
457742323.0745691061 14672055.7734375000
481851575.2984282374 14779665.6132812500
447260638.5987258554 14438442.0273437500
441954972.5089018345 14244068.4414062500
441927232.1069860458 14244001.9804687500
461234929.9162067175 14714643.1132812500
447237579.6608755589 14437468.9218750000
423575653.3990622759 11719015.4687500000
427453217.8609204888 13074643.9960937500
447292624.2944957018 14441884.8906250000
441817459.5997487307 14238939.8007812500
481765705.4194781184 14779167.5195312500
427412952.2620019317 13068948.7031250000
423562826.9508701563 11692838.8359375000
424418016.7417200208 12322151.1250000000
424473305.0726656914 12340772.6875000000
424374375.5920727253 12297311.4335937500
441140511.0527154803 14210800.1289062500
450006462.9861407876 14516018.9609375000
425466188.4970750213 12690816.8867187500
430796020.6786428094 13472762.9023437500
425696646.3953939080 12745692.9492187500
430781822.2402796149 13471458.1875000000
441656153.6940131187 14230877.9140625000
423968312.4655915499 12098322.8984375000
425596468.1871517301 12722213.6562500000
447131270.8029785156 14430729.2109375000
424350815.3858057857 12291558.1367187500
428074994.9439970255 13164255.2578125000
447180310.9148572087 14433864.1679687500
482004431.0134326220 14779673.4257812500
424326843.0649200678 12281271.7578125000
425492023.4970517159 12694182.8359375000
423530659.3246476650 11642344.2578125000
439574509.6994720697 14130942.0703125000
459509147.4134076238 14693318.8164062500
481537754.8431774378 14778872.9648437500
423958100.2769877315 12093112.6875000000
430946868.6493221521 13487761.8437500000
440802541.2713363171 14194132.8671875000
440433687.4530680180 14173763.6132812500
423543137.9786553383 11660736.9882812500
423855069.4394300580 12007342.7382812500
427327648.1322619319 13039341.3398437500
424301067.4995936751 12268893.0000000000
481209344.6250253916 14775768.2851562500
450111178.6583226323 14518355.7382812500
440440353.5376775265 14173935.4882812500
431741888.0730459094 13558914.7265625000
431812119.9811066985 13565883.9296875000
457179292.1118196249 14663184.1601562500
440559197.9063215256 14182421.0273437500
431718058.5253147483 13556156.1523437500
440177994.8217087984 14157488.3671875000
440260267.8620482683 14166303.5468750000
439781952.0806225538 14141828.7734375000
423950456.4126886129 12090098.8046875000
440006519.9940538406 14151906.6875000000
428033822.7956693769 13159959.4882812500
428236660.0811122656 13190241.0234375000
428176814.7824085951 13183064.0898437500
449813798.5889096856 14509759.4414062500
425047266.4951689243 12550697.0195312500
439973489.4876997471 14150673.9335937500
456736281.6856981516 14652022.5429687500
440193879.1962099075 14162662.8007812500
425006964.4634878635 12542477.2421875000
427994206.4710482955 13154198.7265625000
439875842.4265259504 14148295.7031250000
425089692.7859414220 12568997.7421875000
425108027.9246025681 12574510.6679687500
427893428.5414079428 13137257.2851562500
424260142.6794758439 12237016.3085937500
460803712.5917685032 14703382.5937500000
425054798.7601645589 12559874.3906250000
424231598.6145765185 12218616.3789062500
424204367.7644424438 12208995.5429687500
480797963.2314226031 14775118.0898437500
435498863.3685892820 13860803.5781250000
480151963.2686145306 14774315.6054687500
435594335.9511669874 13866572.2460937500
479811136.8021672368 14773992.4023437500
430186536.5282846689 13392363.8593750000
435717035.2823117971 13875890.9921875000
431919025.1540684104 13572914.2968750000
435791228.8126106262 13877955.1679687500
480407619.1731596589 14774588.8476562500
427199223.6037458777 12995149.7656250000
427020060.8325294852 12971914.4804687500
426986432.8717083335 12966032.6523437500
435353655.2430675030 13851231.3632812500
427066414.6632261872 12979202.7500000000
435264203.4830462933 13843493.4414062500
436444049.4643874168 13928747.4375000000
423757888.9291142821 11821754.6445312500
423801050.8486025333 11836102.0273437500
423743610.9057978988 11809639.1289062500
427109451.3608125448 12981337.6718750000
427116394.9978117943 12983140.6484375000
427147938.4669023752 12991331.5117187500
424628990.6462136507 12366195.9492187500
427138714.9541550875 12990108.1484375000
430490295.6379532814 13421719.5429687500
479665969.9972804189 14773943.3789062500
436246930.2803160548 13907658.4101562500
453342180.1494802833 14582094.9882812500
435949373.2576347589 13884990.5117187500
453108331.9290376902 14580062.4453125000
433027365.9263054132 13657262.3164062500
432737253.4535360336 13633544.7968750000
432521953.3389362097 13605824.6445312500
432391283.3090791702 13598742.8046875000
432363112.2391903400 13594120.3710937500
432453102.9737354517 13604319.8320312500
432243678.6282979250 13580340.8437500000
455492990.6588742733 14627479.3164062500
432169405.6906422377 13575269.6875000000
447093176.1617100835 14409464.6718750000
452985299.8999051452 14570456.8398437500
451932372.6322578192 14543464.1992187500
445295843.7535110712 14335444.9882812500
452713304.4945881367 14562126.3164062500
452810167.3285756111 14566915.1289062500
446012734.1627583504 14348377.1718750000
423849076.3212527633 11845213.8789062500
446729060.1003144979 14369787.5429687500
