85018950.4723082930 2488901.4003906250
75972992.5095844418 2253119.9472656250
77898362.9703772664 2362887.2734375000
82252760.1519814581 2477464.7910156250
84639948.5023405403 2488812.4433593750
82208370.6682232767 2475882.2167968750
82941254.0715773255 2485285.1464843750
74791019.9943831563 2031925.4355468750
82021608.0979778022 2470461.9199218750
74716656.1698479950 2007368.6337890625
81915674.3652650118 2470187.2148437500
83227536.7228516787 2486754.5058593750
75020321.2824435979 2093394.1582031250
75679214.4867700636 2217479.1328125000
80432484.3759074211 2441586.0683593750
75777568.6178755611 2233572.8359375000
78091873.9259870499 2371516.4824218750
75122498.8183572441 2111429.7382812500
78920974.0217180848 2399558.4726562500
82122000.2544384748 2474854.3984375000
74744202.3132593781 2014432.0908203125
75113379.2513505667 2109719.2011718750
84851571.8841951042 2488874.4589843750
76934453.5039701313 2314684.2910156250
77583519.2006340027 2350346.1777343750
74759413.8943993896 2018806.2636718750
76993680.3274589926 2319506.3789062500
74774727.3443812281 2027525.3076171875
82475337.7466790527 2480399.9199218750
76848763.5328784287 2311493.7753906250
80184961.0994901210 2435903.7363281250
75884419.6460595727 2244385.1152343750
76778273.2468166202 2308482.1250000000
79688515.2719127834 2422513.0136718750
75044373.1287930608 2098811.8066406250
76847727.4432924837 2311384.2792968750
84605023.5759572983 2488755.9238281250
78929982.1543261111 2400769.2148437500
79971821.8304905593 2426903.3515625000
75858820.7042624056 2241680.1445312500
82928269.3988824785 2485275.4316406250
80702965.7990531772 2446751.3847656250
75804998.6219145060 2234500.5605468750
83987168.0205803365 2488159.3457031250
74759806.5828808546 2024668.3027343750
75545436.3521121740 2193518.1523437500
79754370.3306390345 2424558.0527343750
82711736.6769323945 2483767.5761718750
75027710.4130856246 2096565.7402343750
76786469.7737449855 2310106.4277343750
83715830.6205908954 2488014.1269531250
74626012.3657233119 1962932.9140625000
75689940.2376325279 2218791.3164062500
79325115.6546759903 2410916.6230468750
82306167.5447797924 2478123.5839843750
76399336.2688086182 2284876.1406250000
80126596.1038468331 2433539.7773437500
82440075.4959625602 2479366.4238281250
82103794.6639945656 2474810.6875000000
82484484.4735933542 2480899.9003906250
77482406.9611344039 2342910.9101562500
75820969.2466939390 2238952.9335937500
82307108.5846193880 2478396.3378906250
83127356.4124489129 2486256.7519531250
75827902.4949311763 2239257.0859375000
82519878.3488021940 2481610.9824218750
74643006.4362039268 1972526.6054687500
80225904.9349751323 2436093.4804687500
83168238.1306962222 2486497.8925781250
81482530.4926684648 2462680.4589843750
83019980.5606329292 2485665.8378906250
81020436.7528377622 2454562.5859375000
74694499.0898224562 1996815.0927734375
74689363.9983508289 1992966.0400390625
75406098.9548563659 2170649.9785156250
75005827.2674126327 2088667.9433593750
76200142.0947387367 2274306.3144531250
76366075.3331097066 2284702.4062500000
76762711.7577118874 2307302.6933593750
84454844.4249383062 2488500.8222656250
74699980.9216873050 2004859.2099609375
77182947.8582059592 2329660.6816406250
84325143.3778931648 2488410.2324218750
78256740.9164071232 2376087.9160156250
74627016.0025102943 1966530.6640625000
82474881.7485969216 2480277.5800781250
82824165.6795507073 2484431.5722656250
74654072.2886565626 1975030.7480468750
80545980.7605300099 2444220.0292968750
74943944.5628277957 2073214.1914062500
75443714.1269250810 2173360.8300781250
81045061.6251370460 2454958.4472656250
84007193.2101032883 2488324.3652343750
75733954.0312344581 2228383.1074218750
79992014.0366127491 2429868.4570312500
75559563.7843842655 2195701.2500000000
80284517.2361253202 2438221.4707031250
82186366.8951639384 2474872.8242187500
74571926.5571252257 1935439.1347656250
81315527.8518246263 2460665.7265625000
74577779.3323458880 1935690.9228515625
74970166.0117835999 2078748.1855468750
78030700.1218736768 2367340.9160156250
80147928.7174987644 2434459.8281250000
78875102.5475166887 2399323.3066406250
83510700.2250282019 2487699.5722656250
76066527.8616021574 2264028.9609375000
74678150.7617751658 1987933.8173828125
75089497.2528645396 2103337.3281250000
79612465.4465670288 2420982.9394531250
80342118.7672179192 2439205.4902343750
81630115.3136968762 2465926.5332031250
83652321.5533997864 2487796.0644531250
74589770.2178936005 1950451.9335937500
76507909.0274602324 2291222.2343750000
84021028.5419792086 2488339.1621093750
78153737.5875879526 2372312.1484375000
79725823.0989463925 2422544.3027343750
79411436.3300876319 2413318.7597656250
83438514.2983405590 2487218.3417968750
74723622.4347102493 2007417.7919921875
76418956.3916897029 2287675.3027343750
76343634.2844116986 2283049.4531250000
83391480.0251549631 2487099.2167968750
74599543.4583942741 1952470.7890625000
75398953.0971779227 2166438.4609375000
82846812.2398912758 2484709.5683593750
75635042.9478634596 2210640.9511718750
76512965.8026610911 2293482.2265625000
79484827.1998766065 2417355.8300781250
81015986.5804004073 2454533.5703125000
76242695.1026356667 2276826.5800781250
79576920.5965687931 2419390.0761718750
79513317.7465131581 2417479.9921875000
83482120.3819304407 2487489.4394531250
79817048.7967642546 2426241.3476562500
79358209.5103402436 2413297.8378906250
75703841.1809627116 2221635.1035156250
79540841.0809954107 2418629.6308593750
75404448.2881678790 2166644.8925781250
75634466.1189226210 2209339.9687500000
81573131.3211977631 2465033.5175781250
75511509.3959316015 2190997.8867187500
75436066.7676946074 2173265.0058593750
76274892.9372223765 2278421.3125000000
84576064.2346452177 2488512.0683593750
75450310.0859881341 2177534.6601562500
74963594.1373874247 2074717.5449218750
75455214.6470773220 2180419.9453125000
74621891.7719836086 1961331.9101562500
74896981.5257740319 2056590.4335937500
78383381.0148314536 2382449.1484375000
78454248.9132905900 2384297.7734375000
75913922.9351023883 2246675.6933593750
78392400.1455655098 2383122.2812500000
79438398.8410955667 2415379.5917968750
81060964.3413389474 2455797.5429687500
76283026.9396957904 2279115.4296875000
75647728.0630275905 2214133.0742187500
76262365.0733319819 2277021.0957031250
75544045.1040033400 2192184.1152343750
83808738.0848385692 2488100.8339843750
74564903.2481659651 1934558.3359375000
75551736.5312790871 2195575.3164062500
76229144.1761217713 2275807.9980468750
74994137.7616730183 2082296.8916015625
81373252.5317805111 2461156.8085937500
79474456.4854302704 2415763.3964843750
74705391.2953930497 2005713.1865234375
78384486.7292087525 2382511.8750000000
76188533.1825108975 2272424.7578125000
80597183.6926774234 2445740.8652343750
83324013.7176658660 2487093.9238281250
76735246.2637436390 2305925.3828125000
75566416.2022055089 2198742.3457031250
76622310.0028310269 2300052.0507812500
74995710.7900186777 2084565.7890625000
76408980.8450219780 2287590.9218750000
78671818.8920964599 2392661.9531250000
78989905.6284886003 2401818.2968750000
74855964.2188283503 2048083.8447265625
74817548.0753776282 2040034.2841796875
78021835.0885394812 2366970.0253906250
76681449.6143929064 2302773.9140625000
74609603.5822839439 1958486.5468750000
77310409.4606286734 2334119.1367187500
81066988.0635334700 2456133.7011718750
80856154.9553822279 2451003.3457031250
75613999.9984593689 2208120.6855468750
74607244.1691611707 1954888.7968750000
76174031.6833025366 2271625.4843750000
77713422.8122075498 2353817.3789062500
75585390.2395755798 2203563.2480468750
77450461.7035068721 2341907.1992187500
76119446.1741930544 2268449.1015625000
76087654.8176666796 2264364.3925781250
77979413.9971235245 2365550.9394531250
81119456.8065828979 2456690.7695312500
75503027.3872256577 2186469.0117187500
75896857.1302107722 2244917.3593750000
78002681.0013546944 2366089.2207031250
83584242.2073256969 2487773.6933593750
75933252.3987968266 2249541.9609375000
81205089.9488425255 2458810.0976562500
76264924.6219249219 2277902.8632812500
80887705.3035213202 2451270.1777343750
83987408.0200464875 2488228.8105468750
79182131.1202061772 2407608.7734375000
74642355.9255217016 1972226.4384765625
80970524.5083990842 2453653.2675781250
79136989.6607722640 2406649.9355468750
79079350.2489634454 2405206.0722656250
77574017.2270186543 2348851.2031250000
78830492.6852689087 2397850.6289062500
74863903.1060132086 2049890.4091796875
74977555.1424256265 2081919.7675781250
75322670.4378549308 2135658.3691406250
74582951.4843898267 1949583.6640625000
77675048.8110197634 2352319.6894531250
80358642.6262222230 2439655.3183593750
80908720.0955803096 2451433.1621093750
81054793.4639023244 2455238.7500000000
76279079.8956653476 2278491.0605468750
77522729.2413444519 2345154.4414062500
76771601.7794690877 2307662.6601562500
79180980.2303257287 2407347.1289062500
75499914.3261996657 2184874.2792968750
78488125.0310076326 2384910.5742187500
77355318.0598226041 2336900.7226562500
79010691.0222168267 2402636.7031250000
75917534.0409000218 2247132.6972656250
88315769.8555044085 2489337.7675781250
80538785.8298997730 2444031.3554687500
78801181.8713531494 2395340.8417968750
80796964.9317014515 2449820.6308593750
88359091.5647919923 2489413.4472656250
74727375.6586638838 2011351.2998046875
74805833.0903554559 2034569.8466796875
80920015.9550471306 2452440.7441406250
76251822.5034299642 2276838.6464843750
81213397.7253358215 2458813.3671875000
81199532.2288000137 2458337.5292968750
77277497.9748613983 2332665.3808593750
76580285.6174881607 2295281.5937500000
75266845.4443722218 2134389.3085937500
75330888.1769146174 2138449.3242187500
77178771.5983699709 2329461.5683593750
88503233.7062059790 2489524.7441406250
75997836.5810038894 2255593.1054687500
76013125.3736930341 2258486.3515625000
77142901.5063538551 2325398.3574218750
78535365.4159581959 2388379.5937500000
75154825.4994670153 2117749.5976562500
74559313.0691261888 1921707.4023437500
77190509.6342355758 2330155.6855468750
75165037.5011263043 2119691.1835937500
77762223.0376325548 2357375.7402343750
81903470.5013716072 2468532.2968750000
81813078.3240194321 2467187.2128906250
75299325.3428548276 2135107.6191406250
75187993.5078462064 2122064.8671875000
77631679.7157833576 2350778.6933593750
75146091.0752111673 2115109.1386718750
77571153.5565357804 2348623.4609375000
75210321.4403939247 2125714.8261718750
75277612.3899758160 2134709.5566406250
75230206.4108391255 2128649.6015625000
81905710.8126901686 2469366.9589843750
75323373.8657691032 2136667.1582031250
75338055.5534255356 2138946.7460937500
76590162.4557839036 2295373.7910156250
78502590.2849777043 2385800.2460937500
75195089.0838214606 2122074.2773437500
77016409.0740088075 2320766.3105468750
75132855.9710425884 2112107.6445312500
76940013.6398494095 2316143.3437500000
87386909.2892993689 2489267.9628906250
76883497.3316228539 2313444.8710937500
78287279.4198864847 2378023.7226562500
74782059.7914442271 2030099.9228515625
75136669.8518739641 2114604.7636718750
75854023.7484226078 2240802.3613281250
75003258.4887393713 2085307.3837890625
74943487.6440338343 2068990.9511718750
77847440.5569711626 2360695.6093750000
76936709.7538727373 2315740.9628906250
81783944.6674545854 2465943.1425781250
76712617.0656882375 2303608.6855468750
74805148.8968329728 2033490.6826171875
74927218.2622153610 2062822.8281250000
78035727.7908688933 2368598.9160156250
74880010.1634793282 2051251.1269531250
74988906.4131653458 2081949.6621093750
74755714.4687158167 2017266.9736328125
74940515.3452347517 2065476.9941406250
74740572.0619477928 2013174.4619140625
74887980.6518286020 2053993.3515625000
74889089.7740501463 2054207.2714843750
74677380.2152405828 1978671.2773437500
78004982.1313237846 2366755.1601562500
