786534301.2785102129 313871.4596979672
800123798.1306728125 372667.2045593769
800000464.9583187103 372036.0107782990
800536898.0590226650 373317.7832964570
807591521.4931066036 402662.4273135656
807154428.2729042768 401848.7169410181
807285906.5415015221 402350.7984988684
806920270.5228213072 401156.4334781164
806820446.8773640394 400035.9536629430
787586538.4170191288 319147.0289613006
787470665.9858114719 319069.4254456756
788050841.7462296486 320590.9675906298
787622587.0174508095 320099.2953933103
787692239.2214595079 320403.6145025378
787451593.3313449621 318969.0720806119
787234568.3315889835 318558.2422181366
950449768.5515975952 674017.0128173828
785613744.9202193022 309945.8299025667
786267619.4129250050 312915.6157942468
786953662.6842613220 316943.0318896899
786843427.6160764694 316571.8901063201
786678366.1077041626 314410.5500223429
786912389.9927362204 316686.2328636814
870655947.0586253405 569557.6501210103
948233234.0245060921 672588.3355102539
948834349.0550220013 673269.9882812500
948455120.6956853867 672644.1106567383
949896514.6272497177 673876.2812500000
769496275.8345005512 163128.5503573173
769273071.9942877293 159669.9378354305
773601632.3760004044 230313.5807285983
870828695.6575856209 569974.2896397481
872458628.7482256889 572241.9072113335
928958207.1187975407 653398.2693634033
953758700.0120091438 674331.8019409180
852278871.1647635698 533643.9756752602
852947181.2173435688 536227.4975296012
852060367.2087503672 533085.0365501991
928836118.9804172516 653095.9426116943
929096171.2889411449 653789.6088104248
929741800.2168469429 654272.3171844482
929907362.8236818314 654567.2161712646
928876604.1355948448 653263.4579315186
771818599.7278920412 212404.4735372156
786768404.1817673445 315653.3914023095
928602268.0084719658 652458.5416412354
929347147.3424727917 654069.3820037842
929617112.1949098110 654205.3951568604
773717406.9877400398 230604.3452424988
785771217.9378610849 310936.9859530365
852403442.2069987059 534707.2025429360
852239189.0769847631 533445.6348521844
870154409.4365206957 568655.6763655612
786288430.3713644743 313843.1248222215
785992276.4804091454 312442.1201593929
785806927.6438906193 311339.1304390577
785295880.4779111147 308530.8777247872
785376858.9392058849 308591.9920718109
785434940.6775687933 309415.1976229583
772136304.2219432592 216258.4062515587
785092338.6651718616 305424.3196516966
785139549.7653362751 306859.9075964426
779831774.3672689199 272351.3092866730
780187824.9134846926 275429.6237628631
948482795.8055346012 672988.3663940430
949045266.7987875938 673610.4044189453
773720723.2374690771 231041.5222108647
779988706.2114939690 273828.6936462618
780164817.6772221327 274742.7152977422
869791647.2897143364 567870.2279891142
773327572.7897654772 228439.9332386333
773522799.7942527533 229996.2022961363
774173212.3820878267 233724.4895295859
774271417.9791585207 233971.3965674205
779921300.9134094715 273423.8121989876
779878936.4323667288 273416.6680694319
780108695.3842452765 274665.6533887334
769380414.5951563120 161590.8684224689
773798980.2984135151 231411.1740508885
774069995.8467830420 232425.3592963875
855097914.9160701036 539534.5881948285
871699836.5754516125 571434.6334686577
855609482.8369884491 540139.4893091731
855932974.8032222986 541122.7666138820
869257788.3524942398 566973.3328602681
773816708.8534588814 231902.9752631843
870178856.7411855459 568939.7021229634
773086332.0155951977 221640.4896840248
779674463.4046665430 271065.8798325908
851469781.0825337172 531082.5482868752
779694514.1967761517 271093.1863642138
780067675.5143412352 273963.9449799907
946710325.2729249001 670779.9733886719
770219207.8203642368 166018.0329842975
770450110.4939357042 173516.9895650041
931167930.2357938290 654849.5312347412
784812256.1219768524 302555.1096513604
773140229.5457729101 223990.1996409660
770221066.7292279005 171337.6000485089
772841460.3907767534 221372.1263226554
784303593.4437844753 299205.4865960584
784340621.1004949808 299690.9861451567
784102859.2231544256 298740.4567187012
772446925.2742716074 218848.1547865834
772668812.5827174187 219370.5021758046
779515594.5561116934 269768.8155827475
770378023.7671383619 173281.0084043609
799630290.6428388357 370678.2925356537
947417753.9683918953 671459.6520996094
772433207.0690639019 218134.3797306213
772439459.1709748507 218353.8327846829
772225752.8501267433 216497.2839459185
928322094.2970960140 651677.0845794678
930754868.8502089977 654806.2937469482
953286470.2271463871 674257.3506469727
770738613.7350729704 176685.9784537498
770520279.7114220858 174752.9727128462
799248288.1879409552 368973.5362490327
770318041.7949233055 172886.0318217815
779798091.6042076349 272123.4078657356
784041472.7799600363 295671.8816211515
799398419.6811332703 369832.2908107027
779430594.5601024628 269426.8555799563
779344540.4252227545 266873.8591708530
799424080.8472534418 370275.6649111420
798820885.8935134411 367113.3790802722
779372833.1002026796 267964.6813165684
799650564.3329713345 370687.9991983537
930470554.6583712101 654620.9101409912
947783181.5915002823 671806.0807495117
770278791.7645987272 172489.9211396144
799326902.6950076818 369721.5573038225
799362226.3240966797 369809.0793726210
799004725.2463421822 368019.3783476119
798953232.2261120081 367899.1801446105
952904960.8168597221 674166.6174316406
783723336.1582002640 294103.5605590036
783897937.0164712667 295300.0652265996
770135936.6657437086 165731.2150788715
804931359.4950827360 390681.0429549414
805284431.4547307491 392337.0318527469
804021594.1933069229 386981.3086953783
804270551.4879193306 388003.6413755403
804486326.6334847212 388879.2992682105
783628271.4164838791 293604.0969169666
783473460.0231841803 292811.5978049112
804402469.1661592722 388291.6849701809
827517947.7069151402 466999.0660262675
805181624.2637330294 391744.7657842573
828549861.9507046938 469919.2131675892
782414580.6179569960 286218.0894427372
804743172.0515983105 390140.9685927618
827802787.4870719910 468386.8332686991
804874580.3314760923 390535.3098321205
827932402.5504968166 468703.4426742167
804953350.3358981609 390813.4653664997
805102299.1489734650 391594.0658601550
782844637.7459870577 287961.1968362692
860994914.7448964119 550048.1191356599
868580488.0665934086 563414.0279075671
782730137.7888036966 287457.2884036207
850727197.9755322933 528714.1163226422
860983579.3598474264 549922.1739599376
868627062.4872380495 564075.9998475499
798500830.5530415773 364332.4592579930
798269173.6462806463 362184.8266565384
798668358.1796922684 365075.6948976844
798481374.1769933701 362272.6574316354
782115690.7332080603 283089.7303488110
782299256.2895038128 284759.4002728534
851103730.8799166679 529612.3075457867
868644581.3977304697 564370.3554641772
851239836.6418633461 529623.8647471722
781900528.6801853180 282303.9638815743
865180877.7080515623 557746.6734989751
782093402.3928394318 282944.1441517954
770906468.9579339027 177372.9398096593
782001045.2194541693 282934.1198590619
864860514.0242491961 557548.2869328130
781987694.4888772964 282487.3484255148
864025181.3702136278 555731.5777016450
864181697.6305133104 556244.7069168855
863648324.5552550554 555390.2468300629
851250534.4555068016 530316.9539691266
864081983.4247934818 556200.1689492036
864014512.9694111347 555581.3686029315
801987727.8117756844 377849.1896899217
771048791.6103488207 178151.4680150950
781371553.2263870239 277775.1059005600
781215764.8933038712 277167.7718137843
829310885.7368786335 471406.1186201200
858460553.6607005596 544410.1476309299
863247440.1631782055 554143.1307963300
829143992.5821589231 471064.1193967871
829507590.7770258188 472404.5116544776
829591384.1763185263 472555.9073751867
829340178.1582517624 471853.6751218848
829624210.5965651274 472674.6080442481
829439166.6345400810 472401.0112119727
861993942.9408342838 551988.6417587965
861261829.5869225264 550870.5010065406
862179651.2222174406 552064.2511607381
860494069.5782295465 549334.9283136695
860113959.5158675909 548115.6530985981
859550588.9999221563 547047.4058070332
859667131.3135963678 547246.4440540671
771674148.8764742613 182871.9409922226
858731464.6777268648 545504.4851307273
858842049.0322909355 545640.0597156882
858347240.5424207449 543651.5608004928
801464132.2663691044 374767.4205429960
858465067.5975145102 544827.7890858054
856844912.0625461340 541532.4775400124
793613841.5796757936 335224.9189342355
933884899.8939915895 655304.3063354492
793296543.7232702971 333791.7048863323
778582537.2997907400 244405.8869036369
778361096.5168962479 242258.5101810179
778753737.9877597094 244966.1173657856
778851461.4512546062 246009.5655733007
794339894.4742075205 338642.1231476783
778855331.6592378616 246058.6301366347
778279250.5483862162 241554.5370829410
778442421.2660303116 243025.3816943623
777999480.8148430586 238272.5717270195
778259553.4754022360 241178.3033695377
825968674.0787466764 457069.3241980511
826748313.1737507582 459100.2061561185
826380686.3010090590 458581.4499305325
795890770.5671211481 343505.4834375502
795563428.5454217196 342558.4847205029
795333184.4791752100 341508.1109762086
795518861.0948693752 342511.6466131331
795060635.2811684608 340471.1516790511
795487819.7285423279 341867.2804631276
795008165.3196409941 340029.0649387522
791855044.8090372086 320613.6208622197
826877508.8970044851 459873.2028456616
791982941.2526569366 321545.0375312276
819574417.9771252871 433446.2773289738
819913966.8286936283 434854.1294102726
819703348.5177918673 434207.1151223240
942341744.0651217699 659916.4226684570
819461366.1077570915 432867.6096906665
942658847.0974732637 661136.3751220703
824871062.1258679628 452394.4686187344
825198480.2868556976 453371.0722564298
825132105.7553309202 453238.1231779593
824684842.3616265059 452006.5739348966
943811574.0559865236 661502.9384765625
823141969.5650645494 445725.2457114446
822648392.9019821882 444185.2235175359
822433670.7891114950 443874.8149863469
822998268.8576500416 445364.7415000188
822610607.7283629179 444155.0502905833
822347433.1277506351 443532.0612158763
848664893.9954605103 512811.2120747603
848893463.1862430573 513465.8197586797
847739663.1311224699 509429.5094202471
847369875.8432114124 509383.4448870134
848351063.6477186680 511456.5816067047
848550201.5004113913 511556.1509627514
847758407.9242683649 510130.5511377763
847881692.5567150116 510344.4091518708
847403668.0411983728 509409.1790674638
843548143.6678575277 497304.6382023713
843449904.9911416769 496926.1444177574
842862954.5935162306 495238.9820831150
843124174.0576543808 496416.3170251793
843369852.2649936676 496731.4578216404
842560951.9583109617 494485.7461617321
838930655.2273483276 484851.0676513717
838738594.1850566864 484545.8965154693
838345798.4868563414 483555.7267156646
838219832.1333587170 483062.9988039285
838072192.3564541340 482674.0456941873
838547586.8818668127 483661.7788484842
838068048.3305075169 482653.2899568826
939622170.7400559187 656239.8297119141
939942823.2097674608 656349.6510620117
939602228.2481929064 655789.9444274902
940002921.6910411119 656467.1214904785
939989456.1399835348 656363.8009338379
940363880.6076718569 656700.9269104004
940125053.4316967726 656625.4788818359
945449387.2743970156 661842.6796875000
946167096.1443969011 662043.6817016602
945936885.3680621386 661983.8721313477
946282180.3521020412 662126.6976318359
889052863.1614640951 573974.1327670957
818859146.2666730881 417805.9658504319
818761815.9121477604 417614.6769848359
888670782.9439686537 573642.7718785766
817921162.4610418081 413097.5627594938
817984888.4391827583 413951.0433309306
818222764.3339360952 415631.3909435761
817490226.7838029861 406790.7859317339
817371554.3345787525 405954.9700705237
817723731.0020742416 408231.2310183770
817816630.3699929714 408263.8754275567
