161974570.6749194264 13472.2901844922
161775834.4361095726 11556.7282888833
164003658.8049016595 22433.7974195559
161884761.2246835828 12550.4003687361
162400326.5256978273 16606.8277945518
162120615.3803128898 14561.3977045091
162081960.2559446990 14400.7249995172
163645160.0047499537 21844.1679334720
180717411.1999043524 44730.0423101756
161900765.7610239387 12702.0139133921
182899388.0773921907 48045.4394300878
162602876.1299653053 17958.5564560834
161816817.0163031220 11804.2453185590
162702814.9970058203 18396.2939071655
163372140.3487251401 20949.1230421145
161844874.4560669363 11889.3315524645
188902439.6556905210 58311.8384399414
161856703.7849197984 12465.3141348306
173689601.7729846239 35301.1423285063
173532268.2360685766 35083.8051295634
181599151.2769109905 46761.2206682807
172135669.7620681822 32529.7545140032
174820821.3404852152 36359.7329593431
163143132.2205013633 19881.9944623627
165312888.5019756854 24824.1871517003
163624792.1568149924 21527.2404127200
162996398.6305661500 19330.6586774506
163007269.4180207551 19348.7834638275
185712936.9475362003 53304.6062953705
163172515.4231379032 19882.4828388609
185957356.7700934708 53782.2203951769
169769885.3328776658 28569.5082405582
183468093.3628968894 48896.8737409059
163000954.9988661110 19348.7234052338
161720410.7136536539 10624.6969118565
163743456.4038773477 21845.5615457375
165504406.1861567497 25360.0619122201
187166608.6426545382 55843.2969989777
163367583.9804252088 20931.0584669192
162919377.3619566262 18977.1335678101
161709269.7249837220 9707.0621530405
172569926.6513566077 33266.9140834007
164942566.5593289733 24448.1319770813
187065829.8077467680 55137.4217333794
191040693.8602930903 61270.7550048828
190912958.4047353268 61224.0421142578
162692918.8821325898 18378.1813888550
162697475.2504325509 18396.2474594116
165520626.3421022594 25623.9799420052
163756679.2986373603 21915.4871168216
162644056.6331603825 18209.5189551514
185732976.1570728123 53446.1788695063
163982890.1989367008 22421.1054029544
163868804.0912345052 22406.9677900970
162078856.8486751020 14400.7142268121
161723244.0133222044 10625.4652858078
162634935.9315040708 18177.3007673025
163240609.8496138752 19923.8863425599
164868847.0367991626 23870.0149761849
162598319.7616652548 17958.5486741010
181826406.7006880939 46931.4007008887
163300539.0567624569 20229.3214316713
188646445.5151646435 57559.4098587036
162985301.9706581235 19290.5947134439
191086533.3475854099 61350.5681762695
161735098.6954177916 10793.1022083238
163620235.7885150313 21509.1758375247
162877040.0080665052 18964.2635977212
179004590.2953040600 43041.6467615517
177274731.0396361649 41376.0793946508
162709185.9222221971 18430.6211905479
181378161.5350984335 46529.2875100888
163109863.4332713485 19773.0523581849
165695272.0918267965 25708.5814036857
182945770.4598341286 48308.0840218812
161984314.4735586047 13497.5872530257
170178645.9803330600 30137.9738915060
169811832.5601123571 29367.7000267599
163330655.5359292626 20231.0350832329
165670309.8096420765 25688.9803082162
163744640.3005268276 21849.4466199954
165270990.6965051293 24781.9445416146
161713988.3916643858 10493.5464781970
165605362.3908193111 25679.7579342538
163618477.7376603186 21462.9060926516
163262303.8485016823 19970.8743491517
181305868.2715719044 46434.5307962216
180830434.7375653684 45064.1469991124
162488425.2236460745 17048.6821787357
189622508.7015579045 59744.7129211426
162518854.6637224853 17267.4811567068
173396526.3872384429 34752.2685618792
172984579.2390007079 33849.7532862816
165337506.9179316759 25108.8566993434
175267245.1983252466 37506.0331249974
162410814.6285479963 16668.0375351850
169649511.3419827223 28461.1113936055
169225967.4141192138 27754.1372357758
169242381.2158523500 28189.3953795135
165468765.0517560542 25298.0192537975
186492514.9772482216 54441.9577277570
186298132.6451410353 53958.1231940656
179289181.6158564091 44013.3232835233
179255308.1115806699 43600.6199940145
163774124.1819835305 21962.2442884524
162864791.8301497102 18950.4820120279
165268137.4999938607 24779.9238074977
176801376.8269875944 40140.5414069593
162432971.7539398372 16668.2422776166
161745107.0939693153 10855.5825321376
182063958.8759298921 47339.1127788156
173789310.1104471385 35304.6976629645
164587031.5557428002 23086.1328877770
163080465.5210288763 19562.3355926946
163749211.2386581004 21885.9836912242
162376164.3707923889 16476.0523465824
163757799.1713537574 21936.0383253177
190491456.8988192677 61139.8115844727
174882409.9560617208 36594.4284001440
174894431.7901286483 36647.5024052709
190752773.2456444204 61148.3570251465
162155631.9720121324 15198.1792471353
162253467.8479802907 15557.3180612596
164687837.9956206977 23853.8776995684
165468682.8887966573 25265.9853690822
190193405.9056297839 60843.4171752930
163292557.0306265950 20210.1093955385
173983211.3714249730 35404.7230249795
162571620.7883881629 17958.4787278119
162102959.4344777763 14561.3141473802
180857709.1715353727 45241.8650465932
162276831.5268315673 16134.6195969526
161902991.2596764863 12712.6879149945
163280554.7776420116 20196.5731406556
162266000.2512944043 16134.5194077436
162208938.2408431172 15472.2962640794
163613921.3693603575 21444.8415174563
163589683.4849002361 21327.8706922610
169130587.7982112765 27485.3750548065
163784884.1748328805 21999.0783109744
163271449.7145356834 20184.4533793870
162514622.4449446797 17088.0438895226
176797760.9086365700 40032.5698069605
174429202.0092653632 36177.5260501634
174319440.2673034668 35842.3820071947
185463649.7959902585 52831.3376227312
188457593.0845351815 57347.7952556610
164711745.0088662803 23853.8780692775
175251951.2124589682 36903.8959819350
161947970.8878425062 13375.8090383951
161903754.3518804908 12712.8311645063
161982956.7629742026 13485.8963260625
161734952.8306805789 10776.7492332570
161916822.4471183121 12752.2648741901
165252865.8074943125 24765.8076347072
188752799.8404040635 57909.2766723633
188766040.7430567741 58310.3369178772
189100499.1634461582 58896.1104202271
162194261.5114136338 15294.6073516789
161883935.3776333332 12547.6676650047
162265806.8198394179 16003.4691632930
185070836.7761828601 52358.8789949599
185277290.6207268834 52476.0258150282
161868043.8716649115 12497.3002555370
161828157.1030482352 11833.2400734574
182457876.4374053180 47438.3558577626
164016709.3735222518 22887.9722547610
163803391.3417487741 22144.5708875735
175811609.5145202875 38592.9224977802
162703125.7006632388 18407.0628618463
161964509.2854808271 13418.9156885091
162350915.8686059117 16382.1366266282
186983155.7124759555 55088.6771960258
187537584.8536970615 55995.7173614502
187840041.0690779686 56826.9512252808
184078367.6180797219 49014.4238276548
162456355.6047772169 17048.6383652631
161844227.0097467303 11850.6125445664
162511340.1431079209 17050.3010916710
168935745.9720249772 27095.5423404537
161866329.5864394605 12490.5830175851
163511368.8801029623 21275.7706556399
178196318.2736790180 41680.7199696004
162190140.2051663101 15225.2874080993
162534319.6914513707 17500.6255545616
190409326.5138889253 60945.8740539551
162262368.0497661531 15569.9629958272
162027876.9437504113 13734.9478525193
173961537.5177690089 35381.9461207744
173481959.9571699798 35052.2920375224
162097550.4025327265 14560.7712091478
162760941.5783090889 18629.9002354136
190278211.9218319654 60916.2529296875
161996896.3091245592 13657.6068752706
165377782.9482509792 25203.7521081176
162376454.1805274785 16577.3697257042
162389455.7382431924 16588.6959891319
162827735.1438361406 18865.9086782876
176115040.7661924660 38753.4682047359
162085743.9930721223 14416.2040554467
162263683.8488543630 15976.9130244213
162044244.1337017119 14286.6541922037
161734276.6693916619 10760.8284069300
162097193.2509601712 14534.1505309613
184582884.1483498812 51698.3515621629
184915981.7725970745 51991.3083950486
165197387.0267886519 24761.0576041896
162144607.2650199234 15067.0288134757
162207622.7516615987 15443.6481794119
162819333.6064846218 18764.7084219400
163483451.9315218031 21002.9309710939
163254204.8824862838 19953.4962637369
187793045.3965018392 56411.0511231422
188028089.8885027170 56869.5660934448
165194138.9598217607 24757.8301566798
189504345.1040936112 59503.5417175293
189806275.1626188755 59816.0704040527
162056053.8757157624 14294.7896475792
162350254.0960414112 16353.3949750662
161739709.0294980407 10795.3902682737
162533921.4466264844 17299.7061804932
162163353.2756466269 15224.7792344037
162100706.2665714025 14560.7952875169
162958583.7456885874 19289.2733328287
162066585.2326952815 14328.5986131233
162668757.5986978710 18288.6654591560
161989787.6357111931 13623.3260680707
162510122.6175320745 17049.6209681891
161729666.3353114426 10756.6157194674
163270336.3170350790 19984.3337271158
161729520.4705742002 10737.4789552055
162158476.1091425419 15206.1614432335
161778784.9133590162 11582.5863253791
185320422.4693074524 52505.6618109636
161843375.6040802598 11850.5622821152
162284036.2894079983 16146.8868995905
175201748.2544275522 36850.7364967439
161958811.5556233823 13401.2776828948
181177442.3506164849 45803.9681476355
162817103.0301292241 18764.6795217935
162318533.3164875507 16175.1887583733
161913544.3874423206 12747.0516689718
180018430.9731683135 44641.4958868910
185046316.6383321881 51992.6570388153
186915540.9569012821 54623.8389358521
172766557.5895550251 33825.6754781279
172348523.0083985627 32918.5606099638
189387318.1951809227 58913.4769973755
161725277.6625668108 10715.2335723788
162522669.4976910353 17267.5073102713
162854618.5244015455 18931.2222255133
161865283.7112551630 12473.4074759483
162516635.7914244831 17261.5511501893
162064458.8570748866 14295.3096365929
188712143.2817115784 57907.7007770538
162162037.7864651084 15206.2725882530
162153852.3413031995 15198.1556265298
162157904.3607592583 15206.1312918663
178641200.8465691209 42284.0225819051
161944194.7214374542 13364.9917872809
162059744.0834334493 14295.2829642296
162402883.2176038623 16630.5907557867
162327605.9308675528 16193.0753870466
162049188.0218938589 14287.1896231119
184372181.0590674579 49942.3190279007
178923279.5693578720 42389.7250849009
162437515.2431586981 17009.1014674567
189431361.3852627873 58949.9589691162
161825371.0781208277 11828.3780836435
161952911.1005313098 13383.9023795128
175292322.4555008113 38438.8216611981
176710673.1736232042 39514.2662019804
162045497.8141761720 14286.6963064615
165083409.2885551751 24493.9869203512
188435899.1840754449 57125.9849681854
188704875.8356751502 57571.6488170624
187683896.0060420632 56010.1748123169
161715559.3117976487 10597.8060376998
161863421.3587059677 12473.3239493370
161978726.3474491239 13474.2122014564
188381469.9821722806 57124.5735626221
161723662.8360026181 10639.7693502009
165151316.0058202446 24642.7586815949
180989201.3040707707 45380.0215650871
170879196.1313027143 32528.1741784210
170418878.1538454294 31811.0047295685
161709788.0353890359 9723.7706702790
172537448.4349642694 32954.1125307083
165418673.5074723661 25241.4321892853
169098174.6818102002 27126.0151157259
173163051.8973527849 34594.3384031449
178617987.8330145478 41843.8511341512
163355613.4545336366 20419.6654648483
176524460.8623730540 39103.5303224772
161746709.1678310037 11383.0783042719
168324240.8015777171 26046.1067085154
164684953.0382677317 23144.4551074770
168652959.8289607763 26488.5630648016
168486600.1465398371 26244.5887194723
168738672.3752435744 26655.6939332578
