138852935.8108108938 1472817.5527343750
140529067.8154681921 1672777.9687500000
138921179.4018889964 1489525.4531250000
139597584.9337845147 1592075.3706054688
140030431.7700484097 1633351.1142578125
151662730.0655629933 1758898.2509765625
141133597.4143580496 1704586.0566406250
138907769.7786464095 1486419.5307617188
141315503.2315276861 1711205.9550781250
138520492.4091829956 1318770.1142578125
142068752.4038288593 1728606.9208984375
140708023.3892435133 1686343.7675781250
139260910.8821865618 1548406.4658203125
139032082.6495591700 1509127.0615234375
140681147.9677902162 1684879.1103515625
139791876.0004320443 1610712.4399414062
138538561.4035513103 1332808.6069335938
140621593.3345247209 1679890.7548828125
139055453.6556205750 1516207.1074218750
138754702.5159669220 1446485.2119140625
138520517.0688837171 1318844.2080078125
139667161.4219897389 1597313.5478515625
138931140.7847078443 1493499.5766601562
139305767.6836621165 1555158.1621093750
138541274.7088737488 1333918.4438476562
151614634.4010320306 1757429.4609375000
139566250.8401657045 1587724.6855468750
141369660.3358914554 1718763.5996093750
140670633.2427541018 1680372.3847656250
139017354.9323950112 1507954.1616210938
141054336.9375547767 1699651.5761718750
140347917.4741953313 1659016.9736328125
139275176.9871104360 1551793.8393554688
138526725.2668108046 1325484.3144531250
138911605.6838712394 1486684.3642578125
138924595.5517756045 1490433.5195312500
139921342.0371707082 1622789.8632812500
138511786.7428350449 1310524.8300781250
141173774.2707282007 1707583.5136718750
139040725.9384564459 1515034.2075195312
139374775.0444816053 1566445.4570312500
145030493.6906371117 1745275.5400390625
139725145.3175562918 1604999.4824218750
138507493.9028065205 1305370.0400390625
138511762.0831343234 1310450.7363281250
138532544.3828250766 1325599.0659179688
138517994.9407621324 1317164.9365234375
138547117.5206681490 1344819.7666015625
141917042.0535254776 1724870.2988281250
140929486.0831068754 1698412.7675781250
138567900.4163265526 1356220.7080078125
138572168.5966542959 1371124.7856445312
141976789.3074748516 1727946.5449218750
140835466.0280133188 1688798.8662109375
139506958.4730638862 1581095.8735351562
138858840.2606562674 1474629.4682617188
138696569.2671561241 1428312.5312500000
138565912.9798175693 1355651.2734375000
139769498.1234769821 1607679.7495117188
140279843.2938998342 1654851.7451171875
139246006.5118396580 1545825.5371093750
138557356.8627007008 1348502.8730468750
147601424.1035616994 1751895.4384765625
138595014.4187344313 1384970.0522460938
140743994.1371458173 1687232.6816406250
138606811.1686177254 1390377.2832031250
149959164.0023398399 1757183.5019531250
140247197.3281926811 1652514.5019531250
140295597.7047677636 1655386.5810546875
138551386.2969635427 1345849.4462890625
139177175.8042028844 1535946.2709960938
140223792.1120243967 1648773.7021484375
138625970.7724265158 1396398.1499023438
141086719.1333135962 1700745.9179687500
141100772.1986166537 1701672.8818359375
141931198.8844630718 1725694.0263671875
138643034.9951742589 1406064.4150390625
139250019.0702472329 1547498.3994140625
138619860.4766416848 1396150.7036132812
140871067.4187245071 1691323.9960937500
139997494.0351186395 1630545.2343750000
139021190.8376198411 1508218.9951171875
138838666.8697810769 1470345.5922851562
139930104.1757047772 1624484.5185546875
139997673.2851528823 1631010.5136718750
138736062.8840454817 1441430.8442382812
139167343.6146205068 1531613.7153320312
141126895.9896837473 1703743.3750000000
138551410.9566642642 1345923.5400390625
138543471.0718293786 1339057.9990234375
139051617.7503957748 1515942.2739257812
141759977.5126675963 1720735.8662109375
139242170.6066147983 1545560.7036132812
139083533.5556339324 1519416.8564453125
139217673.2405236661 1541967.6948242188
139098336.2538009882 1520326.4204101562
139087369.4608588219 1519681.6899414062
138664790.3340744674 1413658.5791015625
142137844.6782766283 1729030.6064453125
138575732.2530826330 1371620.1264648438
140240716.3108810484 1650699.1796875000
140000656.9378947914 1631940.6357421875
139148665.8797041476 1530680.3999023438
140920484.5162485838 1694049.8564453125
141172144.8747853637 1706986.6621093750
139983553.4890038967 1629554.9228515625
139852839.9716808200 1619773.5180664062
139576212.3197636008 1590469.6835937500
140382782.6749208272 1661967.7001953125
142054479.4524088800 1728377.5009765625
138563612.4795374572 1354153.6601562500
140382603.4248865545 1661408.0966796875
139696451.0919560790 1602474.3525390625
138600734.3600611389 1385465.3930664062
141745745.1973302960 1719249.2988281250
139513656.3955164254 1582562.3793945312
139188067.6161421835 1536854.3374023438
139207766.5007545352 1539310.5937500000
138903712.8456729650 1484257.3227539062
141150713.9100652933 1705229.9423828125
139124461.0164400935 1527494.4023437500
140547973.9495866895 1675400.2255859375
138641615.8155418634 1403744.8676757812
141152516.5952929258 1705466.4863281250
141792623.4783747196 1723089.4375000000
140404284.1503534615 1664355.3964843750
140456416.4274450541 1670175.3261718750
139968946.2242295444 1629382.7539062500
141313801.4284689128 1710083.8740234375
139455489.2357550263 1574324.4824218750
138600759.0197618306 1385539.4868164062
140546171.2643589973 1675163.6816406250
139999789.5047090352 1631011.0029296875
141763896.4174514413 1720972.8710937500
140912953.6255855560 1693405.9707031250
139044561.8436812758 1515299.0410156250
138557619.1545913517 1352563.6464843750
138575756.9127833545 1371694.2202148438
138876306.8168723285 1479897.5986328125
140406400.3699096739 1664355.8857421875
139279012.8923352957 1552058.6728515625
138983265.4248359501 1504300.3310546875
138934976.6899326742 1493764.4101562500
138555416.8451014161 1346944.1191406250
140697722.3518400788 1685116.1152343750
139315013.8726591170 1557112.8320312500
139740933.1079131067 1605188.1269531250
139678267.0365118086 1601203.2910156250
140855812.9360198081 1689006.1582031250
141154632.8148491085 1705466.9472656250
139617676.3349560499 1594020.9677734375
140151428.7837765813 1644576.8017578125
139458781.8575654924 1576746.1708984375
139823784.8863465488 1612267.0888671875
139776906.6053020656 1608470.8974609375
139390454.9989841878 1568011.6416015625
139421653.3255261183 1570241.6484375000
139482458.0689745247 1580332.3725585938
140167463.7843415439 1646744.7441406250
138630141.7362214625 1402093.3046875000
140528801.1725307405 1671660.3759765625
138642216.0908250213 1405622.0688476562
140120585.5032970905 1642948.5527343750
140243011.7804714739 1651159.9042968750
140296946.7427907288 1657237.4580078125
140433579.8607491255 1666000.8964843750
140578817.2300661206 1677517.2529296875
139301931.7784372866 1554893.3286132812
139466778.1144719422 1578766.1879882812
139633356.2894586325 1595587.1523437500
139529336.3500190377 1584128.5639648438
140386701.5797046423 1662204.7050781250
140570961.1978408396 1675470.2460937500
140091372.5014038980 1637594.1054687500
138755597.9848820865 1448247.1562500000
140047535.2189392149 1635736.8271484375
140503211.8880983591 1671560.5478515625
141015090.4449811280 1699397.4306640625
139895895.9398716986 1622171.0283203125
140145307.4637231529 1643671.6591796875
140015824.5052740276 1633178.9453125000
140098808.2147264183 1641304.6855468750
139330693.8271616995 1558679.0166015625
139545552.8714720011 1587219.5727539062
140550090.1691428125 1675400.6865234375
139838315.1476071477 1615072.1884765625
138673394.7486235201 1418398.8198242188
139426795.0101548433 1571799.3525390625
140571521.1338629127 1677157.4062500000
139155721.7864185870 1531323.6328125000
139348020.2531547844 1563345.9677734375
139341768.6639859676 1560212.3212890625
148997329.3940752447 1756626.9257812500
139829223.3972307742 1612495.0600585938
138634302.3093632758 1403360.2446289062
138606967.2176888883 1392179.5932617188
138708643.6217596829 1431841.2954101562
139159557.6916434467 1531588.4663085938
138561207.4707204103 1353133.0810546875
140261817.7721168697 1653027.5019531250
142007787.8885767162 1728017.6542968750
139744997.7193875909 1606916.2485351562
138732226.9788206220 1441166.0107421875
138589278.6168890595 1378718.9497070312
140460335.3322288692 1670433.4394531250
138614280.7238675058 1392564.2163085938
139433771.7339762747 1572533.0522460938
141361065.0073014498 1714331.4853515625
139107474.8358794153 1522827.1293945312
139449451.6884788871 1574099.2368164062
138657476.8278958499 1413273.9560546875
138605139.6292430162 1388248.0380859375
138581965.1107104421 1378334.3266601562
140314817.3732147813 1657772.7832031250
138669234.1754817665 1417131.8798828125
138646059.6569491923 1407218.1684570312
139816011.2783315480 1612141.7011718750
139947168.9356588423 1627738.8867187500
140164045.5273329914 1645136.6171875000
139570798.0539115965 1590224.7763671875
147319253.9772126377 1747041.8955078125
147326206.4207810760 1751338.8623046875
138640412.6051480770 1403607.6909179688
139422341.5630781651 1570328.2412109375
141077950.4648116231 1700499.7001953125
140045808.5044490397 1635006.4931640625
148460549.3918103874 1755141.4160156250
139668949.3307432234 1599588.8261718750
138613077.5134736896 1392427.0395507812
139363700.2076573968 1564912.1523437500
138794975.3043758571 1458707.4526367188
141915947.5761052966 1723558.2119140625
138661962.9170410931 1413521.4023437500
139849017.6588272154 1618374.8369140625
139586478.0084141791 1591790.9609375000
138780421.3794144392 1453813.3564453125
139168640.6262942851 1531627.1030273438
138588075.4064952731 1378581.7729492188
138561182.8110196888 1353058.9873046875
142178711.3335340321 1731781.7373046875
139249367.5588589907 1546203.1225585938
138703128.7953878939 1429858.2011718750
139227293.8582476079 1543697.4301757812
138693456.3505696058 1426306.9194335938
138761171.2625094950 1449420.2797851562
138687071.2955050766 1423162.6533203125
138952642.3636631072 1496047.3852539062
138798811.2096007168 1458972.2861328125
138855349.1297668219 1473984.7377929688
138730000.2656102777 1437974.7949218750
138804715.6594460905 1460784.2016601562
138720053.4389805496 1436301.9667968750
138666121.2588952482 1415126.2680664062
138757335.3572846651 1449155.4462890625
138740410.7136920094 1442711.6806640625
138689704.6159562171 1424450.9833984375
138717039.7076305747 1435631.6347656250
139124046.8138981462 1526949.2001953125
138679757.7893264592 1422778.1552734375
138826292.2627762556 1467411.5156250000
138900976.4996694028 1483947.5703125000
138942209.3278581500 1493840.2583007812
138890009.7067271769 1483302.8398437500
138822182.2156621516 1466052.3320312500
138652422.6976521015 1411597.5039062500
138627420.5906736553 1397752.2373046875
138880269.3516569436 1481226.0908203125
139230624.7914724052 1543906.1850585938
144128337.3330924213 1738729.0458984375
138893845.6119520366 1483567.6733398438
138818346.3104373217 1465787.4985351562
139299929.4781293571 1552164.0732421875
138753371.2716717422 1445054.8408203125
138868979.7807579935 1478988.0346679688
138917343.4966641665 1489260.6196289062
138927083.8517343998 1491337.3686523438
138974033.3482119143 1499848.7768554688
139196890.0799424350 1538501.3286132812
139212570.0344450176 1540067.5131835938
138831339.8336668015 1469436.0283203125
138675793.7037135363 1418677.5498046875
138952071.0653291941 1495380.7792968750
139035680.8543535471 1510070.8432617188
138706507.0751741529 1430840.8339843750
139000434.7812353373 1505653.3642578125
138949723.3544297814 1495360.5385742188
138716089.3533676267 1432201.3613281250
138998087.0703359246 1505633.1235351562
138976013.3697245419 1503127.4311523438
138878720.1358282268 1481064.7836914062
138839591.9944115281 1470605.4150390625
138784542.2685709596 1456500.3256835938
138792794.4293156862 1457669.7124023438
138927649.6538183987 1492854.8461914062
138751676.6057867408 1444551.3994140625
138828086.6655075550 1467864.2475585938
138743424.4450420141 1443382.0126953125
138788958.5240908563 1457404.8789062500
138780706.3633460999 1456235.4921875000
138843502.8806392848 1470870.2485351562
