1064503391.7116414309 720873.9764404297
1064100873.2250365019 720600.9296875000
1064038816.1841086149 720532.4497070312
1064598067.1295145750 720898.7025146484
984942864.3653992414 543671.8716689802
1064180468.0984140635 720855.4613037109
931554537.1064407825 173484.4502782280
936407107.7006345987 246568.2533846803
936464208.2273325920 247756.2280894946
936232175.7961149216 245723.0862437915
969025015.5686639547 463916.3318534198
968694650.5663533211 462242.1239066424
969010068.5050156116 463526.8344779315
1062888777.0196329355 720076.6042480469
931602734.5161923170 174792.7988544505
931495498.9042005539 171451.3084325248
931933476.0229442120 185509.3923679372
931937946.6865952015 185515.5627678414
936108454.0098267794 243847.2284785938
949417192.1226969957 352242.9579999634
968778483.5320782661 462541.0177783947
968535025.5267271996 461872.3025565448
968025208.4397760630 458116.0470145645
968850624.4476734400 462589.4324057999
982324145.2484791279 533731.9301719952
982562641.6642203331 534620.8364830303
1060570535.9773430824 716779.6780395508
1062459381.8558975458 719506.0429077148
1062602759.1021319628 719840.1203002930
1062454005.4808682203 719415.7771606445
936200388.6644358635 244212.6495623197
936141460.1970914602 244010.6406292338
935997360.0548245907 242220.4190716166
932698093.0196250677 190524.2234978532
935678233.2126461267 238353.2572876532
935835310.4901661873 240629.9998977499
935947008.7160394192 241695.2318053674
968155633.2870988846 458377.4750922623
982693193.1736238003 535384.1876488018
983730149.6071778536 539875.1933606088
1028977556.4540352821 667714.9716224670
1028988765.2405780554 667716.3357276917
1028528650.0329905748 667155.9927101135
1060708628.7222840786 717203.2615356445
935746001.6906718016 239111.0404526312
936105396.9693650007 242265.3501025755
935786224.9411396980 240182.9123550970
931979397.8439186811 186950.2185905954
932048970.1571487188 187448.3182872316
968524624.0231168270 461036.1274970474
931944972.7665821314 186368.1948479196
931849813.3838263750 184407.7319572946
949147955.5530654192 350569.7743139976
968328735.7555820942 460689.7401679459
983054356.7589836121 536755.6577415753
1017330870.2463307381 640422.1422674879
1028113823.6648330688 666268.4328956604
1027792002.1674020290 665376.5937843323
968393680.9928677082 460801.4340406845
948817763.8078004122 348175.4584069689
948936805.3831702471 348428.1743018728
948773723.2088571787 347232.8237227482
968242313.2385609150 459886.1319543063
932552503.0822502375 189884.1598878524
932445827.2210074663 189877.1552005730
948476746.2633916140 343524.7823793418
948570898.1029425859 345424.7999269492
948693044.5791001320 346515.8608972556
1028123275.4436781406 666294.8107032776
932603338.3935233355 189885.7259649539
932479382.9400377274 189884.0181576184
1027756884.8517613411 665327.3770484924
1028021785.3770853281 665926.9323577881
935401335.9665244818 234710.6689826623
1027682188.7794523239 665105.5179328918
1027941312.4221894741 665909.2909889221
931685233.8836452961 176198.4821033959
1017989838.8812259436 641960.6307585463
1017690817.2034267187 641481.1960203871
948518420.8550518751 345400.7649843222
948624134.2002874613 346060.2459260947
948273543.3218181133 343269.2222116641
934846333.9963113070 225387.7431606320
931775775.5672641993 177888.5455103823
1016958454.6232566833 639529.7585509047
1017480689.5741497278 640665.4434263930
1061917283.9071829319 718961.4660034180
1017594507.1411629915 641075.8807479190
1027346684.4535713196 663446.2413215637
1062250808.7374390364 719155.8217163086
983847418.6889423132 540590.7159130990
934909020.9740178585 226294.5554912328
983417981.6163440943 538712.3050625741
935218335.3074120283 231414.6167304632
935337447.7871266603 233205.8509322521
935127054.8155777454 229394.3511292042
935080734.0305142403 229381.4748847601
934666039.9348175526 223584.9983791378
935065299.1269223690 227356.0369838742
983265533.1130968332 538010.0159030247
934655777.2402080297 222438.1978249055
987308532.3893375397 549026.9248169649
982230302.4267394543 532340.7675814915
1018451756.4362736940 643209.7649249265
1017935945.8968704939 641643.9388636777
982291957.1695210934 532658.0418124485
987018812.4521167278 548084.6839112032
1059490381.1083397865 713961.5627136230
1059610724.5329763889 714566.3233642578
1060086515.7305662632 715433.2783813477
948096448.3968461752 334962.8322769403
986963706.4154531956 547982.5624512422
1026660163.2060960531 661795.3384170532
934634609.4467372894 220591.0121226188
1018051752.7524636984 642167.1380824277
1017205062.9636342525 639948.3418844566
987101897.6669895649 548936.3836080197
934574580.0036479235 219582.7461810139
986612370.8312981129 547554.1255005586
948029365.0132640600 334745.1769984365
934461586.4354113340 218249.2821917412
985774649.3934012651 544670.8657578218
986546681.6886782646 547147.8579033900
947916832.3791660070 333426.2238295451
947790972.9716194868 333081.0919235349
948150930.3075116873 335668.5053116083
947690978.1223465204 331498.9963648915
948022135.0974630117 334630.0107666254
934329752.8790246248 216435.3193513033
947982291.9060233831 334266.9190877676
933447107.1786903143 196454.1633807743
1059263087.9114254713 712582.9600830078
934260538.6874769926 209970.0320438678
934209233.3252257109 209965.2585710446
934127534.8551663160 208364.8645362116
933956160.1297874451 206331.7209862793
933858041.5057501793 204911.4632958496
933792670.9647690058 203492.0501355255
933594512.0476433039 200030.8131780369
933846155.8554313183 203544.7532384867
933539058.4384415150 199795.4765174041
977827381.0428656340 509349.1991404011
978260381.0279397964 511255.1884439900
978065373.5360013247 510473.1011026814
978669328.5388323069 512783.2673624470
978196451.1032080650 510745.3682917072
978203509.1757265329 511203.6196573689
946785991.0226063728 323146.3788580560
1024342470.7319591045 654846.3606662750
1024034703.4620866776 654065.8751926422
1023887336.1085567474 653950.0336399078
1058861375.4440239668 711809.4060058594
1022819412.6862978935 651373.7773356438
1059301026.1331831217 712668.5708312988
946428469.9298081398 320146.1861215226
1023663354.3977563381 653034.3355097771
1059450356.4023078680 712936.8673706055
1059258091.5369377136 712094.1106567383
1023326902.7518255711 652660.1494822502
946227337.1761569977 317203.2750506840
946094393.0972809792 316930.3720107517
1023855694.4764809608 653580.6321177483
1023513029.6397645473 652930.3522105217
1023528047.9716800451 652946.7038950920
978060575.3365875483 510034.0726397927
1023506993.6288572550 652687.8130564690
1021207236.9526931047 647406.6734657413
1022407893.1833389997 649370.7501287460
1022047431.8487601280 648999.1057195663
946003803.5526919365 316213.2724872074
945814825.9666250944 314480.5206485234
1021324404.3656115532 648070.0550575382
945864543.6504453421 314483.8598431192
1020773052.1844635010 646402.9374122745
979543183.3764799833 515089.3387404621
1020645681.6586053371 646000.4318580753
1021074382.5649998188 647001.9971046573
978911124.5188597441 513040.4562226475
978713032.0081619024 512931.6143904865
981818806.4816578627 525921.9169924124
981551415.2196350098 524711.4475328787
981746492.5526607037 525547.7993740195
1021146214.5165882111 647037.1128273136
981629409.1007874012 524818.9296371802
1020608162.7457201481 645882.4221534855
981181500.3861289024 522516.9617540701
981127454.8429387808 522199.4770128592
980999521.2372164726 521122.2891262658
945571515.4491760731 310704.3246971593
945532124.0116403103 310262.0984709488
945410771.7957671881 308265.3705481739
944831698.0292302370 300190.3786396395
944692442.8094593287 298690.0904518675
944745962.8198564053 299375.8738331210
944515134.0718927383 297402.5264116139
944585454.4796447754 297524.0367585630
944513417.3410340548 297387.2457999796
944267923.4048064947 295356.7237205118
944148585.7070567608 293554.7690467447
943191530.3665223122 282184.7545686578
943349633.8965137005 283940.8482652521
943182391.4720888138 280813.5817655837
942989742.2715948820 277649.0669550216
942815950.9855451584 275950.7330153203
942972504.4360375404 277626.4551386153
942286592.6750541925 269727.5584702706
942441117.6920703650 272111.3081227215
976257181.1773570776 492045.2633997745
976019354.2647863626 492045.2182642765
975237125.9850766659 488275.8824329919
975752899.4410523176 490322.6075751132
975701187.8250020742 490041.0809637851
974944807.4589295387 486507.8127314395
975504105.8348969221 488909.4847280330
974807594.3595584631 486046.8860194034
975268593.8839489222 488360.2469488925
974661205.7482674122 485794.7684046573
942089296.0810350180 268087.3188418061
942547258.4506831169 272159.2790036760
942721506.3770210743 274188.6792035662
973119269.6692317724 477392.2613121272
973133989.9269911051 477747.3458606005
972846210.5113317966 476600.9377037287
972967284.3101842403 476723.0266319514
972792528.0552139282 476560.7044883967
973024960.8127685785 476946.3227378727
972575309.8759564161 475543.5106599254
972772635.0697158575 476445.1724449397
970867273.8499219418 466561.2941396399
1004970396.4723147154 591804.6136548724
1004812739.1795911789 590882.4392316546
970866112.7430520058 466483.5904082521
941408967.8460097313 257186.1444726265
941309596.6169458628 255572.3543270810
941424221.0752387047 257498.5024664348
941231602.2920640707 253518.2536648682
941173350.0978249311 252702.1339429726
1005509519.5666658878 592664.2119299378
941005301.8062995672 250964.2948890661
1004689119.6672655344 590413.1282472815
1004409313.3818620443 589037.8670503160
1015762729.8493714333 622289.5219431687
1015815824.0453609228 622641.1442538071
1015834299.4837561846 622695.2733889390
1015440059.7758140564 621403.0724833775
1015224074.4267119169 620364.3354228307
1015136615.1188505888 618856.8207256047
1014565938.3481321335 617490.4430827347
1014803985.4692867994 617890.3324565140
1014350421.6272710562 616459.9218425003
1014424816.1846640110 617301.3016032425
1011343008.5123116970 605553.6404019443
1011386255.6168775558 605680.3766079990
1011018591.8260966539 605048.5345669833
1011037580.4328960180 605106.8817196933
1010755576.9896258116 604067.3829022495
1010541358.4040784836 603062.9712811557
1010497363.9641556740 602801.1354657260
1010200824.3644076586 601328.7511406986
1010296506.8816550970 602318.4994088260
1008706878.5166125298 597588.0396077482
1007150358.5704485178 593579.9732279663
1007363204.7558017969 594039.9549710897
1004117451.0256328583 584727.7139400912
1003413567.4501212835 580921.9679781271
1003319566.0269737244 580717.1815706564
1003375243.4893845320 580903.5822264028
1003522253.8936320543 581948.3370577169
1003547463.4777069092 581986.0064302755
966900560.3159109354 420688.2044393041
966759799.9920386076 419584.5342732884
967053634.3074139357 420865.9170896902
1002633146.3205665350 570464.1065690441
966573969.3218179941 415681.1485109504
966743211.2995029688 417971.2693699003
965645035.8449983597 407104.3272150295
965773482.3204677105 410221.9112070339
965748027.4060099125 408774.5397711269
965412620.4930970669 406771.5671142652
1000895097.8492536545 559120.0283594280
1000872019.9157649279 558933.0067529827
999365709.3441697359 549484.9751293808
964099309.2935597897 398605.7683106135
964389492.7325448990 400256.7764282892
964194946.9567530155 399187.9107056330
963386319.8522236347 391910.8805829581
963690643.1095948219 393945.8034040030
963579018.0474476814 393606.7593366202
963185634.3109983206 390223.6979577175
963306807.5836936235 391379.0361854924
962558461.7196474075 386282.8984935652
961494922.5908119678 378041.5885833083
959793799.6980062723 364556.3505306018
959968877.0112990141 365692.3906102296
959847905.5770846605 365075.8579869386
960137390.7834191322 366242.7596554871
959711910.8199259043 363129.7286883261
959236658.4161111116 360724.3300559487
959320328.8604660034 361098.6187655565
959321159.9437693357 361129.2377707924
