748499701.0318431854 29358.2791875118
753269430.9188698530 30696.2627534301
753537122.3042281866 30781.8513615851
784507162.2556905746 37768.6918391585
716791361.9973326921 16977.3323824597
716517282.4168742895 16782.4519262318
717446699.7151964903 17296.2203394457
753254603.6058132648 30690.3683987723
753987840.8736641407 30874.7553380255
753302555.2494394779 30742.0657017950
753355862.1426934004 30780.2705815558
754111854.6396356821 30890.6497378778
784743299.9899262190 37862.1417064071
785276854.4043234587 37920.4370173812
785595139.2808998823 37969.6826400161
795480216.8839889765 39188.9814453125
712129812.8083180189 13485.2725161764
712182869.6488966942 13541.9422818090
716784748.9257346392 16928.9020735179
717488573.9004957676 17380.5366791769
785285344.0434823036 37942.7856921554
784710711.6240694523 37839.2784785628
813521011.7610503435 40176.6413574219
812852616.9516401291 40144.9639968872
785478408.3707114458 37942.9580812454
716851200.5553221703 16987.2962472253
717666148.2491304874 17384.4442297503
726592305.5941028595 22156.8431804675
726616918.2283937931 22164.5276534874
753949243.5748922825 30852.5050743374
753764820.4839105606 30818.5586073550
754097174.3510582447 30886.5229859685
785128475.6171975136 37915.7759684920
784971239.1267040968 37908.6938151717
796321634.7063992023 39247.9997444153
814019433.8685873747 40178.4585800171
795174564.5109323263 39169.1124820709
795877492.2931510210 39243.2515182495
711653729.6833789349 12956.2137418243
717791323.8655999899 17413.3770860674
717303019.5357594490 17278.8063284441
784007934.1364727020 37617.5125733465
794882324.8111547232 39137.0205955505
795487066.5309187174 39212.7967758179
813224040.6879242659 40157.7694549561
711875620.9392509460 13297.1084071848
716633872.6152616739 16892.5083870997
753963341.4414757490 30867.2702928283
753645078.5313591957 30804.3532674315
813432638.3230036497 40175.8088836670
753474871.0717564821 30781.1135872158
717778671.3668082952 17387.5367334511
717500202.0170676708 17383.7072795075
726531915.1308608055 22147.1837014650
786434594.7929416895 37973.2553697675
717761228.6124193668 17384.7799180984
726224662.4527902603 22049.5211513537
726039217.6477274895 21939.2410053363
748404096.0842846632 29349.2229860853
783643417.5000196695 37564.0244990438
726329423.5028800964 22068.3414377959
783786255.1772952080 37568.7127534002
783908779.9680228233 37606.0985413641
784015251.6495341063 37652.3538399786
784115477.0703088045 37657.2269364446
784284350.6202696562 37666.3153916448
784162822.1640114784 37663.1360856146
748166687.6440662146 29305.1767996240
783859660.4719229937 37586.6060763448
795305354.4392524958 39175.4067573547
711834535.7473827600 13084.7670308275
752415134.7642139196 30442.6539184822
750474744.0078364611 29932.5743804387
750778281.1252331734 29951.5817479098
793810855.6734018326 39021.5023059845
794099912.1713767052 39051.8300838470
711874777.3413038254 13177.6086350603
794358538.2002823353 39076.7663936615
813304312.9151691198 40164.1474609375
750358392.7134268284 29919.5587538684
716902264.9467179775 17004.7696019965
716774824.4094082117 16904.9665797804
750341728.0040718317 29845.3132852786
751875226.1154801846 30327.0646736173
725668930.5152540207 21514.6692993570
805168860.7111418247 39730.9305496216
812292191.2759658098 40064.5188522339
812346165.8648235798 40077.5447845459
749894570.9839249849 29769.7956880801
725752203.3351442814 21587.0331640596
795052178.4865556955 39142.5198841095
725613233.6620779037 21498.3170238415
725301483.4678089619 21291.6371604631
787031124.5522283316 38085.2122469991
786695377.4819111824 38037.4305820465
812538191.0837370157 40105.7556304932
725407751.5298998356 21356.3050586412
751630740.5087769032 30246.8896057157
751311440.3237507343 30155.5623634548
751548723.7008895874 30228.2243501691
716396771.6199412346 16590.3108026260
725378193.2448978424 21327.3467016498
725537358.3899502754 21408.4688274096
751127402.5440636873 30124.1009796353
751095562.6067749262 30097.8923923545
751095099.9254708290 30041.1201735655
751011775.9169403315 30033.8757231706
750207575.9018883705 29838.4912714236
749981304.6271736622 29816.7726206058
716182157.6499973536 16471.2380296462
725418382.9080626965 21373.7393733690
749459500.3722772598 29658.6435159915
747873970.8085118532 29166.1260335490
715824842.8772128820 16018.3022224859
794742971.3726775646 39096.1646480560
715869453.4498652220 16061.7043949934
715735150.4934618473 15960.7987636300
794826183.7410509586 39105.8322277069
748004365.0405873060 29222.9166304458
748840549.3179496527 29456.9251429070
748780788.2868602276 29451.9737136105
794740467.3041859865 39093.2994441986
715505686.6906312704 15578.5726977536
715356562.5745797157 15517.8647395322
715676165.7988127470 15773.2672514551
715621243.6850457191 15771.7696898550
715593459.8465852737 15727.9735221183
804556804.8303166628 39674.5727081299
792527686.1303832531 38772.7331352234
715537236.8943104744 15687.5312064037
715406633.4809484482 15578.0935794065
805115455.0497016907 39725.8560409546
715310241.0065441132 15455.1439281965
792252711.0838779211 38737.6516723633
746949692.6028405428 28804.3504410588
715277055.2557978630 15442.7718684080
804790862.4322363138 39694.1838836670
804251776.9786617756 39620.5210647583
791763374.3940427303 38589.3095257282
804538138.7506344318 39655.7312622070
804240912.9178043604 39589.3113918304
804902084.2992727757 39712.6229934692
715145562.6742775440 15170.9368710341
715027449.9349806309 15065.9934038939
715081900.2512766123 15103.5529513182
791821321.3546301126 38626.1712648869
791843665.2723660469 38626.5329439640
725097417.4929805994 20772.8579452523
725103666.1180008650 20781.1160075117
713506885.9629327059 13572.8768595502
713565350.6723001003 13638.8769882366
713807455.3682096004 13805.5608735702
714967756.9346266985 14986.4652485905
714183146.3874584436 14033.1531531644
714265877.0939546824 14145.1219236300
724802051.7060395479 20616.3482396005
724719692.0431869030 20455.0636511115
724611907.9332077503 20435.5038166908
724548485.0701692104 20378.1095238594
724498719.3786191940 20356.6399193672
724526316.0459399223 20370.8693625683
724562673.0875618458 20399.4593405479
746166508.3398892879 28401.2132337115
746395910.2803972960 28518.1983085148
746206748.1032857895 28466.7375009082
746233639.6379168034 28508.1634156726
746406991.0908417702 28563.6278665088
745963196.8756272793 28378.9295589946
745723882.2666683197 28253.7739843152
745734371.1627902985 28301.8708092592
745473305.6899639368 28129.2201328281
745639202.9799464941 28239.0840584658
714810243.0873589516 14691.2970026992
724363450.2587668896 20266.0292931402
714667730.4353524446 14445.4587541245
714723207.4715293646 14528.7368035935
714641583.7504420280 14406.4667444121
714542228.6325627565 14187.7205412084
714556647.4808144569 14305.3712301146
790339770.8954546452 38253.8683284372
791152885.4966547489 38443.1076778024
714504495.3116866350 14185.3764093382
790452196.3060667515 38324.4322780222
790418341.8248009682 38281.0878718942
790597108.4841785431 38359.6122134775
791315253.6128327847 38452.1724208444
790848051.0962390900 38394.8075221628
745341874.7166166306 27995.6535885773
724302248.1137740612 20167.2935739661
804027357.1883263588 39546.4846668243
745180069.6610971689 27901.0882866469
745060298.3700002432 27884.2281321355
803792996.3175458908 39519.6840190887
745265154.3039510250 27907.5312411871
789734392.6408474445 38172.3179892153
789322519.1450955868 38101.7859371752
721891945.1843101978 18442.4033502841
724104118.7305353880 19789.1501351743
721258702.3240635395 17963.5332657984
721248440.5688549280 17962.1823273493
723647704.1977409124 19522.8187600978
737837322.3946200609 25136.3201848035
723700329.9386585951 19577.4076165109
723565224.6865949631 19475.6042513399
723490694.3573592901 19468.3169598131
723230761.9857947826 19261.8790326861
723103451.9370700121 19237.3018803948
723270564.7650591135 19365.1480143422
723063314.0483089685 19199.6113057488
722298183.4629824162 18732.6233202757
722098625.0057828426 18622.8457338416
722246488.8837151527 18635.8824203982
721957751.8760762215 18527.8207037055
744915290.5950856209 27615.1625808435
721356290.4065228701 18074.4162356857
721168908.6379581690 17943.6458754696
743785917.0714113712 27127.2551393792
744028199.6278601885 27199.4405975439
744254750.2661277056 27272.5498298513
743416660.5997588634 26978.0505668082
743548755.1660585403 27060.3264420912
720963484.8506864309 17419.2216947289
738926606.5084245205 25375.8370707998
738833331.1693723202 25312.4754355917
738488583.4037419558 25253.0854609976
743883607.6686842442 27168.1554088103
743322529.8349978924 26960.0515854875
720996779.4039589167 17513.7097439986
721004446.0690881014 17528.6646411629
739285446.4708317518 25391.1096058967
738986280.6788946390 25390.2563687252
743274574.5805537701 26900.8750247633
737548172.2831863165 24945.8726811767
742172349.1980576515 26423.8725444017
741912082.3640958071 26280.7976026921
742094200.8822832108 26326.0535788326
741616976.8524225950 26093.3461508541
741860054.2632895708 26267.1304278163
740980444.2549941540 25990.3705640951
740875902.2091521025 25891.0490761884
740639722.0004568100 25869.8695695177
740805689.7738237381 25890.9106260002
739501419.3761000633 25452.5742655820
739453577.5823721886 25400.2468255098
783110468.6990271807 36191.8981654495
782994008.3863370419 36178.7759044021
783352783.3182220459 36233.6532690376
783391071.8325744867 36237.7722804379
782802873.6608022451 36125.4499871861
782025812.3806800842 35959.9506662022
782754652.3359378576 36095.8494002949
782281744.3926234245 35985.8668992650
782287381.4896764755 36007.6076524388
781580809.8669301271 35784.3709691223
780456250.9627802372 35427.8818178717
780546223.4691503048 35452.1728792731
779780394.0730509758 35236.7455384620
779763463.3921535015 35209.9703528769
780441289.1548514366 35373.4314598329
779648522.5476245880 35208.2000281699
779958278.5157831907 35300.2646071799
779642207.5758845806 35172.5973060615
778798407.9648118019 34345.4562053420
778378758.7313886881 34240.9879443981
778376166.3986237049 34223.7510220744
778473344.8594974279 34265.5541710593
778187119.8322838545 34184.1497685649
778387169.4971209764 34248.5260045268
778670823.7310942411 34280.0038945414
778725028.0645668507 34298.2017323710
736511003.6084780693 23120.8456671623
736433805.5583457947 23034.1096037676
736321528.6289012432 22996.3546195474
735557888.1851241589 22518.1944759830
735310292.3558814526 22410.9884876187
735117810.9226962328 22331.2501979868
777545433.7668452263 33996.5546526387
772196772.3036382198 32667.1131576649
771819937.6704417467 32502.4399246327
775067143.5476760864 33278.0126156098
774764119.6630449295 33165.9089782509
774872006.0118677616 33226.8655853709
775252542.5994758606 33295.3166711601
775460767.0406848192 33369.3339465606
775077837.3543002605 33288.5382516655
775022107.8401725292 33273.1746118340
774178874.4696660042 32974.2975617441
774053890.0165930986 32954.9261551889
771542354.2982472181 32270.6687875598
771664691.3273518085 32345.1765985449
771454083.7481377125 32257.3429599409
771593761.6198760271 32340.0509839862
771392698.8869159222 32218.1627078860
771317520.9093905687 32187.0636787895
771178330.4331088066 32065.3396819442
768472457.4934684038 31095.0936068011
768259545.7638458014 31043.7388628436
768247791.7115879059 31031.4416962577
767868395.5122439861 30930.9676059199
768134393.0589048862 31031.2327860309
