421312901.0564540029 192266.9383778572
422075423.8101608753 193601.6012187004
416759556.0995045304 183892.5249010324
422114131.8094276190 193670.5268931389
421948898.6351615191 193429.2072041035
423617351.7479976416 196890.6491813660
418678319.0174598694 187654.6811919510
413355897.6458005309 175258.6882430390
415858844.8866961002 181447.1979689002
423601968.6845481396 196260.9223747253
418941535.5135552883 188300.0779726505
420236404.1528909206 190460.2074055672
422182397.3992651105 193738.8347887993
416394563.1826973557 182274.4529178143
409522078.5030767918 160556.6587068730
417161700.0408737063 184597.9864470959
415990076.6842393279 182080.8431257606
413889346.5913785696 176776.6960988417
419801053.8594045043 189315.7509083748
415381153.5896707773 180383.3834107518
417283663.8860385418 184766.3709208667
417914304.6248099208 186495.2508761883
418220308.2362496257 186777.7949914932
419885573.5088350773 189540.7788145542
421047873.7096408606 192182.0822079182
422801472.3765427470 195205.5991020203
425783761.9132134318 198394.6197853088
428118005.5540889502 200134.7307128906
415106156.0422820449 179575.1193052903
415754069.8569981456 181327.8136305213
421621947.0039238930 193126.3385272026
423488137.5161188245 196108.0787315369
415978671.6843376160 182025.4243635535
412331332.9456750154 171987.9938551188
422299729.2792176604 194348.6357951164
421939895.8499645591 193373.7884418964
413618675.4565075040 176207.5056126118
411849064.6669368148 170656.4335621223
417487223.1658622622 185410.6703460217
420343648.3398819566 190540.8701100349
414576297.3339473605 178464.6459067240
411210696.6495504379 168383.4939126745
411858707.0403010845 170703.2283008918
410590818.3227056861 166251.2639157400
412232189.1338325739 171805.9182550684
411487595.8000706434 169288.5500631109
410968810.1481993198 167164.4669196010
419803326.7057009935 189465.4869403839
410247539.5327358842 163679.3253748112
409854785.9506124258 162670.9065420323
411101737.1390677691 168076.3805470690
414767407.2318451405 179292.7412802130
412491461.0570477247 171991.0910230875
411071502.5094938278 167797.1497156397
410309197.2742015123 164269.9637797102
418346943.4199219346 187135.8401935101
421880375.3107258677 193144.5471038818
420432183.4402860403 190557.9476072788
412649435.9084202051 173214.8547911271
421437143.5276195407 192835.8506121635
410704530.5446830392 166597.5669353232
413079222.8923630118 174379.0877948776
413983152.6809647083 177528.6504598036
424472118.6595018506 197011.9450511932
412798337.7023079395 173668.0669640079
415671316.0186699033 181146.5233593136
420087029.2578013539 190116.9219594002
420109878.9778915644 190279.9810545444
416672334.6605042815 183342.5742344856
415583835.2407763004 180478.6634279862
415658998.8417035937 180494.3336550370
413357106.7203947902 175267.6943081021
409045165.4893140793 157548.9080907993
416871082.5286059976 183976.2193913460
416400160.3720592260 183101.7651124001
427398228.5797521472 199319.0838317871
413088225.6775599122 174434.5065570846
427674349.3270653486 200017.4939575195
416799418.4114488959 183949.5405583382
414241945.0503589511 177596.4755576029
416630057.2955674529 183278.6086583138
427799637.5693575740 200020.9547119141
420460709.6219477057 191199.4096455574
417901478.9395394921 186234.5780246258
413852266.8423200846 176313.0190280080
413468655.7791723609 175314.1070052460
425208507.2581740022 198152.4868431091
417009914.7741183639 184394.0075020790
414369234.7333916426 177734.4859356508
422697624.1163748503 194954.2195243835
424360103.8594858646 196926.3288707733
426886097.0220634341 198786.1468048096
412900663.7967457175 174330.7312147990
425869925.0544123054 198621.6331634521
423212746.3515865803 195412.9364066124
419172276.8072890639 188671.9757864773
413147474.1811916232 174508.6170684174
418566392.9425760508 187195.3374109268
419311299.8371574283 188675.0729544461
423273055.5790840983 196087.9481406212
418174080.6456797123 186686.4120156169
422801472.3765426874 195150.1803398132
420304940.3406151533 190471.7031636238
413954599.8722288609 177488.1201231852
412264180.0828374028 171959.3742851310
417652813.3158473372 185628.7517364025
411314769.9308851957 168894.3612583503
417612870.4377018213 185460.1955478191
411184076.4553102255 168076.9157643542
413223553.5656196475 174610.5516168699
420458039.0370605588 190920.4174885750
412060024.8552392125 171061.5491186380
416717586.9849632978 183368.4828648567
412508460.4520434141 172879.0401846170
409967901.7577419877 163403.0153696761
413559957.6853301525 175803.5706492439
412754254.3174627423 173222.3370410427
423061452.9111868143 195240.2563819885
416864267.6592344642 183975.1442570686
411362562.5347372890 168941.7551188692
420573370.3096407652 191266.3241658211
420906720.7877725363 191504.4270100594
413550954.9001331925 175748.1518870369
413841201.1971535087 176284.5938723683
422396636.8848087788 194380.3273844719
422674074.5130771995 194434.8373527527
415810580.9871189594 181380.6242842078
426983004.6276546121 198817.8383941650
413348841.8079119921 174613.6487848386
412499712.2016277909 172823.6214224100
424584409.3285425901 197673.3634471893
428341532.0019765496 200255.3727416992
428230905.6459081769 200236.6044006348
426990898.8823977709 198822.5677032471
416186950.8504644632 182175.2452864051
417018917.5593152642 184449.4262642860
425966832.6600033045 198653.3247528076
418581371.3692287207 187329.3938689232
422690862.5995837450 194534.9500193596
420859010.0033087730 191379.8413014412
409116870.6953904629 158559.7743589573
409420580.0787225366 159358.2633690529
420529245.8096719384 191210.9054036140
415019706.7766401172 179531.6053339392
412772911.5114120245 173612.6482018009
416597382.0318204165 183219.7904057503
417376369.4634028673 185393.6825835705
418244135.3559018970 186833.2137537003
419620773.3874756694 189271.4230976105
415575086.9903606772 180423.2446657792
411991757.2327556014 170759.0396050438
428466820.2442689538 200258.8334960938
418769196.7519346476 187807.7678716481
424709697.5708349943 197676.4606151581
418932202.0132848024 188218.2314260006
415305784.2853038311 180209.5238493127
412620394.8649528027 172934.9250112772
417578913.2047802806 185423.1853652298
426893991.2768067122 198790.8761138916
427325109.1829330325 198847.7345123291
410821386.4171428680 166956.9239221439
410302966.9854180813 163941.2643198892
422993000.4116168618 195237.2906913757
414562861.1991315484 178419.3155234233
409428117.2322064638 160252.4717218571
415307979.7505842447 180264.9426115197
409575422.1343473792 161681.6173517399
413500452.2490556240 175515.6077673063
416201993.7563707829 182237.3976159096
412494707.4678424001 172620.1851275340
417369748.2033714056 185338.2638213634
413126798.8419112563 174470.4794122800
417289534.3179726005 184804.9244658947
420055648.9534557462 190003.3378314972
423714259.3535889983 196922.3407707214
419692481.4152026176 189290.4400839806
417857354.4395707250 186179.1592624187
410359598.6232034564 165345.3046305403
419873163.3065742850 189503.2196390927
416140171.5604073405 182165.2590803504
414427181.8646694422 178121.2452891245
413944769.8713808656 177064.9733889699
419517880.0680596232 189174.9990253448
415836007.1780148149 181436.0430464149
417785721.7281465530 185800.2780997753
410326140.4356390834 164918.6301310286
420933996.4154806137 192119.0435414314
414750010.7988651991 178548.1379056685
417886654.7093482018 186192.1368281841
427510519.2487929463 199980.5022277832
422603768.3984963894 194426.7158541679
418736685.5574766397 187658.3860564530
411054304.2828766108 167398.7744686001
414435930.1150850058 178176.6640513316
419549981.9942068458 189237.2977924347
413214550.3133384585 174555.1328546628
426092120.9022956491 198656.4219207764
411580759.5262412429 169893.8716130480
409584170.3847628832 161737.0361139469
415175668.0564316511 180194.0100122839
417825714.5461920500 186152.4804294109
423102450.4596062303 195284.0061240196
419408207.4427486658 188706.7645438015
410417658.5235311389 165790.5922755443
419495250.3548184633 188971.8211844265
424404607.1130228043 196967.6042060852
410169877.7994159460 163533.6352106028
410160875.0142189860 163478.2164483957
411716613.1975174546 169921.4536478296
424987586.2190991640 197708.8640937805
429541814.7163687348 200423.5837402344
429969536.2489243746 200581.6497497559
425120604.9651302695 197724.2168769836
424928278.1267217398 197687.3007698059
419987329.3467965126 189593.7907126248
