361115903.8433932662 487.6390527785
361641774.6093315482 488.7110752165
364803517.7051160336 493.3043486178
373803373.3798804879 495.9950439036
342470382.1600944996 378.7387820650
342587123.9277752042 379.6500835288
342011858.8505618572 375.9863438476
324933504.9637169242 147.1720108905
331757480.8985883594 259.7144872060
342182719.4237237573 377.8254837859
342874912.2589352727 381.8105722106
342839858.5503516197 381.4236337281
360670096.7832653522 484.5329362452
363631155.8952623010 492.5002080500
363368444.5822174549 491.6160334647
325052756.5209548473 151.4029186734
331661400.2594359517 257.3374738997
359289006.6104545593 480.5106109679
361398327.9853538275 488.2852164805
363257707.0182732940 491.5388142169
324941168.2005863190 149.5514866182
326688433.4734713435 186.4951852092
331827213.1108590961 259.8360739058
331575038.1513025165 257.0260923545
326733349.0489965081 188.7390684017
326978604.6285762191 188.7680901440
331702812.2923058867 257.3711011026
331535717.8086355329 256.8148231288
363510665.9872529507 492.2793134749
342672082.0548900962 380.4518342387
342598887.9415013194 379.9881493818
325424816.4720863700 163.6503115518
342371046.8969039917 377.9522666702
344566148.4187490940 393.5535272342
344331369.4025837779 391.6057356563
324993959.8319056630 149.5846017043
325880794.5802800655 172.0415110883
361582967.2731285691 488.6227165759
324715164.6124738455 132.2689069420
324916689.7284079790 146.7947418311
324862494.8803182244 146.6368722686
355735478.9620169401 465.3792907596
331721145.6457126737 257.4074489024
324793133.0769419670 143.7609608241
324768627.8825857639 141.0945959755
326978418.6963281035 188.7677795254
331491875.9549553990 256.7589700526
342000831.2476929426 375.0474309172
344887009.8970319033 396.0666739845
326544804.7887518406 185.6603474684
326515739.2732300162 185.6573927768
331015638.4400724769 250.3193841749
324805942.0504811406 146.4743827649
363490567.5581920743 492.2701557577
325520516.2094995379 164.0610505564
363478895.2623837590 492.2691780627
364674504.9168334603 493.2942132056
324728139.8740494251 135.0009643695
324780219.5448704362 143.2533319843
331341207.0041759610 254.0482279431
355672325.0660127997 464.8686645627
359016083.3130019903 479.6905325949
355697419.8848109841 465.3786389530
356021807.5187141895 467.3148834407
345037530.8743503094 396.2317199910
326315371.5436295867 181.9930563795
344390539.3950761557 393.1422142950
345255806.7914678454 398.3936712046
356513221.2973288894 469.2819328606
364211208.9962865114 492.9560455382
345187468.7941265106 398.2362785128
358916304.0893758535 478.9697761834
344454109.4294013977 393.2938646940
344834832.6724975705 395.9099896753
326342233.7746455073 181.9960183272
344471747.9210682511 393.3047037986
325626877.2971048355 167.4559404855
344344871.0388594866 392.4384970018
345120821.7376170158 397.7114732468
326447137.2368888259 182.6426582684
344706785.6146085262 394.9179716689
363974610.6836966276 492.7945319414
363945077.6196169257 492.7874003947
374546748.0118059516 496.0303365290
331258600.7311343551 253.7377222037
344508932.2242000103 393.5299971891
376971275.7404518723 496.0769137144
377003917.4375313520 496.0799175799
324749748.1905509830 135.8568260333
324732449.4006605744 135.5659082762
326488102.5102788806 183.0030515174
331376299.0438191295 254.4563233262
331080123.5909052491 250.8090205943
325479802.0325200558 164.0109206063
358918293.1658238173 478.9756275713
342782139.0689826012 380.8397024470
344772762.5334327817 395.7475001717
358776057.9007080793 478.7613505423
324728581.0712729096 135.0527878932
364180269.7363899350 492.9459101260
325592791.7025876045 167.2063234017
325525722.8893725872 166.7244607133
326194020.7978134751 178.8826480437
344493377.1843302846 393.4379749839
375011783.9876446128 496.0409323275
356459077.6492769718 468.9599455297
356378443.3830324411 468.3769604862
356374209.5823619962 468.0161287487
356117294.8276394606 467.4350330532
331561684.3655137420 256.9660325330
355770781.3800670505 465.6056606472
361767516.7099447846 489.2090331614
326338496.2149086595 181.9930636355
360759590.1670935154 486.0030300319
326170201.4404842257 178.8792015989
358858358.3213845491 478.9454311430
325322551.2745781541 158.1871676531
356047190.8463675380 467.3332025707
375632469.1268386841 496.0451609194
326166916.6052722335 178.6664512541
325339164.7586963773 158.4618318912
355272312.2895200253 461.7434889674
374530494.1052917242 496.0202011168
326055427.3463616967 175.6272378288
343432862.4054409266 384.3440101762
362126314.3173696399 489.6700717509
362236267.4237721562 489.9444011748
331321415.4962488413 253.8443557030
331432016.9862335324 254.9491992010
355278036.8729529381 461.9368641973
355286128.8327625394 462.0471581519
355542956.7584120631 463.7513583302
343681155.8081578612 387.3170906436
361734246.0861282349 489.1988977492
361885240.8572503924 489.2879556715
362850602.8039324880 490.6321660578
359003602.5822154284 479.4649823010
331201020.9135798216 251.1866263455
358705071.2810945511 478.1706248820
326006003.1545203328 175.1705157463
326003765.4937308431 175.1675610546
343573258.4263903499 386.1257987889
355209656.1949051619 459.7667458206
355270449.5599094033 460.2274207771
343273522.8337467313 383.6160061908
343240427.7632642984 383.5258657590
325930665.2785422206 172.8602688644
364579004.8791469932 493.0102008879
355282492.0918192863 461.9590812027
355153757.6311782598 458.3917449564
363898656.3021990657 492.5753182471
325371385.5405406356 161.1738915678
339564024.9397571683 347.6768751192
343285968.9835248590 383.7707519871
343531184.9649381042 385.2179672834
364156234.1971436143 492.8625349104
355635526.4502344728 464.3208292127
373770538.5276880264 495.8921207488
339515014.5748962760 347.0123357821
339726863.0803143978 349.6639118242
343483241.4284664392 384.8128020380
355317335.9960683584 462.3415476084
355602255.8264179230 464.3106938004
330795365.7251073718 244.9758650823
363934825.1726399660 492.6370901167
331149691.1599957347 250.9138621784
330887413.9892438054 245.1971440478
330915858.5592418313 247.8635088964
330776526.2667273283 244.7864050432
359133704.2228987217 480.4987672865
340263919.3602717519 354.5638493328
330503281.6475809216 240.1214384874
340053289.3671553135 352.5399838045
341814658.2355957031 368.7369997656
341926367.8493915796 371.9378428613
330377377.0827201009 239.2114695152
330309639.4292819500 236.1440903804
330344463.5647905469 236.7361094913
330133849.8815361857 233.6046963165
330047846.2255020738 232.7744043598
329913779.1828152537 229.4869839365
340717869.1387422681 357.9915890663
340617060.6530582309 357.0279659672
330009824.8962672353 230.5894674853
340334545.8350484371 354.8094859017
340533037.7928411961 356.5302401803
329975996.9526931643 230.3599055821
340985448.2856460214 359.1114116767
329823963.9304689765 227.6552410981
329770149.6867575049 227.5769212580
329586554.3739778399 224.4370939617
359547772.2731354833 481.6323403418
329650223.8697029948 224.7325155800
329452288.7685579658 219.5287479484
329498976.0543854833 222.3926011608
329455884.8003955483 222.0981794918
329450174.4484193921 219.4372551838
329274400.7042365670 218.8088965216
328913902.7457202077 212.9485080569
329074886.1644745469 213.1899410170
328718001.6444190145 210.2120043692
328637209.3888860345 208.2097772266
328877142.8139964938 210.5370617770
328701308.1468814015 210.1259913351
360231076.3953675628 483.1993891299
328533749.4332780242 207.0488874818
328532737.0352736115 206.6695240943
360385599.2904978395 483.6000143588
328350110.6221278310 201.4444546392
328303902.8239473701 201.3600192519
328005601.2826829553 195.2285585698
328165864.7817010283 200.6892685743
373272763.4058728218 495.7233032286
341610783.8445652723 363.9354705553
328136217.6215767860 198.0508650640
341709535.5018110275 366.3480692164
341369936.9809327722 362.0249464748
341142540.9523814917 359.9292108436
360338620.4636326432 483.5898789465
328005552.5115503669 194.8291385437
328033153.9647848606 197.5425604845
328111979.2969491482 197.7416184705
341281429.5362893343 361.4410061515
327872404.9972120523 194.6645146173
327735402.6635819674 191.9965051612
327651160.1110130548 188.9583030356
373248453.8098723888 495.6915575564
341566288.6572124958 363.1962135093
360494499.2011963725 483.9369329512
360525093.9042049646 484.0507580042
341450569.8973476887 362.5925373738
341121424.3441795111 359.5982931893
360539976.2974727750 484.0537618697
360669642.1821843386 484.4526409209
357642405.0509333611 470.3500972092
357718106.1495763063 470.5860752761
372926055.9828404188 495.4893106520
372341233.6847065091 494.7122076452
358568650.7037310004 472.4020539820
372148236.5220038891 494.3727551997
372772439.4149550200 495.3252789080
372473258.7346429229 495.0719229281
358630534.8085196614 472.4332707822
372111066.2601155639 493.6554404497
339420735.1733407378 329.3623999121
339323955.4006138444 327.8723995481
339267488.5241967440 327.6703713654
339032320.8763235807 322.2213906826
338757680.2203214765 319.1595562884
338610803.1535874605 316.7007133757
338741798.7459628582 319.1566015968
338915254.9215174913 319.6556358492
338845058.2781112790 319.4931955194
338404791.8066516519 313.5948999394
338502728.1136440635 314.0307122888
338380368.7673930526 312.0438912408
338165697.3529604077 308.4529352308
338149066.1504764557 308.0934372664
338003000.5854332447 305.5476140040
338145666.6110693216 307.1337933660
337881448.2646958828 303.6896088097
337678571.3856642246 299.5042953263
337772707.6407632828 302.1743598296
337737847.3748313189 302.1093756030
337590861.5502601862 298.0684592543
337583319.6798137426 297.2073008421
337709078.3876063824 299.7428649294
337493042.6428554058 288.6623942212
337518158.2225165367 289.2261527852
337482495.1101628542 287.3733962282
336981634.0673255920 282.0711309194
336834087.2685759068 280.3441547096
336846942.7949448824 281.3590987279
336810387.3925316334 279.7064928963
336574622.8689005375 277.5621378227
336595084.5495790243 277.9856955662
336937231.8863466978 281.5335570379
336649463.0427489281 278.6498236015
336316705.5455994010 270.2198389549
336060703.5549816489 266.6851527219
336201824.5018904805 269.8697283644
336158064.4877411723 267.9743535671
336165510.6116771102 269.2576090222
336064975.7909696698 267.5935669917
336193779.5689743161 269.7984557528
336453480.2073621154 271.2689946176
335970293.6251349449 262.1550119471
353793263.6863133907 410.8616269566
353994703.6758340597 412.6195885194
352635156.2187172174 403.0105656786
352637398.6414034367 403.1273855446
352498844.8829206228 402.6573256655
352415528.9700314999 401.8159972045
352655258.8916448355 403.3671236846
352944417.5259798765 405.1888102097
353428591.0380125046 407.5257873340
353043462.7590495348 405.4716962082
353421451.4440510273 407.3905409081
355075674.5228189230 413.9518081285
355061261.9460051060 412.8014789922
