376079217.3577014804 149214.3974376172
371922995.6753656268 139141.8038898185
383265182.3169295192 160190.7673916202
368111275.5198497176 123836.5363182081
369367335.8833609223 131048.3343187226
369166558.1330471039 129787.5117104901
368111028.6207787395 122724.6379379928
369179837.7195431590 130680.9370256318
375086055.2845312357 146742.5159984082
384701418.2744135261 161930.0496371174
379713014.8416916728 155134.4444084615
376541807.0992898345 150046.3087196797
371573341.0499436855 138288.2452393025
389771514.7037664652 166563.9864044189
378569278.8494359255 153406.3260277174
378625116.9722624421 153624.0181053542
368667154.0997807980 127634.5224327100
369918968.5317160487 133355.3006730927
377405553.3873535991 151679.8738213032
368120599.7719881535 124144.5427692533
382751076.9405678511 159893.5594448429
394118329.9207503796 168735.7076110840
378371627.9684095383 153343.4989403151
368676388.7314844131 127835.2235664381
382922739.6927623749 160009.1452602725
381958447.3452944160 158659.2457226776
369785977.8882525563 133265.4168611420
382128124.1708165407 158946.7124282382
372775973.9594982266 141854.2125641182
374606640.5541085601 146176.8074412197
371933806.9910513759 139494.8269935325
377944939.5688635707 152678.7350273579
385753951.3802796602 162946.4102394842
368930762.1237550974 128208.2145074261
370715241.5398151875 136388.4750366658
392948979.4894798994 168225.0716857910
378569278.8494359255 153394.7835472487
379824497.8542473316 155361.7298698872
390684628.4303882122 167245.1013793945
373725827.5518787503 144255.0664192513
368590579.6167409420 125396.6104225172
384360672.5872706771 161257.2683012336
375170205.8981257081 147432.8887286633
378819680.8498122692 153869.0630140565
386055490.8844506145 163371.0243752263
385279850.0879369974 162324.0602638982
374099468.5654266477 145190.8483406380
375545231.9720408320 147906.5370765999
378177294.8806612492 152940.7483241409
373869939.2678637505 144576.5727210715
369055296.5249631405 129540.4064095868
390733596.9234175682 167273.2434997559
368390861.6863544583 125340.2879127515
391697488.0511285067 167914.1116638184
379310919.9781889319 154469.1698866151
369033858.6384607553 128553.8215154661
368322066.2248542309 125320.0515235914
372126629.5762783885 139853.4693656638
383137118.7636210918 160101.5313076358
371922995.6753656864 139143.8154864982
369170231.0782640576 130412.1500505460
374418739.0575637817 145805.3195414394
375120620.1672717333 147132.3370033577
381288759.9103387594 157755.7056127638
379069704.4622737765 154370.1479755603
370942103.0894058943 136791.3897476643
375120620.1672716737 147131.0529457405
382019869.0195207000 158713.5103929304
373223180.4704635739 143199.3391243294
369033858.6384607553 128552.5862249387
380800922.1481947303 156763.8690470420
377534602.1591766477 151980.5023003072
382031432.5124868751 158888.5470229648
382381613.1746694446 159227.2315932773
380643480.0567995906 156562.3241457427
380429378.8705050349 156148.7908813022
372126629.5762783885 139832.0744071677
369411434.0707003474 132187.7872453583
375542449.2754664421 147872.1645485237
371358541.0244308114 137880.0906830877
372481700.2882122993 141243.1051917747
372946785.3223838210 142725.7178703621
372347875.5357486010 141051.0105415061
382627079.1341851354 159521.7847256046
371358541.0244308114 137886.9474335760
371478906.3579438925 138024.6566238850
369773403.4002469182 133064.8927064789
369935098.4420534372 133603.7199540986
374223513.9893205762 145335.5907722786
378989965.5401387215 154014.2651451491
372493335.6312049031 141784.0416465476
377448240.9384090900 151853.9622002095
377717429.9116069078 152061.6645897292
377199319.5003001094 151277.3461571187
378492416.0882787704 153353.1501434110
380429378.8705050945 156214.7702514194
370576024.1259160638 135620.9101868123
372282337.4422838092 140648.1612220481
380065029.5482574105 155658.3922201246
376621442.8495293856 150135.3834267110
381757241.8095661402 158466.3708144687
381582747.4259011149 158172.1145278476
391171864.2008467913 167442.6547546387
391412584.5402188897 167812.6809997559
381358384.4433396459 157930.2844344638
393328315.6630043387 168428.6733093262
370577518.0493361354 135693.4028320760
378739325.6825417280 153792.8146626316
380128756.7014284134 155742.6422811598
383443038.7887077332 160249.8288540225
377336757.9258534312 151659.6374321431
381917100.7768194079 158640.7581435703
368178088.6928233504 124291.2935852706
376557715.6963583827 150115.8050575703
377567209.0483344793 151996.3353050612
389641121.2651609182 166466.1285552979
376669198.7089140415 150307.8295937032
377448240.9384090900 151851.6619682759
376632973.2081975937 150138.2155223340
375731961.1035829782 148336.8785701245
376669198.7089140415 150319.0520668477
378295127.8565838933 153118.6706149429
372213541.9807835817 140630.2250648215
389900706.2646912336 166660.0266876221
391549316.9397278428 167822.0881652832
370913483.3503751755 136715.0070534796
370977802.3867430091 137261.6010781378
370715433.7744370699 136645.8940430135
370596263.1695393324 136352.7944336385
371174746.1006919742 137307.5551376790
369698616.3023516536 132904.8478227509
367994617.6455194950 121673.8085236251
395884450.7890945077 169175.3598327637
386623745.2753241658 163833.8742084503
391565034.5984083414 167879.6068420410
382031432.5124868155 158822.5676528476
374033712.2202713490 144895.1220833138
371807491.2474896908 138689.0878158286
386507363.6213203669 163759.0102558136
380186999.4233770967 155916.1779256910
375362328.3827901483 147596.1160235852
386876885.2593684793 164090.7081279755
387301935.2258931398 164340.5879096985
389196214.4780626297 166257.6230010986
382541472.1419226527 159403.5953017734
373798183.7838218212 144556.9051643685
372184372.3287614584 139901.7310081199
370715433.7744370103 136645.1934586018
372409086.8103801608 141130.2704749778
387405041.1454869509 164473.0439643860
391911447.9393583536 168141.8142395020
380340741.7971715331 155953.6871419996
371716408.6514577270 138364.8772712424
370320958.3660702109 135245.0592355728
383655376.1567096114 160525.4066767879
384437310.2768293023 161347.7746033929
376969203.7377258539 151215.9768867940
383769688.9876068234 160676.5291542392
377064057.3286330700 151227.4040108174
383560522.5658023953 160495.6940913387
370033836.9869120717 133901.3016743660
376045350.8201327324 149002.9374080151
369384957.8695438504 131475.4303880585
375601456.0949671268 148328.7800593823
371281587.2317790389 137388.7519302815
381728155.0312116742 158365.0526777357
369976932.7065142989 133689.3612810029
384189215.7785768509 161025.2183773369
369976932.7065142989 133703.4846330537
369613328.5659248829 132754.4714418305
372033519.8076859713 139779.8870979026
384337459.3701951504 161221.5568299554
376010394.3150453568 148816.4867854565
390245419.2103850842 167007.9949493408
374437070.0811640024 145938.1056724861
381014005.0080606341 157079.4655597061
386370256.2714713216 163639.7971820831
371572777.1985946894 138238.0385108590
376854027.7147871256 150574.3106761426
370212441.7068896294 134893.5194101334
394954910.1099198461 169014.6731872559
381131080.7390609384 157255.9586016983
381131080.7390609384 157253.6583697647
381131080.7390609384 157320.6302935928
391712855.5592727065 167991.1241149902
381131080.7390609384 157310.6315753311
369698616.3023516536 132903.8107362641
373387630.4863238335 143326.8942695931
371740926.3292731643 138430.4977265447
373448468.4507073164 143531.3423758000
372856656.3149936199 142320.0934807137
390193742.6956834197 166907.6157379150
395315589.9185252190 169089.0749816895
392197596.3096613884 168220.5477600098
374839078.7661516070 146471.3411766365
370139456.7353516221 134186.8799101710
380922885.0467016697 156765.2398898453
371501529.6974606514 138174.7280121893
375779511.2584930658 148441.8653865308
391295149.8427542448 167608.7113342285
373480617.8163713813 143803.4545341209
373578650.7106516361 144033.2607474998
393279702.0813169479 168307.3602600098
376230467.3009178638 149458.4669609517
385032312.3506129384 162076.7078566812
376678179.7845269442 150333.8773265332
379604775.4642580748 154899.0276136659
373578650.7106515169 144022.0382743552
373578650.7106515169 144024.2091727927
384853022.5237556696 161963.4605038017
389393512.4967273474 166423.4570465088
379972393.7693948150 155515.4557610005
374376901.8350421190 145645.8600753993
380789695.6888139844 156647.1437823623
379972393.7693948150 155493.4356193990
376150751.1847400069 149373.9631767720
376929793.4142349958 150917.7955513448
376838038.7517803311 150530.7988963574
386456919.4541304111 163655.9333209991
389393512.4967272282 166416.2562408447
389313796.3805494308 166333.0186920166
388641660.9654395580 165703.6449584961
386481969.9890990257 163691.6757526398
373111195.2603760362 142737.6289345101
387931465.7445040941 164860.8231420517
376376069.2277635932 149774.1146660298
391388779.8793538809 167646.8630676270
384083825.9224071503 160885.6838565134
384458274.2636795640 161373.3837600015
376125700.6497713923 149340.3973198384
383914886.7092494369 160752.0094959587
391144805.7285247445 167429.5392456055
393892624.3503161669 168591.6641540527
374034986.0016880035 144904.4669319466
372920383.4681646824 142350.8943229988
393207361.9167002439 168287.6528015137
393707610.1567099094 168572.8515319824
388804581.5544229746 165887.6513671875
372300080.8085336089 140948.0473677963
388644722.5871696472 165723.2702636719
388761073.3952846527 165845.1943664551
382470500.5504899621 159269.8243587874
372464952.6282646060 141225.7381873801
376309912.1127694845 149481.9455376118
372464952.6282644272 141212.7182136253
387617864.6046519279 164544.3202123642
388745355.7366042733 165843.0976867676
377304119.7401360869 151428.7986031026
375105544.7092316151 146971.7991310433
388818495.4748448133 165966.0029907227
374855067.7291585207 146522.1177879646
374848962.4376204014 146520.9971824959
388504522.7697017193 165614.6972961426
384320367.5713108182 161156.0567066520
384605383.3920406103 161688.9504103921
374950058.4142965078 146688.3621727303
387496697.5971509218 164503.0173254013
379495284.4574013352 154595.0251450799
387942738.7690893412 165038.8169469833
376900318.9388576150 150705.0663757771
376325025.5113630891 149517.3802834004
390162880.2267603874 166839.4994049072
378152452.4472585320 152863.6771914810
385890523.4376878738 162968.3109369278
387739798.8190629482 164603.7577123642
393191644.2580196857 168274.2025451660
386369984.9671449065 163541.0773944855
377304119.7401360869 151456.3677559346
375906924.9200312495 148609.3024024814
378152452.4472585320 152802.4129702896
388916649.1054427624 166050.5709533691
387740497.3504686952 164820.3103246689
388298328.8532673717 165373.8396911621
377767621.1827136874 152171.0932299942
390065965.1746991277 166684.7237701416
378012793.2276962996 152717.8165347427
388298328.8532674313 165398.4009094238
378988902.5835514665 153932.2087388299
377829432.3657448292 152333.1343517751
377930148.3748574853 152409.0904674977
394591291.5950760245 168806.1456604004
377827316.6053308845 152320.6932507008
387055664.7430114150 164220.7206649780
385570110.7178952098 162692.4559201747
385916623.5601860881 163003.2939176112
385411421.0056895614 162577.6778440028
386684787.5376747847 163968.3009366989
394954910.1099198461 169017.8722839355
385323271.2515692115 162481.9344663173
385316168.6304836273 162335.1701464653
385406006.6454352736 162538.9159726650
389261512.0553658605 166325.6337585449
390661482.2072207332 167128.1747283936
391072390.8648924232 167345.7831573486
393949620.5104412436 168728.9961853027
393467615.6376774907 168547.7590637207
394601039.8350245953 168896.7665710449
394912531.6875615716 168922.8317565918
394887116.5515453815 168902.0133972168
394891654.1725725532 168922.0591735840
