377482563.7786819339 327.0679319567
379385084.5634642839 349.1918853923
396005369.6529713273 508.0769448616
397874953.5874257684 519.0839725733
402407177.0863130689 534.5398628116
402236283.1606936455 533.9487311244
366270816.9230419397 143.4963255901
366168963.7454503775 143.2800469004
366378754.1657244563 143.5171324029
365955453.7050892711 137.9359838243
366028424.0784378052 140.4192217369
366151924.4495410919 140.5455314298
365880198.4246242046 133.3512189169
369885864.6269177198 214.7661285400
369735209.3173965216 213.8312502428
379515569.3505764008 349.4462471133
396733613.3139693141 512.4166481271
398005665.5797631741 519.3029427528
401447485.9606595039 527.6154968143
401705255.0017181635 532.3264638782
402224976.3673180938 533.6908378005
403142805.2646878958 535.0434364676
403243483.2061060667 535.4253849387
403761738.7916577458 535.5646135211
405404966.5525413156 536.9014996886
366117530.0255001187 140.4833948989
365985363.9144954085 138.2496262065
365894841.4376035929 137.3756899018
365277092.9446750879 110.6506604160
379373420.2738501430 349.1694320632
402821630.8520420790 534.9367622733
403521078.5892047286 535.4338602424
403835095.2114870548 535.6649782062
365335558.8901461959 113.7711761276
402909173.2279242873 535.0284854770
376927976.0931329131 317.7380288339
379185931.2956805825 348.2947773910
402102300.6427029371 533.3600742221
365427811.9024959803 116.9512447842
378871079.1193854809 344.8748677278
402191650.1407063603 533.3993350863
404976093.6340780854 536.4709956050
365359201.6276121140 114.3383567535
378726134.1015715599 343.0875818039
378690271.5697005391 342.9816167856
396399511.2833107114 510.9672943093
396173466.1097821593 509.2590956427
396065951.0695257783 508.1429429390
401755206.4254500866 532.3329524398
402212742.2891178727 533.5862471461
369765802.2177696228 214.4676441359
365393616.9229077697 115.9281338017
366157743.4136711955 140.7466319325
369623949.7604946494 212.7161866796
377325843.5127266645 326.3027121491
378969119.2639549375 346.1452759834
410589936.3090024590 537.5081848502
369245958.9927539229 206.6423719628
369532088.4138547778 211.8606530201
369629767.1713643074 213.2489241731
378621176.6637350321 342.9335349107
401454436.6900967956 529.9497185349
365485835.3808627725 118.9253871747
365749646.0664962530 127.5137344283
365411324.1854853034 116.8658788510
365598413.0327711105 124.5337778684
401573500.3029428124 531.2607944012
405591393.6437877417 537.0030295253
369477320.2713980675 211.3082841408
376967749.4925316572 320.3104948488
377877451.7905744314 332.8611767514
396244699.5432161093 509.3562410809
398225459.8599675298 520.1876084208
404238807.1175934076 535.9357475638
401581847.7557055354 531.9915534854
378035517.8532913923 334.4956974699
378206554.3710061312 336.5741068427
396321514.9772238135 510.6580892541
401769802.2478735447 532.8714515567
401656919.8551043868 532.2591759562
377144097.0100423694 323.3789313122
378103621.5297477245 335.0648646657
402374599.8479743004 534.1247462630
378308352.0353540182 337.5268240044
378423816.4312341213 339.5995990107
378134387.3676049113 336.4823242728
369302701.0330074430 208.1267801030
376942445.5314045548 320.3000902928
378015061.7505888939 334.1903727102
401494682.6713533401 530.4410967827
365759913.8249995112 129.3018021017
396737108.9977316856 512.9115740657
401995535.2021903396 533.3326060176
401990780.1778197885 533.1984373927
377987578.7458208799 333.0692558168
369277900.3826435208 208.1264121039
369345942.2268487811 209.1268704636
377825208.4450258017 332.0531412159
396568609.8711332083 512.3073213845
397208514.4108636975 516.7385858893
397464762.2679193020 517.6219422221
365781959.7430212498 131.4757814735
369144135.5144787431 205.4645941679
398163993.8378637433 519.8785673976
404869051.7262902260 536.4548444152
365557445.3881728649 121.8637744918
397779394.4430234432 518.9254931211
365596699.3792637587 122.7452859938
396859652.9832786918 514.2962844074
396876080.3781108260 514.6220634580
397218170.7312531471 516.8009034991
377525396.3479506373 328.1394528028
397610787.0672870278 518.5171581507
397359126.1552243829 517.3016032577
410473801.7487353683 537.2472836375
365572612.3862559199 121.9066478705
365542643.2269470096 121.8234703079
377944688.0630497932 332.8660648939
378401340.1462570429 338.0922007946
394172360.6761304736 490.3376142234
394357283.7153919935 491.4353052080
404053793.7560746074 535.8927683234
394545322.2828564644 493.7775981873
397057030.6106340289 515.8379334807
394134631.7126225829 488.4988249987
377802520.5120362043 330.6142119536
410360799.6431202292 537.0807248950
365795516.4433408380 131.9883448810
410543370.4470616579 537.4713503718
370057679.0573764443 218.0647224915
368849297.2117382884 196.7713221757
405273839.6952649355 536.8569187522
410392404.1568268538 537.2024964690
370240539.9801668525 219.6613320460
377733694.9241358042 330.3067838129
377622371.7758356929 329.6852817413
404015648.2102684379 535.8361718059
369927670.3282532692 215.8081310143
377528058.4685808420 328.3094411966
368751752.5587269068 195.6237526845
368990176.5835378170 199.6253722160
394280817.3456394672 490.9827641696
405020187.1900618076 536.6995400786
365770940.5450542569 129.7401546471
369992683.6474606991 217.0940081229
394841822.8634328246 495.4653899521
369043431.1921765208 201.8066379178
377282137.8534461856 325.0850095239
405255498.3471416831 536.8445269465
369974896.3587663174 217.0395602335
404379043.7864292860 536.1635970473
394987129.4297332764 496.9665655196
368942389.5479474068 198.8147051780
368882900.8285399079 198.7008033245
365687350.9102976918 125.7267416344
394393687.3896773458 492.1372267306
365595905.9291925430 122.4453364824
365741736.2339805365 125.9453127326
375431940.1543990970 296.3878627639
394986833.4527289867 496.9276217520
375446343.8645870686 297.0769436716
395405459.8242658973 501.0663746595
370258816.2882639170 220.4174228058
398927079.6287658811 521.1508787870
375734858.8501383662 300.9814478186
399189632.5128626823 522.3080534339
398513843.7690999508 520.5300072432
370412880.7384240031 220.8973141235
369884849.7874887586 214.7222916584
394888446.1179310083 496.5697622597
375557785.7754256725 298.5040324848
395400936.8351901770 500.8279966414
375815941.9775158763 301.0148454826
398847944.5697367787 521.0636733770
399078915.9085851908 521.9423264861
398599305.7276110053 521.0205916166
404627716.7624532580 536.3095507026
404689095.7424429655 536.3495921493
375894707.8940442204 302.7540042936
375836216.4224900603 301.7887770862
375591251.2808982730 299.1908391636
376880135.1486006975 315.0089502433
376759266.5973840952 314.6482379437
376792942.1965088248 314.6519284249
376892615.7529287934 315.8689564467
376910446.9889087677 315.9840567005
376730177.8616499305 313.5421433783
398945639.2238460779 521.5603632331
394921478.8479020000 496.7761694491
376155649.9291642308 306.2225989312
394913612.5244315267 496.7500616610
376376469.5988247395 308.5934251756
376127057.3499037623 306.1086248368
395061959.8301113248 497.4823148549
399764114.4038648009 523.5378715396
399662778.5944812298 523.4582213759
399971089.0220848918 523.9902396798
376114326.8125402331 305.3557770461
395650730.7182855606 502.6893554032
395506341.7988793254 501.8058696687
395635425.7929438949 501.8487237990
395662863.8820278645 503.3345053494
373890804.1604645848 270.7657732592
399660085.9378784299 523.3545773625
375401579.9174230695 294.0772694774
373867694.3891980648 269.2784357766
373874605.3486093283 269.3093486243
373988630.8926999569 271.6335322195
373691642.1495668292 268.4365591035
374071811.7568544745 271.9981501327
375325079.5806976557 288.0605848875
375383741.8818197250 289.0929303516
375270254.3857886791 287.8043324623
373830607.7419922948 268.8564285265
375160694.6381870508 286.5837057806
374750357.2405199409 280.0814219366
374554088.5347998738 278.6062211644
374499905.8189569116 277.4767366316
374327501.4553974271 275.0660021569
374450100.1278195381 275.8120241546
374421424.5432163477 275.7954249735
373470250.8818330765 258.3409618838
373171647.6153613925 254.2359640291
373063166.7405321002 252.5306228480
373216451.3910670280 254.5394121108
372955152.4079772830 250.0615940390
372985075.4551740885 251.3985970912
372816047.2678449750 246.6402361043
373019738.5900174975 251.6103935481
372837332.3527151346 248.8388085997
368403735.7630554438 147.4148222891
368453538.8012713790 148.0100049232
368353090.8980863690 144.8497858635
372685508.3692092299 242.5631694232
372486205.0577036738 237.8838169516
372680618.6964425445 242.2482733668
372381699.3861587644 236.9265872264
372376538.1244463921 236.9092193866
368749290.7860234380 153.0635498239
368714023.4437854886 151.3040145745
368695764.8498858809 150.9351460447
372345368.1200459003 235.1739172364
372239999.7780377865 234.4479033375
372122897.6413571835 232.4905865962
372207299.2734128237 232.6563787257
371927710.3178250790 229.3583709431
371567368.3767849207 223.0634403254
371680046.6099463701 223.5292618999
386817863.2945161462 404.4609683888
386376594.2367870808 399.5937157762
386603138.8685600162 402.1462222037
386036024.5868921280 394.5725241708
386586688.9443812370 401.4961120647
386558607.0618034005 401.0086364009
386498957.1410625577 400.6612036910
385893111.4355778694 390.5248348341
385934549.9251344800 391.1879798900
385940383.2061921358 391.6672655531
385816105.3350425363 389.9870244154
385412953.0874639153 383.8957372737
385613608.9639127254 386.7282388640
385746098.6262786984 388.3021136952
385054722.7717465162 372.9560956678
385240792.6600072980 375.4395743377
385352583.3672195077 377.1915120847
385402320.3154616952 377.3945267960
385177712.9893553853 374.7397001704
384392817.4839954972 361.3446813661
384668463.0024139285 364.6967905823
384620443.8493506908 364.5808781075
384437036.8851064444 361.9007570789
384598614.2009148002 364.3334505305
384240124.9726204276 356.1391235599
384126993.2948166728 353.3089717323
384132964.7440645695 354.4999628956
384072887.0699077249 353.1235956842
383947936.4646978378 350.5595297808
391965556.3442224264 420.4593846100
391535347.3236343265 415.5688553947
391764730.8554430604 417.7213903564
392434652.2710083127 423.5511848952
393532704.7109518051 433.2485616283
393862331.9198675752 436.7566592916
393831341.3512535095 436.2965249046
393922694.7751829624 437.6347689851
393586855.2998877764 434.4451859761
393326976.0044988394 432.1548046638
393324226.6182215810 431.4023474913
393083528.1449448466 427.9459577512
393102675.2825282216 429.7889327716
393058782.5097413659 427.6407326769
392870826.1368840933 427.0816032003
392540366.8932813406 423.9055361515
392175828.4535212517 420.7295527076
391245381.2632526755 407.6770087556
391521789.5077320933 410.1121889085
391389413.2399721146 409.2588746027
391159269.8489373922 407.1672318057
391320540.1976976395 408.6875830964
391492276.3552209139 409.5946484544
