658461235.3989905119 6156463.6621093750
658751412.6457074881 6162905.6660156250
658390985.2833245993 6156113.8300781250
658750198.4150593281 6159741.4804687500
662589074.5544965267 6225539.1113281250
674003782.8254908323 6384423.8906250000
673169064.9720941782 6378701.8925781250
681300496.6575171947 6443593.9335937500
683217343.3263186216 6454315.5859375000
696633085.6974912882 6502365.3994140625
682907358.0195151567 6453992.5068359375
682576089.6637867689 6451975.2958984375
615500347.5576175451 3722484.4868164062
631938364.5170680285 5253081.2109375000
631652812.1268048286 5245095.1523437500
647239112.0506728888 5886220.1611328125
658688511.8369222879 6158706.4707031250
659746373.3485357761 6181436.7675781250
662630057.6461591721 6226478.1992187500
680887914.7551952600 6443111.3173828125
682556252.4249491692 6451859.5546875000
682407138.3507854939 6449735.0322265625
682131052.5617424250 6449681.9033203125
698904313.3877952099 6506088.3398437500
631300852.4856537580 5223665.1445312500
631422286.0134577751 5233798.2114257812
631175676.2399390936 5220857.3618164062
630845293.1411322355 5202477.7861328125
630770429.1485979557 5197886.9707031250
630884737.8051408529 5207099.6289062500
630847495.9593187571 5203127.5219726562
630956031.3384790421 5209987.1186523438
631028097.8670552969 5211716.5893554688
681966535.6395401955 6447311.6992187500
631107905.9571484327 5215112.7441406250
681009583.5560816526 6443550.6738281250
681600019.4836465120 6446802.6757812500
681358311.3259961605 6445488.9736328125
630758348.2829425335 5190225.6669921875
647489135.2209798098 5892801.9443359375
647229545.9347385168 5884624.5419921875
647481455.7018283606 5891269.2724609375
647196195.4240633249 5884517.3984375000
647265072.1298717260 5886427.1386718750
662339619.3479391336 6223288.1689453125
662396319.5273727179 6224321.7197265625
699984309.8720587492 6508333.9472656250
615515248.0384235382 3727759.2133789062
615673398.9829142094 3755349.8078613281
618049052.5988079309 4143833.5219726562
617970723.0146409273 4139391.5612792969
632759014.8082300425 5281663.9245605469
663413928.9063545465 6237339.0693359375
663361484.9646735191 6235280.6093750000
618203775.1216778755 4147338.0659179688
645833877.1886879206 5842246.6513671875
645795570.3217836618 5839709.6665039062
699324272.0199164152 6508232.7617187500
617783577.3546725512 4123867.7624511719
621643540.5903534889 4532934.0839843750
646479464.0999165773 5864655.6474609375
646253234.4878648520 5858527.7285156250
621953004.2017709017 4551227.3110351562
615610880.4341191053 3742579.4040527344
617876412.9860684872 4134746.3300781250
630752373.2255220413 5180338.6967773438
632787698.0576680899 5282987.9772949219
646154208.5569682121 5850627.5888671875
659673465.0502265692 6180392.1376953125
698915722.0408296585 6507018.1816406250
630750590.2206516266 5174192.2387695312
632689478.1435972452 5280241.3981933594
660262001.4096527100 6191463.4130859375
696093328.2838133574 6499780.6074218750
697230865.4755601883 6503092.7060546875
617964944.7501238585 4136299.0458984375
617854258.0866597891 4129114.9484863281
621462446.8839064837 4510283.5336914062
674334589.7367171049 6387245.1445312500
674042790.1685780287 6385244.3017578125
679508578.7545976639 6428326.2578125000
699143083.5361781120 6507429.4160156250
617698600.4199206829 4113864.3679199219
633068688.1712524891 5294817.5578613281
617651990.7580881119 4104861.1325683594
696012552.1240569353 6497433.9345703125
659345410.6334766150 6173397.9013671875
632957065.5137014389 5291481.3303222656
661727760.3755288124 6214630.1533203125
679908134.1734938622 6432509.5498046875
621562665.3283405304 4518387.1943359375
644926390.0236873627 5801800.4833984375
662037368.1360858679 6218881.6494140625
678163553.0760467052 6410043.3378906250
621745741.7029925585 4536302.9345703125
621483241.5076658726 4515512.5522460938
698416266.6468112469 6505468.9609375000
698253518.7159663439 6504858.1484375000
674496604.9762029648 6388306.3603515625
649262411.6019641161 5927187.3916015625
658905562.6744997501 6164894.2978515625
659132161.8530188799 6169697.9755859375
659519968.6357101202 6178126.6943359375
696183735.4845049381 6500108.4599609375
615846273.6549676657 3773060.7661132812
622111149.1692105532 4557905.1665039062
632265970.5228812695 5259357.6130371094
644863139.9355168343 5801122.8632812500
678298195.8676326275 6417583.7041015625
697931031.9558984041 6504453.2812500000
645095240.0231469870 5809255.5424804688
649536745.0278240442 5934388.7382812500
696507657.1449012756 6501364.8476562500
615805673.1939625740 3761379.9829101562
622374851.9775595665 4563578.7558593750
644981300.7567601204 5804550.0688476562
649233702.4483491182 5925136.5712890625
678474486.5727708340 6420585.2734375000
678701709.5046095848 6423967.4697265625
616704479.6725006104 3886286.0488281250
645022261.7219376564 5808149.4399414062
674834261.5507661104 6390418.0429687500
680187555.0942029953 6434367.6523437500
628547956.2106275558 5013716.8815917969
645101686.0684580803 5809678.6625976562
661104124.0402554274 6203824.2958984375
660746422.4569829702 6198840.9062500000
645010886.9924446344 5805544.6821289062
616408441.8428997993 3879120.3566894531
616220082.7192033529 3849590.5834960938
628631255.0958226919 5025024.9938964844
660416424.7261286974 6192260.9208984375
616256501.2103084326 3857118.1726074219
616501254.3231179714 3883830.3322753906
616329555.1433873177 3869878.3935546875
618472109.1062312126 4147656.9934082031
648823342.8994132280 5917803.9345703125
648183158.6690207720 5898415.7099609375
695656794.3595321178 6496213.2500000000
695430160.0854076147 6494191.5175781250
615984540.3376182318 3780375.2722167969
648576740.9345399141 5908150.1904296875
663692495.2533028126 6238535.0380859375
618665528.8501160145 4148538.5725097656
675714086.0996637344 6396121.9970703125
675524967.5170040131 6394838.2324218750
675497206.5996376276 6394174.1015625000
648579172.1776472330 5910863.7705078125
648565599.5987030268 5908007.3750000000
648430641.0141633749 5906692.7226562500
664103443.1217970848 6245376.5322265625
664027435.5777362585 6242197.6523437500
616158308.6663855314 3820143.9921875000
616095276.1763106585 3789024.9677734375
663813390.6263414621 6241557.2851562500
663716222.2723040581 6239465.0771484375
621352373.9084700346 4466999.7761230469
621197929.8498231173 4446447.7241210938
621299620.7076474428 4453723.1655273438
621282370.7568525076 4451916.6650390625
621208301.3960304260 4450752.4965820312
629746016.6966313124 5073234.7558593750
629409446.0501883030 5059230.5991210938
629697805.6474568844 5070929.9951171875
616793790.0977934599 3889911.1372070312
617030812.2805149555 3914625.2319335938
657723049.8073185682 6129238.2734375000
621100199.6365158558 4409624.4523925781
657690689.4428033829 6126907.8349609375
657681655.4301117659 6125491.9716796875
620914866.1086913347 4391462.5510253906
657546385.1018614769 6120835.8134765625
657719116.5360919237 6128944.9892578125
663641752.6007379293 6237811.2802734375
617593810.1622127295 4010468.0114746094
620825162.7560762167 4375165.4377441406
657939740.5381340981 6134119.7275390625
617151240.4190794230 3921295.6560058594
617462015.4067684412 3975028.7468261719
620771692.9354348183 4366353.9873046875
620676647.5249902010 4356702.1674804688
620598264.3730233908 4356175.4350585938
657987577.4677507877 6135307.3232421875
617390034.0290631056 3966465.0610351562
617326334.3367977142 3954848.9135742188
671161553.2290729284 6339690.2353515625
617448277.6012918949 3967730.4006347656
620500507.3834503889 4343105.7333984375
671368207.2466908693 6341884.6835937500
671292483.0932521820 6341133.7792968750
627001879.4135853052 4855139.1428222656
671209055.0445178747 6340721.7451171875
630184545.8284331560 5103406.4843750000
671433781.3103502989 6342808.7392578125
671914807.6798213720 6348754.8857421875
617313063.5992804766 3948769.3923339844
617284282.2156871557 3938951.5854492188
671499965.7319947481 6344790.7451171875
620087608.9941703081 4283913.0280761719
619976177.9766734838 4277891.3654785156
619847604.3916941881 4264887.3728027344
671760632.3556584120 6346513.3652343750
677767375.3155462742 6398584.8583984375
678003699.5228416920 6403035.8193359375
619743460.6935571432 4253577.7270507812
619692897.5902863741 4247800.6206054688
619885376.8439425230 4267844.0676269531
619842652.8309581280 4264835.6916503906
619769906.0886293650 4254549.7858886719
630405026.0380499363 5111604.3881835938
677937370.2061029673 6401812.4199218750
690628349.4621093273 6472085.7802734375
677808405.4445209503 6399782.1533203125
677917872.4811689854 6400807.0214843750
695027558.6108132601 6487709.8496093750
690701384.4057393074 6473934.5087890625
690691687.7958728075 6472581.5205078125
693524580.5336281061 6484890.6171875000
630134827.1055068970 5098101.2438964844
630551690.9984880686 5118430.1105957031
693765317.7211565971 6485839.5390625000
667125021.4759446383 6276811.8369140625
629773917.5741466284 5075640.8471679688
693078493.0078787804 6483831.1464843750
669200791.4814832211 6301424.9677734375
669495094.0853120089 6308453.5585937500
669899380.0229568481 6311872.0546875000
669472306.3953529596 6305480.4746093750
669656275.0690046549 6309320.1210937500
694034098.1226230860 6486397.7500000000
669124776.0254380703 6297374.7753906250
693378220.7401918173 6484857.8525390625
669081014.3944251537 6293863.0097656250
693705582.5512007475 6485649.9677734375
668804688.7334287167 6292316.3818359375
692520172.0312407017 6480390.6806640625
666214732.5371900797 6262218.6464843750
666119322.8531517982 6260962.4521484375
666184377.8921651840 6261617.2841796875
666446442.6025466919 6264670.3095703125
666338864.0667977333 6263373.5126953125
666343028.7118872404 6264395.5322265625
692598661.6643662453 6481096.9628906250
666055457.3333332539 6258654.4394531250
689741927.1074273586 6458975.6523437500
689980780.8234007359 6459605.3437500000
690206024.9790107012 6462351.2148437500
690237301.9713665247 6463500.5214843750
625215028.0681846142 4714356.0996093750
628288881.7309263945 4952931.3874511719
628486719.1355611086 4966626.6608886719
628342085.6330322027 4956725.9660644531
628243881.3794181347 4952753.9636230469
628453823.2629539967 4960656.3718261719
627343183.0623321533 4886082.6477050781
627561066.0047961473 4893469.3747558594
627481060.7266128063 4891983.6027832031
627255178.9717007875 4873404.9138183594
627243520.9533210993 4870058.7104492188
626661873.9266259670 4830176.3208007812
626571857.9848078489 4818241.0275878906
626502648.7449917793 4816605.1975097656
626359454.3853194714 4803117.0046386719
626338047.2518869638 4798552.8854980469
626256717.1962758303 4783263.0161132812
626200598.7983649969 4777542.4003906250
625915082.6069848537 4764474.5144042969
625787503.6075774431 4745429.3073730469
625684340.6114304066 4736867.4724121094
625673733.1619720459 4735758.4919433594
624941064.5223511457 4679750.2182617188
624856269.8125398159 4665813.2016601562
624767688.1812942028 4653545.3793945312
624706143.3646566868 4641356.8850097656
624724823.6572017670 4647145.0432128906
624631755.3885425329 4615363.2268066406
624570364.8463596106 4610753.8322753906
624678057.7944350243 4615530.8937988281
624241244.5477008820 4582430.9003906250
656492769.0597914457 6007871.7939453125
656538750.7564347982 6008950.2558593750
656337857.0737406015 6007072.5136718750
656597335.9681167603 6011041.5468750000
656878905.3747931719 6013042.4082031250
656490183.4349807501 6007772.0566406250
656409605.5849003792 6007579.4628906250
654641469.3632254601 5956118.0097656250
654289862.7385052443 5951501.3378906250
654070717.5974980593 5948397.6416015625
653914643.4171882868 5943514.0976562500
653955803.3953050375 5944443.6816406250
644058762.1727728844 5298791.3476562500
644146691.1952461004 5299835.9755859375
643999736.1316307783 5295209.7416992188
644284253.1100387573 5300935.3393554688
644426990.4678013325 5305808.4536132812
644504783.6969814301 5311773.9096679688
