379458530.1404960752 9970563.7988281250
403613992.1324382424 11879969.8750000000
422883124.1167248487 12254573.4687500000
441687587.1199831963 12296037.0039062500
379650204.0614025593 9997324.1523437500
379496527.0481255651 9986438.5410156250
386290959.9699534178 10891736.3867187500
398247697.9685502052 11667926.7695312500
398269806.9994095564 11668074.9140625000
404011281.8068382144 11888249.9765625000
409779925.9572858214 12040710.7031250000
427934286.6108524799 12281459.2265625000
429645897.1993732452 12287264.8281250000
410420142.1182612777 12050703.8984375000
410595618.4866903424 12055352.6562500000
380953095.9069373608 10270358.7460937500
384339630.7150276303 10715478.3750000000
410201091.2474022508 12049304.9179687500
386361530.5041184425 10893076.9375000000
386265979.4776326418 10890788.7304687500
409133635.7783376575 12021166.2890625000
423156581.7418254614 12255404.7382812500
429100266.9669363499 12284767.1445312500
430219508.1886764765 12288038.2851562500
410324432.3409849405 12050250.3906250000
389505991.3667197824 11149496.3203125000
416518213.2314510345 12178488.6250000000
429727932.5174094439 12287657.3632812500
386336464.3822529912 10892947.4609375000
403945573.4632480741 11886593.3671875000
423323886.1139496565 12256742.8085937500
429234266.5686869621 12286526.5507812500
384060326.8584561348 10683411.7656250000
399126587.7643858194 11711005.5117187500
422931412.1685748100 12254901.3359375000
386523471.4920818210 10896517.1601562500
404004547.3765251040 11887882.7578125000
403882693.9450480342 11884063.6093750000
403900290.4162073731 11885073.1914062500
418855025.5009236336 12208862.0742187500
378772104.0143468976 9802695.2265625000
398420126.7579247952 11677653.1718750000
398497896.9589227438 11683204.9335937500
398562140.5138808489 11684763.9296875000
404015337.9701831937 11889772.1484375000
419096492.4876015186 12210423.1718750000
422748701.5532712936 12250775.3515625000
383988548.1255426407 10673497.1875000000
381057980.8981343508 10277239.5410156250
384460030.8019519448 10719281.2617187500
409256055.6028808951 12026615.5468750000
378706643.6727807522 9788777.4726562500
384192872.7062848806 10704803.6054687500
386316281.1250438094 10892174.1132812500
418910440.1922688484 12209935.0585937500
380797612.3854215145 10252041.7734375000
398493257.5038287640 11682918.2343750000
392884252.5379775763 11367578.8046875000
440690302.6615799665 12295197.0664062500
409455481.4816423059 12032690.3515625000
409493109.2818697095 12033726.0625000000
441123411.4714626670 12295782.1914062500
378761921.9871494770 9799435.6113281250
380643328.9734724164 10218564.5097656250
398590349.5920530558 11685569.9335937500
416229187.1303482056 12170361.3476562500
384685790.0511400104 10752573.1132812500
392806099.5011516809 11360960.7070312500
402660517.6343953013 11840096.7734375000
403406846.6436212659 11872448.3164062500
378378881.0513023138 9649723.5039062500
402488378.6448640227 11839863.4609375000
416313671.5496544838 12173758.0781250000
425726492.9167409539 12266046.4921875000
379474978.9588187933 9976504.5117187500
386476427.4634495378 10894266.0703125000
403186305.2421547771 11859591.9804687500
384088342.9903541803 10688263.1562500000
384594058.2706831694 10744918.8398437500
419147269.2413202524 12210492.0898437500
384138837.4448216558 10699110.8554687500
416052159.3000023961 12168637.6406250000
398632198.5292353630 11687420.1132812500
398770043.0152219534 11695556.7460937500
398942330.9308176041 11703055.4687500000
416794491.3172314167 12181013.4687500000
421682580.9370374680 12244573.0976562500
421333531.7148234844 12239610.9882812500
420968049.8739901781 12226098.6835937500
442799513.7225626111 12296085.5273437500
380598218.8650478721 10212824.9746093750
398334241.3260823488 11673208.2265625000
378385902.9904908538 9654500.6250000000
403205129.2674357891 11863649.8828125000
431221205.2474465370 12288760.4414062500
431180269.5713953972 12288670.0976562500
385863866.8005766273 10859316.8789062500
393252064.7466285229 11382268.8671875000
421272453.8515740633 12238308.3867187500
384731631.9362012148 10757823.9765625000
419187507.0515222549 12212728.1445312500
418885415.7011597157 12208883.1953125000
380686206.3737282157 10230071.2988281250
384491288.2351077199 10730909.9179687500
384488109.3067858815 10727402.0078125000
383647917.2999117970 10620911.2812500000
430548369.2117236853 12288157.8007812500
380581582.8914363384 10211670.3183593750
378493254.7406800389 9691105.2597656250
392924997.4371295571 11371066.4804687500
393306516.4499681592 11388245.8398437500
378402684.8220976591 9666035.9863281250
378456153.7254340649 9687788.8398437500
383398327.1236668229 10584847.5957031250
425075752.4040048718 12265864.4023437500
441471543.1239456534 12295837.3867187500
399088608.6551550627 11707054.9960937500
402174158.8315615058 11827780.5546875000
403094742.8158847690 11857044.2890625000
402825516.1231676936 11849090.3554687500
380491926.2519467473 10191764.8535156250
425174516.5691089034 12265945.5507812500
415350746.0509290099 12153178.4804687500
442840971.8121281266 12296123.8398437500
385885999.8264299035 10860088.1953125000
393024000.4029156566 11376588.1679687500
392718412.9850786924 11359469.7382812500
421574497.0063867569 12241522.3164062500
383515816.2762749195 10609990.6601562500
383846412.3030085564 10633572.9062500000
424963908.8698974252 12265204.9492187500
408943841.8852177262 12014484.3359375000
380497787.5257499814 10195875.9355468750
383713946.7184165120 10628870.6796875000
385510155.4223718643 10826868.6484375000
401810492.3550695777 11806741.7226562500
401816927.4127590060 11811085.5507812500
383970575.3676311374 10636644.6953125000
385322945.5766574740 10812264.0156250000
401975195.3389874101 11819641.3398437500
379263262.6725043058 9918229.6953125000
378495917.3119898438 9697903.4648437500
389875111.5920364261 11168981.2968750000
421091489.7881608009 12236989.4257812500
430896951.4339342117 12288353.1093750000
441111832.6855565310 12295461.2656250000
389920803.0607336164 11171060.2968750000
390238292.5497888327 11175698.5742187500
389865571.0266820788 11165379.0781250000
385752612.5271844268 10848266.0742187500
385688421.5333775878 10843153.6093750000
379342945.2815671563 9949246.3378906250
390051891.4737977386 11172599.2070312500
417405326.2378091216 12186659.4414062500
392294764.9005575180 11329626.4882812500
424325645.8186561465 12260636.0781250000
424239899.8577771783 12260461.1093750000
389969808.9515420198 11171716.3320312500
392368910.9879894853 11333035.9140625000
385217757.7478869557 10802490.3085937500
392346396.1178942919 11332665.9843750000
378581833.8204814792 9742450.0175781250
380475419.6292613745 10185976.5917968750
401790023.8668718934 11806340.5625000000
401342743.1673552990 11788638.2578125000
392288200.0210473537 11327890.5234375000
378556517.4991102815 9736070.1796875000
392229246.1271233559 11321724.7070312500
406856922.3184741735 11955648.1523437500
392289034.8298829794 11328194.6992187500
428766330.7538441420 12284568.4609375000
378505658.2661073804 9710696.9726562500
406465232.2284879684 11944342.5820312500
428529183.2806529999 12284126.6289062500
380397975.0799390674 10172504.0566406250
380300041.2097627521 10148970.9902343750
428205273.2557721138 12283195.1679687500
380320654.3832861781 10157079.3378906250
401168174.3333732486 11779934.4531250000
392065954.6110600233 11307753.7578125000
400804644.8225249648 11770431.6015625000
380155342.5493492484 10121096.6816406250
380230338.0383800268 10130855.7089843750
418517129.9660212398 12204152.9101562500
420059655.6212541461 12222212.1250000000
417166199.1274953485 12184691.0742187500
428072672.0904725790 12282829.9687500000
380119333.1816754937 10112455.5136718750
414849349.8105824590 12133890.9257812500
389243653.7883729339 11121426.6289062500
381476679.2089226842 10311281.9316406250
400053206.0041663051 11743212.4531250000
400290361.4241060615 11752134.3632812500
400381340.9550901055 11753900.7539062500
419716500.4960100651 12216603.0156250000
433429772.5756952763 12289306.5976562500
428385952.1805703640 12283280.7695312500
380054067.7934755087 10098563.6542968750
400030749.7934470773 11743165.1132812500
418018070.7549721003 12195451.4804687500
388547737.1382638812 11061073.3125000000
417937367.5719002485 12195340.8359375000
420017148.4123269320 12221589.1875000000
379190609.2483523488 9907570.6953125000
380001267.5252590179 10085953.7304687500
419854203.1666606665 12219632.2343750000
419722299.0353380442 12216990.9101562500
381235826.3079124689 10281381.9140625000
388833966.7946235538 11082885.2460937500
419627030.2482635975 12216593.4375000000
399558818.7697728872 11722995.7070312500
399396444.9776718616 11717941.5273437500
399455404.9434380531 11718841.7617187500
407916121.8020187020 11982754.2226562500
388659889.2792347074 11070005.5273437500
407831799.0192459226 11980392.9023437500
379932950.0437607169 10070585.8203125000
417803582.2000077367 12193053.0507812500
434744945.8140320778 12290008.2695312500
406223609.0030803084 11936590.7617187500
407416940.0474460125 11968815.3281250000
407760379.5205210447 11977008.3437500000
407453440.8462216854 11969419.0312500000
407595189.5931006074 11973093.9062500000
388708360.4194774628 11075358.8710937500
391906914.9010680318 11290372.1914062500
388698608.5015382171 11074473.9687500000
379160024.8891817331 9898055.7324218750
407670501.4314244986 11975960.8515625000
388909029.3193174005 11090120.0078125000
394297820.6857582331 11433667.5234375000
388429028.4229350090 11047196.2421875000
394350606.9656646252 11436105.4257812500
394579605.9200155735 11445246.9140625000
388452380.9335645437 11052034.0820312500
394402805.4995180964 11439144.4687500000
405762510.4115031362 11917064.6289062500
379234571.8721074462 9917556.8203125000
394196999.0599375963 11423687.0156250000
405399789.5554333329 11905907.3515625000
405641455.5853285193 11914781.8203125000
405454235.4351664186 11907296.0351562500
405568538.3654345870 11914482.5000000000
379092217.3411734700 9862006.9453125000
427288687.9112403989 12275389.1445312500
394201025.5768300295 11429081.1640625000
440188671.6630223393 12294408.1015625000
383363014.8090505004 10554648.2382812500
379125221.0317403078 9879912.9667968750
439820386.1760804057 12293697.4921875000
378956813.9083402157 9817734.3183593750
378905048.8424050808 9805429.3789062500
378936182.5755372047 9817310.9882812500
393822670.4036704898 11398235.9843750000
438783690.5958264470 12292479.8203125000
426840570.2732606530 12268971.7382812500
426684940.3738513589 12267664.9296875000
391706518.1961740255 11271357.4882812500
391887846.7178350091 11283704.4375000000
439003614.6001970172 12292792.0703125000
391845299.4766729474 11283304.9609375000
439342269.0517555475 12292921.3632812500
438576075.1803268790 12292184.8945312500
438483005.4597356319 12291348.3632812500
388229862.0234304667 11016459.1835937500
387924437.2309202552 10979610.7343750000
388076329.7441955805 10999998.8203125000
387937295.4054481983 10982753.2031250000
387992989.7777947783 10988439.2109375000
383280443.4670522809 10515789.0312500000
383330691.4555404782 10536157.0195312500
391685749.1718532443 11240540.4414062500
379902859.6695668697 10030905.0273437500
379917661.3758764267 10034059.4394531250
379896470.9680923820 10027919.0996093750
379785150.7109001279 9998496.8417968750
387775083.7203743458 10949554.6914062500
387665904.4502376914 10936791.6523437500
383106054.6600765586 10475099.9882812500
382863885.2539970279 10445251.9179687500
382958072.6079664826 10459401.0234375000
382823721.5401773453 10440415.0078125000
382748550.7903492451 10420954.9433593750
382698543.8431456089 10420726.5117187500
382793578.4869229198 10434239.2656250000
391292496.9281967282 11180600.4296875000
391618177.3070086241 11198079.0507812500
391520170.0937023759 11193951.6484375000
413876068.8462584615 12078484.2148437500
414260306.7106410861 12088460.8632812500
414344972.9309732318 12090738.4921875000
414304850.4833200574 12089869.5000000000
414180202.2135116458 12086351.7421875000
413890321.3558444381 12080202.6132812500
382378614.2137887478 10375924.9765625000
382263565.8993395567 10363113.6718750000
382242614.8684158325 10356574.0117187500
382062336.8365774751 10338277.2148437500
381986861.0025521517 10328797.8554687500
382041658.3421151638 10334649.7187500000
