136857667.1609431803 3366153.5449218750
128728555.2229241729 3041001.6582031250
133894974.4278999269 3314043.2734375000
132991001.3253936470 3285837.0253906250
134120248.5062283576 3321319.0703125000
137071252.4375486076 3369784.1269531250
135195891.0362060070 3344614.6142578125
128465395.5343836695 3005275.6035156250
136522755.5854886174 3364517.4589843750
129842966.2862156332 3134057.7988281250
132091629.7901220322 3260684.7851562500
136110252.5654591620 3357516.3222656250
138556336.8841506541 3385052.5224609375
137144179.3100492358 3373175.4082031250
133861612.8359284848 3311887.8007812500
131022575.4253989309 3209280.2812500000
133783652.1389050335 3309295.9960937500
132715325.6919958889 3277514.8144531250
129073460.5012392551 3072121.4960937500
131661263.8473744243 3239518.3007812500
134746596.7586861253 3330369.5429687500
132779125.1251549423 3279156.6757812500
130050643.5217018872 3147748.9492187500
133488975.8789626211 3301949.3593750000
135752843.5346625745 3351356.2910156250
131283532.6882659793 3225561.6132812500
134902075.8963827789 3336888.6533203125
129588638.0926979184 3122824.6601562500
131141905.0253603905 3219795.8984375000
131534773.5220678747 3239242.6992187500
131109817.4539020509 3217553.7500000000
130862499.5559195280 3202933.0390625000
130964937.7718094289 3208966.1757812500
130845157.0703472048 3200480.9140625000
139205495.0276516676 3387957.0654296875
131109817.4539020509 3217909.2578125000
128895931.2151131332 3056695.3496093750
129646275.7462874502 3122842.7421875000
129561627.3998853564 3117621.9179687500
131859061.6641990989 3252262.0234375000
129784072.0583542138 3129750.6621093750
130158263.2401833683 3154990.1621093750
135968790.3436857760 3354804.8525390625
135899036.6568054557 3354318.3574218750
130889510.2487321198 3208392.3906250000
131197630.9614874423 3221222.8945312500
133376061.0467811823 3298529.1875000000
131141905.0253604650 3220178.8710937500
128751530.5411032587 3047204.1523437500
134057970.4219328463 3316340.8046875000
131059112.9732472897 3214777.3242187500
134347508.8057105541 3322262.2851562500
134098065.9327014685 3317146.0273437500
133670737.3067235798 3305788.9023437500
134009021.3429974020 3315987.1718750000
134009021.3429974169 3316089.1679687500
132444971.9182083905 3270004.8750000000
132338555.9857218564 3268497.5585937500
130158263.2401833981 3155184.4746093750
130158263.2401833832 3155090.2519531250
132171725.6277777106 3262032.0625000000
130964937.7718094587 3209252.4960937500
138855072.6434239745 3386928.4912109375
133824454.8563675880 3309951.1171875000
134461222.2312524021 3326475.6992187500
131059112.9732472748 3214722.3437500000
138633832.9933948517 3386225.7607421875
129193775.7201107293 3090692.7988281250
134655499.0384908617 3328596.8798828125
129922481.0372112542 3144476.8125000000
134204920.3782597929 3321779.4570312500
130364468.1459476799 3169327.6562500000
136201985.3697069883 3359797.1582031250
133615035.9780365378 3304931.0585937500
131059112.9732473046 3214847.4687500000
138578555.8148029149 3385671.6708984375
132229891.1717949510 3266966.5429687500
132715325.6919958889 3277894.2500000000
129252986.1784893870 3099487.1796875000
138593189.4771055877 3385676.1044921875
128685996.1170804054 3040214.3203125000
132229891.1717949212 3266843.6914062500
130455628.8723120242 3173148.7187500000
129784072.0583542138 3130015.9785156250
134147282.7246702909 3321745.8828125000
128632148.2850125283 3031841.0644531250
137409398.3964301944 3374760.7714843750
130455628.8723119795 3172812.7343750000
129758428.1936189532 3128427.9101562500
129807220.9568112046 3131573.2578125000
132338555.9857218266 3268142.0507812500
130232462.5376698077 3161828.6679687500
138593189.4771055877 3385691.1083984375
132772963.3455853909 3277922.0273437500
130136608.9016512185 3153188.8281250000
128385648.4033551961 2993016.4355468750
130136608.9016512185 3153558.5703125000
129839752.7937185615 3132010.3242187500
129895470.3443987072 3139013.3242187500
128854301.2201784700 3054891.6933593750
135845743.6757154763 3352285.7470703125
132022555.3820829839 3258402.7109375000
136880057.5220237076 3368822.3378906250
137601821.2436074913 3376011.2675781250
138941618.4182562828 3386971.7958984375
132715325.6919958889 3277538.7421875000
134433331.1829409897 3325381.2578125000
132145457.1851847172 3261082.3710937500
129668702.9685710371 3125432.8320312500
136310625.6962564886 3360820.4121093750
136880057.5220237076 3368719.5449218750
133021336.5735338330 3288356.4570312500
133071806.1858948767 3289195.5312500000
131716944.4348547310 3246089.2421875000
128588291.5871759802 3021076.1972656250
131275633.7143245488 3224368.9882812500
131675793.2955485284 3245905.2089843750
134009021.3429974169 3316150.4960937500
128677241.5349788666 3038795.8925781250
131383130.4150303304 3227867.7753906250
130092587.3698990792 3152619.8085937500
134708537.3361179233 3329820.7548828125
136126031.5968870521 3357545.5917968750
132091629.7901220322 3261044.8789062500
128841255.7661511600 3049793.7617187500
130397991.2187225223 3172808.1210937500
135982617.4118614197 3354987.3720703125
134812350.6713348925 3335009.4423828125
136992581.5436129868 3368986.2871093750
132007150.2143671960 3255083.9726562500
133986586.4805178493 3314444.8750000000
128685996.1170803905 3040208.5820312500
133557398.3244470358 3304903.3906250000
133798921.8293224871 3309606.1523437500
133129443.8394843787 3289223.1992187500
130018506.6347697228 3146982.3417968750
133525310.7529886067 3302572.1992187500
129400349.0571268350 3102105.7167968750
135994352.8069078922 3355350.7001953125
128565410.8553863466 3014373.5136718750
129504100.8795100302 3109106.7089843750
134959713.5499722958 3336921.0869140625
134676801.8180543482 3328948.6962890625
130082502.5105374604 3151576.6894531250
131859061.6641990691 3252075.9414062500
129646275.7462874502 3123198.2500000000
131416653.4878052026 3231683.2675781250
131769336.4391511977 3249786.3203125000
132819715.0468566269 3281955.7304687500
131521648.4032704979 3234356.0390625000
132171725.6277777255 3262369.6171875000
132396193.6393113583 3268525.2265625000
129549703.1628806889 3114030.3808593750
129310623.8320788741 3099514.1054687500
134789892.4872687161 3333029.9462890625
136880057.5220237076 3368373.1503906250
131916699.3177885860 3252441.4296875000
131826974.0927406698 3250143.7695312500
136454663.1988378465 3361013.0527343750
138207871.5096960664 3382850.9599609375
131826974.0927406400 3249922.9570312500
136192725.4763480127 3359239.6308593750
133623993.6325718611 3305786.6640625000
133695131.8156922311 3306611.3046875000
129413863.7690390497 3104426.6035156250
132416987.4797207862 3268602.6406250000
128677241.5349788666 3038440.3847656250
136745910.9779320657 3365966.1621093750
129162713.7688445151 3076448.4335937500
129425404.3506210595 3106464.8613281250
142209041.5784890950 3394493.5517578125
128985054.2188499570 3062623.2050781250
128938427.4807580858 3058597.0683593750
136505080.6967610419 3364264.7636718750
128882408.4965752810 3056548.1347656250
136880057.5220236778 3368300.8417968750
129410848.2874284238 3103874.2207031250
139167012.4461687505 3387494.0410156250
138086291.2622353733 3380911.1279296875
135308805.8683874309 3344819.5439453125
134363133.8307089806 3322800.1992187500
136192725.4763480127 3359191.0566406250
129425404.3506210595 3106178.8847656250
136183669.2504765689 3357561.2128906250
134792053.4032735229 3334115.4111328125
132834984.7372740507 3282196.8750000000
128634682.4291351289 3038060.3359375000
129379354.4239689857 3101993.3496093750
131521648.4032705575 3234699.2636718750
129425404.3506210595 3106054.5800781250
131521648.4032705277 3234462.5488281250
129379354.4239689708 3101871.6972656250
131521648.4032705277 3234373.3496093750
135308805.8683874309 3344841.5126953125
138086291.2622353435 3380808.3349609375
135338114.6544775963 3344876.5673828125
138012570.5841098726 3380646.2216796875
138500005.3665926456 3384840.6982421875
131663765.6326148659 3240470.8339843750
135601602.2855827808 3349081.4931640625
130585269.1427218914 3182971.9453125000
130585269.1427218914 3183123.4843750000
130317110.8840718418 3167055.5507812500
142141891.7279942036 3394296.5439453125
130715366.9304172546 3190177.8671875000
137779847.8991294801 3377128.2177734375
140793260.9486666024 3391304.6533203125
130486695.9982339889 3176647.4238281250
130317110.8840717971 3166697.5312500000
129503272.6659149975 3108850.4667968750
140824529.6596024334 3391375.4658203125
133862471.0202791989 3312275.9960937500
133834084.2148624808 3310133.6445312500
130530531.9324621260 3180671.4921875000
132916190.5270549357 3285292.8984375000
141464116.8952296078 3392733.9736328125
133228427.5998338312 3293154.8437500000
136003596.9174413681 3356130.0214843750
141100370.1371853054 3391805.5634765625
141328001.1466389596 3392642.7314453125
130597647.7908296138 3183131.8007812500
130508440.6229953617 3177754.0976562500
132527461.2691605091 3273690.3945312500
132592004.1403462440 3274851.5468750000
141886274.2012347877 3393127.5205078125
138372261.6167489290 3384724.6357421875
140876402.9106407166 3391659.8837890625
132640888.9770652354 3276032.5039062500
142128080.4577032924 3393304.8291015625
130715366.9304172546 3190215.1171875000
140731813.7522929311 3391270.5595703125
132790842.1486753523 3281554.3046875000
137863558.7636492848 3380204.8740234375
132461939.4649540633 3271509.3007812500
130005396.5969848931 3145452.0546875000
135387407.0382909179 3346837.8857421875
139298680.3553202748 3388126.7060546875
140793260.9486666918 3391354.2822265625
138113163.7407069504 3382456.4326171875
134825664.8423544466 3335393.4472656250
132527461.2691605091 3273672.2226562500
135108678.2416605949 3339889.3886718750
134899385.5204799771 3335603.3964843750
129744633.6053452194 3126120.4121093750
137620970.5824751258 3376432.4091796875
131347877.9405091852 3225715.6875000000
134587148.4477010965 3327571.6933593750
129851639.2567113638 3134100.6582031250
133131439.2192454785 3290117.8007812500
130765993.8873560876 3195226.5683593750
129744633.6053452194 3126122.9238281250
135594958.6247383952 3348664.3486328125
130697171.3120618165 3188619.7597656250
130004843.8979705274 3145232.9296875000
130203681.7625445575 3158442.5000000000
130649035.1884145141 3186357.4667968750
137964980.1394192576 3380557.0878906250
129851639.2567113638 3134088.2675781250
130735998.1555261165 3194826.2050781250
130766642.4843201041 3196155.4726562500
131040050.8352118433 3211538.4453125000
130203681.7625445575 3158356.4179687500
139763567.1693047881 3389667.4482421875
130203681.7625445575 3158408.1289062500
130807482.7092889100 3198438.9687500000
139763567.1693048477 3389688.1826171875
135133435.9683668315 3340111.7548828125
130203681.7625445724 3158620.4980468750
135059715.2902413309 3339769.3056640625
129880970.3599859029 3135967.5722656250
139763567.1693048179 3389675.9208984375
137852413.8434702754 3378921.0576171875
133148498.6704165190 3290881.4843750000
139559609.6498145461 3389319.1630859375
133247318.4890542477 3295629.4658203125
133247318.4890542179 3295614.6728515625
137355544.9431646764 3374031.7714843750
139559609.6498144567 3389308.7373046875
140613775.5453937352 3390645.0693359375
137545941.1970809400 3375686.1933593750
135161172.4649602771 3341872.5908203125
133387015.0650699139 3298815.5390625000
140193787.1994937956 3390560.6474609375
138264100.2290922999 3383346.9482421875
134739624.6424109638 3329851.9082031250
133157423.6580401957 3292252.0312500000
136986193.1397797763 3368844.2636718750
138277400.3801258802 3383759.1552734375
139874295.7238427699 3389690.3740234375
138953362.7918575406 3386994.0029296875
139390528.1869284213 3388186.9404296875
138700002.3901939094 3386691.4912109375
137809258.4762636721 3378379.1230468750
139065942.2608003914 3387020.7568359375
140021395.8018192649 3390014.9560546875
138294385.8309881091 3383880.0654296875
140748700.3096344173 3391274.6455078125
139067293.5206470490 3387070.0966796875
139067293.5206470788 3387392.9326171875
139524957.0949795544 3388236.8974609375
