538050971.5207717419 4756252.5839843750
535240143.0418890119 4641549.2685546875
538625341.0553940535 4766465.2080078125
548925659.7495931387 4885667.2509765625
552109815.2082076073 4896090.7519531250
540673380.1766345501 4802962.5273437500
537429678.3488756418 4745428.1318359375
551218354.6320638657 4892828.2949218750
551218354.6320635080 4892764.4765625000
547669783.5385495424 4878981.0507812500
542528797.9716600180 4833923.8007812500
545393284.9035999775 4864553.5957031250
538397181.9360613823 4763324.5683593750
537308212.9813923836 4744718.3007812500
539954039.0083606243 4788800.8769531250
536009000.7474665046 4688128.9394531250
541903664.9231313467 4822306.0878906250
542922488.4196913242 4835429.4902343750
541710282.1952688694 4818960.8818359375
536231755.0133094192 4692231.5019531250
543840829.3615698814 4847892.6875000000
542637512.5501428843 4834113.3906250000
544545485.4133179188 4854200.9550781250
536823458.9185124040 4733464.3115234375
547366049.8691089153 4877369.2558593750
540879106.4447003603 4806134.7568359375
551319638.5601115227 4894342.7753906250
544744248.4657151699 4859619.7519531250
541163790.4556614161 4811918.3876953125
536823458.9185122848 4733300.4130859375
541042882.3430970907 4809531.3789062500
543431685.5396333933 4843528.7246093750
544830961.8529939651 4860039.5742187500
541100194.9111204147 4809707.9033203125
539370353.7446236610 4780319.8076171875
539254528.8623263836 4778507.6533203125
542367328.1649013758 4829092.7480468750
540165933.0731306076 4794147.2480468750
547048082.6668925285 4874556.7089843750
549641210.8686065674 4888281.2138671875
550652661.3595254421 4892174.4726562500
543696231.5731717348 4847305.6386718750
544183801.0202209949 4851894.5820312500
543408298.6935847998 4842847.3417968750
540437166.4235155582 4797293.3828125000
549476104.9307676554 4888133.2822265625
545562755.8965170383 4866248.7275390625
543672844.7271232605 4846628.9082031250
549023701.8894035816 4887328.2568359375
542125877.9984282255 4825604.7587890625
539721410.1421916485 4785350.6113281250
536510832.4269616008 4713058.5585937500
541433623.1171549559 4815059.5498046875
539254528.8623263836 4778583.6064453125
537191263.0706392527 4740565.3105468750
547209742.0564202070 4876530.9218750000
541100194.9111202955 4809632.9267578125
539957122.2085998058 4791729.0107421875
536213473.3859646320 4689175.1445312500
536246425.9095554948 4698800.9960937500
541511166.7009578943 4818148.2480468750
547626153.4689720869 4878550.4433593750
541281347.8648058176 4813254.0771484375
542367328.1649014950 4829167.3925781250
546942442.6581537724 4873455.4462890625
537142248.9529135227 4739380.0820312500
553390524.8281264305 4898804.3007812500
538216404.8589932919 4759379.4111328125
545616901.3241254091 4867181.8701171875
546654531.0268063545 4873006.2578125000
538617967.7526613474 4763912.7050781250
540937745.8823220730 4806366.5068359375
537570814.0849096775 4747527.9472656250
548659338.8074169159 4884570.1523437500
539621393.9481620789 4784348.1826171875
536606077.4746875167 4718398.5546875000
536772596.4405998588 4733292.8798828125
536823458.9185124040 4733303.6708984375
536637736.5811098814 4728462.5097656250
542922488.4196910858 4835019.3886718750
545068294.2581676245 4862793.6250000000
539585185.2527334690 4784118.8037109375
539370353.7446237803 4780351.9931640625
542374956.0618420839 4829368.7675781250
540879106.4447003603 4806130.0927734375
554081377.6112016439 4899573.3535156250
550245657.7259433270 4891821.5722656250
547474209.2863880396 4878321.4755859375
545528297.9774414301 4864985.9677734375
538781431.7710561752 4768490.2451171875
540353775.7428067923 4795294.1181640625
539188375.1497278214 4775879.8691406250
550880971.5161130428 4892252.9023437500
535807348.1463822126 4649447.5605468750
544090780.1939864159 4850090.9414062500
541793232.9382296801 4820997.2558593750
547243280.9297040701 4876765.8359375000
539813367.0596280098 4787124.9619140625
544183801.0202209949 4852002.3984375000
541496285.2488586903 4815887.8525390625
545068294.2581677437 4862803.6562500000
537014722.7975403070 4735790.7841796875
539945474.5602964163 4787405.9941406250
544635763.5901829004 4857848.3320312500
538619132.0953010321 4766147.0302734375
537644679.4787271023 4748748.1132812500
547957937.5974358320 4881341.2177734375
538619132.0953009129 4766017.7763671875
543559761.2865368128 4844464.4824218750
544314125.5453670025 4852782.5019531250
538377807.6819125414 4761600.7060546875
539505567.7615460157 4782561.6220703125
543775022.1637003422 4847579.0957031250
539231280.1750124693 4776072.8720703125
536311330.6834185719 4702651.1406250000
539945474.5602966547 4787493.2871093750
538580562.2027447224 4763567.0458984375
537286019.3321835995 4741606.8701171875
541511166.7009578943 4818083.5878906250
539370353.7446237803 4780321.1142578125
539699348.1323111057 4784397.7373046875
542958072.8822045326 4837649.6562500000
535991000.0211322308 4679473.0556640625
535630796.9618247151 4646299.5468750000
541767408.6604089737 4820259.5810546875
536823458.9185124040 4733524.8505859375
541760205.3010156155 4820209.9970703125
540041713.4617422819 4792361.4375000000
538871043.3530293703 4772779.9072265625
552336861.7258201838 4897055.0976562500
544581026.5913724899 4856119.9316406250
536455390.9104876518 4706890.7763671875
538677264.3889832497 4768131.0527343750
538429774.4995594025 4763541.2275390625
539756607.9650844336 4786511.5791015625
544951521.6204693317 4860712.7148437500
541228034.5204789639 4812055.5371093750
539370353.7446236610 4780310.8154296875
550139946.5572700500 4891282.0917968750
541683761.6675612926 4818366.2597656250
544635763.5901827812 4857781.5117187500
544314125.5453668833 4852766.3886718750
547776476.5223114491 4880435.1337890625
542909653.0834351778 4834463.8154296875
551309269.1215863228 4893909.0234375000
538976038.4323214293 4774441.7041015625
544454589.8607231379 4852907.9228515625
541722568.0486328602 4819824.6865234375
553293484.0529793501 4898038.7812500000
543393896.2096828222 4841453.1894531250
539006257.3699518442 4775010.5712890625
543118813.2259401083 4838632.2968750000
543672844.7271236181 4846632.4062500000
535880043.9293913841 4674159.9628906250
538871043.3530294895 4772790.2548828125
543097366.3840488195 4838439.1054687500
541398195.0347003937 4813653.9335937500
544991702.1967297792 4860967.5019531250
537988279.4847031832 4754052.7001953125
549770671.8789162636 4888689.1621093750
544090780.1939864159 4850083.1621093750
541722568.0486328602 4819644.2783203125
540857866.5124120712 4804612.4355468750
538677264.3889830112 4768121.0214843750
543984414.2151364088 4848841.2324218750
544090780.1939865351 4850098.9511718750
544635763.5901826620 4857739.3671875000
549454665.7017670870 4887597.9003906250
538838341.4876580238 4771717.3730468750
539721045.1040921211 4785209.7783203125
542123432.0227591991 4824177.9326171875
544951521.6204690933 4860707.7070312500
540424041.4831675291 4796463.1640625000
541014849.7196520567 4809071.4638671875
547169827.4867891073 4875395.4169921875
545344883.1584242582 4864365.4814453125
537826433.1620560884 4753284.2529296875
539098412.0448641777 4775664.3242187500
541100194.9111204147 4809642.3095703125
538783587.9890475273 4769725.6933593750
540580538.5309942961 4802443.9990234375
545713754.8606312275 4868438.0644531250
543074444.1074064970 4837764.4394531250
543533476.8066297770 4844111.2929687500
540281273.0704950094 4794901.9804687500
538208988.8616681099 4756333.8300781250
547088877.6224671602 4875145.9589843750
545068294.2581677437 4862829.0683593750
543852587.8560550213 4847959.3525390625
540805569.8868750334 4803190.2734375000
539556759.4046428204 4783312.3037109375
546232250.0774806738 4871989.1933593750
542922488.4196912050 4835036.0468750000
536490819.7925283313 4711330.5136718750
544920577.1050465107 4860280.2460937500
551761477.9465852976 4895436.8984375000
540244389.5740619898 4794188.2402343750
545908953.1234424114 4870660.7773437500
545146719.8832802773 4862900.3457031250
538333194.7642012835 4759944.7822265625
544090780.1939866543 4850099.4746093750
551684148.3480134010 4894862.5292968750
542449771.1216750145 4830248.1162109375
540541023.8533364534 4799878.9394531250
548011985.3916940689 4882539.4296875000
539448814.6996076107 4780820.0712890625
545312890.8865047693 4863915.2988281250
543473268.7127354145 4843606.8632812500
552801903.1671727896 4897235.0976562500
551977394.4867296219 4895641.4296875000
539497718.2222939730 4781588.9150390625
552440803.8466907740 4897087.0800781250
543642079.1747766733 4844722.9199218750
539505567.7615460157 4782536.3525390625
548503458.3363561630 4883139.5771484375
544472044.3411104679 4853816.5166015625
542937927.8504683971 4836902.2109375000
541970024.1658387184 4823651.5449218750
549992189.3056634665 4890595.4667968750
551652674.1613060236 4894701.2187500000
542335753.8867732286 4827678.9111328125
549815443.3153791428 4890124.4482421875
543183802.9376450777 4840207.3359375000
546232250.0774805546 4871876.0019531250
544920577.1050465107 4860073.7148437500
544183801.0202208757 4851775.9140625000
544951521.6204690933 4860707.4941406250
548643583.8145499229 4883208.5400390625
539364159.0622037649 4779299.0449218750
544920577.1050465107 4860085.5976562500
543273830.9124910831 4840588.1093750000
542256638.3799512386 4827304.5185546875
553323342.4154757261 4898115.4208984375
546997175.8298841715 4873879.5292968750
542335753.8867733479 4827806.8486328125
545146719.8832803965 4862947.9277343750
545061288.8683676720 4861139.2773437500
544725378.8422353268 4857885.1503906250
545146719.8832802773 4862901.4609375000
545652371.1485698223 4867942.4501953125
551801193.3873419762 4895477.9375000000
546727309.2254484892 4873124.4423828125
544920577.1050465107 4860217.2519531250
546997175.8298841715 4873792.5820312500
547023930.7980061769 4873940.0878906250
554415959.5374847651 4900396.9648437500
