158458307.0021353960 125921.2399291992
155796631.2655288279 113940.7612915039
159133360.5580122471 127419.0523681641
146452728.0104516745 26497.3998892274
150123513.2751078606 77083.2261850834
151392069.0821765959 86749.6728351712
155821662.7987111807 114121.8061676025
158361002.8751989007 125342.0894775391
146873531.0722041130 36946.5111333288
146965753.1047598124 38747.4571471967
150715928.5079650879 81964.9212083817
155854106.5098809600 114129.6741790771
157918720.3084636331 123766.5926818848
160223839.2069395483 129438.6794433594
163205000.7000061572 132874.8731689453
163475974.0411944389 132993.4096679688
163852656.4038187861 133112.4876708984
164002088.4635158777 133324.8653564453
146788331.7501442730 36649.5358220495
150006422.9024986029 75290.8391001225
150038462.0792469978 75586.6594889164
152677775.5998231769 95810.4005556405
160103810.3973050416 129148.3037109375
146659153.4455908239 34559.7959574916
150703107.3520629406 81661.5820360184
150025906.4987122416 75571.3724405766
161268340.0535701811 130812.7414550781
155705106.1881876886 113417.5047721863
161336479.1543617249 130830.6831054688
146368853.1117071509 21292.3483246830
147008807.0014857650 39251.9097994899
149860253.8291662335 74810.9858509488
161381198.8062220216 131088.4940185547
146551032.6120639443 29286.1656526856
156803225.7766332626 119735.4748687744
149966875.3739523888 74996.3858301640
158571912.1374374330 126019.5978393555
158934393.0873549283 126674.9151611328
159484392.1175855398 128066.8198242188
146890268.6101654172 37278.3288478905
155711396.9586523771 113859.8800704479
159296078.6482532024 127827.8852539062
149910064.6213128567 74886.4098856449
150185804.6318631172 77365.7879984379
150057555.6647526622 76962.1840250492
153022329.1668088138 97921.6837015152
155859469.1381615698 114473.8945770264
155642473.2974133193 113391.0797882080
146448841.6099890769 26267.1713733640
146597695.9232944548 32607.5632301651
151320784.5941294134 86590.0902164578
155860310.0951053202 114880.1309051514
158989894.6901319325 126965.4374389648
163188841.6493088007 132865.9096679688
152974789.7663494051 97887.8606386483
146837405.4822424948 36693.0339119937
146929669.2981839478 38626.7115993553
155893877.7543056905 115237.4255828857
160444086.8035362065 129818.5837402344
146880294.0390873551 37092.3386389946
150151898.3415068984 77310.0758600235
146360441.8006451428 20499.0133399665
148020767.8546692431 53525.1488884687
163589721.1397887170 133068.9373779297
150190610.9139288664 77802.0630922914
150608453.7571818829 81553.4052171707
150735993.8434954286 82594.0532542299
158727402.2028500438 126303.9744873047
160725005.6278938651 130301.5898437500
161074498.7497265637 130601.6324462891
151693584.7164123952 89480.8005283475
148333064.2505545914 57036.2134399414
161096693.7812934220 130611.1398925781
148230729.0913325548 55904.9153139591
151181509.8795469701 86050.3254917264
160751941.5104734004 130318.1605224609
161238154.8976980746 130733.7086181641
146353660.1895230114 18842.2491727630
147949395.3114341199 52891.9820033163
148501039.2886849344 59240.4536323547
148402420.1123889685 57693.4773331881
150222753.3645129502 78213.6666829288
151794799.6835162342 90237.9208082557
148457401.3258161545 58239.5705757141
148080364.6633494198 53997.5946365371
148343169.3295572400 57222.0994596481
159556610.1988296807 128125.1251220703
160761061.0131204426 130361.5881347656
150264024.4246006608 78390.3666117191
151809182.9390060604 90256.4923005793
151589350.8659394085 89039.9547031522
160228012.5408580005 129482.2656250000
152939020.1816015542 97625.7670412362
150189096.6177727878 77564.4568793997
158193536.5209107399 125126.1406250000
147779218.4429739118 50529.5159432292
152913444.2043634355 97506.0125913918
159968766.6563870609 128733.5026245117
158373812.5528736115 125502.0668334961
151711716.8429223597 89796.7886524200
148131253.3049642742 55174.1699409485
158796539.2834400237 126622.6357421875
146337679.3300796449 18497.1060758391
159242597.9292039871 127620.9436035156
146895497.9253631234 38082.5369429588
156256541.4903580844 116835.2917251587
159046661.9820073843 127274.2077636719
160307784.1543169022 129642.0559082031
146630851.5411354005 32904.7110368013
147815869.3955779076 51078.9984776229
156101764.5106703341 116345.4974517822
156688074.7869167626 119106.1492156982
150332265.1817347705 79215.5051727891
159041093.4807952344 127115.8531494141
155944896.0974786282 115282.7230987549
150794697.8093614578 82697.5691289604
156180273.6357397735 116702.8238067627
152636080.7043354213 95721.9520395696
156013672.9408112466 115832.2685432434
147748935.7642249465 49938.8814121932
148083575.6300756335 54118.8338599205
147999791.5116679370 53295.2683787346
151253205.4636307359 86562.0186145902
148156105.0614661872 55178.5279440880
148035999.6735367179 53589.2061438560
156132271.3929944634 116473.6901397705
146778872.4192284942 36262.7131602466
147959851.3424332738 53112.0420298576
147962247.2303195894 53112.1552428380
148057745.5946352780 53777.7010097988
146420594.3553909361 24850.7297944095
147001158.7975113988 39103.2394291610
147866669.8033658862 51744.5591640957
147737505.9758133590 49924.5845669545
156087605.9785615504 116285.4539947510
156417406.5356753767 117902.5264663696
147612201.3208283186 48078.9834295921
147708558.8407428265 49713.7861379795
147823411.1938866079 51107.7549057603
157458278.5388408005 122115.7755737305
160477069.5933624208 129856.0012207031
158441184.2893933952 125745.6645507812
147997884.2579708695 53143.2722771168
152884705.3973524868 97339.2144985497
163002810.2677010894 132610.6768798828
163557339.2663620710 133056.4204101562
157433943.5779682100 121973.4819335938
160569008.0707416832 130041.3305664062
160244810.6859856844 129562.4046630859
152349176.1847747266 93720.4872415960
146455560.8386300504 26544.5514953285
163424638.5213750899 132927.0090332031
146382665.7949092388 22321.4654979818
149044128.2792545557 65302.4893119484
158137402.0812537670 124875.6605834961
163500274.9447431564 133017.7242431641
146382743.9409260750 22433.3447093805
146579145.8271852732 30492.9939870834
147087843.8608945310 40602.5552889851
150575566.9824702144 81287.0359392166
160384423.4524303377 129719.8870849609
147424575.4662397504 45086.2513464689
157185229.8000113964 121315.3649902344
150349395.2410355210 79482.9987528324
147404633.7190843225 45014.8998156060
149259520.6926372051 67568.4863279015
158687931.5038829744 126242.1996459961
146784495.7147697210 36354.3133709021
146385350.1766313016 22670.4991426617
146409228.1461892128 24809.2048920658
146852391.5830961168 36896.8755784205
150406505.8095229268 79694.2602015734
146726102.7486179173 35299.9145457316
146594691.2841463387 30861.3013010290
150269539.2910803556 78869.6230204105
146656048.4455754459 34255.6054878235
163052863.5665612817 132709.9427490234
149311036.3097800314 68030.3430984169
146392748.6819747388 24464.1056489017
158538605.5710386038 125966.0411376953
146353927.7140883803 20288.3236522786
157826584.5771743059 123717.1005249023
152144130.4824070334 91934.3756216168
158433616.1394874454 125692.7280273438
160435122.2072809637 129778.0383300781
152187905.5429030359 92803.8803518414
157514733.8380167186 122525.2944335938
156834007.9277531207 119934.9565124512
157302935.8476740420 121577.5342407227
147670239.8776444197 48623.0796961337
147347285.8166032135 43844.5120096523
147342220.1126544774 43758.3507547695
157352742.0261436403 121953.3649291992
153391262.7707832754 99805.5689043999
153100814.7984949052 98312.7572951317
153329277.8456961811 99374.3848099709
149169575.0561337471 66059.6358634681
158580978.4594390094 126120.0574951172
149221174.9895960391 67365.0657303631
157148196.5827393234 121263.8989868164
162992112.0056413114 132589.6243896484
156728570.4522925913 119205.1657714844
149286429.4128867090 67968.6346023232
157095793.8888251483 121040.0181274414
157729210.0349652767 123159.2762451172
149273569.4787645638 67731.8464287184
162677822.2577779591 132115.2631835938
163847241.6838886142 133082.1430664062
157656151.2500642538 123153.8851318359
157562843.2048919201 122810.8851318359
147246572.8254778087 42742.4057336319
156554358.6720864773 118349.2945327759
147469995.1207129955 45464.3558060527
156657564.2205357254 118882.2062149048
146481803.9455364645 26593.2755263526
147530380.0023953319 46482.1826264858
156608370.1201722026 118784.2501602173
147400060.0154558122 44827.2825247645
147540635.0943865180 46635.1038660556
156902675.6793240309 120089.3399047852
147377816.8557864130 44601.7820755839
156591920.9372373223 118749.9301528931
150810462.5524396002 82739.0320423245
147563697.3749773800 46679.4821030498
156763962.1134319007 119278.1303176880
147190630.7715592384 41511.1480937116
156579679.9591856301 118586.7058486938
163122358.3342784345 132748.3671875000
147241363.2863053381 42542.9808345307
160176203.0639750659 129321.7442626953
152864186.4139122069 96882.2446875232
157508211.0626788735 122294.8416748047
147123097.9164897501 40773.6277480591
147138790.0579192936 40948.6161241997
149420600.3597142398 69170.1487205178
162803795.3641624451 132329.4473876953
146589352.6182423532 30741.5770908501
156627813.1060201824 118858.3330459595
162857290.2606134713 132373.7425537109
150945106.9853021204 84117.5371692777
146586956.0217303336 30684.6512685921
160132214.2271837294 129195.3051757812
162582406.9982525110 131922.5777587891
160139171.2265970409 129252.8701171875
152250536.5842411220 93145.2350349086
152494251.9745054543 94875.6365010589
152421279.9089919627 94429.6508921087
157755600.7429810762 123337.9276733398
159738999.7194337845 128447.5228271484
147529042.7284673750 45815.4544892311
152282444.9948364794 93533.5860193670
153205573.7219185531 98934.7869720459
151929108.7961304486 91031.7813833356
152158622.0572612584 92585.5475118756
159829456.0795361400 128641.7365112305
146540747.5095876455 28348.7895275019
149078543.5033875704 65411.7082016021
147509867.2972923517 45657.2383334525
151124565.9361431897 85574.6625354886
146528931.3367068470 26979.4493930601
149129294.2632360756 65892.8368293792
151235541.8114296496 86370.8723362088
151792002.4785608351 89901.0230825543
160052909.6891153455 129065.8889160156
149037285.1608068943 63860.0472900420
149570501.9530257285 70010.6074630767
162542322.8666078150 131851.4394531250
148953615.2023721635 63407.6052983552
149590541.5718663037 70261.4326583892
149513837.9650135040 69668.7355758697
149515256.2287510633 69806.8819381744
149624228.3511775434 70949.5945236236
149408973.2114628851 69048.0212814361
155061825.3870804012 108812.1808242653
155249763.3883778155 109886.0067901611
155274401.5508786142 110092.4212188721
150830569.5124012828 82960.9102341821
155412996.6790604591 110608.0659294128
162293590.2394464910 131232.8931884766
149805291.3436467648 71248.4431721307
149817377.0643787682 71419.6618744470
155632355.9273373783 111741.6744537354
155610880.7599168122 111663.7792644501
155616088.2623487413 111726.9774341583
155437015.8137205243 110825.8353424072
162394803.4188922048 131480.5718994141
148984633.1427881122 63541.9238632917
155007673.5120735466 107862.3323931694
148862547.3898018301 61370.6406985521
154146665.9837180674 100819.3700978756
154621902.3142244518 105080.1883918047
154586683.5664927661 104952.4398229122
154548324.7469468117 104805.6985743046
154336587.9517979920 103711.9182851315
154454206.2967626154 104442.0022008419
154715997.3276641965 105628.1994739920
148854475.3482413888 61313.0533686876
154424803.8822048008 103920.7393384874
154774650.1053684652 105885.6531194150
154828399.0255001485 106449.2472356260
