1028578258.6997373104 6282561.2343750000
1028510620.5973079205 6280382.7460937500
1029216172.7024919987 6288454.9042968750
1028595550.7913945913 6283930.6708984375
1028723525.3643352985 6284892.8427734375
1028879189.0352965593 6288351.7158203125
1044893750.3439015150 6426251.5390625000
1072489184.1220943928 6505404.6503906250
931142133.0807914734 2596048.9640197754
975316982.5584859848 5234658.4504394531
974812801.8147032261 5218025.6013183594
975136774.5793209076 5231741.0793457031
931448998.2869184017 2635972.0906066895
931211637.5101776123 2618761.6146545410
934009752.2012492418 2972365.9524230957
974869657.9632906914 5223203.2358398438
974607258.6588637829 5213736.5700683594
933324691.5880187750 2925204.1265563965
965514008.3640055656 4847396.4011230469
1002193499.7247655392 5910584.7211914062
1001821379.7853441238 5904753.8452148438
1002879377.3226287365 5921943.8500976562
1003116070.9777020216 5924062.8842773438
1044459704.1394202709 6425243.8349609375
933345069.4045984745 2928866.6202087402
1044136357.9723310471 6423456.0117187500
1043729889.2102063894 6420141.7128906250
1043949363.5222548246 6422216.5771484375
1043347234.0508843660 6418317.7705078125
932695684.6433573961 2846445.9942321777
965288157.5176136494 4840639.9289550781
965644160.7863738537 4852442.3703613281
976379992.7179031372 5259304.7871093750
976369596.5077462196 5257185.2275390625
1001711493.5790847540 5899680.0083007812
1001570655.0513134003 5898713.3032226562
1011715582.0407099724 6061348.5683593750
1029253886.5958361626 6290124.8789062500
1028515352.8562219143 6281192.6093750000
1043397741.4694879055 6418644.4394531250
1002842834.3117808104 5921079.0717773438
1002670858.4218058586 5920972.3920898438
1002608621.6480236053 5917970.5532226562
1002059931.2226811647 5909954.5336914062
1002058876.7834639549 5908953.7636718750
1001904112.8135694265 5907763.2807617188
1002076182.5879507065 5910513.5952148438
1029252471.2619261742 6289676.0878906250
974582478.1527187824 5210666.8122558594
1011978021.4411010742 6067256.2041015625
1012343013.3197650909 6073535.9921875000
1073141368.6318736076 6505948.6533203125
932582100.2421290874 2838297.9908142090
949724240.2833424807 4121051.7623291016
954124518.9854304790 4358933.9833984375
954193689.0930957794 4360000.5346679688
974739612.8947522640 5216039.5739746094
1012115889.2341368198 6072094.5019531250
1011747673.9061539173 6063627.2656250000
1011397326.3432400227 6058097.3984375000
1071221715.9980669022 6502888.1689453125
965703755.3232750893 4855195.8774414062
953600661.7160536051 4330052.2968750000
976200053.2704167366 5256111.7978515625
1071562280.4445173740 6504350.1542968750
932587376.5560475588 2841537.8038024902
974471194.0295844078 5202208.5275878906
976701036.9499289989 5261643.0043945312
998666215.2610367537 5841751.3227539062
1066451628.8894914389 6490480.3613281250
1065773326.8045942783 6489241.7421875000
1071913214.5886130333 6504730.5439453125
931699554.0078394413 2660820.7168579102
931537434.3925212622 2641285.0973510742
933080552.6769515276 2892632.9615173340
932992814.5520881414 2887096.0705261230
932836478.5266082287 2875682.2718200684
932801234.3490724564 2864522.2483825684
953842693.5660567284 4342832.7993164062
975729866.9066023827 5243689.2133789062
975937343.6588959694 5250766.5161132812
1012474690.8635745049 6074343.2719726562
932585602.4399927855 2838708.0242614746
932562871.8915277719 2817616.8555603027
954266129.1755235195 4364542.4316406250
953916325.9372818470 4348329.0961914062
1001483103.9000512362 5891658.1674804688
1030231558.7427546978 6295183.8906250000
935701539.9143899679 3062757.0871582031
1001544328.0195878744 5896165.5854492188
975913133.8276062012 5245753.3618164062
1066322225.8785867691 6490380.6669921875
935827172.2635205984 3063481.9152221680
935487634.9469228983 3061340.7474975586
935280048.0992220640 3046696.9242553711
1030320231.9272366762 6297268.6962890625
965591414.9297668934 4849527.5070800781
949673540.1589009762 4117621.7585449219
953791151.3270961046 4340435.0659179688
1030253799.6622835398 6295855.4570312500
950102288.4581062794 4143828.8132324219
949504619.6501295567 4107277.2629394531
999744987.9490622282 5860568.0385742188
931918381.4387460947 2691779.1603393555
931971937.7808552980 2698909.3737182617
932307639.7062879801 2748213.3793334961
932247193.5572558641 2740448.3580932617
932145318.9915478230 2731320.6828002930
935047049.3139532804 3010401.7387084961
934985654.7647958994 3004104.6454467773
1011280633.2744055986 6051317.1928710938
966232544.6640031338 4868125.2573242188
934889684.3892067671 2996222.0464477539
932051035.3190865517 2703428.9713745117
934817100.5841566324 2989762.8611450195
1010851189.2821896076 6041676.0483398438
949337295.1512067318 4079395.7401123047
949365210.1889657974 4082999.4730224609
1010367369.6770911217 6035297.1181640625
1035923753.4864251614 6340490.5898437500
1010169422.5198068619 6028974.8847656250
966355201.1355288029 4870248.6845703125
1035481945.0483937263 6338617.9316406250
1065325790.6411265135 6486920.9541015625
1069626378.4454600811 6498851.3232421875
1069495429.4563870430 6498584.5146484375
1069135477.6928250790 6497685.9941406250
949300446.4271516800 4073982.7689208984
949383449.4986033440 4083660.1966552734
966351058.2641811371 4868947.6625976562
952937971.5430278778 4275398.8632812500
952742151.1634783745 4263300.3603515625
1010209422.3141773939 6029348.9106445312
1010037959.7997679710 6027638.2617187500
1010214996.9988129139 6030784.3095703125
1009478787.8172576427 6012875.1757812500
1041254154.3817024231 6384350.6445312500
940733771.9237674475 3447934.7431030273
940511343.1243585348 3422207.2341918945
940599670.8800649643 3431420.3247680664
940643461.0308014154 3432466.3711547852
1068045840.3044558764 6492750.8916015625
1068642714.2692415714 6495626.2236328125
972698112.6836506128 5092008.4094238281
1006626754.9202184677 5961124.6816406250
952523579.3584378958 4236408.6387939453
952220155.5428320169 4220242.6922607422
972214329.9897481203 5071297.6047363281
972189102.4896203279 5068071.4226074219
952335468.1371120214 4226351.1805419922
996357352.7027020454 5749728.6630859375
1005911804.0960118771 5948541.2622070312
952171452.9676762819 4218540.1990966797
952379345.9900106192 4228076.8514404297
952094818.3754202127 4213201.5538330078
970877843.3246049881 5023735.4819335938
971933001.8914073706 5058516.7687988281
971542553.6865574121 5046122.5314941406
1005032108.3996217251 5931311.5161132812
1040036435.2526620626 6372646.4501953125
971693418.2119206190 5051601.0319824219
1040239222.5219935179 6374292.1152343750
1040078173.5492461920 6373693.8710937500
996491458.4959108829 5752265.3295898438
1039807332.9971320629 6370347.9033203125
1039136864.4927072525 6364217.1171875000
971489536.4650256634 5042115.1889648438
971586183.5649315119 5047354.0991210938
996006035.6515685320 5742232.1586914062
970676001.6123039722 5017513.7333984375
970225029.2053167820 4999327.8232421875
940428575.7505508661 3378503.6871337891
969981536.6452975273 4989678.4104003906
936664048.4040174484 3065484.9660644531
940470471.3015106916 3382208.3406982422
936756604.7398393154 3065849.9797973633
968992157.5075097084 4953878.8649902344
940299465.6981451511 3372329.6734619141
968658582.5587613583 4939535.7277832031
968435864.2599391937 4932555.6613769531
968108959.1917321682 4917111.1081542969
967776362.7295482159 4903868.5117187500
1061812450.4025884867 6464924.3339843750
940153424.0661953688 3348424.3682861328
968055496.1089789867 4911556.5227050781
967377096.8150963783 4888166.3339843750
992958732.9699834585 5648927.1162109375
997878587.7547738552 5779826.5878906250
1038121096.7958216667 6355836.4257812500
1037624775.5802096128 6350847.7382812500
997954110.8315491676 5782058.7597656250
997863185.7258322239 5777525.4335937500
997790005.6044245958 5777482.7851562500
997624289.1725999117 5773801.9287109375
992421035.2319818735 5633750.5781250000
992372307.0754576921 5633344.4243164062
992899783.2813266516 5646686.6640625000
1064718251.1091136932 6470394.2031250000
1064239309.2269135714 6467027.9687500000
1064388617.4890555143 6469000.9863281250
1034619078.5426495075 6324224.2880859375
1063137750.5991257429 6466623.7265625000
964910677.6530051231 4772819.7919921875
964898206.0441908836 4769033.6250000000
964909235.0702760220 4769701.1123046875
964735019.7049771547 4765195.8496093750
964573883.8301724195 4760077.3383789062
964663621.9866209030 4762840.4528808594
963085501.8922142982 4683120.9654541016
962819175.2870243788 4672060.5841064453
962979774.5369172096 4676609.7379150391
962673967.1034198999 4666834.6102294922
962807788.9001572132 4666983.7298583984
1034490383.6716696024 6322915.1875000000
1034342159.0371623039 6322796.8505859375
1034866125.3577660322 6327246.4101562500
1034772224.4369513988 6325259.0585937500
962556583.7795671225 4653821.4373779297
962501188.4458527565 4649889.1405029297
962207870.2828823328 4637022.1011962891
960202369.4122347832 4552821.6191406250
960059780.4788672924 4545522.0727539062
959834234.1104812622 4529111.1799316406
959859234.3301446438 4535048.7309570312
959857305.1985055208 4534541.3227539062
959684256.8953779936 4519268.5012207031
959684997.2741969824 4526131.0383300781
993390168.7169688940 5651118.8134765625
993606297.2878700495 5655664.1586914062
993685545.1313141584 5658147.6323242188
994668839.7231658697 5675024.7211914062
994146941.6716740131 5667016.3520507812
956839895.9941602945 4386382.5247802734
1060150080.1511619091 6449364.3408203125
1060577130.6276468039 6452092.0917968750
1060268077.6821204424 6449944.1259765625
1057272170.5736061335 6431082.7416992188
1059802897.4377667904 6447017.9257812500
939388416.2145984173 3255302.3172607422
1058496230.7136219740 6442065.0722656250
938156119.8599351645 3118747.6138305664
938345005.1522284746 3138892.1475219727
939103202.7727819681 3220184.6829223633
939219407.6295994520 3230003.4573364258
939248238.9686414003 3231346.3103637695
938902516.1085833311 3206974.6409301758
939056088.3302290440 3217804.2402954102
938318310.4624252319 3132641.4375610352
1058334880.6418792009 6441096.6357421875
949288083.0623817444 3964420.1273193359
938074816.1115766764 3067228.1881713867
938339082.4976996183 3134691.2448120117
948774342.6203891039 3912375.7537841797
948849345.5165494680 3915252.5684814453
992072191.1562997103 5548423.2558593750
948320350.2494099140 3879588.8743896484
947705251.5944477320 3836435.9143066406
947616181.5047351122 3835183.4958496094
947505462.0426880121 3827906.8662109375
947147919.0599048138 3803060.1458740234
946468853.9974539280 3758564.0102539062
946579768.8898143768 3765028.6845703125
945861627.7676296234 3690740.1079101562
945534945.0124176741 3674631.7416992188
945344969.2838518620 3657768.2987060547
945423559.7956179380 3663116.7269287109
945314349.0782098770 3653851.1717529297
991529409.9131275415 5515774.4511718750
990550776.2474079132 5487692.7163085938
990674647.9116371870 5495349.4145507812
990470870.5450928211 5487604.4116210938
945008954.2315869331 3623231.3779296875
1022931602.3003575802 6102228.9223632812
989113541.3846551180 5445953.5295410156
988989693.4680612087 5442800.5720214844
986539728.4818865061 5352204.5266113281
986254663.8908427954 5345952.3698730469
986559851.3740242720 5355195.2424316406
986006650.5715721846 5338131.4499511719
985841697.7996220589 5335762.8864746094
986128915.3289266825 5344435.8000488281
986070185.4017540216 5341351.0490722656
1024644783.9921249151 6127035.2368164062
1025141506.8311737776 6129902.5854492188
944118623.1307992935 3551987.3597412109
944068691.7143919468 3550577.2845458984
943891627.8329634666 3537946.3228759766
944007934.5227162838 3546411.0479736328
943905232.5535142422 3538537.3077392578
943872257.5554183722 3533320.2921142578
1027072825.0444982052 6154644.6606445312
1027419326.0073091984 6158141.3930664062
1027099747.1628087759 6155712.5668945312
1026940885.5502935648 6153965.3666992188
1026669986.7080425024 6145940.8808593750
1026787612.4363034964 6150890.4702148438
1026678706.4319546223 6147715.8046875000
1023607820.8833215237 6110991.8549804688
1023387123.6822453737 6106893.1274414062
1023211585.8655456305 6105085.1401367188
