178891460.5324474573 1654068.8413085938
183162051.5028845966 1728674.8232421875
176697848.6258897483 1538418.9152832031
178896312.5807707906 1657506.0278320312
178622572.2140254378 1643729.2094726562
183785634.7230342925 1734303.9111328125
178593185.2758066952 1641352.8125000000
177249086.5770045221 1573578.3146972656
177739231.4008536339 1598446.0549316406
178315888.5622840226 1625871.9677734375
178315888.5622840226 1625858.6699218750
178737392.0935809016 1647986.2324218750
178593185.2758066952 1641340.8857421875
177208399.6765871048 1573041.1733398438
179381892.5605561733 1676709.1230468750
185536894.4460518360 1738035.4033203125
176945811.8946365714 1560771.8894042969
176973022.5099396706 1561504.9450683594
179459187.4411790073 1676882.8486328125
181349359.1220450997 1714354.1523437500
179021815.3289805949 1664611.1206054688
183734211.6291297972 1733586.9052734375
183734211.6291298270 1733676.4365234375
180314846.2087590694 1697346.3603515625
178368399.6949280202 1629240.7734375000
183505108.0759376287 1731786.8593750000
178796154.9234299064 1649364.5839843750
180874098.6789748371 1708521.6181640625
179334857.1270998716 1672532.2460937500
189406071.8978860676 1741812.7890625000
178652712.7536182404 1643949.4067382812
179021815.3289806247 1664619.1079101562
180514440.2891257405 1702000.0517578125
177487668.7738744318 1590890.2651367188
183230914.6705136597 1730786.2519531250
177349973.6201800108 1579316.5986328125
179051955.8685734272 1665208.3979492188
181283879.6665254533 1714204.5449218750
176998186.7701035440 1563311.9460449219
179192192.9925995469 1671640.4003906250
178235982.5313062668 1619602.4570312500
176865106.3157017827 1558732.7802734375
179021815.3289806247 1664621.4448242188
181188790.4856651127 1713288.5654296875
177837608.8745136261 1605273.1005859375
179062092.9995097816 1665960.9067382812
178315888.5622840226 1625919.1074218750
178236178.0597130954 1619875.5517578125
176835533.8810295463 1546194.6794433594
176767865.5497895181 1543390.2536621094
176988049.6391671896 1562868.4055175781
177272498.1798868179 1576872.7849121094
179462818.5246788263 1678882.5146484375
184570048.7394146621 1734674.6542968750
176732345.2433089316 1540190.7106933594
179015640.9575973153 1660215.1010742188
176856315.4145803750 1553022.1879882812
179015640.9575973153 1660254.8627929688
179021815.3289806843 1664895.3315429688
178208870.9733943045 1619331.5927734375
177525321.7079988718 1592618.6049804688
177319833.0805872083 1578463.5002441406
177636247.0977103412 1593522.3081054688
178264180.2924751937 1622961.1801757812
177525321.7079988122 1592569.4321289062
177495181.1684059799 1592191.6389160156
180314846.2087590098 1697320.2617187500
180304709.0778228045 1696876.4160156250
177535458.8389351368 1593302.3994140625
179062092.9995096624 1665643.1870117188
178849778.2093146443 1652004.1777343750
176677035.9242280424 1536519.5705566406
177834991.4759531617 1602713.1367187500
177535458.8389350474 1593004.2211914062
179952660.0535643995 1688355.2607421875
176456908.5178551078 1498904.5388183594
178226040.9287768304 1619592.1884765625
180314846.2087590694 1697438.9033203125
180847500.6531239748 1707542.9150390625
181558083.0596105754 1718618.9589843750
180777543.7839265168 1706503.0957031250
180777543.7839265764 1706683.3232421875
185774333.0356391072 1738244.0039062500
179994697.3600444794 1689706.8134765625
177401387.7600023150 1585291.7402343750
181120385.3475515544 1712385.5976562500
177447837.8949297965 1586926.4619140625
177757416.8639480770 1601938.8864746094
177660412.2223683596 1597046.9282226562
182352005.9995851517 1725313.2841796875
182258027.6385966539 1725120.7109375000
178122355.5045190454 1614271.1542968750
180741643.6032848060 1705353.9433593750
188191946.7293553352 1741072.8603515625
177374206.6330263317 1583212.9750976562
178208870.9733941853 1619004.8066406250
181595022.0413487554 1718819.9296875000
182364934.5786298215 1725404.2949218750
178652712.7536183298 1644134.9829101562
178856611.3481351137 1652590.8173828125
178834967.0001325607 1651717.4316406250
181216257.3469676971 1714086.6572265625
176959199.6142742634 1561467.5241699219
186035791.3861944675 1739285.5673828125
177319833.0805872083 1578436.6520996094
176819558.7620361149 1544928.2795410156
183734211.6291297972 1733655.4843750000
176914726.3531794250 1560634.5224609375
178421364.8135821819 1630792.4335937500
177035057.8815609515 1565057.3974609375
177349973.6201799810 1579212.2399902344
187731350.6350436807 1740853.4912109375
177004917.3419681489 1564501.4245605469
178421364.8135821223 1630678.3535156250
176990350.8688099682 1563018.0700683594
181541018.4211648405 1718263.3154296875
182373168.9610172510 1727060.3203125000
177148944.7435698807 1569370.6203613281
178421364.8135821223 1630535.4833984375
177113544.1905007660 1568925.7080078125
178665683.3378284574 1644311.5732421875
178652712.7536182702 1643995.8300781250
178943818.0948716998 1657625.0834960938
178124721.2893941402 1614387.2568359375
177069447.1881019473 1567538.9831542969
181737225.5241601169 1720769.2714843750
183693623.4151900411 1732763.1728515625
177913138.0681010783 1611031.5664062500
181034211.2784397006 1710649.5351562500
178078437.2982481718 1612217.1928710938
177249086.5770046115 1573698.8698730469
182049869.9906001091 1724335.5761718750
178041681.2946689725 1612050.8674316406
183717146.9906840920 1733359.5957031250
177148944.7435699403 1569547.9675292969
177657354.4045165777 1595117.9338378906
177238949.4460683465 1573326.0734863281
178652712.7536182404 1643937.8896484375
181681238.8166081309 1719602.7929687500
176580633.5387822390 1523125.0751953125
188191946.7293553352 1741039.6103515625
177266337.4955513179 1574797.4812011719
183734211.6291297376 1733498.6533203125
178457297.1936213374 1632227.2060546875
181828408.6106382012 1722705.6308593750
179593689.9276714027 1680818.1162109375
191613952.0296877325 1743366.4248046875
177312775.8504158854 1577886.0729980469
179742649.5680663586 1685719.4697265625
185584099.6240903437 1738206.9404296875
177302638.7194796205 1577647.8493652344
183687006.4510912597 1732720.2314453125
178302980.4701940119 1624398.0751953125
176677035.9242280424 1536535.4177246094
178826384.9116890430 1651072.6166992188
182049869.9906001091 1724468.3515625000
185584099.6240903437 1738206.7265625000
176732345.2433089316 1540193.5659179688
183416999.7414057553 1731094.2294921875
176707009.7954773009 1539375.6306152344
178865107.5397254229 1652681.2685546875
176816113.4441445768 1544788.2536621094
176835531.2698016465 1545717.0437011719
176825394.1388654113 1545627.3823242188
178737392.0935808420 1647983.8271484375
178525586.2616296709 1637525.0078125000
178256818.6356164813 1621697.1953125000
179843566.7627248168 1687977.8154296875
179802977.4692189693 1686188.3281250000
179813426.2231320143 1687354.4726562500
179628150.4902305007 1681143.1416015625
179845170.8319484293 1688326.3642578125
178754562.0489634871 1648984.0644531250
188683138.7004984319 1741118.6943359375
183734211.6291297674 1733554.6386718750
178692022.2880532146 1646494.0424804688
189406071.8978860676 1742081.6210937500
176677035.9242280424 1536616.4270019531
176677035.9242280126 1536497.2243652344
182080847.0118268430 1724528.9267578125
177354976.9177881181 1580182.7666015625
181681238.8166080415 1719443.8154296875
180446091.8363379240 1701188.4492187500
178722162.8276459575 1647161.0898437500
181651051.4550482333 1719332.0947265625
176732345.2433089316 1540251.1201171875
189406071.8978860676 1741733.7050781250
188700203.3389441073 1741631.5097656250
178781950.0984464884 1649182.6157226562
182080847.0118269324 1724605.1269531250
176821948.8209738135 1545452.6369628906
180387866.5191016197 1699298.0976562500
180274521.7162629366 1696666.0976562500
179015640.9575973153 1660329.5444335938
181415265.8623530567 1715081.8427734375
176677035.9242280424 1536535.1838378906
181681238.8166080713 1719514.8535156250
178421364.8135821223 1630497.3496093750
180334867.6853648722 1697633.7187500000
182080847.0118269324 1724609.8974609375
179628150.4902305603 1681170.6943359375
181756610.6719354093 1721164.9580078125
176755500.0786978006 1542148.5434570312
180181599.3368622363 1695183.3613281250
176470521.9872483015 1503352.8173828125
177104199.6019625068 1567800.1928710938
180304709.0778227448 1696860.4052734375
181211568.4340296388 1713868.8291015625
182858608.3017004430 1727432.6923828125
180555603.2975606918 1705126.4531250000
182858608.3017004132 1727422.9687500000
182080847.0118269324 1724718.7197265625
176825394.1388653517 1545503.9401855469
178754562.0489634871 1648649.9013671875
181681238.8166080415 1719423.6416015625
184802840.9594307244 1735337.1894531250
181390201.5563149154 1714960.0996093750
180171128.4082563818 1695027.0898437500
181044207.5028387606 1710898.0234375000
191431788.6210115254 1742910.5996093750
180079009.0763204694 1694109.1250000000
180449348.6952514052 1701772.8056640625
179802977.4692190886 1686528.9121093750
178475962.5967610776 1635572.5029296875
176501782.8267385960 1509644.0131835938
180077854.8013232946 1692379.8886718750
178150051.9788150489 1615732.4506835938
180139336.9774730504 1694751.0351562500
184802840.9594307244 1735445.3720703125
180653412.4648560286 1705303.7177734375
184568345.9787038267 1734389.0634765625
181681238.8166080415 1719441.4931640625
184793314.3579696417 1735173.5947265625
180130803.9157603681 1694480.1845703125
180139336.9774730206 1694653.8183593750
178973958.6344645023 1658196.7841796875
176801143.4201323390 1544782.7744140625
178293697.8583899140 1624014.2792968750
179802977.4692190289 1686264.1347656250
178522349.3978139758 1636303.9624023438
178620492.3621254861 1642256.6699218750
178314786.7433376908 1624507.5498046875
178333118.4698672593 1628715.0302734375
178984095.7654007673 1658698.3408203125
180814663.9136274159 1707403.1533203125
176589421.3012809455 1529549.6818847656
178984095.7654007673 1658651.0913085938
178368577.7342345715 1630141.8208007812
180304709.0778228045 1696919.4013671875
179802977.4692190289 1686242.9130859375
178462245.9725441039 1632964.3999023438
181044207.5028387606 1710786.9355468750
180304709.0778227448 1696761.4560546875
178527227.2009756565 1638104.6621093750
186053662.1698941588 1739441.9677734375
186053662.1698941588 1739610.8642578125
185923759.9986440241 1738650.6835937500
180314846.2087590098 1697255.6279296875
180419657.9498849511 1699752.1972656250
185271204.7329010665 1736507.1845703125
180419657.9498849511 1699788.7900390625
180419657.9498850405 1699865.5761718750
186261639.7889827490 1739787.1816406250
180314846.2087590694 1697568.2480468750
189441007.3200314641 1742588.9775390625
189406071.8978860676 1741883.8310546875
180314846.2087589800 1697248.6474609375
179995390.0159276724 1690612.8427734375
185923759.9986440241 1738684.1123046875
180077854.8013232350 1692232.7109375000
189441007.3200314343 1742241.0615234375
185923759.9986440539 1738751.6337890625
191487353.1042923927 1743267.1367187500
185336280.6946392357 1737086.9736328125
179715325.9727253616 1683904.6660156250
185923759.9986440539 1738814.4531250000
179715325.9727253914 1683951.4257812500
179709064.2762324512 1683654.4472656250
184752234.4902940691 1734803.6621093750
179715325.9727253914 1683919.3271484375
179715325.9727254212 1684059.1992187500
191487353.1042923927 1742991.3183593750
185923759.9986440241 1738683.9335937500
190970621.7713562250 1742654.2666015625
184923451.8116610050 1735571.0517578125
185336280.6946392357 1737160.4628906250
183107131.3722622395 1728058.7968750000
183089591.0389828682 1727991.9941406250
183139392.0102615952 1728265.0107421875
183089591.0389827788 1727817.3857421875
191173543.7064870894 1742786.8408203125
183124618.1694175303 1728059.6269531250
183139392.0102615654 1728161.0576171875
182916712.4832893014 1727432.9853515625
186616221.0099742115 1740000.0351562500
184768445.4643466175 1734823.3271484375
185088913.0738409162 1736380.2304687500
185088913.0738409460 1736413.0839843750
185088913.0738408864 1736360.1113281250
185088913.0738408864 1736229.5917968750
