372238559.4498806000 4262.4680291604
373987455.2970239520 6802.8664071104
377305645.2313198447 9040.1929344082
408726308.7350971103 18548.9754814804
423229432.1980649233 20152.8709487915
422476009.8447532058 20112.9910583496
422121496.5460605025 20051.1086120605
434079976.3594747186 20405.6498336792
414806673.2811381221 19620.5624923706
422302021.7332991362 20111.4890365601
434323024.6188247204 20422.4477996826
443676468.4960452318 20579.6736068726
372401288.3234763741 5067.1633771874
377210937.2207754850 9033.5043217589
383163316.6676822901 11905.7417151562
384440551.6484184861 12401.5179620789
408333406.1709559560 18532.3780817688
414076829.3295242190 19587.4033432007
415405793.7623592019 19658.4229583740
422581424.6290074587 20122.8080673218
433538284.0223175883 20384.1487579346
384575036.4255679846 12447.9809754198
385939532.2474822998 12926.6550787780
392967155.3912144899 14967.4739369624
434289016.2220953107 20409.3406829834
374218955.8807232976 6986.5497868946
433893418.9220271707 20401.9490966797
374305682.0516329408 6996.3523392147
377494244.6967194080 9138.8772573450
377381585.0211580396 9126.1313155839
386194082.9196319580 12976.4156319851
412450711.7758800983 19387.5894203186
415935057.8546270728 19701.8667907715
412306350.8797954321 19341.8040008545
412354555.0449305773 19364.6648683548
415963087.2439829707 19707.6129989624
422612322.7181746960 20132.5610656738
422832321.5885462761 20145.1543273926
374053079.5140822530 6876.9342782041
408458361.4218450189 18548.6273655593
415590713.4827674031 19692.4803619385
372521509.3814836144 5259.1786600464
383339002.4465732574 11987.7182776562
423193537.6201725006 20152.8683013916
372462178.1451343298 5173.3360969843
412181896.1575509310 19307.4728374481
412432411.8234626055 19376.6583137512
422238594.6239689589 20056.9972925186
439303519.5459266901 20443.1434421539
377096377.0319203734 8915.8365447273
412269020.4284086227 19320.8815040588
413481909.9091345072 19539.9407310486
412592313.9638159275 19402.3082675934
443250724.5471867919 20576.9471740723
412121340.1877440214 19293.9462852478
413774081.6546900868 19546.3032073975
439392941.2782775164 20494.4012031555
439342757.3915938139 20469.1485633850
372714958.3209579587 5383.1941141469
374048658.3731186986 6869.9564373037
374673827.1215777993 7031.6791171348
374472283.9946614504 7029.1435419056
394663726.5608317852 15418.4095734828
439917729.3521768451 20531.7319564819
385750401.6827575564 12832.2733243460
392989718.4100015163 14972.7772950404
374971294.3755925298 7035.6722054216
383233535.3850573301 11967.7165381542
374125700.1778283715 6919.6833978626
385910000.5551377535 12917.5007165426
408453619.8115448356 18538.4301180542
434499225.7146806717 20426.6715545654
372281349.4823436141 4376.3409146930
372402910.8874884844 5069.9339427568
394669283.8283720016 15426.5445428167
413329540.9102281332 19495.9285392761
423701334.3303852081 20160.0105972290
372271461.6118780971 4364.1581900006
372373108.7751216888 5049.4062699891
385995765.7435098886 12940.7361329550
414273489.2322476506 19592.2635879517
374120885.7591311336 6904.9298905796
409083512.7677083611 18680.5907520950
374200376.9657191634 6960.5529275867
372758002.8491984606 5438.7274085769
394513032.8190430403 15381.5051240199
412883935.0773228407 19451.1807937622
372297482.8331810832 4463.7357401734
382971300.1767823696 11877.3463751904
393783708.8132038116 15220.4029244654
382562491.3301137686 11682.5516886345
393498901.8561656475 15149.7428368800
382728982.1666650176 11746.8068655959
393253885.6884499788 15076.7320908331
442300460.7461404800 20557.8136596680
382774059.0190728307 11781.3583626977
376960786.7877054214 8851.9208758665
442488975.0928280354 20568.4046554565
373052021.8026339412 5451.9824821242
374171270.5912598372 6933.1548164627
393635363.4974073172 15171.7630735659
382676466.1022503972 11715.8460910249
372308012.6581840515 4521.3257690024
393632874.6410574913 15168.4913415187
423734258.4124696255 20162.2904357910
413918685.6896164417 19570.0874557495
408159083.6733850837 18486.9844774902
376888606.4617314339 8739.8339759303
380229328.0515131950 10454.1359104348
372536379.9946609139 5273.4542013222
409685492.8744584918 18808.4558090866
385838260.6980833411 12875.3477249158
384353149.0413196683 12388.6978994416
423672849.8194366693 20158.8134613037
382441159.1585612893 11623.0785560537
409524954.7512131333 18761.7995228469
414006110.4638488293 19571.0361404419
413846364.6666715145 19561.9885330200
385686446.4740787148 12826.6818746084
410334163.2855802178 18846.3532938659
413808752.7622702122 19560.6502380371
372563638.0244334936 5287.2714500596
385701286.1001892686 12830.6946100456
393378664.4426073432 15096.4359578192
409446561.8075178266 18747.9555916488
392841093.5021705031 14947.3152054846
441129884.6557043195 20534.6630859375
372345944.3711135983 4528.7747177066
392854997.5908355713 14961.7590798437
414382689.1303247213 19605.5841522217
372415744.0303360820 5082.4115700395
373933505.9069284797 6760.4962932607
376931174.4897938967 8799.3853974186
440177757.9231944084 20534.1010360718
376758072.3128408194 8664.5140101064
393019941.1073167920 15007.4359959661
385269404.9445542097 12690.9472431297
392411145.2096559405 14834.1199497978
435088664.8262141347 20427.3534698486
385178598.1889520288 12641.7098011131
385247076.6940737963 12661.9499153251
410044804.8142380118 18837.7626557052
385406784.3334999681 12735.6283573264
414323736.7193199396 19598.7299652100
384136085.1200000048 12277.6729605342
376784808.7620973587 8691.4766619834
409601201.5362656713 18795.7504334152
409090977.5113523602 18698.8886112869
385335869.1666152477 12717.8933109397
372348472.4246827364 4630.3950249137
392703465.4887625575 14921.2398981850
392449350.3257166743 14839.9904551308
373876211.9759710431 6685.3580295584
442155748.1448852420 20553.0418319702
385058422.4988808036 12560.2463103923
373728135.2586892247 6407.9794049105
395531046.9982244968 15484.4864442323
384798283.9180738926 12510.8888293895
384009682.6971473098 12235.5745444491
380469847.2548298836 10674.4353966973
391915604.6919355989 14650.1931036065
441971694.2794615030 20551.3508529663
380590160.2005271316 10738.1356062474
380372365.8003852963 10646.0689454339
441707156.1090469360 20549.6235198975
381772236.9166771173 11309.1983709157
441301916.5258986354 20545.3740921021
415158767.8304859996 19649.1933593750
415052099.7492302656 19640.5606460571
441151630.5135191083 20540.7534103394
382264949.3670321703 11529.6653894905
392098324.3409460783 14686.6516989742
381951655.0077347755 11398.5654268087
373465028.6713623405 6136.1633246770
383726750.8696409464 12035.9543441438
376600028.8402449489 8429.6434210127
383667357.6289735436 11998.7364379023
373648131.2513658404 6334.2036964721
435254522.1520657539 20432.0255813599
373550777.5757359862 6233.9310275620
373552866.3233924508 6236.6200381821
373513171.1346346736 6157.3372316366
373680239.1241741776 6339.2634344522
387791204.0912694335 13278.5964570555
416666225.7529677749 19714.6037216187
381434239.2710499167 11046.5723910714
381457527.7372923493 11118.1098361398
380990756.8825676441 10806.3192679784
376603097.0059427023 8444.9287172841
387934739.1597101092 13297.8439665173
388043672.3887477517 13357.7916222941
388222824.7066361308 13383.9858460936
422049427.9478377104 19980.1074180603
381218037.2934412360 10986.9843524633
376399455.2517500520 8232.1569879191
387586376.5297092795 13196.2499822900
387825135.8880237937 13282.6611847207
381211119.0912419558 10950.7437653924
391402873.9631621838 14402.1064983330
381256941.7654770613 11015.1635623361
373343358.1581158042 5608.3391417951
387367773.7368455529 13103.7600139901
381453014.6937084198 11075.0852078287
387641433.6422635913 13216.2707638070
373165583.3092126250 5505.2725021557
387252342.8049567342 13028.8466636022
387484797.5288031697 13149.7746650060
381027278.7482506037 10861.2742462507
417148557.9042238593 19739.8563919067
391332216.3893924356 14299.1410502864
416964665.2817985415 19731.1991806030
373298688.7977867723 5604.9454043821
373406025.4026759267 5708.6151990598
373270421.2745035291 5596.6519233153
380757148.4705424905 10780.2612926265
387292683.1235434413 13062.5581171049
391200185.3420872092 14251.4103556348
391086384.2644342780 14221.5088352634
376197469.1467449069 8105.1765868353
390807456.8280708194 14130.3072241666
376421281.7528970838 8309.0115267919
390641100.3067255616 14074.3368371250
390872420.5450689197 14143.2360223057
420770988.9239531159 19915.3982086182
376267181.6012927890 8147.8289068328
376215219.3783939481 8128.3238561736
376257999.7549858093 8138.0205104934
421486298.3840925097 19964.0171127319
390635441.0842395425 14033.8216700251
421594704.8307284713 19964.4962005615
389735111.9247975349 13707.3989222683
379852378.4981318712 10185.8359557292
439079883.6021353006 20441.6293182373
389860808.7015891075 13784.4460808314
421627709.6190866828 19969.1068267822
390569556.7349492311 13983.1810828077
389529437.0118939877 13695.1431330640
421623879.4233261943 19967.8910064697
379887236.4502069950 10209.2530662485
421022739.6879176497 19940.4513626099
379960598.4635711908 10281.3534377716
438722260.7680384517 20440.2817077637
390088173.8240089417 13855.4179095227
399728395.8615366220 16226.3733625360
399843601.2532374859 16292.9057989068
399795947.9271795750 16291.6757879205
399476464.9247100353 16187.0197671599
399312068.3328434825 16151.5102809615
399286516.9792106748 16132.0857237525
378180537.5056291819 9251.7483719620
376196518.5133344531 7984.7761140261
378421313.3687547445 9376.1091158795
411510027.3239985108 18911.9587535858
378314122.0686765909 9357.5801242622
379021995.1906412244 9688.8261390034
411676644.1730293632 18937.0140371323
388776687.9880744219 13411.5003534306
399647287.7535452247 16211.3725587073
379188592.8852208853 9809.4392416793
379306638.3245828748 9874.5580070929
379508447.9692443609 9975.5296510474
379324273.2406750917 9876.6337992863
379105974.9112963676 9744.6593979132
379051376.8270048499 9730.5805119756
378985431.7659209371 9688.5000638249
378107179.6211035252 9168.7567056450
375777485.5803036094 7385.0373864555
378637100.9742435813 9476.4446685794
375680733.1125276685 7377.5916030797
375800275.2118163705 7489.1475578059
375915660.8909729123 7587.7724620776
376019921.9452295303 7681.7220689554
378171916.5914024711 9204.7844212311
375851149.8061388135 7500.7074673881
375788502.9020234346 7486.4057917976
398184371.1558470130 15722.6084818485
398304607.2989599705 15764.7080483082
398210562.1335492730 15741.2933416012
398369682.7544158101 15816.7348656299
398331307.7538236380 15812.6826233509
398691916.6383432746 15910.3092331531
398567078.3638326526 15821.3641948345
430801394.8393267393 20219.6265716553
431200427.7756557465 20237.4929656982
431375579.9983476400 20249.7303848267
430926422.6266809702 20222.6301345825
431301738.8130844831 20244.6776733398
430604755.7462421060 20166.8557739258
407141595.8932762742 17247.3788563199
407371169.4988129139 17305.3641239591
407244448.8967083693 17250.6901992897
407104082.9799649119 17244.4225117154
406789955.4040606618 17197.4044641070
406142447.7735828161 17024.8858049326
405216159.5648065805 16829.8378402367
405667098.9405995607 16913.0042512827
405778589.2361593246 16916.0967653207
405610908.9970002770 16845.8339255266
405485520.9738015532 16831.8870260238
405202697.4747669101 16809.5160258226
