297086044.0729915500 1615864.2656250000
290041098.9242067337 1456271.5592041016
289677706.7735995054 1448099.1383056641
288251488.4114682078 1381880.6058349609
291670007.6892445087 1507677.1578369141
287205670.1230303645 1339610.2010498047
291828979.4019663334 1512939.9096679688
290424464.0099235773 1470486.6649169922
304118616.6512231827 1681144.7158203125
290083606.1463033557 1459180.6016845703
288989375.2626569271 1426811.8665771484
288682202.2194809318 1400233.7979736328
290859604.3156100512 1486556.7913818359
288778921.6575028896 1418247.5463256836
290746408.9841320515 1482051.3792724609
293592495.1462111473 1549316.6838378906
301187147.1336002350 1661685.9511718750
293456596.9602440596 1546495.8386230469
291905675.6522385478 1516606.8543701172
293657626.5432592034 1550778.6738281250
289946028.3726567030 1455668.8867187500
288015552.6668521762 1375469.1723632812
296385595.8872812390 1606268.6789550781
294600111.2449582219 1572197.5275878906
287427073.0497977138 1354717.6220703125
289947923.9039399028 1455958.9276123047
290198638.5183278918 1462281.1507568359
302369095.8334051967 1672439.9506835938
293241280.0595229864 1543220.9382324219
291257169.6522129774 1497948.4400634766
290242577.8590251803 1464444.1489257812
290425721.8767011166 1471582.3565673828
292787064.8211555481 1532297.4345703125
291566748.2884196043 1505591.5198974609
298952737.0609266162 1640622.6381835938
297644394.1172631383 1621546.2275390625
287367008.9054778218 1347608.7415771484
295409994.1567165852 1589256.1801757812
292740611.0574927926 1531315.0778808594
295721888.9075362682 1592497.8537597656
290636143.4751057029 1475427.1392822266
295055019.3885157108 1582192.6342773438
296425745.5547930598 1606923.6916503906
290702360.2331109643 1477508.2191162109
296966814.5749041438 1613469.8435058594
294678612.0126447678 1574587.4260253906
293221519.0229034424 1542529.0241699219
291090154.4820345044 1490801.3673095703
292618251.3958497643 1528698.6428222656
287001207.8788170218 1330931.9992675781
290913424.1543104649 1489198.4520263672
300361520.7099506259 1656885.6738281250
291492044.2846528888 1502953.6129150391
288381584.1896535158 1389431.1795654297
296279833.4810691476 1601766.9860839844
305286955.0074846148 1682220.1376953125
291139279.7726138234 1494389.3753662109
291535892.4178010225 1504545.3482666016
298836503.5723469853 1638189.3320312500
288711390.0672286749 1415100.3905639648
289739860.6484009027 1450430.6136474609
298269943.4828962684 1630952.2617187500
287315635.7054780126 1347483.8315429688
292473028.0620510578 1527415.1525878906
297222806.2532598972 1618554.7871093750
299513129.7309871912 1647202.3344726562
296253634.2103951573 1600961.7023925781
294040874.0699376464 1560012.7250976562
287539168.1880220771 1357141.7402343750
294338736.4884128571 1569072.5891113281
295353652.5322362781 1585695.4531250000
287997255.5902783871 1375168.8452148438
299744157.7594198585 1652257.8867187500
297993565.8894230723 1627847.3950195312
292367855.3001390696 1526354.8439941406
295738275.2606323957 1594838.9682617188
289853733.5636766553 1450506.4647216797
288296002.2139644027 1384258.3659667969
295633780.9874650240 1591821.6511230469
295822352.0884779692 1596547.9255371094
295739543.3936771750 1596323.3439941406
290077545.5634744167 1458185.7921142578
299032388.0974012017 1640678.2856445312
292821403.9265685678 1534877.0483398438
294261364.0803771615 1564818.9670410156
294560390.5139052272 1571261.5290527344
298845485.4237509966 1638204.9814453125
291684638.1680184603 1509150.5845947266
289206390.1733083725 1429449.6908569336
287266282.3795000315 1344300.3662109375
298259546.8551120758 1630364.7167968750
293438067.5977089405 1543663.7873535156
302242421.9622234106 1671632.5346679688
295982958.0308374763 1596576.4143066406
292952320.8503453732 1535619.4279785156
288178992.1731064320 1380918.7524414062
291326262.1913421154 1498927.1697998047
288519001.9677939415 1397142.9239501953
298924950.5349243283 1638476.1733398438
287857953.6858465075 1370790.9794921875
288153892.6268142462 1379741.3774414062
288669996.2884544730 1399960.0394287109
292279744.7111654878 1521925.1472167969
297906156.7844825387 1627362.2138671875
290192855.4971181154 1461700.7376708984
297836238.2453976274 1625721.2517089844
293195588.4350361228 1538669.0546875000
294213599.9076020718 1563893.8488769531
301967914.8583489060 1669878.3823242188
289267271.4858441949 1433833.4207763672
294265649.6914514899 1566743.3225097656
293462379.9814539552 1546965.3122558594
296980253.6290934682 1614639.7065429688
294067614.1128110886 1561577.6491699219
295325199.2947477698 1584203.7175292969
295716669.1262522340 1591957.7185058594
291431434.9532541037 1499987.4783935547
294908560.4921920896 1578790.8569335938
293766340.5986582041 1554580.2497558594
296857055.7298089862 1609668.9587402344
299652388.1100947261 1649918.3813476562
288512241.2505412102 1389470.0349121094
289350980.7181546092 1437438.9598388672
293143433.8926206231 1538468.8310546875
298578468.0529528856 1636547.9089355469
296913298.3171996474 1611037.1599121094
291101110.1417044401 1491291.9862060547
294715143.8642841578 1576598.6628417969
291987936.7463325858 1517725.3463134766
291213365.7431209087 1494480.1453857422
292653033.1505552530 1529421.8846435547
296048737.3316602707 1600181.9128417969
289607823.7213668823 1440809.2352294922
296004059.8430860639 1597367.9531250000
295561345.3557987809 1591199.7380371094
293092343.5554993153 1537410.8836669922
287623195.8864825368 1360313.2812500000
289880219.9552416205 1453327.5579833984
294605239.9132823944 1573514.9152832031
296854403.4880760908 1608714.4982910156
293570914.5135185719 1548493.4499511719
291737222.1319446564 1511403.1231689453
287247985.3029259443 1343607.9931640625
287377002.5637996793 1351441.4443359375
296020159.8793377876 1599085.6643066406
290291669.4018424749 1464708.9156494141
292888092.2696331739 1535513.9339599609
299222270.3045146465 1643385.3666992188
297363961.0014972091 1620370.5029296875
300723223.0132241845 1660954.7968750000
290167329.1642066836 1461632.7581787109
298824865.2090950608 1637709.7514648438
300573153.0751820207 1659789.3076171875
292061023.5432941318 1520054.6129150391
295095364.4598918557 1582791.4338378906
294532153.1163209081 1571185.6486816406
289670769.8544299006 1446155.5257568359
294896674.6700568199 1577606.2670898438
293124598.5707531571 1538291.8620605469
299115610.6752981544 1642616.4575195312
302411495.0749897957 1672520.1977539062
287741173.8704381585 1360406.3778076172
302542217.7560889721 1672521.7319335938
288691801.3620593548 1401591.2064208984
296107224.7465067506 1600676.9580078125
296074387.3991935849 1600312.8706054688
293692138.4519004822 1551249.8488769531
293199999.8814581633 1539368.3662109375
289327973.4317243695 1436040.2977294922
297714359.9343263507 1622460.3991699219
298159630.7528774738 1628632.9165039062
296670300.8905302882 1607641.2707519531
292261786.9458118677 1520799.9493408203
289488419.4662581086 1438314.7846679688
293765225.2488618493 1553579.1154785156
287819868.1868228912 1366961.9199218750
295361867.8847611547 1587233.7600097656
294204352.2414156795 1563036.4426269531
287611552.2109037042 1358179.5133056641
292283056.7951817513 1522438.0028076172
293944600.1575315595 1557969.8249511719
298859050.9067019820 1638457.5659179688
293487179.3905229568 1547528.6950683594
293017630.7781285048 1536417.7465820312
300183406.4730700254 1655649.3701171875
301687834.9293834567 1669278.7998046875
298706381.6919389367 1637598.5317382812
303210935.7464034557 1676575.8442382812
294178256.3383955956 1563010.1652832031
294443909.2503249645 1570132.8977050781
292199212.0371410251 1520585.5499267578
299814937.4439858198 1653849.4575195312
294981647.2891535759 1581120.1235351562
293839427.3956196308 1556909.5163574219
302006671.5008756518 1671415.5537109375
293412698.6445928812 1543437.5070800781
300883702.2699493766 1661452.7871093750
294226874.9542897344 1564070.4738769531
303652217.7755055428 1679924.5478515625
302996789.7306926847 1675216.3276367188
299193182.4788177609 1643308.4638671875
301290071.9383849502 1663734.0654296875
288339885.6267993450 1385301.6601562500
299050998.3080227971 1641825.4580078125
299599085.8662823439 1648182.9882812500
299260796.4644635916 1644180.0952148438
295268157.1012262702 1582834.4687500000
297817893.4598904252 1623191.1049804688
301451428.7646008730 1667077.7070312500
299992358.6336861849 1654129.3833007812
287794975.1565258503 1366464.6230468750
301631592.3419929743 1667915.2148437500
288034029.2305806279 1375526.0175781250
300048601.2210767865 1655494.9145507812
298322249.7657207847 1632060.8237304688
298166345.3291658759 1628736.7739257812
298491911.1756861210 1634163.5781250000
302666348.4456077218 1674690.9819335938
302597384.0227725506 1673692.7036132812
298534107.9632715583 1634274.4819335938
300452725.0097946525 1659415.4780273438
301345721.3542298079 1664770.2089843750
303007598.7800746560 1675291.6059570312
298423123.2064700723 1632582.9516601562
299553174.7767664194 1648033.4711914062
303409151.8991771340 1677912.6264648438
298688176.2836361527 1636969.4995117188
287792615.3480342627 1362352.1171875000
306200292.0368031859 1686668.0751953125
302929784.2721652985 1674858.4438476562
304996836.8361170292 1682183.3291015625
299362756.7754837275 1644516.9692382812
299546782.3467637300 1647445.7539062500
299395160.8853803277 1646307.7963867188
304668516.4912089109 1681537.3408203125
305930659.5360734463 1683442.9599609375
305649728.3400362730 1682769.0419921875
305627143.8954578042 1682484.1513671875
