165915446.7560958266 2163677.7001953125
167019151.6903098524 2238179.4257812500
170341903.4775294065 2374691.9296875000
171373025.0190248191 2396214.1601562500
167303711.1777600646 2245463.9404296875
170773490.0056072474 2384154.2285156250
171570697.8821214736 2402641.7832031250
173697735.6634666920 2412557.0634765625
174779802.7309080064 2414665.7050781250
162120919.7723577619 1731533.3432617188
163522876.8908107877 1956442.1591796875
161873399.7932998240 1712820.3281250000
163568417.9385116696 1963264.9277343750
173968366.4838823080 2413057.9755859375
167088258.9900943935 2238626.3984375000
167115950.3996597230 2241215.0781250000
163471297.6452445984 1952188.2031250000
166656773.8383508325 2217465.3476562500
171885073.1417676806 2404833.2548828125
170671245.0573797822 2380466.8378906250
170847708.1314091384 2384831.6191406250
170884523.7811696529 2386965.6474609375
163772272.1752195358 1978952.5004882812
170259519.3145455420 2369817.7841796875
172127773.9484966397 2406743.3027343750
172440620.7561067641 2408546.5673828125
162545850.8079939187 1833157.9765625000
171879728.3051499724 2404726.0712890625
169879008.2186383307 2352660.7138671875
161995653.6164081097 1726117.4711914062
174181552.3275540769 2413677.5537109375
161736963.7431659997 1689632.0917968750
161895102.7897378802 1716341.5644531250
169789305.2651221752 2349569.4580078125
161378044.5845732391 1579271.0380859375
161930876.7160844803 1724712.3867187500
170848733.1787597239 2384916.3320312500
173827004.9432976246 2413013.9580078125
172024216.3497174978 2405578.4111328125
172137945.2827618122 2406745.7607421875
172530759.1470836103 2408557.3203125000
164452112.8003714979 2018584.0869140625
174824654.8819563091 2414947.3046875000
170429527.2826153338 2376566.8144531250
169669455.5918629467 2349031.1005859375
171029630.1224443018 2387383.9677734375
174775984.5940407217 2414587.0419921875
162327525.4547690451 1731624.3925781250
162016940.2008211911 1729698.5600585938
162702658.9361920655 1860813.6757812500
164059296.8257933259 2006324.4921875000
166122386.1664839983 2184929.6113281250
168969791.9126558006 2321914.6064453125
171470745.3147913814 2397420.0537109375
162962839.3162312806 1893844.7636718750
170232975.7422035336 2367639.1386718750
171279835.1148882210 2395264.1982421875
161638925.1485407352 1660102.7343750000
169572999.6084749997 2344631.8310546875
162714556.5808079541 1861889.3916015625
162964908.4979273975 1894253.7568359375
171770705.0092901587 2404563.8017578125
173913541.0463863909 2413024.2099609375
161807036.1820457876 1704789.6474609375
161815861.5141330659 1708695.5556640625
163023984.5294209719 1901565.8354492188
162959787.6047069132 1892502.0263671875
169306789.6768298447 2334714.0039062500
170593523.5712627470 2378741.5625000000
171062452.2620186806 2388890.6416015625
172901676.4641423523 2410125.2041015625
174653500.5627862513 2414247.2246093750
163610667.0863654613 1965104.3837890625
162837593.0582847297 1881328.8964843750
169474191.1546967328 2342181.3310546875
172761557.2066288590 2409984.7490234375
172534671.9293003976 2408708.8369140625
161433395.8133506477 1597870.1557617188
163786544.4578375816 1981983.7163085938
164160056.0922777653 2012629.6201171875
168146817.2789686918 2277745.8486328125
162560252.5461250842 1838844.2089843750
162593557.4395059645 1839102.5449218750
167151988.2467430532 2242436.4990234375
164198645.7718385458 2015712.8359375000
161281978.8374258876 1544031.3369140625
161767646.5502513945 1695973.1865234375
164005207.8155604601 1999471.2236328125
166092434.7041046619 2182315.3857421875
170076617.2684907317 2360509.4775390625
171101845.9411502779 2392084.5146484375
161799554.3432392180 1700931.6542968750
161772475.0242893696 1700555.3056640625
162511276.7370793521 1827182.2978515625
164381471.0709798038 2016321.7216796875
166040628.5205334723 2176297.6503906250
166682232.2404675484 2220900.5673828125
171260761.8885522187 2395241.2050781250
163997499.4180966616 1998239.1220703125
161629797.6617650390 1658270.8701171875
161688989.5586528182 1682238.1552734375
164092423.5984831154 2006440.5986328125
164153481.4777589440 2010486.8574218750
168210000.5106029212 2278292.1259765625
166047821.1636574864 2178903.6240234375
167856184.8224981427 2271039.5498046875
171161197.9023873210 2393135.4091796875
163768864.4961617589 1978422.5781250000
165963607.7238078713 2174201.2529296875
166792917.3271524906 2225350.7226562500
174647207.7257906795 2414092.3125000000
166993727.2149254978 2233017.9580078125
171233693.2469504178 2395230.4521484375
161742983.9357129335 1693448.0273437500
162663761.6866274178 1854320.9013671875
163943884.1274247169 1994067.2431640625
166809071.4451357126 2226020.7089843750
161354207.7691177130 1577962.5878906250
161704071.2247922122 1687198.6455078125
163845456.2051990032 1982881.0473632812
166485820.0140272975 2204276.0507812500
166754036.9689909220 2222801.0722656250
166913789.6745958328 2230851.2128906250
172651522.8608029485 2409467.3544921875
162693170.2859583795 1855628.9111328125
162647402.4529125988 1849032.1318359375
162614354.9015718997 1849005.9355468750
166574240.6287433505 2211113.1865234375
173544155.8419735134 2412394.7939453125
166259230.3507961035 2192327.5615234375
163799993.1469399929 1982750.6430664062
161335773.5624704361 1572488.2548828125
163375084.2205835581 1941963.7153320312
166838785.1327348351 2226962.8925781250
173406856.9952130616 2411570.0732421875
171292015.6565503180 2395269.2607421875
173984311.6149987578 2413150.7421875000
167589932.3879334033 2261168.3369140625
163944693.3345856667 1994792.3994140625
161406849.0350865424 1593685.6669921875
162819707.7457164228 1876266.1494140625
163864636.6568629742 1989938.3750000000
165821002.5854039192 2158359.7333984375
165867029.8774470091 2161399.3769531250
165751941.3992646337 2151169.3701171875
163435759.5657927990 1948202.9184570312
165848870.9118132293 2159541.2558593750
166243468.7408900857 2192132.7783203125
167936318.4784654379 2276432.4755859375
173266128.5870791078 2411418.5566406250
166583334.0246640444 2214701.9912109375
169438083.2443859577 2338411.4775390625
161597264.4572941959 1657676.8105468750
163652159.9843710065 1970813.1108398438
173255217.1171879470 2411407.8037109375
174924898.4417741597 2414974.9941406250
168087674.8377270401 2276992.2041015625
167666029.8116599619 2262212.1611328125
163235492.5993916094 1925637.7670898438
169268936.5875785649 2332085.6416015625
168092173.4481602311 2277663.9423828125
174592243.0510097444 2413973.4765625000
161305722.3615857661 1551328.8447265625
166514960.8054125905 2207564.9560546875
161269617.9658495486 1537969.0673828125
161646108.0543080568 1671876.3476562500
170031710.9162935317 2359062.2236328125
161640337.4152386487 1671761.8779296875
168229866.7127392888 2278828.3173828125
163721050.2226824760 1974175.9760742188
163552934.7490104437 1956932.1674804688
169974789.0786453784 2358497.6435546875
172361061.7449032068 2407487.5751953125
161302169.0463428795 1551127.2890625000
162732295.6763214171 1865744.4169921875
167901881.4715234041 2274770.6103515625
175207605.1248895526 2415039.7636718750
166205383.5078222156 2188652.8945312500
174956874.8262059391 2414990.4042968750
162932981.2467019856 1891436.7309570312
162836160.5523704588 1877798.5566406250
167829079.2919750512 2270291.7548828125
162837257.7940719426 1878716.8837890625
166321021.4671028852 2197094.4199218750
170095701.4804483056 2361937.3671875000
162780751.7991329134 1873188.5673828125
167316147.8052283823 2246790.4560546875
168288252.8600469828 2281020.3330078125
170156226.7805926204 2365655.6357421875
167711209.0995803475 2266656.4775390625
169456716.3035890758 2339795.5771484375
162894752.6226225793 1886113.4277343750
165457112.5068237782 2120977.9326171875
168877029.5356199741 2314956.2695312500
165451968.8481376767 2120964.4863281250
165660010.5193327069 2140027.3935546875
165401966.3258131146 2119442.8740234375
167452285.0809408724 2250496.6855468750
161686267.1265374124 1676167.6835937500
167548824.9644390047 2258642.5595703125
169217831.7165065110 2330653.9638671875
165686340.5701709092 2140749.5625000000
165515769.0071476698 2132727.2412109375
162873383.5044356287 1883664.8447265625
167378923.2904118001 2250132.7822265625
167244798.1032914221 2244524.7509765625
168909657.1876904070 2316729.7070312500
163648805.3764957786 1967325.0219726562
170766240.7949304879 2382173.8925781250
165654637.1213922203 2138618.6591796875
165638467.0359487534 2137604.2402343750
169311459.3675905168 2335740.5703125000
165714311.0815587938 2148225.2724609375
161318813.5577147603 1561518.4003906250
161308790.1505514681 1553441.2314453125
168800298.1305029094 2312951.1289062500
174106228.4835024476 2413327.7128906250
163420516.7891137600 1945613.7104492188
173094035.9590244293 2410272.6660156250
168700635.5444600284 2298940.9589843750
165660349.2142882645 2140335.8115234375
173132929.4348164201 2410450.1191406250
161324923.8264671564 1563626.4550781250
163361744.9767618179 1939626.8276367188
169396574.0739771426 2338046.1406250000
169570067.1522831023 2344440.5175781250
163332805.3909803033 1937176.6088867188
169166538.7179807127 2329729.6953125000
161332767.5865990818 1564447.5107421875
163300984.2174020708 1931125.4194335938
161334550.1213892698 1570494.8867187500
169526640.8682614863 2342916.7558593750
161461589.0637248755 1601273.6630859375
161437963.0655190349 1598166.7773437500
171080115.2087689340 2389438.2558593750
169222460.3643791974 2331406.2177734375
169865259.3519250154 2351237.6865234375
161389546.1807641387 1585416.0507812500
161477660.7647798657 1604907.5986328125
165795443.2074981630 2152496.5019531250
165690960.6093032658 2144226.6718750000
174010095.1067555249 2413162.3496093750
165780753.7192937434 2152340.8046875000
161456223.2903777659 1601000.9902343750
161454698.2738875151 1600996.8115234375
161566471.3892632723 1628741.2197265625
163193042.4291261435 1917261.4082031250
163131712.9790609777 1912229.7387695312
161579508.6779695153 1629222.5097656250
163010028.4035393000 1896379.4477539062
161541865.9705000520 1621934.9394531250
161547343.5815267861 1623509.5097656250
161507854.3996003866 1620535.4687500000
161561555.6767061055 1627419.3574218750
161526665.1422691643 1620728.1796875000
163163836.3566562533 1914503.7045898438
163083208.5127332211 1904925.2631835938
163147854.5547414422 1913773.3364257812
163089304.9945819974 1907899.6157226562
168603178.4354240298 2291068.4599609375
168586748.7392705083 2290198.3642578125
165242955.9995707572 2095061.2041015625
168445873.0952074528 2285698.0253906250
168454510.7437995970 2286366.6210937500
165189079.8166699111 2082308.0878906250
165204216.0823230743 2087579.8007812500
165364223.8690620363 2103564.7509765625
165327806.9740116298 2099435.9179687500
165349606.4188316166 2100917.4082031250
165338239.2123926580 2100509.5761718750
165253463.3144131899 2095345.3759765625
165116295.1831747890 2074375.2763671875
164995669.0169723630 2057604.2998046875
165022555.1864289641 2063905.2226562500
165040978.4779083431 2066042.4443359375
165148760.8119942248 2075186.9003906250
165101310.3207572401 2071431.9257812500
177398251.5069304109 2415063.4482421875
187997597.2540537119 2415319.0683593750
187032262.5818102360 2415315.6718750000
162412434.3975854218 1734324.9453125000
162481256.2470741868 1774508.1513671875
162488356.4513018131 1774515.2910156250
162430020.4870558381 1738183.2685546875
162406797.8863610625 1733345.8066406250
162442737.1206498444 1742674.1054687500
162451998.1564401090 1746400.7441406250
162462005.5040767789 1753142.5126953125
164970894.0117211342 2045554.7587890625
164920210.0578351915 2040005.6875000000
164980477.7171968818 2048120.0449218750
164891603.6653656662 2030578.1259765625
164934959.5640681684 2040346.8876953125
164909435.4894984663 2031889.4589843750
164817396.3756455183 2029605.5439453125
164791363.4242782295 2022444.6494140625
164910567.1238988042 2039998.1054687500
182655382.4636887908 2415093.1416015625
183012290.4619820714 2415220.2949218750
182783126.8383336663 2415106.3789062500
