80067766.6749003381 16286.9229381680
80280727.3235239685 16856.6743761897
78710289.6690098643 12457.8038938529
78115960.7883733660 8441.4976728261
86417507.9470155239 21716.3118591309
81089140.5386118442 18329.2164468169
82212543.0247722715 19974.2433357239
88421397.3107603341 21744.1436462402
79490621.0808310807 15120.1833112240
78130989.0214403421 8767.9949046075
81155787.4167543799 18445.6540696025
83028670.2510804981 20920.9565124512
83331844.6809047312 21135.5209655762
78535016.4152749777 11517.8868558891
83620684.4768482149 21272.1282501221
84907832.2142554820 21661.3456573486
83621837.7401295751 21276.4487762451
78319694.9266354889 10753.1823984272
83209075.4690261930 21014.6053466797
80559199.8502889872 17385.1956889033
78362871.5054627210 10834.4136297591
84237763.9239588380 21530.4746398926
80355370.9423865378 16918.7205607295
82340146.2552623600 20129.4071960449
82953246.0414014161 20867.6788330078
78359225.8337839395 10830.8712255843
79779269.0730597824 15717.8559274077
78692452.6575294733 12337.0831456668
82167227.7074258178 19657.7145385742
85174663.2972955704 21676.9188690186
83362776.7648120224 21163.1038818359
84693972.6009311676 21649.0567626953
83111273.7091961652 21009.8272552490
83015378.5391239673 20914.6906890869
78280546.5688894689 10507.3468488939
78642189.1830869019 12104.6324155815
79968787.8584381044 16177.5646218657
79599949.6233092099 15318.0446366668
84402869.2383940220 21579.9239196777
86546459.1119181812 21719.2417907715
82880838.5331806540 20803.7524719238
83648715.1128610075 21295.8387145996
78112380.6541894376 8440.9365498126
78278619.4839981049 10480.8781931102
84832985.6989284754 21654.0102996826
82333704.4444642514 20075.8710117340
83733655.6169248372 21319.0997772217
79715475.1991883516 15669.3472298980
82345658.9253148139 20158.1729087830
79653795.4921065718 15497.5513379574
82591689.1907525361 20510.6803131104
84292710.1807885766 21544.6594543457
88167499.2540910989 21741.6232604980
83761820.5583593249 21348.6772918701
79612220.5225562304 15408.6816480160
82336573.2026437372 20108.4577522278
82905681.9677141607 20867.0950927734
82410206.6208813936 20302.7345275879
82355500.1042110771 20204.8306732178
85710116.0526341200 21696.0067596436
85770469.6968413591 21696.0454254150
86398719.7059581876 21715.7005920410
88470739.6466125101 21749.5812988281
80726117.6892869622 17674.1015982032
81016907.1280923635 18163.6978158355
80304441.2757669687 16906.4664255977
80445113.6132693291 17095.8852488399
85963429.3226931095 21708.4611358643
78557186.6565968990 11832.0896261222
78586682.6233417690 12079.7648008354
81111797.7597358525 18384.1793527007
81509231.4424961954 18946.1803585887
78220067.5057177693 9815.9929159532
80937770.8362518102 18058.1144570708
79608155.0065841526 15330.0644596815
81021183.2743373960 18217.9659890532
82247788.5149077028 20037.5478820801
82903836.9373064786 20831.0650177002
78228959.8459746242 10306.6495153792
82441522.5696855336 20333.1103210449
82505140.4537306130 20367.1700439453
85585405.1379817128 21682.1298217773
78234285.4137535840 10452.8975622542
78186550.0035383105 9807.6173971543
81498674.8139488995 18872.6238462925
78834398.6074946523 12745.6581080742
79374700.2884401530 14679.7721631527
82242547.7988221645 20019.6301002502
78843211.9411582351 12837.2463954277
84410145.0860604495 21587.8182067871
86313318.0896650255 21709.5200195312
78458670.8159006685 11212.1502310634
80596803.4534738958 17410.9180192351
84519242.0902543664 21597.2088165283
78175613.2277154177 8812.1529041827
81499281.1580296904 18912.4483639598
88832619.9206867367 21752.1748352051
81163671.6311632842 18446.1711687446
88994200.9151680321 21752.5389099121
78437638.4805079401 11155.9128958173
79470752.1174039841 14744.5460325050
78814308.5815585852 12605.8882716484
82576607.8983322531 20421.5598144531
78436122.4683630466 11066.7989863939
78221871.0820065439 10173.5817719946
79584677.3569147587 15159.1144749522
84176039.1343510896 21509.4689025879
85879602.6972558498 21698.6534118652
85859102.7840035260 21697.7622070312
79563256.9292762429 15145.3812958598
79725327.3440659046 15708.6043404937
79626104.7793902606 15434.2551056743
79835205.2083815485 15873.5850228667
80684125.9720263630 17571.5006968379
78220222.6972936541 10148.9394545853
78380692.5218702853 10861.2934790738
81187034.4086712599 18446.8732766509
78316032.4854016602 10725.7970637865
78284254.4296222627 10514.9104864895
80697758.2894520760 17636.2998856902
84819786.6729466319 21652.4374847412
84530549.5144945979 21610.4718780518
78186385.2150544971 9466.2101835198
78696627.5811702311 12368.9361384697
83861017.1896577030 21402.5387115479
82409380.6597873420 20221.1795005798
82575656.1105785072 20402.7223052979
83890453.6490799636 21404.6301574707
81349243.3675282151 18686.9499673247
82540141.1147105843 20393.7692565918
82738601.8434643894 20641.1046600342
84081307.5230461657 21474.4106750488
82236584.0444286466 20004.9170637131
84515373.5896152556 21594.7666625977
84390370.3633186668 21550.0672607422
83844314.0735886246 21366.8167724609
79822171.4617918283 15821.0108379722
85887904.1887114942 21702.3031158447
84153766.9264228046 21500.4924316406
79781612.2851474881 15813.8407475948
84089464.2033911645 21474.4682617188
80475188.8438395262 17285.8057047725
82792030.8875267208 20716.2943725586
82682127.9299100935 20577.1763000488
78454434.0941059589 11157.9751558192
84514732.5272160769 21594.1028137207
78333074.1743878871 10823.3484401293
80115670.9351201952 16474.3258401752
80089369.4080252200 16466.7613381743
78895029.4108363688 12870.5869909711
83750521.7175700814 21330.2522888184
82713571.3471486568 20596.7518920898
78409859.7417467088 11062.9059570320
78714079.8442550004 12463.8482173271
84609748.0472083837 21623.7436981201
79897399.6016201824 16087.9498147368
86392627.6768068373 21709.6953735352
78400356.4024086595 10883.9147998280
84028217.0953248590 21448.1327209473
78340296.3576777577 10828.1222976632
80960250.0813110322 18116.4051091671
78853506.4519518316 12849.0957638025
78382117.1395370960 10868.2202718742
79962473.6594285667 16106.7070762515
79999457.8928998858 16204.4920510650
81260473.0521812588 18635.3859059215
83760770.0772313327 21334.4253540039
81045068.9567962140 18258.0462922454
85101378.0412076414 21667.0655517578
81428817.8208280057 18828.9472615123
83107348.2924248278 20950.5189056396
84763165.0911040306 21651.1165008545
80978296.9164558798 18153.2888497929
81365478.8672714084 18736.6187703013
84075662.1742853224 21467.3261718750
82473928.3553539217 20365.7411193848
78906198.6186065972 12877.6149787307
81127997.2267453671 18439.4499520659
78828155.0516056418 12726.9865363836
81967816.5755442232 19412.5908091068
82808180.6150899231 20724.6510162354
84744880.7434621751 21651.0702362061
78792993.8656997383 12581.6858364344
78720800.5574290752 12470.8765560389
84789238.8376407921 21651.6963195801
82823209.1711164713 20739.2907562256
85630420.0908938944 21691.0924682617
80149230.3313923031 16475.9692801833
78259579.7009601593 10477.9897227771
88741476.3453250229 21751.7096099854
80088247.5601654351 16347.3687350154
79930143.7911771834 16098.6952018142
82585510.7313907593 20487.5688171387
80065849.2809469551 16273.7245749831
82746161.0769659281 20683.5903015137
80111367.1050605029 16468.0025643706
79923541.6504399925 16097.9586753249
80076487.6916807741 16289.7054757476
88329657.3811093122 21743.5611114502
82170608.0670072883 19755.9378042221
81784402.8588166982 19372.7862272263
87600418.6048596799 21733.1095886230
81528904.4635232240 18987.4281542301
82997360.9922730327 20888.2848358154
83909405.9317139685 21407.7855377197
80013221.8890406638 16272.8919534087
78665435.9371793270 12200.0204881020
82976429.4962661266 20874.2559661865
83614962.9668061137 21219.9145812988
82563849.0466408283 20395.6742334366
80202233.3495522588 16651.6955575347
82784314.3366189301 20685.4293365479
83080784.6116684973 20930.1708526611
83035586.1864002347 20922.2831268311
81727247.6562427729 19234.6838152409
78731240.2620826066 12490.5895652361
80265900.2381525636 16663.3731173873
80699961.9890353978 17640.3016366363
83618371.5513834804 21245.0061187744
83730108.4862215966 21318.9415283203
83908450.0094062537 21407.3378906250
78653950.0424993485 12110.5996812172
78168572.9907688648 8803.8745380938
81513842.4141144007 18983.9906694889
78819583.0949334502 12701.2256434746
80262053.1110078394 16654.3432967067
81410519.9700295776 18828.6394459605
81344025.6437712163 18644.6350638270
87328507.8370174021 21721.6226806641
83497758.6622769237 21178.5355529785
81485094.0802695602 18833.5126921535
81618594.5671172440 19080.1592018604
87545035.9387789816 21732.6553955078
80191251.3000833392 16524.9310092330
88720922.0549780279 21750.7390594482
78553361.7463142872 11718.2198441811
78656006.0276865363 12114.8707078285
83067386.7463263869 20925.4848175049
78179056.8125867397 9112.0176965892
80157930.8216281682 16517.8980044723
84069960.3973731995 21456.5910797119
83542961.9307034761 21215.1451110840
80719115.7917631418 17667.7687234282
80616505.0072461218 17419.2780618072
78788664.0761946142 12496.0590938139
83259046.4912785292 21035.2614135742
80632445.6225814521 17512.0211800933
84053495.1472494453 21452.0518341064
83276224.3983348310 21072.4107055664
81646598.2823335379 19120.3701555729
87465979.8612325191 21724.9614715576
78528905.7387915254 11411.3812597878
83272978.4878083766 21071.2169799805
78623809.7146355212 12090.0030930824
80429546.1682589650 17040.3927773833
87473285.9535817653 21730.5709381104
78783871.7984300554 12495.6812990308
88025643.6046545058 21736.6378631592
80181570.0995855629 16519.5425450802
80383570.9010058045 16994.9922494292
80824548.0082891434 17830.4913644195
80617137.8905906230 17490.6628579497
80508984.9796154648 17289.8934487700
81659045.7000157088 19130.5195433497
81379757.0312272459 18790.6910368800
81594532.7962139100 19032.9475893378
82040882.6174883842 19546.5899059772
81698714.4934071004 19194.9915091395
78886094.6506301761 12866.6752131986
87491848.8750083148 21730.7310333252
79096758.2628913820 13432.9475647397
79171870.1513592303 13533.5967988372
81399400.7491059750 18795.6285054088
79077976.6376321316 13285.7521578670
88138863.0387482047 21737.3940734863
87865725.3707848042 21734.0182647705
79146916.2117171884 13523.0122162290
78513268.1533552557 11402.2136204429
79015057.0807192624 13160.6283114771
80616891.7852603942 17427.9390725493
80425463.7191780210 17040.3443183303
81892802.8684449494 19373.1586465836
80774202.8161645681 17698.6989102364
80777065.6416668445 17713.8692025542
80466624.4281760305 17111.5554827452
81946246.1752795726 19384.7965557575
78975158.8211662471 13144.7497650571
79006455.5778114796 13150.0937770414
81549475.1461121440 18988.0763094425
81687373.0121442527 19137.4411539435
80438539.6744659096 17077.5926064849
79072406.3336755186 13222.7264154571
78942482.4544200599 12934.0311639923
80539292.2181680650 17312.9644936919
80930156.7041998059 17921.7404056787
80887389.2792998403 17851.2148056626
80900016.4222512096 17866.9950638413
78534496.6104570329 11468.8086900021
80896832.3766951859 17860.2199298218
78533475.2117833346 11417.1336944289
