365196808.3025940061 1777.4993770527
406240017.1304715872 4993.2335872650
365057179.5383625627 1754.0762162166
365239959.2174152136 1796.8604459333
365297953.9825917482 1816.5224886522
368999343.9160724878 2756.4122264198
369994730.9604806304 2867.4155210400
370160898.4201325774 2884.5410787695
376527596.2928428650 3421.1070099865
376051350.0067662001 3386.9378409102
385523820.2182067633 3998.8780180821
386813217.4088772535 4092.7717152098
386535119.1799885631 4081.4106267693
386378851.2729405165 4065.3775874646
386389308.6890379190 4077.1314376862
405286777.6466978788 4961.9794732332
405993048.4739528298 4991.4377130270
405710619.4834246635 4978.7454260588
405842918.7346128821 4987.1599916220
405874150.2000749707 4991.2510026693
415893193.6182526350 5077.5899791718
405606132.6330607533 4976.6637691259
406388828.3672073483 4996.9711980820
406772846.7394858599 5005.2138662338
370221218.9459249973 2888.3684724713
385966204.0615452528 4050.5571898491
405443209.2519539595 4969.5898483992
405171650.5879963040 4959.1999343634
405371398.5900187492 4962.6009076834
405788198.8206412792 4978.8539394140
405543538.5518520474 4976.5512212515
405470751.7906399369 4971.3678179979
406501931.1237233877 5004.3485965729
406333847.2320216894 4995.7166637182
407552672.1358280182 5017.7673740387
415958644.8415929079 5078.2604217529
386692528.9830299616 4085.3767807152
370098748.3357811570 2869.7240251446
417304907.2371641397 5079.2778444290
417507760.0470763445 5079.7853679657
385853128.6215199232 4043.7114576707
386132972.8989263773 4059.5541796098
365259871.3937459588 1814.3107890188
370155155.4815619588 2872.1101604842
370121979.5063464046 2869.7459677005
407397951.9904032946 5008.9304387569
365244802.0484213233 1797.1781797629
365115727.5455526710 1773.8430948478
377021569.7409524918 3421.7458168581
376854053.4429061413 3421.6417089590
386038702.2591894865 4052.5899367247
386236363.2945623398 4064.4661804309
415761590.3852375746 5076.8392601013
385913331.8572176695 4049.6466373811
370223753.5761687160 2888.4093950217
385871889.4268007278 4049.6296591172
408610235.2022880316 5036.8431463242
404055097.0275831223 4894.1720477343
408345721.9984376431 5033.6133537292
369033381.3919947147 2758.2365031211
369188910.3579837084 2778.8210954840
370314792.0143691301 2889.7988170529
404520846.5442139506 4908.3739671707
417290271.8334521651 5079.2391405106
385960498.6889773607 4049.9133306411
416797540.1683349013 5079.1787853241
416748362.9172627330 5079.1407175064
365465011.5126251578 1841.9158791110
368807425.8684647083 2711.4549811509
369170093.1315487623 2778.4990759461
376511858.1675622463 3420.9374506716
385695287.7267242670 4036.2731975923
404852846.2536262870 4924.3087387085
415094824.1453311443 5072.3829412460
369907789.7557778955 2852.8952611828
369707712.9215620160 2844.0804361248
369783220.0952644944 2846.1780430636
404763263.1081972718 4923.8784646988
415073977.7563187480 5072.1873083115
404858588.7533073425 4934.4489383698
368772454.9163463116 2692.4283108243
385103301.1554462314 3993.2250488410
408538390.0813884139 5035.3444805145
414804773.3977793455 5071.4583005905
414643591.7584559321 5070.6733522415
365519013.4556133151 1860.0868815660
365400133.6558343768 1836.7630208239
414979828.6986584067 5071.8519134521
414506750.5786899328 5067.8198318481
414847987.8907228708 5071.6109380722
376145445.9380066395 3398.1381455456
375960066.7922374010 3384.4963463341
403717084.2170333266 4867.9356107712
367687478.1626910567 2457.2297129648
384845843.5927916765 3972.3155090850
384833968.5671976805 3970.0404584449
403598857.3058354259 4867.3918325901
403478407.1637468934 4861.6526887417
368866330.2587981224 2732.1151632794
385075627.2127517462 3989.9267310669
408755298.9329832196 5037.0601654053
403920787.8508880138 4887.4027862549
369529698.7614437938 2822.2013111854
369412364.2930244207 2800.4985168719
384803291.6731288433 3966.4139294135
403758146.3062470555 4871.5506443977
408558133.4352578521 5036.1752796173
385037930.6913746595 3988.4818885367
369411685.5440770388 2799.2726180517
367818071.4955983758 2484.8023772257
408230815.3245435357 5031.5143318176
375673938.5248448849 3357.7374186356
367714836.4581099153 2461.1594336846
369348871.2504178286 2783.1486969733
369355833.1414009333 2798.8662262702
403785393.9841516018 4878.3276910782
407476591.4731572866 5015.2511596680
404223368.1990520954 4901.0212018490
408450092.0486204624 5033.6160364151
370091556.4452702999 2867.6548417583
390342712.4105489254 4234.1715580624
404037437.3245452046 4891.5645313263
413567006.7288810015 5063.5794734955
413368910.6872845888 5063.0627174377
404289321.6092312932 4906.9061923027
390866830.1213470697 4274.7951284990
390371793.9224684238 4239.2826507491
368628687.5137472153 2626.4956843849
367850824.6749231219 2485.1259322184
384880663.2370399237 3976.9805412882
384701534.3010567427 3966.0295193161
408469408.0815231204 5033.9790487289
367921664.4308530688 2516.8568448472
390729672.3689737320 4265.8936516446
390413065.5338436365 4247.5223509473
414177448.6775448918 5064.0203657150
365932875.3516985178 1929.6403627943
367769731.9490420222 2480.3620657938
390597482.2690500021 4260.1140859294
391011134.9852563143 4277.3897933178
368128082.8215684295 2548.5177258731
376087501.0082349777 3389.1115767677
365840527.0144433975 1906.9197332686
365903302.4377093911 1928.3950465381
391044327.5550335646 4278.0872189206
366259304.6737656593 1972.2656499207
365997713.0676838160 1950.8316022813
365782348.6185727119 1886.0632455176
390664159.2278790474 4263.1387300052
367935095.6038789153 2518.8551553132
390431644.5042356253 4254.7521340054
390719282.0454143286 4264.9167142668
365884049.9647278786 1927.4965173662
365866257.8778711557 1908.3890382707
375797840.0419754982 3367.4231816782
368732362.1605943441 2651.0181184631
375634000.3052786589 3354.5500651950
375556162.1584273577 3346.9679158498
375291679.3038079739 3321.2767678071
368086686.6449350119 2542.1902402284
374935733.7067211866 3276.5615932597
375098298.0324717760 3300.2662113118
374979027.1608192921 3286.1523229732
374819919.4766710997 3276.4872791423
368215553.3786602020 2565.5253251436
374964450.7808498144 3280.8397429838
375057067.2787730694 3293.0268345918
412797703.9852722883 5057.1581029892
374952372.0273343325 3278.9543190767
412393797.5514134765 5052.2850542068
368381921.3194017410 2583.3386202695
368482752.4945728779 2603.1942352502
412960409.9435561895 5058.2205171585
412604495.6512102485 5055.6522417068
366568650.4995458722 2007.5761016555
412849100.8720960617 5057.6971788406
368626127.3898873329 2625.6856100555
368677314.4048604965 2648.4590132233
367046441.9633455873 2012.7686096378
389613243.6681220531 4205.2110051614
389892777.2479692698 4224.3085910779
412154108.7610185742 5041.3780050278
368410517.6758947372 2589.4831611680
368344209.4029331207 2581.1266153162
383654083.9640827775 3876.6043459834
389350150.0035147667 4187.8295873821
389468153.3496830463 4192.6273809558
383863060.1719550490 3886.0719780568
383803415.5076692700 3882.5164026861
383915779.4547916055 3899.7988700513
389202669.3875753880 4179.3364834011
383746888.5937999487 3876.8637519078
383821555.6450662613 3885.0370047287
389522044.2484351397 4201.3723940075
374592680.7515646815 3223.6579350845
374369575.8370358348 3218.0268928425
368599694.6930241585 2620.8799357108
368600519.9689409733 2623.1793928883
373687106.1026940942 3140.9999004457
412368929.0696552992 5048.3713264465
373496499.0025750995 3119.7039357278
383540509.6085624695 3852.7344785683
367316668.6809399128 2023.4299898327
367361063.2845777273 2043.5519815329
367123481.2438390255 2020.5262547094
367344505.3160543442 2027.9622357893
374241634.0772640109 3167.9621700364
374027611.5376785994 3165.3983666698
374307424.2366054654 3189.0060273725
383646755.9947036505 3855.2080312537
374144339.5079118609 3167.0657429638
374049681.2176569104 3166.3892436641
373752349.1518301368 3143.0541587490
373227563.3898143172 3095.3471842091
373094357.9819002748 3076.0471181006
389122821.4596201777 4166.1629985208
373035047.7103211284 3073.2740811959
372696164.4747433066 3040.1832616779
372671063.3686926961 3038.7209404053
372535643.9002034068 3019.8994992783
372429855.6596594453 3016.1516685363
372237081.8359985948 2993.2663383361
372102495.0277272463 2969.7747057050
372225323.0254630446 2978.3222106069
372232264.5863509774 2984.6302073568
372013116.5511151552 2961.8175040872
372130028.5287395120 2978.0954001516
371781635.8056054711 2934.0954504266
371463145.7385491729 2910.7560929881
388844733.4091092944 4148.4679673547
388414966.3626295924 4115.7149558896
367591624.8185170293 2054.9592751635
388617042.5351685882 4131.9426329965
388633475.3531545997 4136.3497136468
388610096.1852372885 4129.4635628099
367644611.6947128177 2078.1881544774
388533094.6349996328 4125.0306743020
388193608.9228090644 4106.0107868044
383104933.9530301094 3778.9295037624
383383311.0496050119 3796.7172147774
383192496.4319506884 3784.9103055832
382855479.3443634510 3747.4350346096
383307266.2095267177 3785.4834398080
383265974.7852150202 3785.2772229959
382811687.1262345314 3730.7632859715
382934365.2927168608 3759.4045361050
382891206.9779078364 3754.5491238028
382685141.3606643677 3685.4164599534
382209832.4703160524 3642.7852729577
382249089.7160131931 3645.1858097333
382579371.7923349738 3678.7081259507
382728323.3464642167 3696.6859902162
382279544.6658867598 3662.2462869901
382129692.3944055438 3614.8182384630
382093540.5032206774 3592.6246903171
382057618.7067035437 3574.8554002534
381883668.8482440710 3569.8574519982
381940588.5463593006 3571.6594417642
381663304.3815531731 3553.3767853405
381638921.0961319208 3546.1213684704
381572341.2095313072 3541.1171677734
381165225.1904054880 3514.1462083540
380494783.2984050512 3463.9670415643
380383647.4758658409 3463.1277980331
380790687.9826898575 3487.6138805680
381108434.0862629414 3506.4427943772
398891509.8146328330 4442.6124754800
380694081.3060497046 3480.6123213295
380366075.4479774237 3462.3844127182
380052161.1659278870 3424.8126404636
399000851.8338444829 4456.6379853142
380085488.1069035530 3431.3296425693
399017156.7037292123 4456.6430054558
399342397.3581765294 4472.6760382010
402624091.1003622413 4607.9370361362
403090669.3503099084 4631.5985623393
402751730.1931793690 4612.3742486034
402592437.0618745089 4605.8048528228
402811752.1096602678 4614.7143488917
402652450.4335725904 4609.0311049018
400097445.8691501021 4493.2434370075
403034914.0934967399 4629.1814557109
403231823.7819265127 4636.3121334109
399985626.6461972594 4492.0701343571
400551322.4201710820 4514.4989108597
400784839.7226430774 4520.9646331822
400705731.6655047536 4520.9223176991
401608258.2183123827 4557.7631005738
401037276.9400576353 4533.4965817574
400922955.3568289280 4527.7696494553
401172978.1943884492 4539.3684593737
401097956.4436417818 4536.6993865464
398473687.7820525169 4362.9723195834
398639481.5001135468 4372.8615799351
398310378.6684621572 4353.4411745472
397987514.9209735394 4334.2877602743
398110102.6364119649 4339.9101346536
398320026.0039757490 4354.3299322529
398217410.7269676924 4344.7158797690
398171128.0479803681 4344.7120231100
