418845745.7730822563 21.8461914864
418587784.7272126675 21.7779965895
418700286.0658248663 21.8407937335
418528113.8536101580 21.7460860657
418288478.2673493624 21.7013319526
418396948.2222204208 21.7292462708
418042856.5859404802 21.6935767727
417836393.5967878103 21.4794783973
472974922.3758875132 33.0843893487
398411656.5734238029 10.0857511628
407792748.9631595016 16.9712283189
439891214.1326912045 27.6034869433
474250836.9439852238 33.3007379475
404278988.6208087802 15.0811462052
431371880.2188832164 25.4236489432
431599032.9890027642 25.4623960563
439949236.9905157089 27.6111876082
399248703.6833574176 11.6797017185
398149159.6978253722 9.5602430780
398424205.9576038122 10.1186445747
404169270.4947901368 15.0319495224
417387478.8012022972 21.4470544205
417870088.4371931553 21.5922506568
417010727.8681651354 21.2898649070
430888348.8831624985 25.2928679137
431166719.3105474114 25.3567252507
430905651.6662550569 25.3029319542
431037235.2713103294 25.3329291745
431539989.1003932357 25.4557754728
438902879.4767321348 27.4374374911
439768789.6424501538 27.5976274379
440594582.8455473781 27.7932188597
454321204.4536879063 30.1680928853
489720927.9889050126 34.6298778728
404055046.4230054021 14.9363587707
438827533.7869451642 27.4088918581
438236521.4987438917 27.3026239141
440393978.1139340997 27.7600609448
473118997.6981012821 33.1145023967
473441825.2720072865 33.2145807969
473539735.1493180990 33.2518228369
473717653.2917784452 33.2754534262
398241980.0944305658 9.7277846067
398224683.2936791182 9.7183118683
403904794.0127158761 14.9095378168
479049969.1361528635 33.8401579689
403781796.6986807585 14.7644253386
403613688.0986379981 14.7379294284
403803884.3201758265 14.7933403930
421724685.0664029717 22.7278475283
437692169.1966163516 27.1262221202
440614568.2819148898 27.8052571388
474823535.7508613467 33.3653453588
398567243.8687869310 10.3912027342
403265676.7923606634 14.4648005789
421039390.9161394238 22.4812604783
438385522.3701751828 27.3221583232
438225241.6729940772 27.2813486769
480125845.8943027854 33.9784626663
490500663.4975051284 34.6688987017
418007678.8475497961 21.6049997778
437825512.6737728715 27.1451138179
421879673.8236436844 22.7373393921
440870369.9840701222 27.8352154728
398308835.6014790535 10.0593647793
421512267.0354401469 22.6113600133
421156117.9577239156 22.4815314075
421609248.0172007680 22.6185194885
440017983.1394672990 27.6984353151
400534797.8751159310 12.6952264212
440362319.6934482455 27.7337604273
399776604.0480282903 12.1605271092
399941640.8799427152 12.2473341750
400654536.2087297440 12.7044047484
398481435.8961203694 10.2882714653
400384461.4769452810 12.5435758480
403432642.2782452703 14.5982553407
438073603.4521782994 27.2630932345
439579653.3343151212 27.5568343263
479893305.3734294176 33.9704849869
490374370.0750004649 34.6533498988
489809858.4915178418 34.6450891793
399578781.3753331304 12.0537191546
408645271.7314212322 17.2801135918
489115184.9762638807 34.5706207156
489848521.5252277255 34.6463840753
399470506.0803502202 11.9442132954
439418644.1598383784 27.5088506784
439192996.6685716510 27.5071244384
439481747.7463647723 27.5482823435
400192464.4529864192 12.4230689309
398488326.0250293016 10.3720721849
406932305.0773987174 16.5176090101
454463781.5867382288 30.2257604983
473874791.4679306149 33.3003525438
472754038.0766006708 33.0805039208
473350073.5734525919 33.2092159044
403031752.6253722906 14.3557441195
400038379.1142613292 12.3589032046
407046211.7512881756 16.5364788272
407071523.4913936257 16.5490821997
407225407.6719828248 16.6870746376
408008453.2067034841 17.0370159332
421862230.0487313867 22.7338203041
408465153.7478872538 17.2163460322
408175105.2898302078 17.1531240710
479129835.2439737916 33.8889479935
479719123.5940012336 33.9480503872
399078879.9839622974 11.5121311404
402725266.4005533457 14.0622464342
399170980.8131811023 11.5613854564
479292348.0396773219 33.9039259851
399098566.1026770473 11.5447192956
421289852.9311584830 22.5997162906
407188848.8984044790 16.6486511590
421207795.3749099374 22.5178818472
421195356.0244095922 22.5068790937
454620719.3830738068 30.2360375237
453974705.2477176785 30.1611978870
489354438.2299523950 34.5909073502
402590147.8295128942 14.0403512081
406882830.5404835939 16.4594661674
407031113.3398074508 16.5208814392
453863368.2262638807 30.1124492672
454429680.5002902150 30.2133564849
402495266.0512118936 13.9331267531
398683976.2883029580 10.5253105280
398483107.3432739377 10.3537021396
399168446.7082670331 11.5532918454
421405997.4742308259 22.6086627164
399323630.0330986977 11.7163315248
399280966.8355104923 11.7163276841
421243135.8100671172 22.5651596063
453627916.2632250190 30.0638359117
406637142.2666257024 16.2531366565
412107889.4960107803 18.8180574905
437540678.6280811429 27.0834211498
402194026.9940696955 13.6235532183
407326798.2307381034 16.6933415391
398883791.6621295810 10.8967755665
472604389.4455071092 33.0626057305
473126068.0621311069 33.1590176218
430261845.4102413058 25.1020632396
412385931.5741057396 19.0171610406
430256181.9670521617 25.1007113727
398710233.5382310748 10.6334772795
401283992.0251441002 13.0240542923
453345327.9781294465 30.0104684321
419347742.8759530187 21.9910741759
398923354.5739896894 10.9584095529
398855207.7987422943 10.8355277055
436300204.3925667405 26.7140069486
436750425.9738294482 26.8496947841
435798102.1893586516 26.5682363448
436344094.6490575671 26.7213304350
401830617.5685305595 13.4518525796
416169301.3155305982 20.7885746673
436129597.0858325362 26.7027834759
435906719.6851050854 26.5773187273
435904309.5689044595 26.5709714604
401581939.9035260677 13.1814546195
401594049.3828353882 13.2723529303
416457243.2946167588 20.8992553648
452458872.2060747743 29.7878071042
451853105.0334694982 29.6066007220
401402837.7462769747 13.1355493201
452007028.1910342574 29.7293527217
479618729.5548710227 33.9229620025
401384052.9824217558 13.0536680873
401230094.3049593568 12.9471704987
401156374.1755586863 12.9470782484
416281080.1635424495 20.8142448847
433570837.8057885170 26.0260396446
434421868.8079322577 26.2051505069
433988423.3089830875 26.1136370967
451992715.6830420494 29.6958173902
430302033.3279407620 25.1628913852
479245759.6000577807 33.8951423690
412412987.0940831900 19.0642243086
433198597.6565215588 25.8620680580
432999426.9875538349 25.8555983613
406745997.3648074269 16.3286905666
433448960.7000193000 25.9530030257
433232709.3512147069 25.8794886945
479350209.7232005000 33.9117118865
433267233.8929063082 25.8992199200
406326736.8331010938 16.1056426529
430351015.5050598979 25.1711808341
430270132.3733386397 25.1461047279
405879591.4392245412 15.8310751141
406234562.9186626077 15.9711527069
406033482.7884735465 15.9474431256
475550086.4633900523 33.4052841477
416355195.6273475885 20.8580289667
416650090.0634402633 20.9798295358
451380198.6379212737 29.5825416946
477796580.2693153620 33.6883958876
416088723.7968312502 20.7037415145
412208782.2694524527 18.9573015952
478360949.1638119221 33.7753505260
415488789.7014758587 20.3456562825
415800569.8843333721 20.5240375621
412704200.0318835974 19.2159922859
415568465.1004030704 20.4434496642
412499930.2409299612 19.1363606593
412632143.9481216669 19.1828881493
430093560.6445537806 25.0682838904
405792146.4473256469 15.6926734869
415634902.4489331245 20.4795470454
415864320.8339686394 20.5891367413
431944123.5644732118 25.5255954499
430726967.3293696046 25.2461410193
415592752.8123861551 20.4517894976
405197379.5286222100 15.3060565772
405084874.0409125090 15.1685183663
404922878.2667284608 15.1331429425
405007512.3268565536 15.1468058684
428573089.9083218575 24.5434567487
428665500.4919281006 24.5951514585
413876571.2823907137 19.6857714707
414044363.8968609571 19.7840925334
413897947.9065320492 19.6872383251
451056036.5862824917 29.4892023481
413742316.1897035837 19.6706183090
413301459.7399010658 19.4235843218
413585677.1190869808 19.5617699673
413496279.2350803614 19.5508348181
477352754.1131176949 33.5955465212
428239429.7813130617 24.4780016356
410348574.7822605371 17.7869543019
409928357.5128622055 17.6153459134
409898420.4535447359 17.5802246206
428041645.0813604593 24.4331456987
428643563.2690201402 24.5866412484
428573011.6138767004 24.5375355371
409891695.2652899027 17.5756962248
409852674.7913944721 17.5738998898
476710434.1485700011 33.5163009539
476608003.8127067089 33.5000045672
477124689.1202646494 33.5649003834
477061198.1075897217 33.5566411465
449890937.9963445067 29.1318124636
449967471.4893793464 29.1883630549
450069269.0423792601 29.2300650134
449231513.8011044860 29.0562562301
449895069.5201458335 29.1688123276
449439484.2212401032 29.0889326793
426589115.0351389050 23.8189488529
448579967.9200155735 28.9437200084
425542876.6663333178 23.3996820379
488943210.3660739660 34.1383206686
425233219.8292394876 23.3068101210
425585923.1189360619 23.4237270188
424916869.2922049165 23.2047503150
446957527.7890872359 28.5509779549
446345799.0508550406 28.3868650088
425377419.4793612361 23.3568171389
424491448.7159377933 23.0098361775
424795419.9048262239 23.1563646748
446385476.0916942954 28.4314899409
411921353.8218519092 18.3033891473
470317796.6142309308 32.3770183520
411553891.2092532516 18.1318953715
411595945.9509744644 18.1318974799
470286144.2683266401 32.3746081006
411449429.9251603484 18.0365768245
470847312.1022811532 32.4485818709
470006794.3858664036 32.3422431138
445772030.8656409979 28.2624290278
445568065.5780227184 28.2130016369
445717253.6657567620 28.2609382528
444961530.7911235690 28.1014969352
443929440.0637021065 27.8864644769
459738745.1557013392 30.5513182609
468304494.9586318135 31.9685662977
468017708.2498182058 31.9175851440
468512376.4001734853 32.0182736881
467952024.9847400784 31.8957485754
467355099.4279630780 31.7754092674
467656180.1645609736 31.8444488655
467440358.2511055470 31.8270171146
459692743.2453859448 30.5428740299
459719239.0488443971 30.5500869928
465166776.9653542638 31.4554066641
459751972.1366106272 30.5729804440
459220291.2122178078 30.4578153593
459447674.6868576407 30.4820983997
459399812.3202366829 30.4813006939
462865934.2719225287 31.0023965346
463006347.0076224804 31.0808992646
462825388.1045247912 30.9865994556
463290004.0519824028 31.1291201226
463561984.0934228301 31.1639536433
462991079.8593491316 31.0175968735
463210621.8383005261 31.0975039155
461319402.6797360182 30.6956209061
