872751570.3626199961 6679587.1669921875
872898216.9297333956 6690805.4160156250
875836825.9271891117 6875478.5698242188
871258519.2224678993 6537246.2211914062
876924976.9810700417 6937953.7436523438
904065136.8835473061 7610507.4121093750
871328673.5773663521 6544135.5014648438
873604589.5072610378 6739718.8701171875
873410428.1483865976 6733495.8637695312
876376029.2317348719 6917588.1909179688
941482705.3780732155 7853691.0195312500
871414327.3396205902 6551352.8383789062
873271083.8826125860 6725187.4360351562
875301848.6606825590 6849098.0971679688
941198726.3199843168 7850619.0634765625
873410428.1483865976 6733471.8725585938
872345018.2788817883 6637233.7592773438
872351629.3390097618 6641383.0610351562
871485849.5468320847 6552843.5170898438
940352301.2662003040 7847756.6152343750
873962637.8154628277 6787273.3916015625
940127978.6801618338 7846781.7656250000
874321708.9608707428 6794667.4882812500
872147069.6493031979 6636946.2397460938
875024637.5195596218 6842387.2709960938
871587051.4952310324 6553329.0297851562
873982685.8455634117 6789223.2421875000
874389181.6402591467 6795391.3554687500
874116201.0738570690 6794497.6064453125
873569710.1645848751 6738776.6318359375
873136899.0927026272 6714791.7778320312
873460339.3183774948 6733503.5302734375
873606429.6990196705 6742959.7158203125
873606429.6990194321 6742865.4746093750
873145215.7015565634 6717981.5649414062
899878931.6221352816 7552278.6523437500
871784882.2836467028 6605678.3496093750
874704431.9002243280 6830804.7348632812
873628653.7663409710 6745773.1064453125
872632712.8560737371 6642431.8994140625
871615404.3597475290 6557196.5151367188
875233672.4373495579 6848526.9418945312
875443990.8871583939 6866290.5546875000
875346892.6875119209 6866056.8417968750
875089423.1590169668 6847716.6967773438
872409221.2721649408 6641825.7089843750
875069429.7676606178 6846086.6899414062
871641796.1896382570 6562303.2226562500
882097973.0944136381 7132192.0747070312
871890729.5512727499 6612570.7929687500
897595670.7152957916 7514398.2363281250
877402403.0562214851 6969788.7978515625
879735473.2938683033 7061766.9682617188
880463362.5607182980 7082345.1303710938
877449908.2829449177 6970332.0546875000
897531053.5943186283 7513670.2460937500
872043097.0532482862 6620992.9707031250
877042324.5813256502 6960238.7734375000
877205608.1002212763 6967142.5214843750
898010072.3174971342 7527692.5664062500
872648669.3122690916 6646145.8974609375
897750405.4779728651 7516221.5517578125
876693348.3420091867 6934516.7744140625
877734366.0156182051 6977020.3549804688
898224370.1038774252 7533065.6953125000
872526739.6570683718 6642164.8125000000
876672995.0465865135 6922709.2412109375
877863981.1647378206 6991686.9526367188
879863481.3134359121 7068263.7304687500
900146506.4167706966 7557146.5205078125
871745159.6466730833 6562973.5625000000
876272720.8819489479 6909759.7270507812
882141092.2941759825 7134803.4155273438
878315937.9137122631 7008329.6464843750
875733405.4737508297 6872369.0771484375
875957760.4987461567 6880515.9985351562
878638566.1945236921 7027172.6728515625
878435024.4829196930 7019493.2900390625
876183517.9641742706 6893111.6494140625
881068064.6264921427 7108605.2075195312
876038909.0456719398 6892674.7792968750
876208935.7402242422 6896593.5195312500
880491494.3330739737 7090016.7709960938
878026369.7244384289 6997958.7612304688
883378758.6938134432 7180391.7578125000
883348188.3906948566 7179843.7558593750
881662064.3484786749 7129184.1240234375
879124739.4230828285 7047216.0800781250
880142015.9170889854 7072380.5732421875
883161798.5690034628 7174968.9277343750
874604452.0169829130 6821408.1718750000
881592847.4226222038 7122664.0053710938
882206664.7552840710 7150798.5253906250
882712415.3138635159 7157830.1503906250
882542853.0951052904 7156024.6767578125
882898275.4611672163 7161845.4072265625
882355186.8304090500 7153945.0732421875
879411119.3888490200 7050883.7197265625
879844086.9735466242 7062687.6987304688
899694321.5109537840 7549163.5273437500
878560972.2177305222 7021133.7036132812
882355186.8304096460 7153972.9667968750
874561894.1977297068 6812337.0351562500
874526206.3139859438 6805538.8369140625
901456758.1437016726 7577908.0205078125
879043398.1309717894 7040108.8984375000
881504798.9333013296 7121264.9057617188
936479255.8139013052 7831644.1728515625
880613872.4318932295 7097711.4194335938
936659557.3368021250 7832798.3955078125
936686745.7198947668 7835548.4707031250
873628864.1483838558 6752477.0419921875
873878679.0243413448 6761164.1582031250
939442342.8578387499 7845068.0937500000
873688613.4293599129 6754184.5175781250
939179117.9641245604 7844630.9443359375
877816999.2873760462 6983107.2119140625
910467579.0992143154 7677312.5000000000
924558162.7929707766 7797184.5761718750
880231798.5119339228 7072565.2539062500
880772590.8879543543 7100597.9882812500
875867609.0329502821 6880045.9272460938
878085226.4833432436 6999819.4682617188
875867609.0329505205 6880074.3823242188
924765326.0022777319 7797328.7148437500
932416380.2838810682 7831611.8037109375
930795318.8558452129 7826685.8779296875
884030340.5657535791 7188788.5703125000
878837264.2683616877 7027562.2363281250
884261807.2015223503 7194556.0205078125
931458016.0006661415 7829717.3486328125
884376068.0478850603 7201294.8671875000
931278395.4688113928 7828264.8505859375
913260684.7587383986 7716805.5087890625
912862063.2685061693 7712245.5380859375
913130760.0763205290 7716568.0244140625
930378411.3356734514 7819409.0449218750
930562501.8946782351 7823170.4580078125
930510094.6221286058 7820725.0634765625
923367844.5461364985 7794956.1718750000
880974770.5345743895 7101554.6708984375
913683421.4816575050 7719031.2695312500
921930760.4648365974 7789593.3974609375
921990387.0730290413 7790010.0380859375
922141279.2169442177 7793721.3164062500
928422971.1131771803 7811219.5380859375
938372655.4822487831 7841490.7666015625
938832948.2722028494 7842922.5449218750
938829609.0822958946 7842651.4863281250
938517251.7098617554 7842260.7353515625
937566370.8044446707 7838945.7783203125
937910030.9160237312 7840717.7265625000
924779895.3043361902 7799694.1757812500
919901446.6242984533 7775987.6777343750
918998162.8952993155 7763369.8925781250
920041406.7281237841 7776817.4882812500
919814736.1091700792 7775642.9414062500
917442245.4053179026 7752603.4619140625
917548913.6423025131 7755682.3261718750
917845789.9727510214 7756210.1875000000
919432914.7902226448 7765714.3652343750
918678970.6163713932 7761534.4990234375
917913053.5200158358 7761437.2939453125
919635914.0829622746 7767417.7382812500
921275066.8675154448 7785311.4658203125
920682792.3187366724 7782497.1572265625
937310863.9995590448 7836392.2675781250
920875677.5371545553 7782844.5869140625
930085952.8823367357 7818574.6523437500
919480606.8951598406 7766787.6542968750
929213594.9064160585 7817057.0253906250
926883189.9904634953 7805577.6689453125
926513645.1053481102 7805095.9511718750
927124667.3369660378 7805862.0380859375
928561880.0236463547 7814453.2285156250
926413136.1086061001 7804250.9638671875
900247587.1606363058 7559949.0478515625
916571116.1274540424 7743631.8750000000
927956533.4316289425 7806997.4531250000
907681207.0442910194 7661721.8818359375
927962647.1835743189 7807126.7666015625
925770320.2929314375 7801433.8027343750
925481518.8349829912 7800463.1679687500
926720276.4733291864 7805437.5693359375
926200518.5025407076 7801966.5957031250
917121512.1120826006 7748643.3789062500
886693657.9134986401 7269160.5029296875
901612261.9081588984 7578394.0205078125
889520609.6565678120 7361018.5986328125
897785027.6062587500 7520861.9453125000
907884448.3325929642 7661742.8212890625
894991893.0305879116 7476860.0927734375
898643947.0987869501 7539185.2724609375
898331541.5963340998 7535295.3388671875
905131232.6597781181 7631578.2402343750
909110050.8367278576 7677031.1621093750
906607975.5221928358 7650861.4638671875
908721704.8539183140 7673973.0615234375
899239582.3174456358 7547133.5478515625
908723762.1229043007 7674440.9218750000
908598326.7286244631 7669883.4619140625
899320230.4734160900 7547315.8818359375
886161910.7395893335 7254184.2158203125
885702838.4111584425 7242892.3857421875
885025488.0234574080 7219335.5136718750
885598503.3098250628 7228662.4023437500
885521632.2199665308 7225362.8906250000
884630614.8223685026 7206563.7070312500
884727490.6037338972 7215018.5341796875
908170523.3099688292 7667468.7998046875
906864973.0601748228 7652659.2587890625
907436148.5829266310 7659635.1494140625
905201848.3025262356 7636777.3486328125
905405391.1025753021 7639570.3359375000
905588308.0355534554 7644008.5576171875
906416329.2491887808 7649220.8242187500
911330170.5033198595 7695525.4697265625
911318665.0778399706 7695312.7646484375
911119810.8800679445 7693467.5917968750
911629873.4140088558 7697625.3613281250
916101672.3748754263 7741224.6445312500
885220277.5440422297 7225217.0283203125
904789005.2110192776 7629788.7783203125
910790154.9755284786 7686927.6386718750
907047247.7019659281 7655490.3574218750
915319749.3529412746 7733907.9472656250
915200367.0353407860 7732688.5292968750
910581341.4726016521 7684905.8886718750
914990457.8225554228 7732125.4746093750
915383587.7528542280 7734252.1445312500
914654670.1594308615 7729298.5058593750
914474007.3851791620 7726412.4101562500
914770510.3589603901 7729363.4179687500
885630967.1660296917 7232606.3671875000
912333090.5503077507 7703661.0488281250
911850923.9030778408 7699554.7109375000
892290404.4782789946 7424101.0283203125
892558442.2742998600 7430775.6748046875
889889352.5250066519 7369649.6855468750
886551614.4404591322 7262577.2285156250
892218771.2571952343 7420244.3271484375
889554594.3806370497 7362280.6591796875
892229448.0606150627 7420670.9804687500
887273974.4225906134 7293190.0341796875
888186061.6876947880 7325990.8447265625
888329852.3269960880 7329713.8144531250
887506150.8669387102 7307178.8740234375
887402551.2983618975 7295195.6914062500
886974663.3424504995 7281688.5019531250
887891548.6473302841 7316184.1533203125
887434393.4459654093 7298531.2353515625
888545749.5261490345 7333001.4853515625
888644467.3770203590 7339326.4902343750
887096623.8470221758 7286229.7197265625
887147036.2732065916 7286581.7275390625
895881295.5676382780 7494543.4814453125
895380968.2396048307 7488009.1982421875
888225779.7367420197 7327044.7480468750
886782860.3511224985 7276522.1162109375
889210451.8539252281 7349885.9912109375
888794827.2822397947 7344559.0322265625
890951492.5760093927 7391595.8066406250
895071682.0409699678 7482196.0722656250
889487479.5207700729 7358041.0644531250
890362882.7736152411 7381220.5537109375
890504792.0796333551 7384907.3876953125
896287230.9593497515 7497572.2050781250
896971613.6748977900 7512780.6796875000
896971613.6748980284 7512848.6582031250
897840520.0111624002 7523664.1181640625
904449117.0664310455 7621208.9775390625
904081260.4195085764 7616425.0000000000
894005794.4713227749 7459587.7880859375
894943637.3106141090 7475365.9580078125
896104295.2712522745 7494849.5615234375
896185109.4914633036 7496104.6103515625
891086166.5994597673 7393613.4218750000
891205086.6488698721 7400769.5644531250
891264246.3207491636 7403324.9990234375
890684210.5806761980 7387456.6250000000
903297035.9327321053 7607726.1884765625
903318696.8690153360 7608814.6572265625
902993152.4144073725 7605750.2099609375
891872191.5346879959 7414539.5458984375
901719608.2932441235 7585499.2001953125
893618975.3340642452 7446470.9511718750
893636835.0465105772 7452126.7304687500
893197593.1954286098 7440105.5253906250
893997785.3142876625 7456126.1357421875
893419387.2679421902 7446140.4423828125
900739717.0725685358 7567588.0751953125
902097440.7298260927 7593964.0244140625
902279277.5655181408 7594189.0390625000
900881525.9560717344 7572228.3769531250
900463359.0450178385 7561654.4160156250
901940123.2949885130 7593960.5351562500
900750551.0483736992 7570163.7558593750
900417442.4170888662 7561247.2998046875
