149127722.3323221803 1959846.0312500000
149363026.0597598553 1960863.2792968750
159099576.8345675766 1965752.6318359375
136539915.2640610635 1490032.7275390625
138186117.2290183008 1590284.2841796875
143450631.0921564102 1837151.4746093750
142897771.9231224954 1815354.4443359375
143017788.4126820564 1823673.1855468750
145224519.8134678006 1887353.4472656250
134236876.0884523094 1308062.1953125000
137418594.7668823004 1547520.4384765625
145749233.8778176904 1899778.7441406250
133844226.0089582503 1246920.5756835938
136757577.0910612345 1503091.3208007812
138217091.9167750180 1592662.6728515625
138101804.2077246010 1586920.6826171875
148792907.4237482250 1954899.4804687500
144637757.8156895041 1872269.8769531250
144826073.6664346159 1875959.5966796875
147329059.2505272925 1934616.9794921875
133731622.7718710005 1235351.4785156250
135139676.2977494299 1378714.5102539062
136362808.5266414881 1483496.6396484375
137791050.6726143658 1571967.5488281250
144602824.6221791506 1870333.0292968750
147254205.6802727878 1933407.2646484375
147201294.5423730910 1932185.1523437500
135011705.2278057039 1378525.3789062500
137304118.5711939335 1542331.7265625000
142270271.0361649096 1796775.7656250000
143457697.3576298356 1837247.5292968750
147415009.5533992648 1938011.7451171875
147634658.8388981223 1941167.5458984375
147444859.8807483017 1939165.0439453125
144921622.6830696762 1881439.5830078125
147931210.8822445869 1946647.3964843750
133602213.3580346406 1208750.0561523438
134381937.2637892663 1323319.8496093750
141757095.7437635064 1774275.3818359375
141854203.6076886356 1781832.3505859375
147998972.8107512295 1947289.7607421875
137995779.6671982706 1581123.5073242188
145172632.0904027224 1885718.0859375000
134445076.9321249425 1331433.4062500000
134611811.4317539036 1343726.2031250000
136250881.9622384906 1473857.2963867188
137668372.0930792391 1560422.1972656250
143078554.5961347222 1826800.2978515625
145217894.5900863409 1887065.3525390625
133465437.8024958968 1179966.7119140625
138125027.5651589632 1587038.4150390625
142071957.5670732558 1790366.3867187500
141510827.4831034839 1766358.7236328125
145159029.3036953509 1884888.4765625000
141353620.0357593894 1757980.8383789062
145265985.4640471339 1887566.1904296875
133418643.8548687696 1176187.7441406250
137746171.0114342272 1566261.8710937500
137656983.5476159453 1559842.9423828125
141485794.5367736220 1765420.0375976562
143421957.6533785760 1836703.6083984375
142616602.2885268033 1807061.8066406250
147588202.2914425433 1939737.4970703125
136358349.2261865735 1482593.5283203125
136182212.5582249463 1470670.0556640625
137727548.2070266604 1564344.4375000000
137675744.7013238072 1561033.3964843750
142170234.1388753057 1793575.7998046875
147550428.4636180997 1939468.8554687500
137618227.6449066401 1553005.2890625000
137407998.0293535590 1545885.3701171875
134430962.4873405397 1325867.3930664062
134729040.2771326005 1352625.5190429688
134536224.9170650840 1338702.6831054688
137423283.0239484608 1551308.7373046875
141915848.5456378162 1783232.6396484375
145193788.6249508858 1886226.8349609375
133273988.2203784883 1086480.9355468750
133273151.6869518459 1086072.0068359375
141817948.4727636278 1778070.4404296875
158806950.9638881087 1965700.8710937500
147020592.1650101840 1924705.7666015625
142317397.7084736526 1798371.7109375000
143117786.5555690527 1827362.2373046875
143313904.9047913849 1833587.8388671875
147484299.0128129721 1939181.3388671875
134672747.6758005619 1347073.2709960938
143570225.5376964509 1840829.2246093750
137241981.9783945978 1538076.7412109375
143129045.4703749716 1829073.1201171875
143116342.2760117948 1827103.1582031250
149571426.4701080322 1961417.5029296875
134492334.4087427557 1334031.6333007812
147351664.4381946623 1935463.4863281250
133520423.0372577310 1191814.5830078125
141941662.3542484939 1785974.6015625000
147679617.1582192779 1942352.0000000000
141423205.4802111089 1761740.8715820312
148185184.7684385478 1948253.2187500000
134223677.3932091296 1305131.9238281250
134681946.0639108419 1348087.4038085938
136543882.8001841903 1490390.7319335938
137386476.7077997327 1545293.7749023438
134228504.3434475660 1306786.0898437500
134203792.9603950083 1297168.2949218750
136615407.9569691420 1497320.6098632812
137083067.0521748960 1529790.5527343750
137066391.8397348523 1521678.5195312500
137203119.3602634668 1530449.8266601562
134782103.0826025903 1358354.7128906250
142353473.7891012132 1799800.2392578125
147408874.5529235005 1936037.8310546875
141718987.8906504512 1773260.8437500000
145090314.4092091620 1883301.2343750000
148141426.4634306133 1947543.1699218750
134211057.8873224556 1304991.6894531250
136877114.3515843153 1513226.7353515625
136778416.2414719462 1509655.0634765625
133369156.8736583591 1158412.2636718750
142406357.8188993931 1803070.3212890625
134887335.4018625617 1363368.6933593750
134267981.6254460216 1313105.2460937500
147585151.1973675191 1939532.5498046875
142659533.5958886743 1811686.2197265625
141833715.4705892503 1781714.5810546875
133364613.2996222675 1155207.2802734375
137166402.8876906633 1529879.3217773438
142645332.5463326871 1810353.2470703125
158496888.8119499683 1965685.6542968750
139925881.4891027212 1674039.5605468750
134875876.4988383353 1359200.4248046875
136311261.4835958183 1480880.5048828125
148206492.4977747798 1949105.5507812500
136630271.4907497466 1500502.8408203125
139767113.7522291541 1668486.3999023438
133288776.3568721712 1102550.3378906250
136567471.7361287475 1493063.6416015625
139821982.1878429353 1672480.4531250000
134001107.2692877650 1268987.1772460938
135729801.5484332442 1428668.0395507812
136663103.0547227859 1501202.4711914062
144177713.5651053488 1857351.9042968750
157370826.2231814861 1965166.4150390625
133343166.6703685820 1144710.3134765625
141772209.6181483269 1777519.5859375000
144057048.6642968655 1852505.8183593750
144147766.6572217643 1855092.8906250000
139730626.6117582321 1666528.8422851562
146646172.1121183336 1915252.5468750000
157655285.6722552180 1965653.9560546875
136572369.6228941679 1496285.7573242188
133857409.9682402909 1253768.9858398438
144161058.5851992667 1855140.1464843750
148988177.6216132045 1958632.6972656250
134161202.3469393551 1288295.8422851562
136442530.9516235888 1488442.1782226562
148992942.4909015000 1958745.2480468750
134045288.4178075790 1269664.9082031250
136472282.8191361129 1489507.7685546875
136282373.1493819356 1479024.1860351562
136001643.5432496071 1454728.0346679688
149932138.6128771901 1961556.0292968750
150334103.5819474161 1962769.8740234375
150700673.6756367385 1963288.3740234375
148850152.7637116909 1955990.8125000000
157566107.0854361653 1965486.4150390625
142181022.6068414152 1794349.2861328125
149022293.8105737269 1958949.9980468750
133299922.2520225048 1110054.7333984375
142202830.4354830980 1795910.6035156250
145539867.2404282987 1893712.9082031250
133388459.8646812141 1165328.9853515625
136068912.6070874333 1462980.8940429688
149330225.7171785831 1960688.6796875000
150539463.5485232770 1963109.6542968750
133956805.1675941050 1262075.7016601562
150615445.7991533577 1963214.9697265625
133790056.5861984789 1239747.3051757812
133368825.1706741154 1156887.4521484375
133403211.3458586037 1172772.1123046875
148924191.2922801375 1957306.5273437500
133374885.7985820174 1163319.3134765625
133525746.9912137091 1194458.5190429688
133802119.5699752271 1243956.1430664062
133955804.3312290013 1256856.5258789062
149760285.6493288875 1961496.8974609375
133755157.0297866762 1236578.4790039062
141103586.0152964592 1739444.4052734375
134154900.7233646065 1281236.9780273438
139089704.6152795553 1633044.2465820312
158020141.2151314616 1965673.7636718750
134095682.7874205410 1272154.5649414062
135576084.8170005083 1421195.3359375000
142515560.0171590745 1805223.7255859375
133924023.9706045985 1256657.5161132812
135741822.9418058395 1433870.7875976562
135774525.2787843645 1435447.6079101562
135883936.1130945086 1444630.5600585938
136775810.6527009308 1505625.3427734375
141162309.9132033288 1743525.4765625000
145561948.5640834868 1894185.1845703125
145371080.0659904778 1891753.0732421875
142926834.4374037087 1819376.0097656250
133341841.4374937415 1134523.6826171875
133278996.7932906151 1091595.3896484375
133320625.5689921677 1127774.3857421875
133342083.3083970249 1142995.0820312500
134117876.1481912732 1280268.1215820312
135399792.1177270114 1401692.6665039062
149294678.5894868970 1960257.7441406250
135467856.5609113276 1409299.0942382812
133919851.4370504320 1256550.2128906250
142539596.8501373529 1805586.8984375000
135293978.7224870324 1399768.6020507812
150459118.5588410795 1962910.7802734375
133300545.3207390904 1111846.9638671875
141172303.4469047487 1745182.8105468750
146291260.5664165616 1911524.3994140625
143903067.5210316479 1847704.1542968750
139224766.5885021687 1642297.5688476562
138883363.0448792875 1625064.5439453125
142485389.3048916757 1803912.1728515625
146732544.1860050261 1921147.7724609375
133287740.2025820911 1096021.3173828125
136124924.8583985269 1465511.4194335938
146401640.1118938923 1913565.0263671875
135608094.2228372395 1423554.4926757812
146259357.6386377811 1909118.3876953125
133314881.5915261209 1118761.7568359375
146545532.4839850366 1915160.7841796875
133683408.7496805489 1224049.6923828125
135807984.9019721448 1442886.8071289062
133309139.6570555568 1114503.0683593750
139664222.6506663263 1662467.6572265625
146494653.5142726302 1913802.2763671875
133532139.2695802152 1198904.0532226562
133317085.2570425868 1122616.6250000000
133333891.7910580635 1131483.8447265625
133697238.2475633025 1226875.1689453125
135225130.4190652370 1386551.9252929688
134997152.3280335069 1371408.7006835938
133494185.3976437151 1190062.6362304688
134975219.4605674446 1364906.7700195312
133553705.2913380861 1204010.3764648438
133614653.2978040576 1216672.0283203125
135956619.2275492549 1452627.9003906250
144266509.0303892493 1858666.4785156250
144542695.7881379426 1869256.5927734375
134984520.8675031960 1370512.9116210938
144461120.7684821784 1864744.0175781250
135842647.8056744337 1443475.6777343750
133540023.5856269598 1202430.8999023438
137199772.5148336887 1529937.9985351562
150249247.7505505979 1962322.8916015625
150285690.8810423315 1962355.5478515625
155975873.3817804754 1963978.6796875000
146362146.2390977144 1912317.5712890625
139277377.7682657540 1642994.0571289062
140594401.8932466209 1713596.7900390625
138940604.8996664584 1626193.4550781250
139059802.4127340615 1632215.0747070312
133573671.5106242299 1204287.6010742188
156295840.3435508013 1964746.4355468750
146111620.8370153606 1907189.7802734375
146084997.2784784138 1906002.6611328125
139321638.9684770107 1645030.4985351562
139167825.2671841681 1640483.4458007812
146194330.3715541959 1907704.6904296875
138855522.9421084523 1623488.0288085938
139416009.3920010924 1651976.0581054688
135451803.9212408364 1404662.8603515625
138800803.1582914293 1619325.9956054688
139300511.7257829905 1643809.0307617188
146035355.3076931834 1904752.7939453125
138965249.0660333335 1629004.6665039062
137241881.8455480635 1533158.1093750000
135264053.6238109171 1395510.6376953125
138637877.8276780546 1609823.3959960938
138612346.5337980986 1609751.7514648438
140772453.8038564026 1723361.5498046875
135228849.3446044326 1389867.1928710938
140875275.7817999423 1726749.3789062500
140914229.9309788942 1727943.0927734375
138547504.5127172768 1605057.8129882812
138447695.9874006808 1598458.9985351562
141070357.9693765044 1739176.9853515625
141292269.5462030768 1750309.4052734375
156051476.1904816926 1964153.3769531250
140761814.1474009156 1717373.7539062500
156124323.6061631739 1964263.2324218750
143845882.9550096989 1843841.2607421875
143784534.1769247353 1842759.7568359375
135536310.7684500813 1413508.9008789062
157266442.4741010666 1964872.7197265625
157158637.6745199263 1964823.8876953125
157025298.1467695832 1964802.0742187500
140516320.0007976294 1691418.9140625000
140335671.5068011582 1679469.4687500000
140480843.4109320343 1688299.6494140625
140387177.4509931207 1685403.6015625000
