427603294.7810595632 427650.2092285156
388711241.1307112575 246120.7294525454
388707660.5994296074 245553.9859818692
388772738.9883711338 246177.4095100636
388471681.9219746590 244218.1603440518
388411472.5903375745 244182.0157517666
388545271.0825755000 244847.0972699398
390845091.3035668731 271553.3404398039
390668227.1646798253 270266.7457620800
390353681.5918391347 266774.6424112394
390633551.4223967791 269651.3064057305
387060015.3561403751 211653.1315254089
388394871.0800460577 242021.0428952450
388398231.6606115103 242128.3243337894
390030401.2996112108 264489.6324600354
390540911.1220794320 269520.1985941008
404448619.9728882909 361861.5308332443
410146155.2193348408 389483.7676079273
420760353.2529689670 416383.6586303711
420419320.1535828710 415664.8632431030
430650491.7070312500 429808.9888916016
430546109.1619697809 429797.0272216797
390236152.4038271904 265903.8338663951
390314488.2884643078 266473.0416993871
390414256.7550369501 267254.9577677622
386283209.9415389895 185316.0868449584
386018945.1826179028 181319.2862382308
390446785.0315974355 268036.2555821314
390179983.4558888674 265893.0927775279
420705788.3993863463 415974.3757934570
386197342.1944047213 183517.4027285948
386064866.5989826918 183339.1435122862
390160198.7759649158 265444.0978739634
390010341.3499922752 264099.4470962659
404012794.6678990722 358862.2687540054
410165836.5555359125 389636.5988152027
410143618.8546681404 389338.9179680347
409719970.6288106441 387314.5970146656
420865092.6763599515 417615.7622070312
423305497.4074603915 421795.9418945312
427853856.9935570359 427816.7559814453
430768339.6960710287 429917.1403808594
430278979.9976269603 429611.5325927734
386784036.7192304134 209508.1281920639
410822545.6276172400 391703.6498863697
386245469.9251005054 185140.0361758061
386685460.1652634144 207423.8505424378
388355115.8295743465 241551.1507748837
388408558.9784600139 242297.6834439511
388362729.6479092836 241728.0463446515
404221738.4083200693 361302.4591264725
404575363.0121020675 363028.0119829178
410401484.7566980124 390617.0699150562
410214836.8171360493 390060.4439995289
425589128.6940560937 425076.1163330078
386351886.8704417348 186472.0684548207
386287488.9831407666 185645.5146370716
389888995.0075823069 262181.1963714734
389902857.9075608850 262294.2971757278
431200205.9713829756 429945.1436767578
403844245.3951798081 358328.5204477310
403872448.8130190969 358585.0403604507
421750851.3123527169 419234.9864501953
423077374.9284421802 421781.0528564453
430838022.5943169594 429929.4407958984
386617166.4068038464 204182.4027416152
386667625.2143995166 205548.6510341694
389849538.2270026803 260806.6024013924
430481167.0298078060 429634.3116455078
386618102.9480213523 205259.7459400226
388281662.3402720094 240257.0325240368
389624240.3509626389 259315.4963557067
389499382.3559334874 257692.7276789489
404028275.4962735772 359146.6903543472
404033468.7332205772 359815.6810045242
430712635.2577772141 429897.0876464844
404064626.7515262961 360248.5936522484
403838584.3843540549 356737.5471963882
404062384.7769010663 360241.6436319351
386658360.3562685251 205515.2183139850
389245214.9451501369 254266.7299863178
389391632.5807067752 255123.4552312944
404282548.2188814282 361627.5928392410
423072610.0830422044 421554.7733154297
427922976.3438677192 427956.7148437500
428236234.6308177114 428127.7592773438
430228327.4682351351 429363.4343261719
386625987.0387157202 205323.1984088947
389217622.8958409429 253750.0849627578
421420192.8243376613 418684.9184570312
422498361.2307965159 420991.9946289062
422852694.5889300704 421487.9388427734
387034813.3362696171 210548.4258256708
389220700.9549627900 254106.7368985492
421591988.8614556193 419209.2272949219
421221835.1845650077 418148.4779968262
422635760.9433695674 421256.5247802734
427257015.3674158454 426944.0371704102
389326272.0943548679 254580.6483412686
404188300.4556285143 360455.0819749832
410052548.2375428677 389216.7329399586
409914506.2018766403 388987.9563591480
421855812.3545345664 419578.6369628906
389457798.1481203437 256012.6359069425
389423958.9618172050 255893.8978087980
430028409.9770318866 429135.6617431641
429725992.5452173948 428938.4583740234
389040359.4048860669 251338.5823431181
389128247.6131995320 252637.9396649677
389024874.7565227747 251248.3763867038
388918508.3468440175 247691.4856362956
409447514.5475012064 386033.1141350269
409191283.9238560796 384922.5279076099
405146098.9249760509 365714.4661340714
386679706.5812724829 206574.7691407953
388600292.3196012974 245223.0690662336
388929431.8918179870 248045.7918912339
405049118.6567661166 365396.8071985245
411442336.9917180538 392587.8536911011
422338096.2604717612 420357.8821411133
388968655.4339677691 249517.1200085299
388851932.4698830843 247548.0778484958
422056778.3817917705 420107.5969238281
388790762.0449123383 246228.5949195045
409481291.7247965932 386127.4397118092
409244379.6423950791 385251.9203751087
421161484.2023045421 417819.5899658203
421517413.6721442342 419094.7281494141
422348341.4602193236 420629.0589599609
388844126.7990905046 246591.1294253486
421947153.8568311334 419927.1889648438
425314816.4157485962 424258.5913085938
427740140.6206369996 427808.2879638672
386367337.2529739738 187556.1366558559
394026352.4623281956 284358.2619466251
393787269.9265085459 283880.8045793669
409113104.0219815373 384619.9119865894
411104215.9252972603 391888.4418258667
420730273.5474277139 416375.4059753418
425413526.1036239862 424958.8349609375
425326142.7593928576 424553.8747558594
394109113.6244577765 284538.5548483031
393579598.7365483046 282374.9371143477
393984072.4139035344 284062.7657223837
404698722.0107455850 363612.6279535294
411400079.1072660685 392094.2858200073
420771207.0807704329 416490.4961547852
427113223.5804212093 426550.7203369141
386448135.1877277493 189191.6559441414
386456195.3708253503 189197.7054977709
405524722.3827412724 367056.0803847313
386411184.6282534599 188066.1388872334
386359566.4277786613 187033.6849916645
409324293.5337643027 385955.7149803638
411497986.7043026686 392783.2102279663
427033977.0672225952 426474.7322998047
386364153.8968743682 187196.8731223636
409496078.7377190590 386259.2639610767
405456998.8227102160 366379.4396529198
404977666.6103538275 364603.4020094872
405217521.5912136436 366081.5222182274
405630413.8948403001 367951.9620451927
405266056.8469820619 366236.4145216942
424838665.7637668848 423869.2110595703
426367527.5988684297 425596.7702636719
427203188.9421054721 426601.1232910156
427027831.3045057654 426307.5917968750
393763600.3456685543 282563.8520818437
426815269.5746449828 426192.1812744141
426698989.1444532275 426147.3397216797
426158906.1110948920 425431.6475830078
424966656.3707532883 424233.3208007812
386614702.8071627021 192560.8147697756
393711132.5730266571 282522.2146177525
393783521.4084568024 282569.8185987705
425029148.1849066019 424237.0046386719
425857118.1990249753 425133.3990478516
393417554.1247957945 280864.6159620518
424832227.8792143464 423596.1190185547
386559574.0468491316 189656.3782523827
408779745.0791555643 382837.5749275684
388197722.6430875659 230566.5644429233
408969716.3015049100 383160.9146187305
424025138.3996896148 422014.6186523438
424061077.4078671336 422676.7414550781
424265913.7119353414 422799.7115478516
424306917.5889521241 422984.4663085938
424304227.0111835599 422949.9920654297
424526036.8306325078 423139.2214355469
388193727.8385117054 230543.8901224341
409078710.9368617535 383793.5258018970
388106201.3518438935 227581.3573439560
388039135.0144503713 227059.4999565016
405912820.7464072108 368536.8998627663
387404700.0233474970 212640.1825058726
393118070.5591703653 277246.9915215606
405856249.2305923104 368255.0487173796
409049932.0865206718 383701.5091698170
392885061.2965258360 275541.5028930539
388131983.5720314980 228638.0228403043
393045545.5149354935 277148.6138765449
393018608.2969454527 276897.4376249546
406120831.2653864026 369510.2466225624
393319150.0459620953 279208.6094827885
393120679.6497730017 277515.3004751438
393302097.6120461822 278946.9107212694
405804942.2660691142 368164.5115418434
420320649.9445881248 414216.9130554199
393077327.9822619557 277212.8077326054
419972708.0559636950 412860.8766784668
419970951.7994651198 411928.1923465729
420216807.4794135690 414077.6058044434
405911886.7161176205 368259.8765053749
407595638.5683686733 375826.6293332577
408097042.8484365344 377875.2423017025
408143431.7449375987 378537.9693549871
407710243.8386735916 376957.2689435482
407685111.9598634243 376305.5395963192
407816528.5642039776 377609.0950467587
407611140.4954785109 375920.8973574638
392875822.5962231755 274088.5691700578
392759682.7713389993 272321.7937700152
407495146.6805896759 375809.9727969170
407110324.3999884129 374217.3461489677
407614830.0241440535 376011.7786440849
407062464.3266797662 373842.5073122978
407804059.0459462404 377439.4523348808
407347411.8286379576 375655.2730898857
406915334.5415928364 372988.4094271660
406000177.8159798384 368851.1246132851
406397701.9397438765 371096.4327797890
406493962.5654906034 371127.6855719090
392785445.2466768622 272744.0505748801
403534541.1208187938 346440.7509697634
403699694.0349683166 350312.5731285769
419435187.5476852059 403950.5242004395
419596589.1069719195 404029.1336975098
418952189.3133112788 401809.9981536865
402013839.3520796895 333187.7304897308
419300381.2843953967 403060.1661682129
419617328.7389550805 404059.9895324707
401780165.2558581233 331163.3337168694
401888331.5294370055 331729.1435990334
401983958.7523328662 332712.5251297951
419625586.1327505708 404065.5718078613
418664664.7905814648 400506.1812438965
419247450.6218007803 402792.8244323730
419211298.2624884844 402630.9261169434
402621838.4548845291 336062.7226524353
402745477.7490675449 336387.5195264816
402926707.0497015715 337101.4317884445
402990734.3305768967 337607.7916771844
403054181.3742449284 338174.7498426437
403318303.6723384857 339547.1488981247
403282199.0816773772 338915.0754117966
403237304.6518707275 338639.4977750778
403336870.8888777494 339783.3805875778
403224035.3703964353 338457.6178617477
418550677.6775004268 392827.9880065918
400166465.6471725106 309548.6064470251
400258835.9189830422 312432.5390699031
401625827.3710460663 319951.5368230465
401640994.2982597351 320824.8195793154
401269349.3197088242 318293.5425679805
401401382.3234390020 319766.6780660274
401335045.1449589133 318875.7208516719
401058916.5449497700 317529.9783437374
401076628.9424128532 317955.3589742305
401330466.0946658254 318718.9620039585
400890311.5737026334 316419.1148030880
400791620.9775283933 315924.5188827636
399968898.2525632977 305217.0071163299
399956418.3099089265 302907.9756622314
399747393.3801561594 302440.3465118408
399506288.6446537375 300514.0625629425
398956901.1256781220 296134.7564517381
399154448.0539793372 297211.8255057457
399089242.0025585294 296950.1862197044
399057955.4988104701 296854.7609152916
399288961.9457141757 297434.0341277244
399466929.6021639705 299007.7450652244
399443328.2682322264 298235.3869099739
399367280.4369829893 298046.5691466453
398647405.9060132504 292809.2453048947
398854516.5625357628 294663.3629654172
398820127.7763098478 293969.2887492302
397850447.9398251772 287039.4713161113
397975904.0041561127 288288.0925090435
397622286.5629004240 286015.8932192447
397708256.6443848014 286240.9090056541
397732981.3584833145 286588.7886989238
397883248.2957272530 287195.6861121776
397610743.3103733063 285988.3109042766
397573568.4354785681 285201.3993499401
