642134094.4215569496 6040118.4091796875
641632077.4819916487 6023126.2255859375
642872457.7824932337 6055035.4628906250
642620464.7390869856 6053445.2666015625
642560021.2885636091 6048268.1406250000
645464494.1420904398 6103703.4746093750
645054719.2584587336 6091034.0478515625
645780376.2181098461 6106874.6367187500
645808875.9757802486 6108686.6474609375
660143793.4838479757 6328855.4199218750
659921925.5302926302 6325987.2392578125
659383266.0742640495 6318485.2753906250
659404582.4941118956 6318542.9443359375
659785986.7028578520 6325834.3095703125
660014865.7678610086 6326519.5224609375
667402051.3255172968 6368672.4941406250
607586652.7985398769 4413699.2749023438
607576257.1870115995 4408129.9648437500
608047463.9770562649 4447914.3393554688
608538600.0150561333 4472658.1362304688
608410908.8318303823 4465829.8476562500
608205764.3210602999 4462389.2919921875
615458789.8643097878 4973790.3217773438
615216585.0104148388 4964739.9433593750
615152748.3658111095 4952551.8959960938
615131330.9899718761 4950256.2587890625
615075998.7319142818 4944428.4584960938
645641207.2356661558 6105335.1992187500
663201421.8594911098 6352372.0576171875
663612577.7593857050 6353344.2197265625
607775445.0134937763 4428991.7387695312
607999534.7202965021 4447561.7470703125
615159043.3861749172 4963088.0600585938
616937202.7332772017 5048116.1044921875
616961997.3849371672 5055458.4462890625
617571475.4676288366 5082636.4628906250
618267941.7266625166 5109703.6767578125
642855528.6128191948 6053672.0859375000
645288907.4388458729 6100915.4628906250
645350578.2294939756 6102522.5380859375
659583843.1602939367 6321406.5009765625
660030594.0132541656 6326598.8193359375
659986840.2288080454 6326431.6103515625
667278157.0334149599 6368235.8242187500
666722544.8274916410 6364957.6855468750
666848067.4409834146 6366268.3066406250
607883569.3850377798 4441167.4501953125
666444911.9117127657 6364276.6523437500
608855285.8633421659 4486590.6831054688
609429257.4582712650 4502678.5864257812
609313334.7613338232 4502198.8549804688
608722279.6128692627 4476643.1054687500
608824477.1800695658 4485378.2436523438
608805430.1981078386 4482495.3134765625
665938566.7482291460 6358953.2089843750
666051122.7945836782 6361364.9550781250
641674619.7414109707 6028435.8886718750
642435142.0012818575 6045101.5605468750
642482459.3420804739 6045140.0644531250
659442005.9120374918 6321293.2919921875
659697710.3832073212 6325285.9365234375
609134032.5090399981 4498457.2292480469
617107873.5839966536 5062557.3569335938
617016194.7139648199 5056629.9975585938
617870175.7713061571 5094613.5200195312
638391719.6635407209 5913638.5527343750
638815698.0477852821 5921811.7548828125
638886782.7521870136 5925397.5224609375
641733365.6051492691 6028618.8164062500
645232049.0640175343 6100138.1621093750
659876317.3719533682 6325980.2216796875
644645185.3243445158 6085840.8017578125
617366584.2676764727 5072293.4023437500
617523979.3914026022 5079760.1855468750
617981150.3862422705 5097623.5932617188
618082520.2244845629 5104246.8901367188
618012924.0423914194 5102786.2700195312
617926416.3047157526 5096220.3032226562
644310145.6905764341 6074021.9160156250
644323960.3313419819 6076502.4980468750
643808568.3599846363 6065531.2177734375
644395745.9224690199 6077811.8271484375
644335618.2627918720 6076771.9921875000
644320732.6805001497 6075142.8632812500
644283090.4655474424 6072806.2470703125
665691713.4163495302 6358827.3515625000
618043818.9066363573 5103598.6118164062
644092572.9964135885 6072713.7070312500
643658819.0200653076 6061935.0703125000
609571105.0752583742 4509627.1328125000
617762835.3667963743 5094059.0336914062
638653477.8479877710 5918695.4677734375
665359686.0369788408 6358554.1455078125
638343330.5801997185 5908277.7792968750
660613147.5005722046 6332043.4638671875
664984012.4288146496 6356774.0908203125
665416782.8670320511 6358671.1894531250
660452927.8246377707 6330407.9169921875
610917968.7698975801 4629417.5048828125
611225663.2125414610 4639864.3588867188
610669201.7663651705 4617874.6162109375
610714496.7153862715 4622033.1113281250
610818381.0155161619 4625815.8581542969
610472831.3637210131 4601305.3969726562
665000246.5767861605 6356812.0107421875
610440754.4303578138 4596257.5229492188
610554499.8969584703 4603053.7031250000
654821216.3966403008 6243540.2695312500
654607396.6926276684 6240971.9384765625
609930489.4767034054 4515490.4887695312
616503961.9734672308 5026682.4194335938
616516434.3666874170 5029708.6269531250
616509915.7523113489 5027170.3022460938
664579085.3250449896 6355458.6201171875
664789135.0115021467 6355496.0830078125
664366736.6937415600 6354996.2373046875
609908616.8743357658 4513129.5815429688
616352945.7840465307 5021915.5200195312
664534174.9304356575 6355392.8212890625
610028715.2937438488 4520364.5092773438
616113549.3301759958 5008033.1738281250
615946726.8089894056 4999546.1357421875
616078182.4227081537 5000963.6352539062
615871477.3536161184 4994189.1328125000
654374195.1688406467 6234468.7324218750
610148840.0380293131 4540949.6162109375
610260674.9481862783 4557983.4169921875
610372427.6878300905 4571938.6816406250
610066291.8207291365 4523770.5678710938
610090894.6991659403 4528986.6093750000
654566124.2615418434 6238511.1289062500
610392275.0536543131 4576690.1025390625
615640280.8966277838 4980651.2875976562
654095814.6918716431 6232167.6494140625
654602420.2589454651 6239911.2177734375
654869419.9177139997 6244110.8496093750
654417586.5652709007 6238349.4062500000
654378177.9170337915 6236273.6298828125
610339102.4193056822 4570922.2412109375
610318701.0205289125 4568454.1132812500
637893155.4737176895 5887687.6005859375
637961797.4750789404 5890743.3710937500
638111891.3970143795 5897499.9472656250
640957184.0797988176 5977839.2128906250
640762864.8873131275 5971510.8144531250
640968670.0507187843 5980649.9199218750
640784630.8892050982 5974248.5908203125
615019366.7960280180 4926377.7636718750
662648996.8237924576 6337122.6611328125
662271465.1729443073 6334022.2109375000
614955151.1030224562 4925138.7529296875
615071270.4715844393 4928281.6840820312
662439551.9592348337 6334739.4697265625
662487514.9214009047 6336111.4365234375
662399512.1452635527 6334620.3388671875
662379948.6714726686 6334086.9853515625
662238427.0213578939 6333783.6123046875
640636273.7854218483 5960508.7148437500
614113488.0193756819 4867480.6245117188
614223159.3354140520 4870567.4580078125
640709955.9157140255 5964738.0146484375
640678971.5946561098 5963139.8007812500
640444901.5885287523 5954655.4873046875
652806837.5620454550 6198256.3857421875
653020939.6553999186 6204814.9658203125
652549927.7694160938 6196165.9824218750
613792937.4739438295 4842426.6645507812
613946930.2760506868 4856300.5854492188
613145671.8154531717 4773522.2949218750
612048364.0344470739 4649950.4853515625
611932672.3018258810 4647916.2431640625
612017631.2687865496 4649684.6689453125
640020341.7289158106 5945342.4345703125
612108993.0040613413 4651519.8339843750
612116827.7434400320 4652024.2861328125
612205650.0315326452 4679277.5058593750
612144591.5832806826 4663123.4685058594
614247933.5136929750 4873675.0634765625
614412657.9281696081 4885302.8173828125
639683289.9831081629 5936426.7666015625
658276659.9605469704 6269151.1113281250
658419424.2297344208 6270525.2314453125
659034072.1328101158 6277880.6376953125
658659047.6558701992 6276076.7587890625
658761027.6372485161 6276118.9863281250
659088526.0493948460 6278044.3974609375
657307609.9769263268 6254801.0537109375
656728023.7365986109 6250609.5771484375
657168097.6513916254 6253591.0205078125
657118614.7609575987 6251440.5712890625
656644919.0680102110 6250019.5302734375
656479848.2478066683 6248898.3232421875
656449929.4437454939 6246385.2236328125
656221109.1831370592 6245213.3896484375
656222552.6921745539 6246274.7470703125
652292709.9843126535 6182890.0322265625
653582442.0282086134 6210934.4648437500
652982157.2875318527 6203047.0859375000
652525921.5470265150 6192026.7441406250
650362263.4987663031 6140437.7490234375
650189474.0183097124 6138179.9785156250
650037528.9875795841 6135955.5634765625
650609167.6770626307 6144078.3583984375
650154497.4740014076 6137289.8623046875
650294846.2634587288 6140033.0039062500
650264650.7500547171 6139521.2216796875
650485399.4600194693 6140625.6328125000
614881314.3150030375 4907824.5913085938
614635752.2521644831 4897449.5014648438
614374101.8957997561 4882091.9902343750
614302769.4320443869 4878036.3242187500
613674242.1380752325 4823648.7294921875
613593016.4593833685 4820757.6787109375
613542818.2651587725 4815699.1884765625
613450906.2940918207 4805668.3291015625
613341884.0634132624 4796569.5317382812
613525313.0056196451 4806245.4604492188
613404289.0891636610 4802697.6220703125
613093434.5202776194 4741173.7919921875
612881281.1174606085 4736925.1357421875
612817991.2184859514 4732121.7216796875
612596599.7637377977 4716023.2382812500
612418359.9051159620 4697362.3847656250
612714357.8122552633 4721645.8020019531
612503227.8924795389 4706840.5825195312
612628626.4825679064 4716597.1914062500
612440422.4531792402 4705603.1010742188
624128083.5829052925 5220357.9565429688
624277334.7598042488 5226092.9692382812
623926176.9997618198 5213430.6972656250
624379533.5211906433 5226539.5590820312
624223288.2434921265 5224758.7167968750
623786242.1983990669 5202176.3374023438
623852916.5085120201 5202230.8452148438
623715032.3458602428 5195859.1108398438
623662563.2679226398 5195764.2260742188
622669053.7494931221 5121739.6435546875
623083129.2902605534 5143526.6801757812
623128965.4770493507 5144218.8032226562
622859552.0658788681 5129654.5571289062
623040250.4065527916 5139937.7856445312
622936157.2319037914 5134420.4555664062
622924615.4906597137 5132793.8178710938
623047979.6855232716 5140844.5893554688
622985601.1376061440 5139283.2377929688
627739306.4688889980 5264253.4418945312
627229225.8833775520 5241634.6430664062
627263113.7111608982 5246672.5581054688
627477655.5006754398 5256755.6049804688
627526812.0691649914 5257822.1127929688
627134963.6003715992 5236100.7846679688
627226024.5321216583 5237296.8930664062
628358857.8238025904 5282207.7651367188
628154252.5756992102 5273525.0195312500
629993605.3581680059 5290456.2944335938
630397331.2885130644 5312556.2592773438
630546500.1226733923 5323898.6909179688
630391356.8273619413 5311265.2875976562
630494740.4211715460 5317279.9790039062
630695855.9711645842 5332664.3969726562
637690191.8705474138 5672884.7133789062
630632649.0355926752 5324490.7807617188
630611107.2295714617 5324347.4399414062
630701230.0171664953 5333826.7504882812
637481209.1384723186 5664569.1049804688
632087958.5763002634 5388334.5185546875
631809565.8533180952 5373811.6337890625
637079001.1806510687 5624298.9418945312
636538588.2605990171 5610318.6459960938
636749987.7861027718 5620115.6625976562
637189179.6161686182 5633740.0317382812
637086689.5085569620 5625280.0473632812
637125248.1711996794 5632175.7036132812
637346687.1199649572 5639958.3618164062
636919108.4443279505 5624277.7075195312
632451771.9869817495 5408812.3979492188
632787668.1413887739 5422851.5981445312
632917225.7516175508 5429741.2221679688
632642548.8336094618 5418346.9975585938
632899708.8930364847 5428271.8266601562
633257574.9234839678 5436345.0395507812
633395109.4405733347 5447212.5761718750
633319005.1248399019 5436772.8950195312
633107968.5789936781 5433165.0395507812
636513122.5383110046 5594389.0336914062
634018250.1916807890 5449614.1542968750
634807223.7203844786 5482420.1591796875
634652320.9176753759 5473227.6630859375
635324027.1528675556 5489676.9541015625
636043182.5803879499 5543289.1704101562
636018543.2855610847 5541693.6313476562
635854080.9889904261 5534066.8266601562
635914605.0520845652 5536373.7094726562
635413529.3012928963 5498799.2519531250
635459077.9111367464 5501007.8164062500
635578596.8718298674 5513216.9414062500
635479037.0922794342 5507807.0068359375
635784633.8538179398 5529456.5498046875
635615648.7639039755 5520432.1728515625
