241526082.3805480599 833035.4003906250
241704136.5781975985 839712.8217773438
242193835.9753420949 842886.0502929688
226995744.3949975073 475305.8332704306
240422930.5800201297 817921.6740722656
241624955.0495562553 837622.0615234375
241648050.3342008591 838069.5351562500
241689942.5096290112 838616.7734375000
223048007.3378909528 302400.6262608013
228860611.0599266887 542495.9859109223
228625506.3762344122 535541.8626289666
226897688.3704708219 473829.4746888876
228525041.8953489363 533472.5161843598
226897042.6734442711 469317.6939271688
228599743.3945389092 535528.6856179535
239925758.0192503929 809827.2016601562
246106301.1523098648 861145.6723632812
246544370.9971697032 862766.0346679688
228846257.8144847751 541475.3482833207
235306853.4293977618 711241.4033486843
238387536.4361576438 780161.9066619873
225715500.5321730673 427879.8268402615
225597912.1870378554 424386.4296234646
228786486.4136170149 539657.3808763325
238538832.2958446741 781791.4274291992
233658857.0694258511 670097.7608740628
223812239.1873682439 342061.2158370829
225895538.4001150727 433445.0189773017
225897602.8275673091 433757.2991424971
228875903.9634252489 542694.0974217951
243699449.2711960673 853900.5395507812
235430914.3720340729 712799.8961375309
244502135.7730540335 856286.2851562500
223237454.1117789447 312800.5702713570
235460091.9149278998 714744.1848324826
235527399.0940433145 715413.6556801796
241963294.8747461438 842823.7143554688
226720013.4414468408 469177.2974427938
234827137.5021771789 699123.2405410362
244770744.5112009645 856861.1713867188
243828737.4396901131 854395.4223632812
247461487.6146053374 863503.7299804688
228523327.8259958625 529807.2929399312
239072497.9878000021 793313.0923461914
246952627.4558645189 863303.9741210938
225908885.9006976485 434586.7743722373
238591637.7192392349 783592.8051757812
241607371.6892501712 836022.6477050781
246413588.8916016519 862481.9296875000
228203024.2032281160 523960.5005245805
241961317.7252408862 842727.9350585938
223009705.8336819708 297678.1552945814
223181242.2195481360 309145.4597379407
223106788.1928684413 305293.4282959542
226922940.9730965495 473900.2110971212
239779255.0355764031 807454.7258911133
246210024.2289654315 861181.8598632812
246783859.0785741508 863152.8574218750
222974160.4094760120 291514.4009052953
226674750.6525350511 466403.2210441530
234809236.9435479641 698520.0822275924
243880046.9455801249 854494.1083984375
238568042.7003483176 782734.0581665039
223282481.5866201818 312885.6433008528
228081024.3024944961 521213.5877397358
233868072.7314033806 676411.2918799222
240601102.9934501648 819726.9211883545
246631258.7660041749 863052.0029296875
248769224.9406673610 864283.2314453125
223378823.6807585061 319241.1408594465
244307459.4170992076 856135.3481445312
228008640.2809893787 517577.3403737843
223601341.2334714532 331490.2878278932
228398475.1334991455 529615.8079002202
242607011.4162784219 848353.8588867188
222639228.9921467304 264012.7413965745
240672145.1317744255 820003.5167846680
226762704.1262769997 469274.4243863821
243042939.3106206954 850671.5195312500
221815414.5299706757 174170.3219818342
240041872.0137906671 813123.2231445312
244918129.8757839203 857339.5312500000
246052871.3845172226 860839.3081054688
222533559.1718294919 257606.1944750962
222621579.4172231853 263923.9301623520
228654803.4561655521 537699.1636582613
227907295.9810222983 512970.3433768749
225680083.0307817459 425999.7483612471
228653636.2407291532 535782.5724809468
228799444.2427395582 540897.5734575093
227735784.1995770335 507275.9336898625
234027443.4928853810 681283.6412451565
244209771.6840528846 855769.6870117188
228150110.5198297203 521677.2997758687
227989559.6582910419 516525.7558334172
221907128.7873119712 184200.9517227542
227851284.9331861436 511828.9978988469
228294604.7466818988 527007.9528520405
235064810.8331251144 705498.7087019039
221879008.7283633053 182905.7132958751
223458506.0075822771 323926.7880934096
246450895.8229747713 862490.2143554688
221897493.1348673701 183206.9658962619
239492986.5253445804 801873.8696289062
248666307.4075289071 863835.4594726562
223514737.2046321332 324339.0603102064
238472235.3853387833 780520.0948333740
221857807.0237673819 182188.1173225772
240193490.4792201519 813912.4272460938
239670761.1587554216 804610.5473632812
222484208.0801864862 251201.2909791586
226018015.7132542133 438925.9974850216
246229419.4462099373 861777.7709960938
222399676.1487559974 243970.0316785988
227844363.5595805943 508865.8583178818
231128933.8453448713 602117.2874183655
222472084.0651735961 249808.1420540032
227700714.3947262764 503223.9527421892
227589157.1480032504 499290.9596448839
240784589.8057329059 823898.0925292969
243142304.4728289247 851039.6611328125
223937025.9465049803 344524.9427393294
245898386.0420444906 858904.4985351562
221837960.3233427107 175692.7202416789
244007879.0977937579 854795.2080078125
239466100.1681083441 799988.0659179688
239406679.4312427342 799792.0234375000
239291326.3856019378 796828.9680175781
238439906.3104561567 780499.0831604004
239004193.8681300282 791734.6011352539
243523373.8354548216 852722.3037109375
242205093.1063996553 844394.9526367188
248394133.1173144281 863793.8647460938
221826634.6523315609 175048.3167382609
238779529.3123909831 788874.0405883789
239374561.3162876964 798277.7385253906
227669035.2534145117 503099.1017347276
222539502.8745793402 258390.6032580552
227579285.6090516746 499006.6898694932
227610245.6000471115 500483.2247816026
226010087.4568447173 437756.6306854659
227647616.5922950208 500829.4279066026
233560283.9187746942 669033.4818213284
231184745.9292334020 605393.8128395081
231137945.0042328537 603828.2601251602
239231597.9493278265 796363.8579101562
239149048.2886893153 795946.9487304688
227730380.2818496525 503879.5922002415
231423732.8605295718 611666.6311929226
242295555.5055806041 845171.6938476562
227483473.4354651570 497078.3566175401
222595395.8717676997 262875.8652791199
222643360.5547049344 264270.9165175376
242393742.6519404650 846510.6508789062
226039221.3363677561 438952.2879265347
227081076.5032737255 479602.5040479600
227136341.5717138648 483691.5605665147
227372439.7027575672 491443.0450025499
223954573.9202088416 345441.2055896074
248386900.5056439936 863551.5214843750
242545780.1460018158 847314.7685546875
223782138.5748824775 338743.0429747850
239559836.2095746100 802771.9789123535
222142592.3800989687 204547.5275304448
223553355.9314450920 326443.6093929848
239761378.3108651042 807384.4233398438
223344608.4179055393 315946.5209863997
242763376.2597586513 849368.0380859375
241156850.6333925724 829236.7319335938
222048044.4431079626 199322.6614175439
235738625.1086998582 717564.6074454784
225821329.3342804611 431097.5896698409
235764187.3281748891 717736.8348925863
235807289.2596734762 718930.8524392582
225856840.7131645381 431841.3223358565
221996769.3175481260 196516.2031903397
222647738.6897415519 265130.1625804123
222586979.7238047421 259418.2402209458
235296915.1847947240 711173.6701896191
235260812.2301479578 709854.7310863091
243540160.6046323180 853022.8178710938
224548954.9116781652 372628.5100306347
231286793.8413979113 606432.1009199619
235333684.1221784949 711309.8807122707
224458503.8852859437 367709.6396625936
231418286.0642215908 611011.5675803572
240843082.4005971551 824918.1745605469
227001942.9972189069 477265.6673303545
227008054.7285999060 477310.3519006670
240897937.2928223610 825638.6706542969
243319334.8276934624 851930.5322265625
240498843.8057701588 819130.6193847656
224212126.8018905222 355735.6492721513
231366666.0875726044 609243.1554853916
225872532.6687689126 432949.3251434737
224310213.4987795055 359106.3054000810
226256604.4911183417 445974.3131607347
235443620.7385076880 713362.5627513481
222196051.3328970969 213848.5355725884
225973313.4681343436 437499.5453583174
230861586.1054383814 593344.2054632325
240438033.8327465653 818427.2446289062
243267500.6631792188 851765.1508789062
224357071.3786830604 361254.2644037083
240703280.1228221059 823811.1687011719
230912668.9997926056 596618.8429449219
240915491.0286650062 826048.0402832031
224410386.2916239798 364869.9849347472
230850098.8084587753 592862.4538829327
241030594.4209488034 828462.9602050781
230743534.3278287351 590666.9847076088
230995176.2915467322 598426.6106212139
231730736.3933081925 612091.2688982487
226285546.1920504570 446520.0623730221
222445031.5924500823 249581.0280164895
234246331.6405076385 683192.6546678841
235399849.0608951449 712190.7492137505
222159730.7010989487 207131.7180430293
235074608.9497496486 705605.0119700981
222305751.6649994552 229663.6763570292
222178770.6700881124 211975.3102659583
224023763.0123527348 347543.9363901988
234580792.0091312230 690944.3977038860
226054160.1205377281 440157.3167122402
234432407.6115763783 686904.4615192413
222298087.9387628138 221617.5020689368
226512731.2591881156 458302.1224473361
226397566.9113554358 453771.8502898854
222299280.5488651991 223469.2416433692
234635517.8644793034 693807.7072284222
234451063.5718351603 688961.6502399445
222387218.5709942281 237208.0365563019
226486362.2962539494 456989.8230939750
222241615.7253843248 214841.7366036773
226329040.7228707969 450906.5330114131
222373959.1418116391 236445.3933344467
234389865.3642926812 686752.4749595225
234605431.0708569884 692009.7174823284
222250312.5207377076 220662.5866636634
234385051.9541751742 686556.9164142609
226486546.3217576146 457284.7441257578
226614514.8754055202 460380.2986148936
234287218.5645002127 685393.4152167141
233134973.0997104049 653720.9311784655
233269562.5554835498 657105.5587877184
233027816.2036435902 651562.7770646960
238300086.7033308744 762451.9793090820
233420623.0875789225 660803.5976060778
232962140.2082568407 648582.3606218249
238087604.0428840518 760934.7431030273
238360034.3312153220 767992.9551391602
245735235.2845000327 857459.7158203125
233133300.8477135003 653708.4108901620
233039807.0382162035 652067.5459245592
232819249.2364136577 644145.9407514483
230406144.7137317061 573743.3510373533
225461813.6225206256 403330.2102032900
225472963.1024847031 403807.4040585756
225393612.3821986616 402274.0812970400
230612987.6888532639 582489.6061337888
230708089.1851439476 584466.6854718626
230015418.6266694367 563440.9250182584
225341921.6277382374 400284.9030442238
225263439.5741278529 394921.9959397316
225197794.3962935805 393926.4840989113
230375807.4203536510 573692.7387569845
224780950.7567770183 373927.8808205500
225059928.0021135509 387274.7336193696
224966393.9899411201 382361.9050369635
230217087.9141710401 569861.3786655366
224877491.9026889205 378798.7622146979
237918342.4533712566 754484.0806674957
230437571.4328304529 575987.3731212318
237932152.3680423796 754584.7284793854
224919105.0978087783 379854.8911209479
237588677.3917298615 747526.0723514557
238027308.2857113183 755683.2875614166
232589783.6304104924 634526.4481941611
232504942.7301156521 632544.7117912620
232536793.3695856333 633896.0432123095
230012939.3327283859 562435.6902688444
229830302.4312036633 555394.6427715197
237487417.9847598374 746368.5294599533
229597998.9647374153 547062.4368292876
229763557.2222842872 551469.9566257372
232193066.4278855920 620922.5410105120
232089394.4196419716 619235.2685944941
229533788.7304165661 543988.9421683624
232309000.6030986309 626297.8410593402
232133764.5980783701 619807.3380027320
238354138.3078629076 763278.2165527344
237763238.5396508276 752531.2553348541
232036880.4575568438 615946.1658999510
231974756.9684632421 613153.9850783534
237425484.9841096103 736242.6512175500
237452573.8016472757 737039.1206734180
237079825.8806650937 725548.9140224457
236898673.7158227563 722250.8820362091
237160564.4018412530 729838.6922168732
237022639.9948050082 725192.6154346466
