948440871.7152366638 2934046.0185241699
945124971.9104375839 2882855.2749710083
936047308.8219195604 2706652.4345943551
936275876.4847375154 2719101.5312282662
936400829.8601123095 2723239.1589138131
935689350.5807301998 2701495.7857372384
945808352.4467517138 2896480.2378158569
945854404.6913597584 2898455.8398666382
944488875.9090766907 2877631.1675338745
936943776.7998194695 2728932.6922497749
959430105.8917003870 3064802.1449584961
932440461.0384519100 2591104.5330421547
963226699.5180890560 3105149.3701782227
931697125.2935006618 2554689.3834678750
935303638.1115515232 2691147.6872741799
936986357.2905532122 2731394.1245510201
937974861.5217281580 2756769.2005734444
935607066.5881013870 2698198.7368785958
936690336.7902544737 2725738.3717586617
934238959.2735310793 2659667.9105732064
936400829.8601123095 2723263.8996364693
934614613.9766585827 2670906.4149429421
934350528.1763991117 2665667.8985740761
936131491.6888822317 2706674.6768962960
937006469.3231704235 2735045.7020153999
933529445.8169270754 2639801.7740089516
942469908.4911282063 2834810.1252212524
935724757.0953481197 2702939.3212520699
931859037.4736347198 2562913.6025535683
983651112.2538985014 3203596.1436767578
935346506.3353128433 2694015.0994884591
961869272.1213763952 3086925.2684478760
959337804.9567400217 3064631.7315063477
944306433.1633069515 2875652.1281204224
945322405.1516932249 2886290.7356033325
985393491.7974476814 3205669.9150390625
932934822.8936966658 2618024.0980293374
936153375.5793026686 2716254.5929500679
933134016.3728047609 2638529.9583351235
945668203.0051962137 2893470.7984695435
944280785.1682910919 2874579.9944229126
983971255.3980808258 3203998.3251953125
931903228.5295054913 2566644.7700340371
943964459.0825371742 2868833.5170974731
932006611.4576227665 2569541.9681541543
933003806.3845471144 2635055.0999061684
932444623.2151546478 2593466.6610557656
944827079.8510875702 2881022.6246414185
933026022.2113462687 2635927.0431053261
943528581.7083518505 2859941.7492904663
978934379.7953050137 3191408.0916748047
968320173.3832027912 3148307.1646728516
942150838.8154741526 2834795.5868453979
934126255.7792081833 2651633.7880012612
945460022.4424308538 2892742.2673416138
933726675.5952558517 2648439.4299385170
933562009.5942859650 2647681.1418525795
974200754.2404212952 3181679.4353027344
932040476.3293194771 2576810.4588462929
951582945.7086558342 2978486.3124618530
932010940.9515097141 2574610.3212730507
951639520.2574355602 2982892.9603958130
932440461.0384519100 2591084.1155616860
955019058.5317478180 3023849.6194076538
943662022.5803744793 2866199.8009414673
948929374.5239553452 2940418.9176254272
968494458.0367703438 3149057.8157958984
985198671.0027308464 3204895.6425781250
953974259.5226083994 3010393.7844161987
954741362.2054042816 3019383.2113265991
932600182.5018663406 2599058.5321113686
954018951.6516947746 3011530.4625167847
943139764.6194963455 2851881.1606502533
950674889.4865915775 2966718.8154220581
950962270.5898514986 2971124.5560989380
950962270.5898507833 2971027.2680130005
940164597.3988294601 2803090.6086888313
950203310.3734019995 2963380.0673599243
954299466.5170080662 3016995.5429916382
973396691.4838358164 3174501.8482666016
954578128.8853964806 3018536.0158920288
932368524.1261652708 2588893.0344688515
976276261.1894443035 3184598.7907714844
954299466.5170066357 3016979.4165267944
938762054.0727658272 2776845.8639957528
945995692.5965250731 2898725.3364086151
969734915.3099842072 3153715.7060546875
952744389.7828557491 2995138.7871017456
949641264.6986299753 2952465.9980010986
952744389.7828567028 2995151.3408126831
947997847.3409271240 2930419.3435974121
932065243.7457948923 2580496.1999961953
939632351.8078216314 2793932.0870652199
932861374.9190046787 2614188.2862388710
946006081.1765249968 2902088.0688247681
952791799.5033593178 2997341.0440597534
966021902.2617666721 3127367.8392944336
952986014.0843551159 2999977.0390548706
939674438.0191730261 2794807.7477097511
936874015.3967549801 2727186.0194570641
939108506.8643724918 2783739.0851413826
943981751.3325741291 2873482.4571132660
972898734.6683830023 3172761.9140930176
973848450.7880077362 3178296.3178710938
939942561.9175727367 2798126.4797215462
938635256.1311807632 2773601.1175205330
982849915.8208663464 3202330.9335937500
939485942.6240012646 2790826.9668869972
947869448.0894743204 2930223.1658630371
954124739.5722800493 3015992.5488510132
935479867.2981652021 2696287.6817314248
932162025.3488806486 2585452.2182457070
932626862.9791418314 2600261.8148643593
969151535.3434340954 3153257.2088623047
982752286.0201885700 3200944.7670898438
975695596.9902981520 3184366.4946289062
947865352.4858039618 2926198.7721481323
982754602.3400037289 3202264.0517578125
935569932.5468562841 2696374.3432304482
939090651.3173995018 2783035.2628757576
969150254.2041764259 3150370.4161376953
937430501.5940613747 2743329.1940853219
955655383.5035953522 3030674.5257797241
957950026.5523142815 3056617.2985229492
935626018.8352743387 2699789.5746757607
955328485.2658727169 3025664.4310836792
932276498.2719048262 2586218.2737266640
956290650.1573098898 3037663.5875778198
944590050.9826047421 2877684.4495468140
957312062.5858820677 3052700.0977020264
978559777.7022885084 3189897.8762207031
958252963.0192794800 3062913.4333953857
956712390.8497822285 3042304.5969390869
987802466.9648418427 3210757.2165527344
963704038.2358216047 3116530.9424438477
954598824.1596877575 3018852.8669052124
961908491.8450362682 3092329.9060668945
937167488.5963650942 2735987.6869098763
955169055.1292488575 3025599.8611068726
953718933.4464373589 3007435.0995407104
955386104.9663063288 3030602.2738876343
945373569.3827682734 2891238.9194259644
934256094.3944504261 2662588.4659454445
967763863.9911503792 3140489.5850219727
967636241.5669555664 3139772.0916137695
958373540.1669266224 3063758.0411834717
942738603.5227460861 2844051.1245918274
961986530.2606838942 3095117.1584167480
961978786.8515158892 3093550.5747680664
973662614.8680741787 3174759.1995239258
956660461.6141816378 3041265.0573883057
935021247.9316722155 2683091.5922691445
958676356.0675981045 3064582.9916229248
956462332.9673933983 3038436.9343719482
955950670.4465476274 3035825.4135894775
957132966.5284703970 3049890.0950164795
959927136.3906760216 3074297.9382476807
960273051.4989564419 3082179.9133758545
938464819.0519049168 2766013.8166629891
960497196.1123209000 3082856.4779357910
956529351.1381425858 3041004.3928375244
955700635.9779473543 3034464.3375701904
966132774.2861020565 3133063.8523559570
968306164.0489959717 3146396.0228271484
956716573.1242517233 3043343.3490447998
956897096.3808757067 3046444.0353240967
937683301.1304644346 2752010.2556621651
939235393.4769127369 2784056.8849460701
935184187.1586540937 2685646.2419731240
937193269.4787979126 2741077.9408657174
938806147.7485628128 2778598.9702560524
937708799.9687569141 2752493.1681606392
957830239.3257180452 3054368.4921112061
973699922.4064258337 3176977.7353515625
974502562.0751518011 3182583.5043945312
977814942.3746093512 3188382.4772949219
937374774.7143695354 2742646.2970096688
943220234.5881859064 2854525.2800502777
935227541.5439193249 2686871.5724403481
937591493.2252732515 2745083.5976001839
954748230.2499362230 3022464.1208724976
970191590.3476183414 3158045.0793457031
982276154.8428087234 3200107.7792968750
967866523.6108047962 3145153.4580688477
966059582.1698186398 3131292.7803955078
966287995.9373543262 3134109.6251220703
932656477.4767396450 2602330.2492668252
973055473.0012476444 3172813.0637817383
959945473.3469862938 3075142.3142242432
960940811.3173196316 3086039.0452880859
935278121.5104212761 2688131.8794662575
958148919.2743072510 3057861.3836212158
956164914.7038022280 3037388.1117401123
939392434.6716847420 2784932.1371891121
966625449.5508534908 3136087.1265869141
942835261.4866461754 2847270.8064498901
938515511.0597854853 2766126.8339695930
967118922.1510412693 3138471.1842041016
938428458.0997076035 2764448.8557591438
948251517.7731015682 2933236.2051925659
944225607.7401971817 2874466.0092468262
987078831.7227789164 3207254.5117187500
959945473.3469855785 3075117.0979156494
960051556.2249201536 3076744.4752349854
934607405.9159556627 2668083.3927032570
966964706.4505637884 3136842.0813598633
953243801.3844878674 3001052.0231323242
934298194.0213884115 2665013.3859550576
943382870.7528597116 2855824.2755489349
959955223.8868674040 3075526.0171356201
949331597.7057976723 2947089.9413223267
955149684.2061434984 3024338.5074386597
934650927.1833895445 2672846.5241729836
932731679.6102620363 2603492.5418541054
949310876.6059941053 2946842.3937911987
963598142.1708748341 3110385.9761962891
977739686.6481581926 3187205.1108398438
954087095.8960722685 3012351.3304367065
959659958.3866827488 3071812.9597625732
963016473.7920353413 3104404.8643646240
959659958.3866827488 3071705.3503875732
962408560.7514195442 3097827.6265716553
971111893.5895664692 3158454.7022094727
964941682.3370254040 3121921.2337646484
971735383.0299277306 3166676.1157836914
972106891.5606691837 3172189.0232543945
941552082.0327687263 2824522.3539128304
941655887.6915636063 2825734.8270573616
932930814.5522485971 2617302.1954795937
958809477.7183881998 3064612.1892089844
938090711.6221628189 2756828.1116185188
964941682.3370260000 3121928.5208740234
965341341.4065600634 3126445.0782470703
941345333.5894645452 2820857.0889592171
940622449.7742537260 2808606.2424626350
965668367.0189327002 3126841.5772705078
940943681.2752410173 2815916.5052800179
941742227.2768132687 2826647.1108403206
964274586.5670006275 3119457.3047485352
965044406.4101299047 3125530.6612548828
940578703.0687381029 2807091.6737599373
945711496.0183848143 2895730.1212539673
940311393.1440358162 2805053.7318775277
949393151.8291066885 2950532.7351150513
977258277.5961475372 3186773.6304931641
949964210.2987995148 2958669.4135208130
941147220.7042282820 2817522.1527256966
951122329.5575590134 2974183.7038955688
981988507.1952552795 3199433.8564453125
941576408.8643488884 2825716.0629887581
947358037.8792316914 2918319.4533996582
947358037.8792319298 2918372.4426574707
941203334.6595525742 2819591.5550842285
944843134.8094575405 2882740.9694595337
981943214.3228178024 3197443.4467773438
941981586.1583540440 2830944.3500065804
971627778.0620286465 3159770.3131103516
980886849.0955097675 3197360.4743652344
978289392.4260115623 3189298.1693115234
964894859.2796044350 3120643.9398193359
952016474.0653431416 2986617.5085220337
952168945.3234943151 2988681.2283859253
962290610.0102498531 3096637.4115753174
946387360.2870731354 2905272.4252395630
978248648.5887632370 3189098.2744140625
952615122.9526830912 2994164.6010665894
946387360.2870732546 2905315.1596145630
951256664.4255949259 2976311.5109634399
980495912.6959936619 3195407.3752441406
949079490.5586280823 2942959.8891296387
951972798.8882595301 2984691.4255142212
976817067.3048508167 3185721.8748779297
970191249.9108259678 3154304.2054443359
949722745.3027007580 2954914.8392410278
942641083.0286960602 2841971.3445701599
946969870.0494847298 2913746.7136917114
947553901.4851001501 2920319.8519973755
951998078.0064328909 2986572.6104812622
952936033.1449930668 2998777.2755813599
952228012.5015652180 2990384.1369094849
952419080.1946091652 2992149.3479995728
979941037.5529460907 3195309.2604980469
947603378.0305507183 2924441.7024307251
946734501.2935914993 2907779.8311233521
979527735.1987344027 3194728.9074707031
947233884.4093656540 2915692.5522537231
978652147.1949073076 3191111.9580078125
946969870.0494847298 2913740.9514846802
947864324.3769553900 2925492.8320693970
950162717.8327070475 2958867.2629089355
978965051.4144295454 3191511.3112792969
978973712.8009773493 3194586.9675292969
952903934.3418121338 2998719.7555923462
959563351.2800519466 3070070.8069915771
971409856.3926837444 3159001.7360839844
978492674.4060248137 3189811.2309570312
953659361.6260764599 3006529.8191528320
953600472.8961778879 3005698.5622100830
962639451.4608976841 3101177.9350585938
987491317.7470867634 3207324.0622558594
