222734623.5734176338 1615564.7302246094
223228627.3200698495 1623977.3168945312
204406864.3685732484 796736.0360560883
209194300.4509961009 1119022.6657649875
220752992.8601537049 1574532.5346679688
224826462.6346493959 1630684.8232421875
230167088.9950894117 1641857.7343750000
204653768.5505134761 810960.5534571693
213785120.0526349843 1326019.3296117187
220674192.1133996248 1566709.7180175781
224028443.5225886106 1628525.1269531250
203304797.4194771051 654152.4968387706
205391230.0252661407 824519.5241237152
213767044.7329381704 1323247.3199156523
217891847.9219049215 1481500.6518554688
220676970.3385754526 1571679.5095214844
220445453.8816303015 1562353.3815917969
221869488.7392548919 1595700.8664550781
222619558.6282001138 1609740.7194824219
234783608.8615038097 1645976.0073242188
221096363.0072346032 1581661.2099609375
222618106.6175779998 1609155.5617675781
222707804.4574519098 1611781.4265136719
234999878.6612364650 1646149.1577148438
220564738.8343820572 1565153.3410644531
222476696.8655067384 1608062.7761230469
213841730.8239048719 1329704.8121031523
213932938.2745243609 1331914.3880075216
213799115.6724205017 1326306.6499937773
235338730.6218347549 1646385.4521484375
235069120.8627617359 1646365.1035156250
205940539.6685587764 918725.3713454655
213812129.5168676972 1326987.9396431067
221092850.0068065822 1579088.3417968750
221370878.9806825519 1587832.1142578125
223180974.5255542994 1623972.3120117188
230712053.4011731446 1642764.4082031250
234656792.5466299653 1645843.3173828125
206339919.5970226526 943405.8155859192
209165059.9742999971 1115799.3512508273
209173358.9550680220 1116083.3976375461
213228570.3310536742 1305754.1028267958
206406062.3001496792 949328.4022619980
208956556.5646191835 1102913.1608211398
217768402.3354805708 1480684.3496093750
222704298.9943992198 1609841.9714355469
224993784.7739499509 1631046.0595703125
235422928.9660536945 1646386.2050781250
235992265.8873877823 1646402.4873046875
208746541.6265991032 1097835.1356746554
217684531.5617473125 1479779.4316406250
225073523.6789467931 1631262.4995117188
230313576.5294921994 1642472.8369140625
235278397.6427459121 1646383.1806640625
208786795.9838026464 1098277.3951656222
206559355.6902484000 951681.0151493293
208817346.2290159464 1099368.7611629367
221179235.7277496457 1582021.2524414062
235080519.4984185398 1646381.2846679688
208966871.3802712858 1102982.2106258273
214116520.6572485566 1337395.8610533476
220900412.6823355258 1575175.0117187500
230544207.1301017404 1642741.5351562500
206253120.9880324900 940733.5611395002
223250639.7819959521 1624502.6914062500
230256153.3326623142 1642466.8344726562
209252064.5999138653 1122166.2467030883
220987065.1078907251 1577359.0434570312
223244859.3615900278 1624217.2050781250
224821112.7703911960 1630442.7656250000
209131223.1141997576 1112329.7125789523
208914524.7391158044 1101377.5150691867
206450641.2636512816 951208.3307057079
204312728.9686584175 782285.1642146576
217198428.1039810181 1460805.3253784180
222359902.4428485632 1607609.6406250000
217482474.7699777484 1470826.4337158203
208932491.7772712409 1101963.5304500461
203358006.5253965557 655648.8058021774
206431261.9825279117 949846.6412525829
206367294.1241828203 949055.4899410014
208973210.1307969093 1110144.7858211398
213485004.3435029984 1316774.0906197645
217992131.2909031510 1488405.3520507812
203367560.2905551791 662248.5524990184
223593463.1075469255 1625631.2070312500
223732788.6985058188 1627160.1845703125
204983100.8922833800 824428.0303798188
231335012.7536087036 1643095.1621093750
203687424.2096680999 717121.0849184934
206168722.2348944545 934311.9412359358
231035500.6459689140 1643003.4589843750
206066282.3973723948 930733.3251820263
206599080.0695880949 951681.4296464003
203218264.8553801477 636102.8836757762
203990416.4532731771 751551.1247279644
223736693.8003768325 1627439.9921875000
214033894.5748546422 1335820.8430703878
203436529.1938726008 672781.3207119328
203422613.7402402163 664111.8570956737
203804693.3830563128 729526.4075736627
223111954.3939700127 1622153.4453125000
218274282.5554211736 1495774.0604248047
231099538.5171219707 1643004.4848632812
222995021.9500471056 1620568.8837890625
206547606.0813864768 951668.4120916487
209792204.6941022277 1146365.6024241894
203363940.9510685205 656196.3662919623
204679266.2654153705 817683.1974940766
230973914.0931287408 1642957.2460937500
230821855.8428650200 1642788.1865234375
218168180.2851015329 1495053.9871826172
218562143.2718186378 1503784.6032714844
203297742.9705012441 652787.1557705028
209720666.4897088110 1141271.3520476073
221337537.6984094679 1584289.7031250000
203885420.8218119442 741338.3428687677
203823042.3662058711 730889.5272025689
223826207.9521456957 1627616.1914062500
218439144.7291767001 1502137.4946289062
225046074.4613155425 1631184.4345703125
224864680.9891417921 1630923.1171875000
205979275.8839152753 919299.5274318461
209437637.5105562210 1128722.7265288085
230714460.6410596967 1642785.7631835938
204508219.4136627018 803650.4137416352
213443323.1746888459 1315228.5752629042
213676376.0980099738 1323190.3155846596
230179184.8468618095 1642176.3886718750
217371751.2731637955 1466679.9759521484
209377101.4243748188 1127460.5898100585
213911105.3625124395 1331326.4800992012
217640347.4186245799 1476965.2138671875
221290650.3952952325 1584228.4194335938
209642512.6586121619 1137670.6319548339
221201605.7159813941 1584010.5405273438
209355569.0399070978 1124140.5664335936
213288680.1119490564 1308355.5212885954
234350181.1756363511 1644827.2412109375
206218498.2585625052 939329.1403774028
213619270.3409062028 1321769.7358834364
203780224.0416897535 728736.6664847955
209097353.2075924277 1111231.7367903441
221921786.3157154322 1598377.3913574219
222922591.5069496632 1617500.4384765625
209790749.8433785141 1145617.7154977098
213114133.4045618176 1301412.5372323990
218081414.9316443801 1490925.1386718750
225699946.6227825284 1631520.1621093750
204021241.7088856697 752522.2140740824
209963540.8696441650 1153912.8597473949
222104783.8608687520 1600264.7165527344
234123872.1061740220 1644671.7934570312
203964599.4921841621 750209.6608607769
204362579.9615508318 786533.3383021820
203849311.2743189037 739686.5831045732
221480711.2414720356 1589875.2788085938
203836204.7109637558 738545.5380107239
232168217.1590493023 1643353.0239257812
223507045.6584322751 1625382.2089843750
206147541.0013996959 931927.5185414013
206019384.6181286275 926989.4034084086
204305263.5073191822 781947.0238719452
203744179.4035574198 727461.5737113580
213146168.5357613266 1303023.9137232967
213244367.7743749619 1306122.2842232801
213435246.9669671953 1314638.7410103895
224960084.7055664361 1631013.9101562500
204632189.6479070783 808277.5273018051
204400684.0743332803 793992.3226771820
209493900.8121238053 1134125.4347901195
213365979.9412662685 1313577.1003853895
221527010.5349130034 1590204.2963867188
232188675.4763992131 1643454.4633789062
223716680.8880735040 1627040.1748046875
224536994.3501254618 1629621.8613281250
221611122.2401044965 1592286.0209960938
206157757.2601940334 932903.7001675372
204199093.1770943701 769069.9232631195
205981718.3010299504 923882.0450099711
218117304.0082263350 1493000.2158203125
205871221.8402080238 913136.5049709086
231605037.6500955522 1643180.2626953125
212183368.7824594975 1253086.9182652347
203739467.0876665711 724744.8316740934
212071069.2902153730 1251636.3773281686
231889153.0941471159 1643262.9169921875
217589317.3003665805 1475091.5969238281
204282641.7814769149 781764.4427943695
224611564.6577771008 1630009.0493164062
204244517.3532385826 774476.6273646820
219216106.5961997509 1521308.1662597656
204320060.4581896067 783814.6509908770
209657366.3439796567 1138328.3940397948
205901332.2122882605 914940.6016669874
212392517.1441136897 1260583.0571987741
210431262.7801992595 1164911.0471238792
210263313.4599140584 1158445.9761742055
210219047.9941357076 1156673.7760168314
203559053.7295396626 674409.0091603100
218331176.5669476390 1497554.2961425781
219294958.4467517436 1526056.2927246094
219186345.3705489039 1520802.6755371094
224393524.3675872982 1628870.4936523438
204169195.0884358287 764191.6591963638
210199203.3963136673 1156315.3560838401
218817479.5191264153 1511474.3874511719
210098200.1862788200 1154280.6329326928
219503680.9234254360 1529061.0004882812
219364565.0836721063 1527037.6247558594
219114119.5340802670 1520359.5681152344
204224298.5131260753 773533.7574095596
218571238.6592187285 1505389.3614501953
204090026.4018106759 761481.0461668838
217834138.5848405957 1481361.5375976562
229668360.9677112401 1640679.5947265625
203666562.0395221710 698558.4202715228
217894203.0994173884 1484162.3260498047
229408378.3685848713 1639694.9814453125
229716255.7155315578 1640986.5576171875
211881812.6155171692 1242512.5195844471
229813409.8119594753 1641258.7900390625
218944224.1128948331 1513913.9589843750
220424150.9214568436 1550571.8857421875
203632142.5421189666 675061.7469921544
220427139.4191015363 1550990.2846679688
214370691.3065795004 1344123.7636864185
214786124.1479660273 1356545.3330039978
214204938.6745714545 1340235.5019378662
214488331.2727245986 1348916.6791954041
222586544.4193098247 1608087.2031250000
214600471.1893559694 1352113.1291465759
214604164.9390048981 1353091.3107986450
214633134.6776753664 1355239.5157432556
214218306.9231770337 1342562.3823204041
212299391.1561367810 1259714.3407681100
214294614.7414468825 1343272.9137108326
219992623.6549270451 1541418.5988769531
211791283.1971872151 1236477.4953886159
211556693.2763112187 1226215.2242780812
211642314.4414141774 1228287.2897433937
211461015.4748961926 1219932.8774076588
211954024.5096795857 1242925.5144010670
211483829.5883709788 1224068.4562650807
206663008.0038496852 957525.8825478212
211729297.9308830500 1234956.3615995534
212905572.0852175355 1284174.0660101064
207034364.1507553160 976982.0865425721
219658259.7017966211 1533163.9609375000
206869688.8218299448 970403.0438484803
206805135.2015772164 963958.6780953065
219651383.7613181770 1533153.0732421875
208685886.0877948403 1074223.1961928904
220022043.2614772320 1543364.6267089844
212875699.4834369719 1279635.0511439927
206714714.7493661940 958933.4056128571
212692578.2734176517 1276033.2059026845
212827828.1617006660 1278909.5374206007
212658465.8321294785 1269862.7327251974
206747412.9726058543 959267.0801493386
208603392.7876335979 1071305.9748273417
212781813.8237907290 1277253.0598815382
212610450.7596992254 1268203.5994039662
212571618.9807200134 1268092.0428167470
212479746.5845736563 1266477.8316351064
212026720.6043032706 1246924.2169195302
229340526.6786874831 1638809.6235351562
211443801.5316314101 1217054.2868009694
219589758.2083660066 1529674.8298339844
211425089.1721665561 1217027.7994962819
208742399.8312672675 1079316.0378156230
208453946.2017348409 1061962.7260363549
208527781.6519230008 1062575.6716235355
208416935.5832815170 1053259.9395678714
211240729.2367658019 1204694.1014676690
211114042.3937586248 1193044.9637723565
210994709.8323454857 1188212.8805814385
210874917.7279821932 1182609.0485196710
211044975.9781341851 1192837.0598416924
211037395.7716968358 1191755.8098416924
210971233.9811362028 1183872.5979724303
210769415.8260232806 1176776.3079333678
208396366.3849659264 1048105.8589387536
208387843.1445177495 1046698.6594758630
208069842.5397531390 1026007.6901170751
208192156.2234829962 1032492.8142776517
208248439.3103570938 1034435.8050129744
208026375.1975146234 1025109.3819258544
207456752.6718464196 991219.8680732325
207775357.8064530492 1009668.7661969736
207573021.7027655244 1000643.7211005762
207452985.0821423531 988755.6527412012
207690661.6824645996 1006576.9056775644
207475253.0072104931 994354.4530341700
207519071.7274312377 994485.6669013575
208173232.0531485081 1026658.5384705691
207421558.0560820699 986128.6977500916
228956269.1479189992 1631918.2890625000
228987078.5697816014 1632107.5097656250
228860539.3438484669 1631913.0214843750
