169984910.0669551194 81897.7801513672
169869492.9588428140 81811.2310180664
155512343.4859803319 45899.8028416373
159057584.4697664976 60544.5735173970
169359982.0617170036 81331.8858032227
153330676.6522319913 28978.7557747681
169908243.7469936907 81849.0755004883
169877221.7700155973 81847.9171142578
169955516.3457990289 81857.8515014648
155321209.0328135490 45194.1942165224
158568362.3738201559 58880.9839935368
159524226.4256050885 61880.3933419585
169751289.7677590251 81801.0093994141
171444937.7188499272 82349.1197509766
173888680.0009570420 82836.3170166016
173486268.4915459156 82796.6476440430
182283731.5490727127 83591.0180664062
153358676.2897151113 28983.2503965367
171455663.8096103668 82373.9901123047
171445684.3352517784 82349.4642944336
182148062.2269837558 83589.6848754883
153419275.9111711681 29864.2420222294
168836604.8728597164 80596.1449279785
169964890.1618453562 81858.3485107422
174605952.1412886977 82887.3205566406
159375841.0343022645 61282.4082994610
171391264.9690040052 82185.0302124023
171299311.3760425448 82056.4287109375
153286325.5998216867 28143.2009810936
155036458.6466068029 43456.6147947637
159251557.6066210866 61241.3847398907
159425039.4808429182 61304.4457397461
163896010.8410168290 72443.1375242323
164717462.0927046835 73815.2959728986
169911533.2459146976 81854.7244262695
171454269.3410069644 82350.7899780273
171401824.7983925045 82331.9635009766
171504973.0176724792 82403.2312622070
173878755.4412875473 82829.2573852539
155622107.6255622208 46167.4544950435
164090942.4934644699 72634.1551271528
182774912.8772619665 83631.4684448242
173518041.4034349918 82797.0690307617
173433624.8755428493 82794.5033569336
155211280.8221540749 44430.2229867792
155231270.9254061580 44506.3373117773
173596891.7488475740 82806.0552978516
174017560.2350617647 82854.9262084961
158723637.2409869134 59571.1984710759
155303136.0317279100 45063.3236310696
158981565.9548327029 60410.8400274068
168770481.7967836857 80438.6652526855
174414061.6281081140 82862.5440063477
158508560.2124045193 58224.5470217913
160598200.6220847070 64459.5802998617
164829583.2186912596 74350.4326902479
164912319.0426987708 74395.7965818495
173780589.2391347885 82821.0095825195
174523047.8371248245 82886.8985595703
173904197.1698451042 82846.3829956055
153607455.5528468788 32034.0281853806
155269618.5664419234 44566.7196054785
168764627.2422087789 80317.0614662170
172360162.5140049458 82565.9422607422
173182589.3721104264 82744.1845703125
153436919.9513861835 29889.5903498661
153511191.6850810349 31453.3292130958
155140829.1486646533 44282.2646510927
155074569.9811899364 43584.8646049565
160613717.9169625044 64557.6844036356
163841249.6905004084 71917.7797208875
153406920.1780527532 29862.3374812137
158430472.7459402978 58210.1593112200
168897898.3374124467 80745.8234100342
155182827.2789676189 44287.8536939947
154996977.9215654135 43404.3665724127
169614450.1169253886 81685.6976318359
169664181.1233967245 81688.7258911133
172242104.0590555370 82516.0974731445
155079339.9760322571 43619.9867057865
153302528.2170621455 28977.6607844364
154994772.0742472410 43403.5048780767
153283093.7163009644 28096.7471067440
154581157.5436483324 39666.3362830374
169644490.6963278055 81687.6961669922
153237938.0702720284 27249.2043662388
153546545.5424413085 31563.2595378738
158127015.3554604053 56742.2491702288
169060175.6523222029 81067.7451477051
169510369.1489495337 81635.0158081055
153487016.9258618057 30614.1212853920
155122413.7903046012 43621.9334058827
155487233.8700352311 45747.5896008080
168433656.1188976765 79778.8781280518
170123084.5561674833 81916.6934204102
170441717.4014489055 82009.4597778320
170108772.1886795759 81914.5294799805
168762312.2918429673 80155.1688537598
170207934.1606077552 81928.4688110352
154984062.6415981948 42808.0053959219
154939633.1379549801 42700.5525913564
168669926.0433942974 80047.0933837891
172921223.6183232069 82663.5066528320
172922118.4628911912 82690.2029418945
172695556.5718093216 82624.0540161133
172783503.3022531867 82660.7404785156
160640504.0160396099 64599.3577584689
172307518.8980018795 82563.7979736328
155488405.4440384507 45802.9717907524
172610186.8394686282 82620.2110595703
172595874.4719807208 82618.1386718750
172281304.8994135261 82518.3989868164
155289362.5205681622 44921.3057684517
180220831.7592569292 83421.6876831055
168519937.7148041427 80003.8312225342
172204881.2673740685 82480.2402343750
153249069.4488206208 28092.3135554325
159507444.9262071550 61625.3654587185
165632540.9700841308 75393.4298284054
153577184.9371329248 31565.4485326279
154982056.3712513149 42765.3379917471
165304880.7275394797 75080.8959274292
153443624.3444578052 30589.4467057716
165057803.5893763602 74557.3903888315
155009544.4715237617 43406.0770206777
160254923.3585359454 63640.8360759988
153375308.1407065094 29703.1369523536
154921522.0726860762 42620.1196689932
163977795.2783872187 72565.4286619276
159667209.0399078727 62110.2597856075
181088687.5370238125 83495.5544433594
153650490.9988701642 32502.3308154825
155015614.5450545251 43406.2183780996
158132512.5642168522 56882.6355685443
159138622.8756984770 60586.2485124469
160777047.3982361555 64779.9511883035
181651472.9464761317 83538.1081542969
158295378.2119927108 57624.3215274066
153497086.4048039913 30635.4206436459
164746608.3728644252 74001.0472532362
181499518.6755528748 83537.0541381836
153629289.9276588559 32276.7321551327
159364722.6077592373 61280.2539677283
180946315.9524867833 83494.1104125977
154844941.1697667539 41785.9265366616
182126408.8258241117 83569.3463134766
154604513.1145745218 39776.5448161903
153497131.6108949184 30682.2157362435
181851468.0585847199 83542.1053466797
158410163.4515742660 57693.8991793841
180574465.1844860613 83462.0908203125
181898169.9937967360 83550.6113281250
160340366.4296336472 63872.3170330301
160911941.3804311752 65019.9943363657
172146760.3194312751 82465.4856567383
180438000.1358512938 83439.5614013672
154818355.8695768416 41437.2954300202
154398828.6413277984 38775.2579683605
181749889.3669692576 83539.2772216797
153645185.9261439443 32408.3661110882
154348424.1896109581 38032.5200054515
160556855.2235464156 64221.1139307618
180608428.5480499566 83469.7905883789
181927171.5872266591 83558.7846679688
154746579.1656112075 40997.7761645074
164150905.3151503801 72662.3381467909
180605682.0150603354 83468.3945312500
158882740.3199688196 59856.8456579000
158877506.0087296665 59836.6710557491
170638573.3486431241 82024.2787475586
182114758.9778187573 83564.0056762695
165574377.5134438872 75365.6388072297
180116410.3564613163 83386.0195922852
163974543.0331679583 72475.8537107557
165492868.2072540522 75142.1424693391
161059291.6627715528 65292.4001994729
158635715.1744987667 58939.0973363668
158925670.2752526402 59902.3840490133
158849266.2319608927 59801.1477403194
160602161.0618441701 64488.9277930558
163971288.5499989092 72474.8915525526
164559026.7251067460 73723.0398069471
160352322.3240588009 63875.5675823465
165556988.8102334738 75357.0224742219
158671825.8758819401 59195.5722966939
154009502.1425189078 33580.1328329807
153876022.9246054292 33576.1991046695
154738360.5227073729 40582.1415015514
159663146.9796796143 62024.0320946237
165649533.1739502251 75401.1438841820
181183978.8672685921 83501.3613891602
164242371.7322898805 72953.8844114393
179777916.5983927548 83320.7677612305
179589165.3944737613 83317.9945068359
158180959.4376239479 57180.3724154681
158074172.6174503863 56731.6665896624
165184066.7610017359 74813.6629161164
165912008.0894420743 75728.1214919090
170649692.6661033928 82029.2454223633
179824682.9425632060 83361.5690917969
166326442.1119081080 75823.6562739164
158251874.7615715265 57553.9234866351
165767374.2104170620 75633.9273314476
164298510.3213202655 73071.9031492323
170665686.3975648880 82034.0737915039
164276658.9095195830 73061.5063596815
160426942.0789938569 64018.2915234715
158008794.0456689000 55971.1640280932
158706271.5813643932 59224.4635778219
153757356.1937053502 32664.2695392398
181361977.0231380761 83509.6130371094
164270008.1144939065 73060.4188352674
154634910.8435873687 39951.9699013475
154320874.7633277774 37204.2545884931
154517680.0323306024 39074.3129189256
180207123.2326876223 83408.1579589844
154660651.7872552872 39978.5303261522
154494537.2929074764 39066.6007607225
164461076.6767563224 73382.7197185978
154494015.2687133849 39060.9700234178
154394340.8482619822 38166.8550130482
159992180.2788584530 62907.0725876242
160103115.1931984425 63156.6313034445
154492070.9994762540 38955.7423072811
154373695.8340985477 38055.3559449995
180190042.2876522243 83399.2224731445
159916133.5706712902 62475.2174265385
159815309.0903062224 62338.1301313823
159784968.1734313369 62332.9481855815
159874947.7123555839 62446.5398608929
154259745.8484596908 36541.1536725294
154051815.7116570175 33955.9793548603
159863896.4033836126 62395.8315701704
154129270.8024007976 34830.7680717418
154023115.8346139789 33948.6552763004
154236353.0424050689 36431.7576267142
158335227.3947092891 57642.3277898580
154293950.2173260152 36605.2982339431
154081346.4574909806 34311.7767799981
154254487.6634800434 36432.4935886282
154227165.0740792751 35700.3575260062
154199712.6612798572 35686.7058543731
154171438.6517973244 35572.2552997489
154098521.2830353081 34677.1345472354
154106436.5317521989 34715.5101881046
156183380.5765390694 46638.8405032726
156324578.5952211916 46642.1803856464
163531789.1897879243 70851.5097045638
156332465.6929290295 46674.4824953610
163393046.4020546377 70438.8267779574
163248261.4157456160 69925.2905841097
163417520.1878694594 70514.8360560536
163141165.9840634465 69857.2899476700
157994235.0467658341 55202.7512670940
163132289.7500858009 69676.2214364544
156599375.2948303223 48066.5712427704
162973578.5432383120 69122.9041444473
162828033.2156923711 69095.9319154434
162811908.6994003952 68696.9353289306
162876667.3948932290 69111.5942949951
162844895.4290340543 69109.1274370849
162450193.7518306077 67923.9535674900
162458631.0239286125 67999.7222652286
162136489.5562091172 67467.3490974605
162173889.4505290389 67509.2473518550
162391578.5172323585 67740.3227302730
162419389.7031461895 67744.0356208980
162273844.3756002486 67717.0633918941
156704301.3589335680 48107.6323643236
161957633.3586778045 66978.7174029052
179502888.9096020460 82979.4371948242
156744829.8360728920 48115.8185908704
156481226.8014030755 47417.6195857434
161785736.7505827546 65574.1550686061
161694419.5174294710 65540.0341900289
161602839.9270352721 65522.7544659078
156872572.3188824356 48411.4185668093
156862564.8241012692 48323.5050232273
178687105.5869000554 82897.2437744141
178929482.2528775930 82919.7269287109
179126556.9924216270 82944.1014404297
179042021.8569792509 82936.7790527344
179075766.9000974894 82944.0736694336
157103999.3071755767 48762.1897679884
178635801.0430262685 82892.7574462891
178946916.7138571143 82927.9793090820
157162915.7301158905 48776.3730765898
157621263.0319817960 51061.3413592894
157851682.3827224374 51995.8082236834
157937226.5099830627 52123.1530316193
157468091.1752036512 50304.3241771087
157874312.2929176986 52013.9609730560
157798020.1507762372 51292.0587639399
157637830.5791192353 51162.7950218040
157351973.3847205341 49819.7306696493
157325653.7315665483 49433.5967661459
157399360.4810709655 50203.5025507528
157390574.7018916011 50202.9418818075
157347060.7450430691 49435.7824422438
157297379.7220840454 49427.3448910434
