578102884.1078637838 8179764.5019531250
578844789.8341469765 8361405.3359375000
580396776.1771211624 8605961.9179687500
580739345.5701893568 8660047.2714843750
581197121.7087945938 8723496.7480468750
580138095.8418810368 8580704.9882812500
591243367.6432818174 9588575.1035156250
612296955.3123053312 10268063.8652343750
578485706.1828001738 8278133.4199218750
581490191.0039278269 8750138.1816406250
596139622.4531748295 9818270.1523437500
580534451.3202861547 8634110.0664062500
582050379.5507715940 8815493.0214843750
581106800.2984266281 8710930.7910156250
578875596.0988426208 8361713.3437500000
581021080.7221310139 8695706.2324218750
581410905.5889739990 8739884.3750000000
578902513.7260414362 8368282.3789062500
581298768.4205735922 8732167.9140625000
581977793.4330024719 8802391.3964843750
599560551.3602421284 9960524.8632812500
579844075.7494845390 8537520.8359375000
580495363.9269675016 8624535.3906250000
582366241.8877863884 8850134.0644531250
592786255.3908075094 9668475.1210937500
580672141.1609262228 8656424.3105468750
685902312.4357830286 10981417.5683593750
579130453.3403242826 8410065.5664062500
592648056.5095647573 9661162.7089843750
588142423.9322867393 9363027.9824218750
588108892.0210103989 9362147.5332031250
578227641.0404791832 8205646.2138671875
578727090.3214854002 8339150.0976562500
578780066.7621467113 8349352.0136718750
580619692.9248440266 8648666.5625000000
581358015.7517546415 8733844.5781250000
581399332.2671235800 8739322.4570312500
583647275.6840161085 8990047.9746093750
590525370.8191698790 9534355.1679687500
590054601.0839688778 9512085.1562500000
578017659.6533919573 8159805.2431640625
581433543.4606740475 8739928.3808593750
588287341.6871216297 9365269.1347656250
581054352.0623446703 8703173.0429687500
577956800.5822972059 8132029.7167968750
582618384.7105131149 8874855.3554687500
612273413.9414441586 10257623.3906250000
612284727.6062228680 10262096.4453125000
595989652.3800089359 9808436.2617187500
604549454.3959556818 10077346.7402343750
578238786.8125463724 8207639.7099609375
579964514.3138457537 8554391.2460937500
678575198.7423915863 10887529.1347656250
577925922.2327202559 8121701.6289062500
602810961.6083210707 10043746.2187500000
579514655.6136081219 8480385.2480468750
597546049.7043441534 9876522.2226562500
597356114.8369669914 9870928.7636718750
579662999.5757944584 8505151.8496093750
581048868.2795282602 8698377.1816406250
595968556.8204876184 9805833.7558593750
577962304.3475379944 8136260.6376953125
593591178.1033223867 9711125.3378906250
589501019.2922735214 9482127.2558593750
593551993.6805245876 9703381.1328125000
578123941.4330669641 8189287.6767578125
578616239.7387820482 8312044.0839843750
583823822.6203486919 9007076.0507812500
590169388.4597390890 9514526.9785156250
578253356.5843796730 8214404.2343750000
578309855.8780304193 8229298.5722656250
583158875.3667697906 8940443.2460937500
589577550.1041772366 9484592.0722656250
578423619.6189110279 8255613.4003906250
586050011.7829866409 9219772.0527343750
578476713.6142063141 8271668.9375000000
579198531.6016731262 8428625.8671875000
579014494.3829379082 8391349.9980468750
583016946.3962264061 8928155.4355468750
587614413.3155310154 9351085.0800781250
686157561.1395691633 10985127.7304687500
590859270.4617086649 9558052.4550781250
590800265.9908722639 9553488.0117187500
594129718.3421598673 9737192.2519531250
582749685.6836028099 8899688.8457031250
601766748.2793416977 10029150.5468750000
605696574.0930025578 10136907.3671875000
624063811.5855615139 10413720.0468750000
590450826.8058311939 9521414.5351562500
593266890.5072686672 9699167.4257812500
579387821.8972278833 8457374.5097656250
582446617.8088828325 8866112.1132812500
601301223.3959286213 10025569.4980468750
579684378.5691759586 8509416.9804687500
583328106.5318773985 8962018.7617187500
583885854.9037117958 9017082.8613281250
578473682.9013953209 8266730.0390625000
582648801.2046741247 8892626.8046875000
591047685.5592304468 9565351.3437500000
581434678.1749390364 8745383.3496093750
579267348.2117660046 8438571.0957031250
579022678.7444241047 8392557.1777343750
579451302.3462345600 8465402.1210937500
581034036.5111253262 8697934.6503906250
617756237.3423216343 10348125.4843750000
579726570.3322833776 8517518.9609375000
578962257.3920743465 8381179.9472656250
594733431.3580368757 9775509.1054687500
601039602.1834310293 10018027.5429687500
591285386.4155411720 9593790.0566406250
584600119.3875958920 9092250.3398437500
579328188.0795840025 8449599.7070312500
590305574.1550269127 9521386.0898437500
580409773.8649499416 8617144.5957031250
601442610.6665675640 10028885.2285156250
593788828.1732581854 9732679.3535156250
597195725.9480999708 9846767.0566406250
597193689.0737538338 9844070.4648437500
579626860.8454345465 8499194.9414062500
594315788.5555733442 9753970.5722656250
643721852.6373230219 10600087.3906250000
584256597.6577739716 9053228.4492187500
685942538.3750665188 10981632.8808593750
608212901.4708739519 10198148.3300781250
685110949.7521095276 10975051.6367187500
605502374.0694158077 10133803.4902343750
578401478.5465025902 8248292.9804687500
591061996.2842663527 9571496.7187500000
581701180.6910300255 8775228.8085937500
586946459.5260816813 9299889.0273437500
605713497.3077030182 10137394.1074218750
588383057.8827383518 9389400.9824218750
591831190.2355201244 9613736.7832031250
584881053.6881625652 9109799.5976562500
648624929.9240672588 10664172.8085937500
594873260.4255150557 9785531.5664062500
588558691.3362323046 9406010.3125000000
589030479.3567426205 9453390.8007812500
597893658.7999063730 9880166.3457031250
589150806.7049331665 9458172.6113281250
587384699.9448143244 9339685.3300781250
584437111.1812788248 9073187.6445312500
588543898.2647452354 9403533.1660156250
591560998.7669594288 9599814.0234375000
581467007.2685500383 8746016.8320312500
596257661.6410681009 9822346.9355468750
621004054.9472638369 10387453.9843750000
582143510.0286204815 8830359.8242187500
591872482.8429919481 9619555.6445312500
584003015.6912534237 9027157.3222656250
584189775.6089034081 9049931.4160156250
656513258.6544946432 10760380.3808593750
656272882.5116810799 10759549.4628906250
598109596.8388470411 9906008.4296875000
593118877.7299007177 9690520.3164062500
594562120.2763265371 9768027.9765625000
584579644.4936100245 9084101.3632812500
624679428.2941415310 10431139.3457031250
594505744.2452632189 9763909.7031250000
592076747.0434501171 9632681.5820312500
596015248.1810047626 9813077.3417968750
585250862.7397415638 9145681.1328125000
591239365.5892384052 9578723.4589843750
582781775.0867757797 8902011.2324218750
585106539.3701832294 9130974.6875000000
607182427.7844119072 10159978.4511718750
684953248.4304887056 10971244.0390625000
627500914.2495734692 10493403.6933593750
584786440.7709624767 9100804.1210937500
685531875.2501848936 10975056.4687500000
612925769.9338977337 10282270.1777343750
612611000.4888430834 10276816.1054687500
598515110.8309422731 9917177.8027343750
598370333.2249999046 9906293.8105468750
586852743.4792907238 9290667.7500000000
684008582.0854767561 10957367.7949218750
581891874.6139510870 8800011.7246093750
627259697.6503940821 10490084.0800781250
581872401.7062687874 8797612.9609375000
581836068.7889739275 8792872.6894531250
583659426.0201847553 8991765.9628906250
599021809.6532601118 9933385.3281250000
582221147.2661226988 8838379.9980468750
600997454.4909148216 10007664.1289062500
603072001.4589111805 10048793.2089843750
619314294.2359356880 10383113.4765625000
612843445.9820775986 10280440.4414062500
605336027.7088215351 10125529.7890625000
587312762.8475042582 9333301.5683593750
587470159.6017187834 9344584.2988281250
585821014.7440596819 9203368.5859375000
672375834.6850616932 10818609.0703125000
585609805.2163176537 9180617.2812500000
594354167.7993203402 9753988.2207031250
605332833.4296846390 10125432.3945312500
583236197.9751627445 8949734.3281250000
584852198.9317462444 9103294.0410156250
685581265.3499540091 10976739.7031250000
593676539.4182242155 9717257.7695312500
611380159.1246379614 10255066.7363281250
608534492.2014456987 10200003.7753906250
588367307.6569241285 9388083.0488281250
605710402.0064651966 10137163.7050781250
598675819.1310963631 9922186.4277343750
650301679.3432070017 10672956.8496093750
649674346.0466064215 10671108.6640625000
619607961.3362774849 10384499.1113281250
583481787.5821788311 8973949.7636718750
588944800.0417385101 9444568.2402343750
586548201.7436431646 9260704.4296875000
625910729.7067128420 10465606.8164062500
625554523.3939599991 10463567.0976562500
654602226.3269257545 10720574.7890625000
654067022.8706320524 10717026.5078125000
585069639.6558922529 9128788.2812500000
588481544.2693852186 9393415.1113281250
618632038.7643022537 10366838.9296875000
585035673.0687201023 9125301.6347656250
585103884.2227166891 9129213.7812500000
642804525.0274266005 10597029.8750000000
618115308.5443685055 10363812.4726562500
642460785.7667717934 10587853.0976562500
582907607.9359339476 8915033.1757812500
673223769.5039756298 10847183.1933593750
673337054.0854024887 10851625.8925781250
645740282.9971424341 10622186.5761718750
663570692.3752987385 10808817.3613281250
645443517.1561751366 10612946.9140625000
609728606.0922091007 10227545.2031250000
623334230.4227577448 10409635.0722656250
623057487.9560986757 10409594.6660156250
672217108.1344797611 10811211.8320312500
591686804.6596339941 9601868.8300781250
604624158.0008807182 10099271.6152343750
605038023.2336688042 10114928.2070312500
600161016.0957685709 9970486.9042968750
612536709.8970524073 10269168.9941406250
603553979.3522460461 10060333.6054687500
604740452.7846697569 10103855.8144531250
604762238.6974445581 10108539.4433593750
626275208.8841928244 10473488.9687500000
614439410.7345432043 10317325.4863281250
614478258.3853554726 10323880.4042968750
586716667.6098339558 9276950.9492187500
598447491.8298825026 9914022.2792968750
617599685.6433466673 10344045.0566406250
586082456.9576932192 9227123.8496093750
682216333.3311102390 10921552.4101562500
642496887.0967910290 10592240.5761718750
604748258.0369938612 10107049.0976562500
587862766.7189664841 9355772.7871093750
586635457.8866518736 9267292.5742187500
602546177.1989051104 10037326.3417968750
586985258.6199586391 9303999.8984375000
625521956.1122945547 10444562.3437500000
626986341.0579662323 10481941.3437500000
586753580.9103639126 9278846.5937500000
598619276.7873753309 9920291.7734375000
637332115.0585753918 10529029.2011718750
653940880.6813316345 10693024.3222656250
634776035.9943109751 10520487.2187500000
634972174.6318795681 10520832.4101562500
640789076.5570476055 10570743.3554687500
640825289.9811435938 10573520.8378906250
678272449.3726451397 10855896.2656250000
678483247.8960354328 10858213.4179687500
663357218.0622619390 10782926.1738281250
662935838.7655700445 10778445.4804687500
585557602.4052011967 9173469.9375000000
640126117.8170418739 10561986.0117187500
610885714.2060978413 10242462.5449218750
610446402.0845944881 10232056.5683593750
598778068.9738806486 9925575.3417968750
681682350.9443349838 10888264.0175781250
660704121.6961830854 10774400.5000000000
595473779.7782356739 9801050.3945312500
609524613.7440803051 10214326.2363281250
597868252.9056723118 9879598.2617187500
681687225.5363957882 10893422.2695312500
616886124.4147417545 10334634.9296875000
617216133.6781268120 10335544.7851562500
642555099.2367645502 10595547.9589843750
642034523.9329522848 10587464.4648437500
641847567.2094056606 10576517.0097656250
624943307.3277649879 10436223.6875000000
627226753.1068753004 10481955.7558593750
672474819.3738592863 10839211.9238281250
681922733.0385473967 10900125.2402343750
639529060.2031500340 10557992.7402343750
638945130.7241833210 10547528.0468750000
617225641.2062540054 10341224.1093750000
613512550.8890106678 10299921.4570312500
613345044.5043053627 10292881.4375000000
592359356.0561356544 9641098.4316406250
611100678.2224678993 10248855.1015625000
645287459.6916869879 10608047.6035156250
592160398.9522161484 9634170.4199218750
602791943.7942324877 10041338.4511718750
652662798.8323547840 10685393.5566406250
624669872.5557713509 10414485.5097656250
