594214122.6921367645 55271.5586617262
644094812.0077490807 89481.8863258362
676709425.4010347128 98078.9557723999
593927286.2620716095 55048.0298455031
676785601.4583307505 98090.2043991089
589121321.4207619429 49511.8421279478
593655946.4052869081 54865.2150994755
593996262.5398918390 55205.7536352574
594895830.2149305344 55854.9818002314
620592232.0132325888 76445.5233793221
644153017.9625891447 89489.4351081848
656976210.7010278702 93543.1607437134
656271481.5806794167 93390.7581863403
616884854.9493712187 73692.2107508245
621438479.8310440779 77055.7280578576
622048703.3381633759 77421.0698330365
622208285.0547635555 77433.4566987716
595472752.8654903173 56464.4069643831
642813772.0682116747 88893.5735664368
644054281.3324047327 89468.9008522034
642329915.1488870382 88702.3763580322
644336080.5269123316 89564.4092750549
584483451.9246309996 42728.6239160237
594498782.9179866314 55710.5152657675
641615517.1104066372 88370.5050201416
641352867.4249835014 88185.8317012787
644615692.8010898829 89684.4820442200
643629213.2122645378 89305.9053916931
656494347.8995374441 93454.4317398071
676360460.0473402739 98001.6450729370
621538146.0189360380 77171.8028042279
593476733.2737842798 54538.8636364098
593823950.5203182697 54978.5115856285
573509488.2300074100 14353.2931541185
593532872.7906500101 54796.2145580406
584277789.5114197731 42728.5118091310
676478461.7321120501 98051.1015396118
573720249.2383737564 16123.8856569593
619845982.1781253815 76011.7359328233
601556373.0261689425 61623.3223452825
678759572.7156256437 98399.3331985474
679409125.1270815134 98419.0690078735
573709983.6029632092 16010.8730652090
583990682.8605911732 42495.1787288392
583917890.2748212814 42375.0887725556
584082341.3481889963 42536.0311286653
601956700.8004347086 61988.0390502892
573784676.5672222376 16387.5963718991
676138303.1118661165 97917.1424865723
593324199.4910057783 54461.7886346932
622717456.0463503599 77625.7486382964
678574039.4380096197 98355.8307723999
680056917.4455989599 98428.3977890015
622328669.6592646837 77532.4093790017
593240134.1217045784 54313.6124931713
622439909.1517205238 77615.6714840389
593141589.6524302959 54047.1174210002
643769374.6365543604 89389.0181159973
622297942.2575994730 77509.2952393784
622662242.9806905985 77624.2101029363
602186874.8274106979 62143.8523650799
643535526.4405400753 89266.7326774597
593097998.3716045618 54013.4417396923
656087753.8196716309 93282.3812713623
676240636.1245795488 97970.0698165894
676373111.8295716047 98034.1107406616
573686639.0130733252 15999.7001138990
620365772.7080204487 76375.5986432992
620101549.6385309696 76125.9536991082
621074966.8242831230 76853.8111448251
574368069.7444255352 17847.7702826350
655754473.8250384331 93181.2285461426
656000068.4876797199 93270.4683685303
574158236.0302307606 17631.1048159107
593125612.8727532625 54046.9883400341
655973456.0965503454 93237.7168121338
574147200.7984278202 17542.6138857856
655687521.5619493723 93101.5265960693
601507662.2321305275 61559.1173112016
575761577.3389463425 24588.7785316066
573558624.5660804510 14725.0922416429
677385717.0626808405 98251.5266189575
589531048.5311233997 49977.9110054958
576071712.6003077030 25875.3747617788
575928013.5771280527 25380.7074353497
593165861.2594401836 54208.0284859081
602034150.1432614326 62061.6617160100
575792999.2307544947 24852.2334825352
602127936.7540973425 62126.7780432958
583401923.9598207474 41426.9710598933
573588086.0630718470 14968.4668601732
579541723.8646502495 34135.5356444788
579708079.1625107527 34378.6732329798
588914454.2117611170 49220.0474021423
602197980.9732389450 62181.4101502993
601699066.5090748072 61809.8959231634
579667862.0077095032 34331.0994228438
589433972.8219646215 49849.8968074927
575823350.6615825891 24968.3379143730
583371666.7093995810 41393.6617982137
655789025.5991845131 93201.7167739868
588941349.9264494181 49291.4236762512
616001894.7951512337 73154.6248111787
615895364.0604436398 72934.8562717500
579935707.6865229607 34759.5095900965
615902898.9781893492 73006.0051754328
620228510.5488530397 76279.7147358321
620325032.9911584854 76308.0659951323
643072064.3870899677 89094.7756690979
579687292.7971953154 34373.3334731531
583305116.7313654423 40907.6346764404
583049749.6942521334 40713.9425725359
601977106.7308270931 61994.1500317293
643216826.0973918438 89109.3661231995
574028262.6507598162 17214.8092080255
576005437.1672506332 25589.8239584865
618461903.0100879669 74951.5067370717
677761084.3854664564 98284.8148040771
583136483.5450084209 40730.8269806523
677921329.5663172007 98288.7778320312
575968431.9941809177 25422.6629075403
591204182.0822342634 51840.2946727127
591073033.1483255625 51827.6315562576
615692426.8547858000 72845.7366657319
619501645.5308440924 75711.5717502327
590976338.1125791073 51679.2162523121
654324651.4438738823 92681.6283493042
575849798.9838891029 25057.0936159580
590926925.3578612804 51617.7804231495
575767560.8213520050 24658.7665635915
601482380.7590764761 61552.2871371580
619056282.4035403728 75424.7945700378
576635576.2636827230 26732.1237374924
601259938.3978794813 61369.5997235018
618884015.9193034172 75281.2019167633
600925835.0245997906 61060.3538231093
583096508.6856148243 40729.1319266576
590474813.1186605692 51086.5086063014
641016505.8217768669 87862.4858417511
590692394.2551221848 51284.7263830767
618637754.0971347094 75137.5703342051
582924817.9015957117 40438.6150655169
583005970.8168908358 40467.0329274554
583017420.5060752630 40694.7900533099
590414366.0170731544 50929.0707653470
590597081.6492623091 51175.8491892682
590441435.4851452112 51046.7740634547
590622188.1877988577 51240.9927862750
617980859.0135979652 74615.4068443810
618233809.1819412708 74852.9347882268
654898576.6795121431 92912.0131072998
590717667.2121794224 51326.3242510424
617598564.2679927349 74377.2305188176
618061001.5051556826 74635.8658849315
590195422.1026701927 50782.2509921656
617300658.0564677715 74041.8788709880
655372809.7544765472 93064.8261260986
618065488.3114162683 74651.0678618305
657898985.0421513319 93648.1282958984
600398328.1822012663 60511.5701628246
617428470.5855723619 74132.4968741291
599642802.5172657967 59755.6900780194
599724170.3612867594 59810.9263370999
600141143.3439145088 60264.2507313259
640736134.9529898167 87638.4230651855
599738273.2893635035 59918.6253574856
640800637.2843348980 87752.1929931641
655413438.9795955420 93089.2070770264
641086641.2013372183 87903.4633483887
599538080.8001619577 59632.0410330559
640771973.0883105993 87685.5101165771
599937914.7330889702 60012.7896383719
641244727.7153941393 87979.6707916260
583148499.6276086569 40903.4359719176
588511373.5240455866 48520.1606873700
588715882.2060276270 48891.6136902997
579284069.7248971462 33308.5541492248
658287386.8607214689 93701.2779464722
579061391.6796456575 32766.2446435349
579190209.6264592409 33060.8608642960
609920027.5890581608 68113.4337620270
610712703.3805361986 68800.4643713105
588640491.5012185574 48564.8183489429
579026249.5317522287 32646.0580666917
615224223.4398896694 72508.8231784719
588420617.1347321272 48220.6070189724
614908674.7877981663 72207.4805511159
657502495.8384716511 93612.8563690186
615200381.8695501089 72380.1669496109
615023735.0503380299 72321.7911237289
575635947.5587244034 23238.7707691562
611055655.6897200346 69048.7583825772
611124263.6028139591 69067.4102707820
610555936.7060750723 68678.0762668436
584684370.5682862997 43139.1328269775
584597811.6622035503 43001.8259620155
609782920.6694043875 68031.5994346873
636028812.1960897446 84944.7107362747
633853356.7836496830 83551.2154121399
633964706.5046622753 83689.9512519836
633708327.1806552410 83422.1609268188
633840189.1536411047 83500.3423385620
634003741.9620903730 83739.8311920166
613071232.3616881371 70577.5025001054
613319527.5852797031 70778.0427728002
613567947.5955369473 70949.2719331091
575159763.8358472586 20202.3130461632
599006227.0362714529 58944.6205505284
597459568.5446162224 57331.7984900402
598355116.9193255901 58382.1125345041
597624138.4230701923 57683.1729327440
634059396.1738382578 83802.6981506348
578198033.3349953890 30275.7201028048
612875874.9366704226 70464.9503283804
597997084.1836780310 58054.5748300962
587901684.3281055689 47165.6261014232
587511711.1099113226 46743.4562052078
587724622.8133649826 46951.8868950742
638978684.9374895096 86493.1292419434
587344321.8332946301 46435.7836006038
609374580.1829315424 67605.1129135771
597239637.1142165661 56951.8327959280
597157705.4569494724 56933.8212758324
653265731.1397339106 91809.4261207581
575111648.4400955439 20148.1831559299
653655588.6380839348 91956.7070960999
586582052.0876582861 45404.5633349083
613253762.1847251654 70679.2103381497
586926362.8569283485 45811.3406233452
586332181.3935480118 45061.0144467763
577939626.3825372458 29421.1342691698
586302223.9404358864 45019.5104972832
612590098.5320866108 70155.5957786772
585897815.6728560925 44431.2435595356
575415298.0244728327 21289.0225949247
575435758.2564398050 21356.1250639890
612221742.1759711504 69876.7106401655
612065454.8588271141 69790.4865419600
575480181.9565974474 21690.6261333287
575386731.8983318806 21113.1598502675
611305377.8695006371 69140.4316521618
611462274.4961125851 69287.5628014538
611342394.0278179646 69220.7946587536
578075025.4321087599 29894.7245630540
575311090.3615269661 20602.3004702996
578236966.5792516470 30285.4916199364
574999818.6604210138 18181.4581888394
575024168.2446295023 18536.5008692649
578609023.0228800774 31072.7175831116
578934870.5117964745 31733.6670111100
578426924.2805095911 30678.0021519131
581859005.4361892939 37328.6589075932
581988981.3564494848 37533.3754093820
581758024.8001033068 37127.6949259648
675717046.2589409351 96457.8888168335
578571283.3782665730 31041.2799344129
581722431.3563529253 36944.9167293915
581196430.9416360855 35765.9159005976
581284890.1897215843 36139.2153314448
580886561.3422220945 35376.7515863276
638373131.5364207029 85819.3148751259
637847271.4157962799 85539.7997994423
638299407.3160296679 85818.7566781044
637555587.3710610867 85326.4666242599
636999954.2299551964 85053.3099770546
637479788.9072803259 85309.9269661903
637236739.4437642097 85211.5211052895
637956142.0203566551 85581.4152855873
637643608.7268384695 85443.1045556068
637316785.8739868402 85271.6541619301
580986908.1929370165 35524.9206325508
580670258.7645003796 35005.3571274674
675425607.9802962542 96332.6997375488
609148913.9520329237 66559.1101628648
608384976.1428724527 65888.8722532387
608600041.1917793751 66010.1498346827
608198244.8343653679 65740.2191587086
606996935.5457410812 64217.6001701779
607336098.5449765921 64772.5775642819
607037065.2615954876 64450.7838554806
607787147.1389108896 65116.0589855514
649307619.7545102835 90067.5182037354
648948774.7626444101 90010.3108139038
606532383.3429994583 63754.0629433892
648572870.5849990845 89898.4274520874
649326967.6171772480 90121.4251556396
606210740.5699563026 63358.3242034401
649669408.6773028374 90210.9294433594
650426851.2948755026 90447.5560913086
606074184.9579614401 63211.1702155742
606024291.7700918913 63108.7666569018
650210076.2136296034 90322.6510620117
650961217.0038597584 90571.8350830078
651566643.6722712517 90610.9719696045
652499725.2386640310 90867.1657714844
652572362.0455280542 90897.1092071533
652620959.5204995871 90907.4437484741
633402290.6481382847 80102.1286476851
633448271.3840557337 80116.9673088789
633245486.5963733196 79645.5312584639
