591553330.8325407505 7581138.7910156250
592022019.2090458870 7670114.8193359375
591952510.7164000273 7670114.0283203125
592403763.4834070206 7728424.0087890625
592753756.6039141417 7758289.6601562500
592973063.1756150723 7788628.4648437500
593209153.2699341774 7825511.2685546875
593035936.0660579205 7804765.0576171875
594207575.3546994925 7907683.8076171875
594535497.4697164297 7920864.8291015625
595382177.1051899195 7981541.4531250000
595143969.4669104815 7961229.8242187500
597960950.5742079020 8157820.7763671875
603092836.9920054674 8402717.1953125000
615483195.9146612883 8784294.5273437500
689858888.0276879072 9470192.8925781250
591678431.9878265858 7614956.0019531250
592231907.6453944445 7703772.6835937500
592231907.6453943253 7703419.9833984375
592453488.2808606625 7735306.4687500000
592618900.3138242960 7740035.4121093750
592744422.7808674574 7745793.3505859375
593111004.9212214947 7817883.3574218750
592753756.6039141417 7758289.7109375000
593094694.6749767065 7807193.9697265625
597527282.7251864672 8121075.3642578125
597228663.9602969885 8105786.2529296875
598306514.0533581972 8165654.1728515625
602898899.6284165382 8389739.6376953125
601448026.0802036524 8323517.4687500000
592022019.2090458870 7670139.2119140625
592262616.6640406847 7709908.6328125000
595075772.5578092337 7958377.8437500000
595288159.5374146700 7973858.4296875000
602006006.8298015594 8335002.7988281250
591574759.4731606245 7584270.1347656250
594105473.9471598864 7899828.4287109375
594325295.1295022964 7909599.1552734375
599346662.4193247557 8231206.9091796875
591780728.4772946835 7629761.1162109375
591890728.8563073874 7647210.7304687500
594880805.0796550512 7946168.5292968750
598446457.0270859003 8170131.7958984375
599075131.7975668907 8223219.7265625000
598565890.4419658184 8192144.9267578125
599191914.1434956789 8225046.0849609375
593556772.8352558613 7848226.6123046875
592961358.8635655642 7785821.0175781250
593528790.3609590530 7847530.6123046875
593744497.2927690744 7861984.7929687500
593844573.6906809807 7872023.3544921875
594402542.8328536749 7919592.5322265625
598162673.6188453436 8164723.3173828125
598891188.2811639309 8207354.0244140625
599066530.4728995562 8220332.8046875000
608712657.2166121006 8604776.2148437500
621665553.3475040197 8934283.6074218750
591797193.6960318089 7638753.6972656250
592078273.2763702869 7680638.4726562500
592802180.1551731825 7760255.3632812500
593415065.9605045319 7834456.1552734375
593654921.1839681864 7856980.2363281250
594627519.6304305792 7933102.4716796875
594330782.5609759092 7917317.8007812500
594666427.1163552999 7935805.9824218750
597297799.6480888128 8106303.2958984375
592119712.8782120943 7694011.1777343750
592384230.9089587927 7722940.1923828125
592587118.9706584215 7735620.6855468750
598891188.2811639309 8207312.2841796875
622762855.1932983398 8963903.6943359375
615640994.2632050514 8790787.0419921875
606928013.0547947884 8546539.4072265625
622318692.3454931974 8956223.4189453125
621680961.2841159105 8937019.4765625000
591574759.4731607437 7584965.8349609375
591574759.4731607437 7584965.6601562500
591899519.9779647589 7649390.9531250000
594987796.6782157421 7947882.2099609375
594987796.6782158613 7948260.3037109375
598713340.3230077028 8195189.5605468750
610224809.5264837742 8654356.2597656250
595296155.6386072636 7974734.4033203125
595442565.0683121681 7982585.6875000000
597696725.3555169106 8129412.0253906250
597190845.3639577627 8098907.6093750000
597827692.8986661434 8143364.7548828125
598471077.2375658751 8172168.1777343750
598013142.8527501822 8157883.0449218750
600569285.8830008507 8286554.3164062500
607230157.0946823359 8570760.4248046875
612339254.6943503618 8703554.9931640625
591458439.7733968496 7576322.2968750000
592855365.4048489332 7766717.5810546875
594987796.6782158613 7948256.0380859375
594987796.6782157421 7947935.0634765625
600727793.2674875259 8294211.5859375000
598899152.0008198023 8214757.6484375000
600020834.9606674910 8243630.5000000000
692195824.6394500732 9494454.1289062500
607230157.0946824551 8570760.7324218750
591502253.7268035412 7579129.5546875000
591595463.6950505972 7594745.5537109375
598463768.7452973127 8171376.9746093750
599831870.9316867590 8237931.6250000000
593509515.9107936621 7840622.9052734375
601080557.8334817886 8307182.8427734375
601752576.3822174072 8327715.4960937500
591425850.3787018061 7562844.6738281250
591349407.5219683647 7555359.8359375000
606445198.6234588623 8541595.6406250000
601292128.8354026079 8307523.6962890625
600237965.6780564785 8267994.9687500000
591928057.8175888062 7650974.5410156250
594987796.6782158613 7948165.9570312500
600241712.2829420567 8271906.4042968750
597142704.1800912619 8097499.8916015625
597094274.2574399710 8097407.0839843750
596961100.5427807570 8091686.6425781250
593786951.7716042995 7864922.4746093750
595897790.9416770935 8014471.2265625000
595994720.8147513866 8020279.6152343750
595839202.1930094957 8010591.5683593750
597412280.5803157091 8114756.5107421875
596195031.0869296789 8042068.2373046875
633609989.5914061069 9077380.4121093750
593928974.7216120958 7875004.4365234375
595735454.7179600000 8007596.4023437500
597669415.2620868683 8128590.5283203125
621327810.2440718412 8919736.8867187500
712728732.4613089561 9596280.2734375000
596078703.0226219893 8027953.8017578125
595001826.9568879604 7954315.2343750000
602056618.1816971302 8345012.9179687500
597412280.5803157091 8114540.7207031250
598834156.9837664366 8197741.4785156250
600918655.2197934389 8299530.6406250000
604857031.5181164742 8474970.8359375000
594002500.9489628077 7886079.6757812500
595510816.5059504509 7993993.3154296875
619812451.6455609798 8894967.5205078125
595998501.7297515869 8020406.4960937500
594838705.0674459934 7945406.2011718750
595465838.0819784403 7990121.8818359375
596459845.5855096579 8059185.8359375000
694717525.4967594147 9508219.9882812500
595465838.0819783211 7990121.6044921875
603313108.8339112997 8414664.5468750000
595465838.0819783211 7990121.5917968750
712396923.8137029409 9595007.2089843750
617687348.0309007168 8849334.7988281250
712673339.2706654072 9595829.4218750000
601752576.3822174072 8327673.9658203125
615657704.0640408993 8803336.8378906250
616046072.4036668539 8810978.9472656250
596094202.2288044691 8028300.3769531250
606015487.9709171057 8524539.4863281250
606961715.3076021671 8547966.4277343750
616732801.3670090437 8828427.9726562500
616732801.3670089245 8827884.6347656250
606077463.9000304937 8528618.6386718750
607120353.8121801615 8553860.5830078125
604649324.8734285831 8469755.5097656250
671878835.6442238092 9365530.9492187500
603671439.1065733433 8425421.5507812500
604590725.9469606876 8465624.1933593750
604424607.0139968395 8456063.8642578125
605571524.5245245695 8501798.8144531250
605432643.8193572760 8495145.9726562500
712168593.7900540829 9592844.8339843750
606538779.0881155729 8542415.1708984375
606077463.9000306129 8529444.2724609375
605653412.9105880260 8513965.3623046875
608165956.4072576761 8590615.1962890625
614022706.9792801142 8746986.9980468750
612455640.4191372395 8713344.0341796875
602789493.8916200399 8381585.3193359375
602324490.6304116249 8359072.9248046875
606077463.9000304937 8528676.7773437500
603305051.3750864267 8403488.8867187500
606120835.4538507462 8529615.1386718750
602277396.6842527390 8353046.4033203125
605184298.8494793177 8483730.6865234375
711443700.8937067986 9588818.3554687500
599644813.3786822557 8231575.4921875000
607665765.3218085766 8584925.2050781250
602765772.3544199467 8379631.6357421875
605031072.0126376152 8481041.7294921875
606015487.9709171057 8524784.9648437500
605239628.8674825430 8488885.8623046875
619155888.7784790993 8882856.6718750000
606393397.5044963360 8533947.9707031250
609984396.0869306326 8641698.4492187500
606077463.9000304937 8528676.4248046875
610074428.5899857283 8647881.1035156250
600140242.9731916189 8256462.8134765625
615074835.1806913614 8775776.9560546875
613608929.8599909544 8740316.7255859375
603557354.8029853106 8415469.4062500000
621227277.8643292189 8918639.9433593750
604126258.5517143011 8444571.2539062500
603967342.0415526628 8435008.1552734375
604009116.0593016148 8435535.1962890625
711853612.3776322603 9591797.8828125000
602289336.7616435289 8353315.1162109375
600023506.2909468412 8248700.3320312500
599865660.5580179691 8238253.5693359375
610671211.4227125645 8663879.6875000000
620348043.3518732786 8918352.1093750000
609772675.3250771761 8635401.7441406250
611447017.6316651106 8681164.6640625000
602464937.9278349876 8366217.6201171875
648148972.1287887096 9154318.9736328125
613841450.1023114920 8743151.1318359375
629650387.6828562021 9043129.1357421875
613850951.0372717381 8745965.8603515625
707910245.0582187176 9553303.7753906250
707245872.5887542963 9551303.9765625000
613572740.1078686714 8740190.8261718750
673108150.4397171736 9379223.4238281250
617349432.0907050371 8836634.9892578125
613194612.8211202621 8731153.0146484375
612005151.0361497402 8696948.2294921875
665967813.3576236963 9310212.9707031250
606730686.8996084929 8543603.9394531250
608280949.1836072206 8592191.0283203125
617793659.9658147097 8862278.1035156250
614260956.1834164858 8757444.5429687500
608351096.0197606087 8595999.3193359375
610553337.0057983398 8663597.7001953125
633976009.8698184490 9098630.7363281250
677159572.1877826452 9446691.8457031250
608292196.6160154343 8592566.8828125000
621814689.5458128452 8937138.4277343750
621470001.5091171265 8930964.0214843750
611834903.6859279871 8692058.2929687500
611027234.4225550890 8678416.6181640625
637693622.1518533230 9137675.8603515625
637501483.4242807627 9135567.4345703125
609487215.3840640783 8626431.7587890625
609715689.4492326975 8630255.6572265625
610754408.7161054611 8666249.2275390625
611524253.1987088919 8682000.5224609375
610905868.0687894821 8674122.5224609375
623610523.4278405905 8971809.5224609375
616033781.4151107073 8807100.5576171875
628640660.3465732336 9023034.9833984375
614888958.6315313578 8763385.9218750000
610455094.9269210100 8657138.4404296875
623707572.7150552273 8974884.1816406250
615067489.7330976725 8766947.2626953125
621270444.5414000750 8918979.1054687500
612998759.5085159540 8730127.0068359375
635071948.0099084377 9122261.6406250000
634429418.3458385468 9112915.7382812500
631171530.9063787460 9046992.9912109375
699931692.7877106667 9534050.4375000000
615493085.4907540083 8787338.1035156250
622193560.1847926378 8942246.0585937500
711209108.7217881680 9568041.8613281250
651167544.9309135675 9202667.5019531250
651009891.5808678865 9201901.3691406250
637716328.7992023230 9139537.9687500000
637691543.3619209528 9136630.2343750000
637199043.3937605619 9128068.8066406250
711376480.2136268616 9571633.6933593750
667184683.5551408529 9310754.5039062500
631640023.6149069071 9059996.5087890625
624498695.7362130880 8985999.1337890625
634878525.0015872717 9120852.3046875000
688681592.2730051279 9466652.3750000000
614769635.7004998922 8759994.9003906250
624491231.0896751881 8980168.3769531250
632818259.8745856285 9076769.0976562500
638467915.0327745676 9149791.6054687500
624349904.9658380747 8976446.5234375000
635328713.9317756891 9124289.9843750000
652419618.9712930918 9234517.4140625000
624377848.8770154715 8978093.0214843750
617392707.1585344076 8837636.7929687500
617066277.2619030476 8829104.6132812500
637945387.1666089296 9144268.1074218750
638413231.5861769915 9149113.6582031250
618938494.0792604685 8872067.2705078125
618916754.0854126215 8868279.4785156250
625114884.2946586609 8996359.1445312500
626334969.8742170334 9019881.0253906250
626260289.8755267859 9019437.7500000000
625946274.1240776777 9007416.3847656250
637319186.2351516485 9131541.8906250000
633807299.3240373135 9097338.9814453125
665170122.1076563597 9308919.6699218750
662827614.2924981117 9306639.5234375000
625610707.8304556608 9005336.4667968750
625543876.7376219034 8997673.4296875000
660478816.3848881721 9246431.6933593750
660367843.9555580616 9238858.0429687500
671669514.3455435038 9329724.4453125000
671859557.1715273857 9331700.8710937500
649141175.5705502033 9162285.0839843750
