511284223.1366910338 419874.4995117188
511453242.9042714238 420237.4710693359
511526116.9156656861 420716.9830322266
511022004.6930333972 419805.5238037109
450600189.6178772449 153173.2712353598
450821459.7161551714 153392.9498242270
460846280.2075719833 239237.7669940367
460726053.7645606995 239162.2345083803
475807183.1522942185 324918.7086382024
476100210.9787087440 325938.5117222150
479767014.0916945934 338343.1991262510
461010014.1488935351 239860.3610853087
450675238.5083236694 153387.7245467855
460510445.7761812806 238535.5896392316
480356244.6257405281 340486.5358171924
480035614.6240857840 339322.6178444182
485720065.8975843191 357838.2425127178
514072004.6275779009 422426.8724365234
450365465.0437676907 151359.8079785239
455937574.4918023944 207680.1365296468
455991788.6327592134 209028.7738378122
475752388.1591780186 324671.1488372982
480403044.2855110168 340702.3875496616
499482850.4243599176 398566.8515231013
500678977.2865531445 401148.7871879935
500689312.9962325096 401696.5806450248
501391320.3385507464 403077.7509941459
500617565.2162274122 401121.3085502982
501523078.3959712386 403240.7002934217
480235482.3401603699 339732.6884781499
480206369.3999683857 339547.1954414030
501192620.7908401489 402625.7448295951
501190518.2228385806 402490.8503845930
500897220.3976786733 402315.6322807670
513616862.6056298614 421895.1424560547
460504907.4451166391 237931.7049041241
499764949.9591532946 399193.4100115299
499682889.0635681152 399026.4279391170
448553483.2487114072 124769.2977930987
460429072.3512172103 237921.7750640363
485231577.4852109551 355716.6816623183
500265583.2257463932 400469.1872379091
448525898.0150268078 123605.5812060321
448453258.8749139309 121859.5541540417
448543731.2927922010 123843.9014347270
448670673.1866983175 125472.0493602152
455535434.2134735584 204219.2131676301
500456528.5193318129 401002.3399342895
448536192.3282651305 123615.1410201574
499589640.7677319646 398804.4985411763
450591370.3635473251 152866.4927014243
485262222.7923821211 355718.9666049452
485219794.4024600387 355668.1710422011
514064926.8387468457 422233.2058105469
525236306.6702756882 430009.3950805664
526170115.1824007034 430971.4681396484
485593045.4380707145 357062.6078402968
485556838.1138511896 357026.8445346327
525434313.9605286121 430359.0524902344
448391908.1108452678 119453.5998217398
448354384.2833031416 118431.9621615009
460874503.8248383403 239582.0194002539
525072659.6206780672 429515.1304321289
525659081.8702116013 430699.8925781250
450554547.0451817513 152352.6831311118
460877310.7587091327 239647.9752543122
478859777.6530026197 336459.4900708273
478356645.6153859496 334560.2152905539
510601889.2036733627 419261.3002624512
448326132.3756968379 112524.9197284454
455848290.1077964902 207550.5010525808
499751612.0706857443 399180.0150973201
476332472.1136023402 326874.0202331543
475243563.8802709579 322440.8032095134
475482688.1357696652 323724.4332143962
471282856.5512886643 301393.5800322220
475230298.8064846992 322387.0823445022
471166899.3807619810 300387.2208098099
453997736.8237778544 190681.9253099076
470897349.0238611102 299555.2805937454
470617588.9138960838 296873.8177984878
448344365.2848320603 114736.6172916167
510125076.8348987699 418583.9154663086
510258184.3891314864 418737.4078979492
456221393.1603553891 210498.3132183179
456154883.9820284247 209584.5196401700
470777964.9788306355 298705.1764677688
510372022.5621643066 418806.0874023438
450567868.9385704398 152705.9826001059
497907066.6520513296 393861.4283928275
456090521.8622233272 209480.6239730492
448432523.5456861258 120524.1191353584
470511853.1247060895 296501.5982061848
450306419.0681302547 149713.4993661712
455213659.3132600784 202368.3536635712
455576861.3548867702 205521.9043612108
477137463.0892987251 329146.4821562096
477871386.1141753793 331864.1863617972
478204903.1063888669 332980.4977875426
455632096.8815022707 205952.4262423143
455565757.7934467196 205497.9229217544
455578420.9263882637 205826.3791231737
460195172.4860348105 235993.8026033789
460150616.1277340055 235693.1973477453
470418921.0648347139 294893.1146399006
478055842.3690406084 332428.9044251516
497540066.6700960994 393121.0496237278
460311568.5871933103 236391.3384894580
497435411.1040219665 392830.8441955652
478048829.1517744064 332237.9267792776
484836324.8001013398 355078.6750750663
460301447.9536952376 236280.1969509199
448380203.1365262270 118588.6699251728
459951087.5009104013 234358.1966437548
460098709.9682902694 235207.0583991259
497338218.9045571685 392128.1521285176
484399981.3214221001 353872.5846052440
478219470.6242886186 333213.0209485106
455339888.9412196875 203847.1166100129
497068199.7533408403 391242.3113158345
497430016.9816222191 392686.1073287129
484322393.2618830800 353544.0962324413
484560310.7691483498 353999.2442426952
474859568.5164499879 318499.9821262583
483735796.6973127127 351058.8855695995
484204188.6664508581 352933.2858991893
497775522.8135092854 393490.0678290129
484043979.4732758999 351909.9311397923
483779387.3715438247 351276.3306759251
497412594.4248510599 392362.4273038581
455447419.8640000820 204193.5973855704
454967224.0346156955 200362.1041602716
510690460.3998031020 419583.0910644531
454954190.7973485589 198701.6176219210
474458560.4674215317 317034.4346152069
449847951.0104503036 143633.4663483985
483340970.0704152584 349655.1236187145
470454845.6817789078 295917.1394506916
449859902.0531706810 144096.4236516487
453982068.4693629742 190255.0318009965
454526725.4040032625 194846.4483049028
454598003.9007955194 196200.5873386934
454469055.8989087343 194514.6744706742
454382330.0066235065 194262.6073625199
450332504.7529007196 150297.9335545730
454135835.6521637440 192217.3919084184
450162478.2178668380 148690.7252568435
453896312.2369980216 188428.3930610754
474889255.9585306048 318916.7265106216
449926482.1507970095 145248.3338409076
474752793.5005682111 318210.4142099395
474528397.9948528409 317273.3138681427
449112487.2464345694 129133.6013134187
474040877.9968063831 314946.4047395363
484051757.8311068416 352315.7643352672
473852915.5281584263 313512.7444917336
458454704.5999913812 223040.0163347088
458274316.8504930139 222358.6510186754
458816805.6446250081 226265.8675007485
449472515.4429982305 137740.5426386031
458681670.6119257808 225055.9191381596
449572969.2244809270 139616.9145067874
449215806.1155974865 130176.2057676180
494578877.6936751008 383427.0715178400
509549022.4638298154 416660.3921203613
483488807.1514564157 350281.4337229654
449321716.0737073421 133515.4221619419
473121358.8834795356 308900.2100650445
458715640.3417788744 225220.4425739907
509564288.5490580201 416732.1065063477
513695639.1706173420 422031.9042968750
513834305.7944313288 422181.5427246094
495582286.9695095420 386350.2683512568
449374561.9499196410 134832.4028844996
458559429.4244997501 224242.6279089153
473193836.6023558378 309379.2402087823
473207407.5997994542 309517.7560855523
473405407.2603371143 311077.8586246148
495000806.9709233642 384934.4443975389
495512913.7581573725 386345.2820231318
494862307.6568765640 384337.7261893898
458577606.5352514982 224433.6934300028
495896084.8481811881 387153.1748359054
458795947.8325741887 225717.9369587563
449273385.7118663788 133062.4463644191
483127498.5596790910 349218.0705637857
449396782.0247000456 134918.2270727321
473367222.3349921703 310753.5866824761
495295028.8352662325 385585.5303275734
473642764.9024276137 312061.7073777020
449431753.9200247526 136033.1210656408
494955731.1275750399 384810.2131499201
513612422.6620268822 421863.9206542969
481971409.5560799837 343926.0716929361
482499226.6579377651 346099.1370768473
513462127.5460069180 421615.1971435547
482273041.6318030357 345361.0826487467
513528493.0622568130 421807.6207275391
494420481.2805328369 383010.2718400508
482075051.3554077744 344889.6440653726
481477448.0693917871 342505.9448144659
453770562.8642125726 185748.5786999505
482017755.8503755331 344361.0218653902
481734800.6713271737 343487.1933496222
458013603.6151787639 220533.9204859808
472028573.1160200834 303387.3594290242
457723391.1766628623 217493.1035761908
509210951.2440969944 415859.6533203125
457943323.7737126946 219830.2927562147
457787340.9488526583 219012.0615992621
481625851.9467290640 342678.0966341123
457738744.3583246469 218488.4990077093
453770636.6002765894 185901.3166581713
457456803.9167029262 216547.3738856390
457544268.3362321854 216818.0270838812
472034741.8583149314 303844.8762518391
494025713.3523846269 381233.6544094682
471887234.7841988802 302849.5982824787
493932040.9143801332 380800.1810541097
471914886.1623719931 303248.1853338704
494109837.6262099147 381751.4737911820
513290937.4124358892 421294.0764160156
472916531.2442775369 307853.3052489683
472021004.8356271982 303326.3850103840
472556428.2643378377 306029.8560302183
453450501.0015273690 177736.6230741460
453584616.2496126294 178175.6254228670
453730670.8634665608 181517.6829029638
453653164.5676175356 179729.5489964504
453439100.3306438327 177691.5008032937
453350567.6300338507 177488.0948770661
453100941.5324502587 174225.4403813221
453207366.3090113997 175634.2262165882
452058004.3399376273 161591.9910769761
453009081.3198080659 170400.9961369634
493666668.9190213680 378970.6363027096
452759013.4296059012 168587.2490432262
452938450.1090499163 170386.1617267132
452273638.4253680706 163650.1324829310
493274945.7643913627 377528.8866988276
452332709.5117170811 163732.6641698778
452371406.1170871258 164412.1162562370
452155480.7043979764 162408.0613651574
451862400.3490262628 159558.8492312729
451707424.9439358711 157512.3997509181
451705299.6411697268 156339.6013170779
492766939.8235730529 375917.6855574702
492944625.2997424006 376154.7174072585
492449113.0730118752 374536.5780639967
492628123.4804710150 375514.0610962233
492285738.3529971838 374406.3371003866
451646028.6891477108 154764.8124382198
487945656.5158718824 359857.3409357369
488411027.3745624423 362091.9978521168
451549661.1133433580 153393.0261817724
488516699.4207038283 362518.6249407828
488934090.5374392271 363901.2724492848
491028905.8283195496 369917.8198172227
490447854.0089671612 367392.4086844102
508828245.4296264052 413675.6616821289
490575477.8355435729 367902.7806326523
490616869.7083544731 368658.3168875352
489725012.5283240676 366073.1050955430
490164957.9178065062 367267.3339101374
489937632.7924894691 366551.8502667472
508441989.4580930471 411177.4708251953
506917799.1508148909 408373.8600769043
506588468.2355169654 407113.6414222717
507064083.2420581579 408463.9981079102
506741305.9673767686 408156.7106628418
508561675.6925289035 412638.4987487793
466846134.3365316987 259011.3205493689
466662300.9276839495 258538.7124713659
466569705.3837468028 257312.2823718786
467266398.9058837295 260904.6490858777
467019427.8654646873 260687.3332294226
524841958.0764120817 425808.5648193359
524739873.4405900240 425727.1132812500
521971560.5027689934 423067.6610107422
466545268.3134794831 255948.7683833316
523189391.5189499855 424443.5709228516
522325187.1565506458 423847.7094726562
522210613.7767680883 423703.2005615234
523036623.8857632875 424394.9440917969
522724897.9168001413 424205.3150634766
523032919.0863395929 424352.0625000000
522649420.5005432367 423854.5456542969
470055229.3597532511 275650.0252975768
469354843.3940796852 271176.9868808286
469306493.2753285170 270710.2373209391
469163317.2132520080 270520.1452494059
468800950.0057345033 268590.6939554606
468682334.8954188824 267617.8141642008
468502392.9251504540 265659.7810557587
468343518.0680951476 265580.7477305634
466429755.5356835127 240277.7373221647
466475304.9253411293 241476.9352580005
466542791.9054341316 241605.3599494230
466464954.3323031664 241318.2092459928
466291530.4873918295 240026.5422118437
