53587256.4126809910 90743.5346069336
54175984.1701485813 93204.7770690918
53292504.3403149471 89227.0704040527
50616406.1811489016 37709.1983641125
53117624.7241228670 88544.2289886475
55628135.3677880764 96576.5133056641
54631020.7731006145 94589.3532104492
50681913.7941408306 47324.1301224157
51015786.9617709145 59929.0349474847
56559455.7955874875 97249.9566650391
54849725.5901275426 95451.4705200195
57208357.1223793849 97501.0736083984
50613597.4907389060 37630.1453457065
51136777.3917585239 63079.9002370685
50681280.2634038031 47071.8671873822
50700523.1427049935 49197.3539931700
53719237.5312722996 91544.8052368164
53657910.8563589677 91165.3971557617
50997847.0968169495 58566.5802050531
54595062.5100607276 94565.2998046875
50723852.0266543180 51039.0346981212
53910437.1030621976 92182.9216918945
50690549.8188787326 48999.0738335997
53669089.2156478763 91166.1900024414
53822274.5371882245 91949.3839111328
54746965.0686896145 95191.2896118164
51705539.7147283927 73248.4987897668
54650819.6412824839 94744.8550415039
54989746.9035952762 95874.8570556641
51542106.3269020766 70586.4692836404
52828603.7588401139 86274.0342712402
51481823.4212848619 69475.0916896462
50907064.4970645458 58267.8763716212
52462203.7620100155 82764.6330718994
56368436.6624654830 97213.0068359375
50707756.4321793243 50960.1796648428
50739731.6677827835 51726.5169281065
51502551.7139322236 69499.1399760842
52541751.9687873274 83303.9769439697
51677142.3754547089 72967.9403274655
55723069.1670642421 96693.2637939453
51472779.5933793113 69390.5574336648
52827131.5098627955 86040.8656616211
51593365.6450132504 71443.6915155053
53077181.3920383081 88246.3167572021
53295275.3063121960 89247.1631469727
53765556.7572746426 91778.8802490234
53273762.3852839321 89188.0010986328
53978378.0114868060 92352.2280273438
50692882.7361018807 49185.9888506099
51672099.6155867726 72821.4615703225
51442501.3705018386 69103.0740543008
50623745.0402183458 41375.7397249280
50694814.7122434303 49197.2227815315
50686493.7685534656 48997.4407312796
53480807.0277783424 90603.7744140625
55862860.8014418483 96695.4360351562
52634690.5764200464 83659.2427062988
57321088.0644225404 97724.3190917969
50760152.8610778525 54026.9024603106
52349366.9571596161 81243.8927154541
52584458.9031440169 83362.6760559082
53073124.5600327700 88008.3783721924
55707646.7014199197 96675.2250976562
50886192.2399662137 58039.1757780155
56316655.6125925481 96944.4208984375
52130745.6775439829 78296.1598739624
52319898.9008017108 81115.9758300781
50745810.2338825241 53402.3187981388
51436295.5677410737 69068.0004974008
51530736.6986835077 69539.4551845193
52136374.2527268305 78800.6725311279
52220014.8416852579 79444.1102981567
54965538.6177136004 95775.3947753906
52150517.6951361075 79066.5954132080
52526278.6544609591 83203.8777923584
50748052.5216200575 53726.1023773253
52477654.4959494174 82824.9344329834
51552341.6639525592 70937.1316295266
55195956.6599827781 96027.0225830078
50769817.1838155910 54035.6946321102
52107735.9267312884 77324.5970497131
52252993.2603619546 79562.6375122070
52164696.7720763832 79221.5596389771
52609954.7995941937 83508.0037841797
53856980.0100587234 91960.3856811523
50795301.7477483749 54197.5907579036
52072375.5727229640 77200.6377868652
52493019.9574078694 83063.6403045654
51188651.1658748239 63315.6278829426
53878794.1553938463 92148.5935058594
52038222.6912053674 77114.4261169434
50938653.0237265378 58452.2086985409
51240343.8509991318 65409.5741360933
52030084.1923666447 77013.3012847900
52146040.9150220230 79044.8051757812
50964696.9511854053 58548.7714129388
51591219.9847940058 71371.4744858146
52165370.7396479174 79301.0561523438
58676644.2592304200 98370.5249023438
54683066.8423131406 94799.6506347656
50775820.8960459083 54132.7402894050
54434584.9812287912 94119.4231567383
50669952.6626040861 47019.4015085623
53965280.4706000015 92258.5283203125
56373894.2409372255 97231.9179687500
57207637.9858228341 97428.1030273438
52895767.0226450190 86852.6336059570
56355041.5962968171 97154.3143310547
52645643.2104076669 84102.7700071335
52916184.0243555382 86953.5056610107
50638965.1807070673 41548.4228261448
51584929.7010792941 71189.8202281594
51553699.7992463559 71079.5331569314
57180512.1196363494 97397.2369384766
56304857.5221432149 96911.5911865234
52867656.6231264398 86682.3347625732
52342680.6532851011 81223.5164642334
50655853.3770880476 45094.9150693566
51440341.3230336010 69095.3565254807
52701525.8618837744 85078.0970611572
50643717.8005657420 43196.5841330304
51430312.7064270154 69003.0036273599
52362372.4981897250 81368.7476196289
51470956.0812253207 69134.6385484338
51765564.6732824892 73663.8790311018
50658253.9806929901 45284.9497306598
51418917.6286211684 68082.5657544732
53076503.9888394848 88123.4175415039
58268542.1112504527 98327.2650146484
52412704.1099519208 81630.2794647217
52288220.6113162264 79765.4493865967
51214053.7484035641 65151.4645967335
50754538.8076205328 53964.6911508441
52915066.5283079743 86936.9013061523
54736761.6618305147 95031.2976684570
58231497.0532476977 98232.6431884766
53093161.2218085825 88367.5501861572
51209840.6179963499 64983.2896108478
51918073.3364115581 75435.7006154060
54686848.6875859872 94908.7046508789
51248984.9338863119 65432.3228502125
50618659.7429526821 39450.5561428256
51872900.6893260106 74029.1793264547
56298192.2399396226 96876.9982910156
51190416.2187394351 63459.9254751056
52376680.1113458499 81421.5593414307
53106550.7500359565 88422.0218658447
55534114.4783164859 96288.4385986328
50654955.1343630031 45093.8279646649
59458748.5259127691 98848.3039550781
54468389.7131715640 94237.4938964844
56268463.9638797194 96840.5440673828
51734112.4919372648 73309.5542020002
52662039.7625130713 84595.1975555420
54232636.5132751986 93385.8822631836
52674257.4953797534 84760.8014526367
53242732.5118829906 89099.1757507324
51908401.1345260069 75312.8256940046
52680109.7720129117 84861.0545043945
52245262.7808744013 79478.5042724609
50632887.7010849565 41546.4055971205
50876985.1503888667 57750.5859823227
51127794.3902366161 63010.2374868244
54009696.0270428210 92616.1551513672
54983050.2713637352 95811.1129150391
56365377.0353944451 97177.3529052734
58375769.6010533720 98359.0098876953
53396963.6211607903 90105.6551208496
53339359.0355999693 89517.6960449219
51146216.6061565802 63123.5262743831
53221043.2721661925 89026.1987609863
53091061.2630711198 88263.7060089111
53189257.2305488586 88914.8571472168
51152778.5878865123 63246.6278420687
54359902.8896389157 93824.6148376465
52755847.3275790885 85233.0552368164
53299119.5378656164 89438.6897277832
51193677.9373093396 64680.5488902777
54356200.4388750121 93760.2513427734
52352787.1198440343 81305.5273590088
51440109.3451707885 69077.2221208215
51881783.7766348869 74905.5353612104
54923266.1874763444 95649.3496093750
51808298.8084945306 73910.5460230745
50880725.9124811590 57900.3578677564
51211813.6128792241 65113.0420827717
54900741.4107510000 95614.7567138672
50939683.3730760217 58472.2409570217
51232528.7776609585 65326.9493493303
51219174.8729944602 65226.7827195972
56598967.1682041883 97270.5057373047
54998907.0651844963 95892.0727539062
52771657.7758720294 85437.8194274902
51453591.1937835962 69123.5401620716
51362117.3545738608 67287.3472719043
51324725.8056516275 67090.6646776050
51373062.4283980504 67553.7518073171
55557944.2646774352 96475.6145019531
51841540.8938698992 73967.8038223684
51737910.8860085756 73365.4573887983
52907658.1943969205 86914.0980072021
53690321.8691377118 91275.1694946289
52927810.4802880958 87107.2745056152
57384894.9097556174 97805.8265380859
51309638.3819714263 66522.0525522083
54558082.5764150620 94470.3579711914
50807273.7951052114 56018.9458203167
58255951.7509935573 98310.0814208984
55583666.4937031865 96532.4005126953
50874237.9538256079 57688.4221802857
50871950.1559976637 57413.3540518135
55582694.1689379215 96508.3305664062
54685411.3411638886 94883.1540527344
51339105.5863784328 67140.1129459888
51362773.6942952424 67426.3432379812
54122991.1231826618 92879.4550170898
55271225.6668479368 96167.7242431641
51802725.6425560266 73769.9787831306
54985073.2096208557 95818.0710449219
50812358.6224659309 56098.4789019525
50823423.8890399337 56291.4516344965
50643234.5826118588 41653.4226659536
51320566.8553183377 67047.0106325001
50889344.9674799964 58151.8596551418
51657441.4637991413 71688.7539970651
52722984.6465680376 85092.8177490234
50929918.1577843949 58389.2838353813
54294690.6765078381 93459.5345458984
50800214.8267833292 55675.3306145519
54003838.3376002684 92545.1986694336
51319244.1247987524 66811.2829866260
55555796.5651593655 96363.8995361328
51671057.9671337977 71822.8912036419
50877870.3192007691 57895.8931017816
56638222.6940334365 97288.5444335938
53967325.7039119750 92323.4552001953
50801193.5054886863 55838.4048825204
53416943.3478607535 90271.4684143066
50796430.2506938279 55655.2590527385
54320305.1466143504 93586.9431152344
53362677.9743048549 89714.7755432129
57375081.3296937346 97788.6108398438
54340751.2989652529 93598.6031494141
50858572.1905713975 56376.0540368557
50801773.4988690093 55862.7512560785
55240178.8771153390 96110.9382324219
53346008.1651980132 89655.2106018066
50842970.3654186353 56293.4853346338
50621937.6992446706 39620.3528462499
55241202.5480999947 96116.0310058594
53021442.1750371903 87568.3307800293
55949575.0792952776 96724.4171142578
56317137.5368075743 96986.0410156250
55503473.4697714075 96257.2359619141
57348916.8657821715 97753.4238281250
56079776.2451150864 96743.3282470703
53874532.7387417927 91988.0747680664
53389259.6468434408 90016.0693969727
53076499.3287436217 88096.7187347412
50660604.4301334396 45310.0688005388
55221806.6083641797 96077.2836914062
55350156.8981715143 96232.0972900391
56322757.8518617302 97058.5213623047
50657266.6663962379 45233.9082398564
57291467.9458126873 97554.7799072266
53991815.5980138332 92402.7445678711
50664350.5371557996 45608.8045120253
58664098.6150359809 98359.5686035156
50657120.6497449502 45222.0973093077
56251715.5959121138 96803.0639648438
55193100.1469967887 96023.9239501953
53047799.2527624965 87794.5148315430
53023265.4139506668 87697.7078857422
53606186.3048762381 90893.2817993164
55205741.8445700556 96040.3338623047
53623600.4047553614 90997.6690063477
53393015.2387270555 90077.3289794922
56323502.1426340193 97101.1976318359
57299901.1643589512 97675.8201904297
51045098.0485350639 60824.3806843162
51076413.3970212042 61229.4370601475
57301067.1124269217 97696.6378173828
53383157.8995771185 90014.2839050293
51073131.4637079015 61140.8650966734
53365897.6530107036 89825.6157531738
51057405.6984948963 61067.6164478660
50650119.9073478058 43254.9170170426
50653809.2370632216 43326.0060106367
53369468.1841327026 89889.9792480469
54106274.3651969433 92619.2003784180
58145457.2521053106 97881.2308349609
51086709.6988717020 61244.1250891685
58758191.7853897363 98380.9510498047
51047132.1911825538 60874.6437153220
51088044.6872312278 61369.0069802552
51058087.4740388840 61089.9332715124
51119817.1022952422 62306.5497590154
59347226.3123445213 98398.7733154297
59356816.8170809448 98427.8743896484
