257619194.7351946533 508373.6872558594
232892679.2801585793 208711.8022219079
241210690.3957884908 365461.0148409096
250482371.9338865280 466600.4026031494
254274265.0448592007 496708.3046264648
256527892.1245011985 507359.3188476562
256826760.5985558033 507884.6098632812
256821264.8083700240 507691.2734375000
259319594.1770810783 509811.6306152344
257002664.7852474451 507896.8374023438
256546025.8074287772 507410.6860351562
256811815.8108341694 507647.6308593750
232497089.4895250797 194819.9223367732
235856704.8997763991 289268.2165962569
243366321.6946798563 393059.4476066800
243874833.3784342706 397077.8852826804
243193888.3659270406 390875.9335841388
250563787.2686158419 467320.5243072510
256565964.7505989671 507534.4018554688
256597616.4925349951 507636.6762695312
258608209.5801108778 509383.3901367188
259720694.2773061991 510017.1142578125
259954942.1520631313 510022.0134277344
235395293.1969334185 283079.5977096409
236362462.1917904317 297467.5437381975
240788710.4896005988 361128.9661749391
242974501.7118811011 389045.3681083890
243310475.6283816695 392952.6989385337
243581479.2606500387 394802.9574480504
243184052.2701516747 390316.4202127643
254709305.9487381577 500154.0356445312
258261251.1563501358 509156.0070800781
259966327.0695481896 510103.7248535156
240906310.8617277741 362349.8413179604
259488402.1362452507 509884.0812988281
232415229.3427920938 190774.1247023951
235666261.5099164844 287870.9637809992
236219711.0545601547 297441.6244290173
240669855.4231838286 356803.7217507003
240824147.4639590383 361865.9081514565
240376696.8630347848 353838.3177126137
243493049.4154521227 394797.8529683799
251264104.1188417673 472725.4387207031
253207227.9559409022 489601.3796386719
258066283.7138960063 508752.6425781250
258138165.3271274269 509092.2207031250
259373936.3137148023 509868.8137207031
259489286.8279307187 509997.2729492188
243052501.3933781385 389718.4517614096
250410258.3375656605 465418.3028411865
250767801.8077883720 470008.7499542236
258360874.8581988513 509328.7929687500
243678150.9677088857 396939.9985791892
243709331.2414198220 396954.0684415549
243643302.3956297040 394844.8527299613
258721023.2652395666 509383.8632812500
243420252.6327032447 393232.8709575086
235465163.9454160929 284281.1553153843
236133382.4042534530 296082.5066426098
235926615.9232722223 293319.3133938611
243258884.9432754517 392881.6755010337
243186138.8301130533 390811.0100441547
250747950.1801480949 469821.4096221924
235852026.0591557622 288821.7779378146
242655476.6127135754 385291.8466964932
242747539.7879571915 386273.8190933438
250468599.1025121808 465649.8600921631
236142685.8259953558 296263.6710309237
235858988.8155330122 292132.5859768689
235876124.7219503224 292146.7644996494
250292082.9734574258 465417.1525878906
235790770.0080734789 288671.8476085514
250978437.9196087122 470968.8278350830
250638865.8017021418 468916.0577545166
253087289.0479104817 488076.6544799805
253198462.3928122818 489378.2631225586
254020906.7515914142 496070.7565307617
256357624.2880015373 506562.5832519531
232726613.6348608136 204901.9196535485
242956295.9089320600 388939.0946594449
232443961.3541702628 191102.4971925627
233252406.3711073399 221136.6824091395
240239195.3703138828 353621.2860811440
240684315.2467967868 357822.2196805266
242913693.9433671236 388933.9857193204
253080072.6098396778 487836.1832885742
254600395.7924922407 499660.7180786133
255222041.8184468746 502296.4238281250
258894612.5560887754 509554.7255859375
251093988.3720804751 472461.8655548096
254994523.5535459220 501281.6560058594
241129342.5221438110 363954.4119705794
259289588.7227569520 509585.0881347656
240831646.4070596695 361867.7179360030
240752828.7329180837 360433.4268381894
242822161.2164213657 387170.3519026013
250884955.7977155745 470054.2936859131
258780253.6138179004 509499.9055175781
250957409.2893871367 470507.4448852539
233147253.2635050714 217913.5848593583
235698768.7463028133 288066.1630187929
254395512.6283388436 498100.2042846680
232491414.6864973903 194606.5711156737
235563395.8941911161 285602.8849157281
255242379.4699316025 502325.7102050781
235538899.6602772176 285276.5361470729
235453626.4308876693 283919.2913960963
232469119.1537154019 194603.6119331877
232466374.8676980734 191191.5762409579
232398360.4812161326 190452.7371827971
242270211.2558931708 377213.1958057182
258042436.7059893906 508421.5837402344
249917299.5238420963 459713.8865051270
255769848.0279957056 503069.4035644531
232545480.5610160530 198078.4113292407
233448476.0306858420 222144.1971662661
233484730.9607267678 222453.8454168757
236434838.8923887610 297804.8418519236
255846130.9980439544 503765.5148925781
236820968.8707653582 305068.5682923533
236758321.1970483363 304380.2846787311
242329414.0179576874 380449.7500387402
253241581.1067665815 490637.8713989258
235122692.0632303059 274051.7999315020
249732907.6730424464 456714.3720397949
236805425.9714585841 304563.3732206561
253211710.7096073925 490222.6758422852
236689272.8404391706 302872.1867008049
232610068.2972414494 200681.6465021508
232618049.7021026611 200692.5575801867
233289106.6328460574 221715.8358790224
233192490.2623903453 219155.0978003686
235366631.3182087243 280774.6811756156
250135967.2982499003 461847.3216247559
242456363.6497313678 381097.8274279805
233692863.3500317633 222622.6412879839
242587664.1202554107 384319.4108968945
240701560.3734238744 358331.8725277869
236648504.0927188993 301634.0171076991
241879257.8545480371 373275.2444387646
242449036.9404937625 380965.4696789505
242013126.3387861848 376787.6636892529
242545058.3134018779 383070.0666586133
254927391.2156061530 501251.2934570312
242340869.3811248541 380821.0232626172
233335257.1343930960 222025.6651972255
236513843.5306534469 299425.9359681346
253399041.4099749029 491905.5681762695
233348618.0488452315 222060.8868271580
233119320.4406066239 217903.3541620692
255060019.5939548016 501838.5297851562
233050018.9774250686 214361.9523397559
233101455.4268221259 216050.1702268144
232927777.2747532427 209985.6004275433
233023884.2489607632 213990.0067499598
232865789.9473955333 207043.2198962322
232964733.1108428836 211514.5057486018
232941633.1284232140 210290.3644484631
233047560.3926970363 214221.0337130777
232938503.5199287832 210072.8605792276
237169267.9889938235 306197.2413601428
250002921.4623843133 460048.9666748047
253284646.1832520068 490874.4426879883
254540617.0111438930 499424.5064086914
254999863.9366392493 501701.8901367188
232880726.7819593251 207459.5333346478
235341725.3328143060 279651.8858989179
237229959.2773760259 306211.7389119752
237139001.5467738509 306080.9756741077
235313792.5099158585 279641.6552016288
253303342.0931397676 491269.1536254883
253353552.2804038823 491473.7090454102
242399157.5417158604 380824.4295755597
250005145.3492647409 460477.2776794434
250041607.3822016716 461318.0876770020
252967909.3142540455 487514.8457946777
235206238.1458682120 275063.4590983687
235258430.0954301655 277883.4906141420
253316446.9418703020 491367.9544067383
235113957.8865049183 271398.1565687319
241294423.0243576169 365502.7622572156
249812178.3147844970 459063.9709472656
255983271.0569483638 503816.0791015625
249944583.3995326459 459748.9277648926
235245914.7849740684 275312.1036054750
240175325.9685824811 350080.2532615485
256073680.8869875073 504808.4887695312
233953049.5452982187 235406.5932064503
254341475.8865374923 497841.3411254883
234072876.1426030397 239247.9799051732
235174217.9565617144 274503.8665907045
249998974.9992317855 459756.2090759277
250162916.9493269026 462950.1841735840
256271178.0128132999 505424.1887207031
256272431.2639070749 505653.8144531250
234047884.3272781968 237983.9799766988
233878169.9568714797 232200.7013310492
256037067.5601624846 504699.1198730469
233893777.5684024096 235395.7246466130
251356639.0530641973 472964.3327484131
241711299.4473525584 370201.6153586609
241522808.1609411240 368546.2774706902
234271755.1845655441 240919.3131887764
234886935.1162213385 265488.0752483380
241413974.9935376644 367984.1449023308
251090703.5301603675 471017.8142089844
255659575.2163964212 502984.8303222656
241111348.9228059053 363861.8338671746
241094080.8680998981 363535.8935054364
234276887.7262607813 242343.9242158979
233876518.0064767003 231159.3193803132
235027535.1430187821 269140.9464321805
234950635.0473641753 267033.6958871854
240484479.1397671103 355675.5937118353
253717303.0805866718 493795.1591796875
253812661.4989770055 494788.0676269531
234803750.9699479342 262225.8230420125
254487015.8165299892 498908.3975219727
240228403.5167692900 352004.2102584662
240191768.0090093017 351148.4202499213
239705149.9056866467 344950.1289632143
239940227.3631881773 346953.6693665804
239742745.1082210243 345086.6238362612
255657226.2806137502 502908.2863769531
239534458.5733453929 341257.1320173559
239203888.6388079226 337142.4402223947
239242138.2638043463 337296.2986117722
239440887.1899879873 340610.4448449435
239506650.9311229289 341080.6107384982
239696934.4504435956 342985.8833311768
254863632.7782458067 500661.4675292969
234799978.0243258476 262107.6593725455
234913199.8171864152 265946.7128215802
239609926.0470536649 341835.5340692224
239492160.1657734811 340722.3385653915
254894061.9372668266 501226.7807617188
235069004.2643641829 269582.1634979916
235044132.2285678983 269226.0929389966
251649574.2144155800 473634.6584777832
233868680.4316263199 223052.7372887135
251722075.7065420747 474538.6480102539
234745001.4944434166 253870.0551192611
234449227.2087950110 243693.8452279575
251937934.6994874477 476289.8712768555
234485671.5732623935 246943.0385713063
234715711.6432872415 247150.7057010139
234651284.6800289750 247124.4876550592
234352422.1417919397 242993.4026010043
234418476.8687302172 243040.3644410488
234739672.0287763476 252208.5788529068
251624668.0675401688 473028.7465667725
238681237.5063352883 324097.1980849057
238226835.6755896211 317896.7069222759
238900350.3424343765 327517.2174911052
238499663.8387588561 321131.8402774893
238764263.5790973604 324732.8052676469
234736376.8549745083 251374.1965696737
238612174.8068863451 323394.8425328285
238587483.4381609261 322624.5893363804
234730898.3985334933 249518.8773201816
252668639.5570146143 482289.3062744141
252772165.0855534673 483179.5355224609
238874866.7096637189 325494.6425482780
238583351.2660812736 322154.0805389993
238543289.3528184295 322153.4095266275
238300626.9435915649 319121.6345707923
252767188.9573074579 482405.3648071289
237985606.2330926061 313077.0088375807
251929400.4932989180 475739.4481658936
237855357.7698870301 309921.5624780059
238010757.5926456153 313095.4614853859
238041854.1017200947 314151.0852535963
251700998.8188377917 473764.6940765381
251981612.1429803669 476381.2903442383
237752798.4244994521 307447.4997502640
237686732.8593271077 306698.5033806115
237769067.4457823634 308355.6659934744
252646683.1796549261 481707.3482666016
252190926.1346693933 477526.5844116211
252346998.5890659094 478711.2601318359
252254495.6267112494 478518.0419921875
252586801.2615595162 480955.8687744141
252537446.2835656703 480946.6976318359
245711180.7916160524 400280.5502415122
246068589.1071909964 404068.4979572715
252531200.9275016487 480139.2064208984
252455987.9988684654 480108.3900146484
245811133.7912802994 401012.8893413963
245585363.1355365217 398564.8929310264
245726191.1957439482 400677.2954018116
245919457.2649408281 402460.3945742371
245641577.6875352859 399815.0277958335
246422392.2569107711 406381.7048245072
246579190.7559594810 407329.1962185502
252616168.1606601179 481086.9381103516
246411653.5271248817 404544.0788555741
246886098.4393888414 408429.1501479745
246811030.4168857038 407808.8516250253
246908801.4645140171 408625.0339370370
