589824718.3694221973 10222888.6562500000
532254482.8169706464 6792611.5820312500
551781696.9452648163 8938523.0234375000
552126218.7269908190 8962874.8125000000
552039677.2385149002 8954741.6308593750
537909309.2890352011 7673668.7343750000
540359647.6034021378 7941160.0429687500
551862242.5300052166 8947624.8925781250
551841243.1692723036 8946654.9863281250
552561302.6202161312 8977801.0820312500
552518455.9012426138 8974802.4902343750
573318323.6014356613 9836179.3769531250
583869641.2776057720 10092125.1210937500
588915065.9914463758 10204840.9765625000
590267169.1486082077 10235266.9414062500
590045036.8505903482 10226262.8613281250
557919612.4101244211 9261063.8085937500
533140881.2868669629 6969605.5078125000
538079403.6034822464 7682433.2636718750
557448247.0020847321 9241406.7910156250
557880836.6157002449 9260164.7617187500
573413829.5113499165 9841738.6660156250
590091652.2470225096 10229397.5957031250
589549536.2753205299 10221593.7617187500
537313208.8850857019 7609097.8105468750
537242521.0580435991 7608911.2656250000
591238503.5857868195 10244124.9199218750
598661697.1314092875 10347118.1914062500
598400732.0659040213 10342118.4394531250
607377881.2414474487 10419257.9707031250
613888898.7381495237 10451864.2871093750
589413910.6232733727 10217019.8066406250
589259254.8097088337 10212077.1210937500
531070563.2156311870 6505738.8183593750
540724430.6088979244 7960088.0244140625
589829500.7058906555 10225444.1425781250
589419309.2523767948 10217416.7734375000
589450411.5885102749 10221068.2265625000
595596348.9150822163 10312279.7656250000
596603044.5628007650 10323735.1582031250
598483382.1551361084 10342151.4160156250
598388811.3161536455 10342010.0683593750
576774299.3473227024 9934605.9863281250
576508793.8585604429 9929515.9179687500
589118425.1652787924 10211134.1015625000
598222740.8943109512 10341893.3066406250
598087560.7605491877 10339611.3496093750
598152052.7204988003 10341891.4394531250
597802009.5909384489 10337205.5410156250
597810328.2332410812 10338121.6816406250
597638557.2152066231 10335545.8378906250
535185743.8967916965 7335506.7539062500
597708929.5516657829 10337044.9589843750
607161765.9709678888 10417957.8222656250
612733743.9841572046 10449348.2558593750
613333702.5529758930 10451656.3066406250
537679367.0013289452 7661288.4882812500
537617040.5188212395 7654593.6171875000
557239910.9121307135 9232808.3886718750
640180405.0709272623 10463516.8906250000
537485498.8420478106 7626267.3925781250
540727076.8441444635 7962127.3164062500
612466221.9238190651 10449092.4863281250
613252654.6456141472 10451368.9628906250
531412535.3350164294 6586756.7333984375
537596033.0921915770 7652350.8554687500
577104582.9576150179 9936846.6191406250
576449725.3277667761 9925378.7011718750
532549406.4057956338 6896831.0156250000
532711392.6926901937 6934132.8085937500
532769947.0959172249 6950947.5449218750
575217185.5638798475 9896638.0976562500
576316836.1444797516 9925140.9707031250
597266303.2916499376 10332181.0390625000
540429865.0122340918 7954352.0751953125
540295744.5786560774 7936646.0898437500
557055991.3759003878 9223527.1269531250
531245684.7830013037 6580852.2050781250
558011055.4049046040 9266672.7265625000
639296832.9546757936 10462253.7343750000
557169066.0652815104 9227364.5488281250
552727978.2668414116 8989418.7656250000
531826654.4670092463 6725145.3623046875
552341851.2631471157 8972152.3183593750
557234422.1514071226 9231426.9238281250
557127129.0734128952 9226192.7792968750
573471376.0008443594 9844188.7421875000
616066047.6337180138 10452030.7988281250
540044950.1867552996 7920319.3779296875
535618651.7549231648 7363337.7294921875
573379396.7242944241 9841607.5253906250
540028183.8991070986 7914718.8818359375
573579865.5413171053 9847124.2324218750
639327432.8606098890 10463220.9277343750
535759325.2435324192 7366218.6152343750
535258733.0708441138 7339930.4697265625
537323729.3335840702 7616610.9394531250
532444329.3975747824 6887227.5332031250
552330366.3056436777 8970579.0507812500
552615351.4198365211 8984886.2929687500
532372684.1785684824 6869554.6953125000
639643987.1326243877 10463365.3515625000
554217454.7836436033 9068875.5625000000
594673811.5857660770 10299047.5195312500
619545100.4985936880 10454251.8222656250
619313325.6952914000 10454131.7519531250
594428412.2387897968 10291390.5136718750
594035027.4249292612 10288926.5839843750
553698509.5675942898 9050184.4628906250
574725073.0777416229 9883386.1503906250
561634597.7800916433 9419451.9941406250
553277004.7107663155 9020770.1250000000
592925850.0841902494 10271374.4238281250
553308510.5101636648 9026183.9609375000
556962839.7211859226 9217797.8339843750
593748476.9134335518 10283652.9667968750
593707400.0949540138 10283297.7089843750
573492591.0828197002 9846006.3925781250
583285261.1385113001 10083086.1054687500
593200672.9703243971 10276694.2402343750
583426452.1226422787 10086929.7812500000
608144080.2796148062 10422986.6523437500
531075560.9099010825 6520300.3613281250
583511218.5914832354 10089128.4492187500
607868700.0571802855 10421664.6093750000
531093063.8825815916 6523868.4746093750
642402153.8425308466 10463671.6503906250
642100387.9262212515 10463584.9667968750
537380533.9259687662 7621985.8515625000
583202885.2170867920 10080578.7578125000
593412356.8314118385 10277273.8984375000
608226621.1764191389 10423654.0273437500
545135208.2207763195 8335736.1455078125
573696618.2889633179 9851987.2578125000
592390122.9889670610 10265819.3476562500
544959374.1763418913 8321790.4091796875
607876475.5330128670 10422394.3320312500
573638051.3118965626 9849882.8828125000
531551586.3014265895 6588692.6689453125
619280554.4997549057 10454080.6230468750
544957694.2696893215 8321713.7685546875
544968435.8654124737 8322789.4208984375
532301498.5982922316 6853212.1406250000
531344522.9359096289 6584866.4765625000
544886122.7452050447 8317713.6201171875
605797216.7124950886 10405464.5097656250
544726939.3709795475 8303092.3486328125
556929888.1009209156 9214893.0175781250
556789621.5699164867 9206730.2695312500
555219721.7592267990 9121062.8671875000
539223897.5176767111 7826413.4443359375
560543594.3933376074 9376542.7578125000
569908811.3090281487 9726929.1640625000
560938451.8574672937 9393121.9121093750
539049603.6241291761 7794320.7412109375
555312785.7837045193 9129989.4707031250
539016297.8566042185 7794249.5048828125
544829116.4766246080 8315762.1689453125
555050090.7969026566 9116264.5761718750
583307700.2890673876 10084258.7421875000
538942616.3032695055 7794223.2001953125
531744709.6378134489 6724846.9755859375
554965752.3233237267 9113737.6093750000
531919916.7783718109 6763950.3378906250
560622849.4133517742 9378487.6191406250
583302309.9095114470 10083757.2128906250
560637446.7121908665 9380641.6718750000
554932937.1126303673 9109844.0136718750
571408457.8889132738 9775049.1582031250
532005310.5754736662 6785548.1035156250
554920922.4672731161 9109239.0605468750
572805612.9496630430 9819892.3691406250
572487479.4961415529 9804071.0546875000
619194887.4277216196 10454023.1230468750
569689332.3029159307 9719474.8867187500
569758473.0600186586 9721988.8183593750
607690278.8398401737 10420480.8730468750
554820574.7794225216 9102901.6679687500
554940479.0614666939 9111578.1093750000
531720221.7323546410 6676837.5976562500
532024248.9808850884 6789113.8398437500
538676681.3112229109 7761277.6787109375
538546615.0294053555 7747657.9716796875
573026085.8784190416 9823480.8398437500
572281683.2686445713 9801777.3027343750
572512230.6504460573 9809789.6601562500
560126851.2198475599 9353213.5136718750
538654449.9649686813 7754554.2285156250
538358180.7802155018 7724936.0058593750
531879741.8419662714 6750306.8779296875
560251787.2794784307 9359265.2988281250
559967589.2850586176 9346614.7519531250
559481543.2704079151 9325761.0429687500
538229377.2207483053 7701013.2558593750
538017642.3734762669 7681089.6621093750
538129854.3501733541 7688976.2333984375
531577412.3930308223 6656619.8476562500
545495153.1530678272 8353405.3847656250
559728243.6609698534 9336671.5332031250
618071453.8783718348 10452808.2031250000
618903184.6218904257 10453324.9765625000
545538057.3614165783 8362164.6074218750
638436712.4755302668 10461532.9121093750
559681709.8227299452 9331349.5996093750
569655482.2306013107 9708661.6679687500
617865138.8641719818 10452663.6328125000
569542672.4514374733 9704751.5664062500
605233830.9056762457 10396197.7363281250
545419406.2662166357 8352684.7402343750
638791429.8844016790 10461746.9746093750
531602001.2740088701 6662369.9296875000
617649237.5899083614 10452298.0625000000
535082340.3302944303 7268706.7246093750
586677538.8124151230 10135762.1464843750
587089115.6156848669 10153043.0351562500
638220797.0561220646 10460979.1972656250
535005674.6306060553 7258465.6650390625
586908454.2971129417 10151396.6777343750
586729928.1877849102 10148960.6835937500
586952868.8846346140 10152243.9726562500
536808820.4488787651 7517420.4013671875
585323349.8686474562 10120697.2148437500
536814920.4479807019 7521598.2265625000
584483742.5414092541 10103052.0410156250
536732238.5505145788 7495170.6562500000
584611852.9381891489 10104766.9746093750
638078945.4405374527 10459791.7695312500
536657981.3723082542 7491617.2773437500
536450231.4476006031 7466133.3125000000
584555956.1667526960 10104086.8750000000
584700378.0027451515 10106091.2480468750
536228072.8393147588 7427609.7685546875
535032724.3560245633 7265891.2509765625
534926715.5169548988 7247467.5058593750
547591864.0488289595 8491985.8964843750
547378034.1674771309 8481737.3496093750
611471537.6665757895 10437486.9199218750
611338353.4445397854 10435685.6542968750
605024186.4841126204 10393414.1503906250
604889183.0220040083 10392778.7363281250
604822236.4531941414 10385723.0097656250
547495990.3300554752 8485460.6015625000
547228150.3615738153 8470317.3125000000
547225115.5023800135 8470216.3320312500
547374210.2829197645 8474778.1972656250
547266144.5184007883 8470348.8222656250
534761900.7526604533 7214760.0224609375
568420358.9987374544 9642032.1054687500
580481553.9495214224 10000284.1875000000
579884932.2072279453 9986990.9003906250
534620819.5405588746 7158156.8886718750
579809303.0765873194 9983990.5195312500
579786117.6903969049 9983754.8671875000
568033938.7643436193 9632431.0117187500
567903111.5168347359 9625246.8183593750
580297138.6626119614 9994567.5781250000
568190135.0729259253 9637126.1406250000
567812042.4365271330 9621056.3535156250
579740910.3532359600 9981427.3691406250
568145752.1059361696 9635439.8769531250
579968370.6727985144 9988060.9785156250
579322994.1913665533 9958973.3574218750
568213554.4439467192 9637474.0937500000
534312178.1732140779 7131358.9121093750
534653744.3327297568 7187599.5361328125
534266880.2103611231 7110329.8105468750
534422382.7388187051 7144924.4121093750
534221645.7350720763 7102258.0605468750
544726172.0252287388 8230207.8388671875
534190582.2430053949 7070732.4560546875
543832629.8823432922 8145350.4824218750
533987177.9954321980 7011022.1054687500
544272760.2112911940 8180468.8652343750
543904169.1235692501 8154708.8242187500
533852711.1721953750 6989182.9316406250
610551632.3214989901 10427056.9960937500
544290819.8168966770 8185543.8134765625
542111032.0264397860 7978341.8281250000
534104131.9058284760 7032343.9316406250
534053692.1300684810 7030208.0058593750
543428447.4760926962 8094032.6914062500
542662896.2482036352 8038608.9697265625
542901273.3834760189 8058203.8154296875
543168139.1232746840 8080395.9648437500
543153763.2669106722 8076465.7607421875
542976012.3398586512 8064229.6279296875
542448811.2014425993 8014591.0351562500
549121032.7530415058 8509487.8652343750
549455321.1531240940 8536955.8183593750
549387661.2923656702 8534271.9003906250
550080805.8262572289 8570217.5644531250
550208032.9236240387 8576976.6386718750
566251442.8272480965 9457381.2089843750
566906478.5602095127 9474558.0332031250
566918847.6717578173 9476833.7480468750
566608893.4613903761 9470872.1347656250
566971616.7247054577 9487871.8808593750
551615569.0044274330 8649541.9375000000
550750798.0493605137 8600720.6230468750
550578745.7661880255 8588500.5605468750
