184938155.6971313059 2584751.2382812500
185113098.1584175229 2592081.4550781250
185059596.7970653176 2591224.6718750000
189224633.1532487869 2735487.4980468750
189421140.7051140070 2738882.6308593750
179077829.0125433207 2036952.8593750000
179682260.3475173116 2135783.6464843750
179797349.5267579556 2151324.4423828125
180153240.5971328914 2182939.3593750000
180412682.6150708199 2191001.2207031250
182213061.6883965433 2391490.5683593750
182154329.8760832250 2383027.3027343750
182166127.5657547116 2386134.3125000000
184239277.3887516260 2539085.2167968750
184859820.5528344810 2583948.1289062500
185755952.2575007677 2618096.8242187500
186692025.9063658714 2661763.4921875000
187067578.1304640472 2673332.3007812500
189133814.3858525753 2734735.5253906250
188955436.1659891605 2730010.6269531250
189917389.3700177073 2751066.3730468750
192096764.1631554663 2772832.5546875000
195854246.1013349295 2787569.4062500000
195564281.7306248248 2786869.7832031250
179136282.6722058654 2043311.1474609375
184336267.5307087600 2548737.6386718750
184357162.2659955025 2551022.7539062500
177743416.4119549096 1748199.0117187500
177675038.1275197268 1713025.2705078125
178946652.4803817272 2024980.9589843750
179600333.1002452970 2126412.9599609375
179551008.1914051473 2114042.2861328125
180037609.7389322221 2176902.0410156250
180328178.1203653514 2187549.3134765625
182484147.5244129002 2413486.0751953125
182623112.7759124935 2422478.5820312500
182509249.7484092712 2415276.6582031250
184316502.4995315969 2548148.2695312500
184413777.4266777039 2557780.6250000000
186536446.5822524726 2655270.7656250000
186848231.0688570142 2666787.1074218750
190232043.4188576639 2759265.6171875000
191377679.9552201033 2769799.9179687500
180025448.9213643074 2172897.1542968750
177765012.4985676706 1752843.1201171875
178854040.9591980875 1993083.0927734375
179952394.8515096009 2170100.2792968750
182331777.5281904936 2403074.1660156250
177808114.1825784743 1763714.4824218750
177692321.3141620755 1738078.6816406250
179901551.7419565618 2162231.8427734375
182661141.8486750722 2424155.1621093750
177725333.3738049567 1746285.2968750000
179562117.1774401069 2123634.1025390625
179755783.0135908425 2149472.0107421875
184745219.4908279777 2571008.7773437500
189533826.6942857802 2739623.8105468750
190315535.2484587729 2759764.8515625000
190800857.1194536388 2765253.2578125000
191085776.6207114160 2767892.7519531250
191572779.8084194958 2770089.4570312500
191879476.1514169574 2771852.1562500000
195450960.1434463263 2786342.7480468750
186862760.4954433143 2666797.8027343750
177679245.3238461614 1730750.4990234375
178888237.5185838938 2010045.2490234375
182679564.4106015265 2428081.6523437500
184737850.4021271467 2570865.6562500000
184765170.2818531990 2577402.6230468750
187222836.1804511845 2675004.6328125000
186938909.4188174009 2668896.9238281250
186799082.5626828969 2665995.6796875000
192297010.2517545223 2773010.2363281250
195396489.3585675955 2786105.2460937500
194973200.6152369678 2783163.3496093750
195484772.3627237380 2786748.5898437500
186570163.8501538634 2656446.2675781250
186998618.6676591933 2670790.8613281250
177872045.2174633741 1779305.3212890625
180013155.9892217219 2170309.2646484375
186641331.6997124553 2660482.6914062500
186366570.6462070346 2648910.1367187500
191510927.5060841441 2769933.1953125000
191277790.3189283609 2769294.1015625000
182323007.4673990011 2402004.2832031250
186582055.2366614938 2656810.5625000000
186345545.7122431695 2643907.2871093750
177835617.0501381159 1768924.2695312500
178997743.1131761074 2027015.2041015625
182366417.1556160152 2407532.2265625000
184655917.4779694080 2570612.4511718750
184629780.1286440492 2569867.1816406250
186236899.0283495784 2636132.4531250000
186492130.7203202248 2654155.4238281250
190056657.3944595158 2752262.4707031250
190560316.9737446904 2762654.4824218750
190641125.0208466351 2764258.9921875000
191622294.5023862720 2770263.5292968750
191883327.5622310936 2772063.3281250000
195456972.1745102406 2786738.5039062500
195205630.8283161223 2785860.2011718750
179905106.1688657403 2162799.0312500000
182259940.6007673144 2392292.3320312500
189827775.0459498167 2748835.3281250000
190088518.4983122945 2755371.0429687500
179801951.3611496091 2152348.7001953125
178908542.9324763417 2011950.2998046875
178926792.8995044827 2018917.6259765625
179867669.0069355667 2156978.6425781250
179795441.6354790926 2150113.1953125000
177834408.3954089582 1766065.8339843750
179598655.0771541893 2124179.1445312500
185181523.4462452531 2595087.7109375000
185448917.1838480234 2609976.1660156250
189117778.4295422435 2732144.1855468750
189351647.8834560812 2738227.6777343750
179653343.9552475214 2133325.8183593750
179634480.0277750492 2132938.6425781250
179503592.9400748014 2112534.4697265625
185489008.0458667576 2612747.5000000000
191577896.2149937153 2770142.9199218750
182281242.4009720981 2393676.0351562500
177885597.5119270086 1780376.9658203125
177767520.3171329498 1756184.5830078125
179031340.1168936491 2031768.8320312500
185288646.9752029479 2602068.2050781250
179464627.0691291392 2098375.7763671875
185206128.3254952729 2597921.2246093750
185270525.1035812497 2600145.2050781250
182075560.9742844701 2371552.6914062500
185827016.4204367101 2624678.6992187500
189295557.3815255165 2737131.7988281250
177722786.8531078398 1743419.6201171875
179362169.0533304214 2080225.2177734375
179486282.2264145911 2099981.7490234375
179380802.9880165458 2083575.0302734375
182078219.5295771658 2371606.9316406250
181888177.2472663224 2359224.6064453125
178030051.9117286503 1813131.1738281250
178095886.0212218463 1820137.7597656250
179423184.0517040491 2094318.1123046875
185955042.6487405598 2628146.4003906250
185886478.3601157963 2626626.1777343750
185993355.9712747931 2628520.3496093750
179413128.6507245600 2087592.1621093750
179315881.5486347377 2073390.5712890625
181878123.3437761068 2353674.4316406250
186100616.9380540252 2633995.8710937500
186064253.3105669022 2632106.0273437500
179318941.5170945823 2077519.9951171875
182097750.5614511073 2375240.6904296875
181954649.5211859047 2364372.2148437500
181769717.0798455775 2335541.8535156250
185667430.7802512050 2616800.4921875000
185708028.7816060781 2617627.2832031250
185848464.2261312008 2626503.8203125000
185938079.5432734191 2627391.6640625000
190195159.8471105397 2756938.1523437500
191017430.2059921324 2766723.6835937500
190767290.9486210048 2765119.9472656250
191051948.1092701256 2766939.2539062500
178095622.5513840020 1819033.0273437500
181792294.8533685505 2346564.3496093750
181699710.8546560109 2335059.6699218750
181651397.1932055354 2328221.5000000000
185218547.1371397674 2598394.9003906250
190133502.1106698513 2756220.9296875000
178095597.7600983083 1817841.5595703125
181615784.7074344158 2322271.3105468750
181606825.5138865113 2321273.2353515625
181550535.0529128909 2320914.0722656250
188633779.0907137096 2716651.9062500000
181639682.4425536394 2324260.8886718750
178896637.7630703449 2011333.7988281250
181679438.7568749189 2328751.3222656250
190741080.1046230197 2764390.1699218750
190897463.0546976924 2765964.3554687500
177956734.3949047327 1785993.5126953125
177968516.7485879064 1797941.9697265625
188706060.4750629067 2718431.6621093750
190375531.5026544929 2761519.0429687500
195052430.1529970765 2784205.6191406250
178255606.8956167400 1840665.7119140625
181367962.5863116086 2296099.9365234375
181435973.7562272847 2307850.4414062500
178181692.3466303349 1832034.7402343750
178217943.3026054800 1833395.9804687500
178122563.5149818361 1823185.1074218750
178052256.9607250690 1817428.9091796875
177929543.3218635023 1784651.8144531250
179285162.4934318066 2069399.6757812500
181197928.2629798651 2281425.5332031250
181405673.9713748693 2304699.8222656250
181318342.8727361560 2294584.3984375000
181274207.7315932512 2288105.7128906250
181226737.9730477631 2284808.4082031250
181369473.1037141383 2297903.5195312500
178299640.1659243107 1844926.4951171875
179205919.2918731570 2053459.6328125000
187692541.4618511498 2685700.4316406250
188895300.6060907543 2725376.5351562500
178333523.9983013272 1846243.9091796875
178427097.1729404330 1867967.3525390625
181240258.5229007900 2287255.1220703125
188938759.4316791296 2728111.0820312500
178386976.8405897021 1862058.4335937500
178417006.3010098636 1867778.7626953125
178284024.6223491430 1842549.3017578125
178438130.5681231320 1874627.2832031250
178502640.1715914607 1897135.1982421875
179130977.4135063291 2041238.6269531250
179237080.2859806418 2054420.0888671875
181105850.1851094961 2276245.3818359375
187505165.4557160437 2678019.2265625000
188902793.5749764442 2726374.9179687500
188732483.9173329473 2719606.4941406250
179192645.6785986423 2049940.6201171875
181053903.4626904428 2269925.1611328125
178335407.2254221737 1852032.6435546875
178453592.5903886259 1876884.5419921875
178483607.5861659348 1877423.4091796875
178492279.8327997923 1887027.8300781250
178436573.5386192501 1873190.8134765625
180977347.1812455058 2262749.8916015625
187493134.5718478858 2677154.9453125000
180812317.2706903815 2241329.2763671875
180939926.4710980654 2255449.1201171875
187981386.9622525275 2694367.2871093750
194769667.5749400258 2781530.7753906250
180838888.3704066575 2244311.2060546875
188723620.2185237408 2718733.7792968750
180843676.6133604050 2246031.8994140625
180917434.1617826223 2254458.2822265625
187606508.7859622240 2683721.5312500000
188024480.2792879045 2697504.3886718750
187982447.1139386594 2695577.9589843750
188885868.2153648436 2724577.4960937500
178809447.2770615816 1963030.9755859375
180665508.2647983134 2221570.4853515625
194857444.2667151392 2782199.3183593750
178840440.7454496622 1963433.9433593750
194589321.8333414495 2780913.7949218750
178841657.5596836507 1971211.2685546875
187942518.8006700575 2693412.5097656250
187930725.9053659141 2692890.0214843750
194804241.4031368196 2781902.6328125000
178569474.7976703346 1911241.1845703125
178724040.9660646915 1935083.8056640625
178515157.5385302603 1898158.4716796875
178644432.2438198924 1929072.0361328125
180726128.2166541219 2224969.6494140625
183955683.5757983625 2488088.5683593750
189775499.7622287571 2743726.4179687500
189752072.9029586911 2741993.3320312500
178578107.0272803307 1912582.0654296875
178759504.6443631947 1950261.3603515625
178748007.1052420437 1936416.1357421875
180738084.9343572259 2229345.6943359375
187593191.5001787245 2678555.8105468750
189629593.0908662677 2741925.3710937500
194448322.5786997676 2779505.4023437500
178613639.0152825713 1916809.1572265625
178655791.5895737410 1929586.8896484375
178537450.6641878188 1909261.0458984375
180660634.0375944674 2210678.9921875000
184074936.3557357490 2497073.3984375000
188308214.8974363506 2704150.6484375000
188384587.2917273939 2706135.1250000000
184047584.1563968956 2491837.2353515625
184219277.6398309469 2507426.3730468750
187731688.0172978342 2686388.7421875000
187491111.9586928189 2676852.8027343750
188069065.8362961709 2698328.6933593750
193876087.3008667231 2773449.2968750000
193876269.2468084395 2775990.8203125000
194183812.8730509579 2777879.2363281250
183753047.1562609076 2466986.4648437500
194325701.2046716213 2778251.6132812500
194337886.9786823094 2778662.9492187500
189766119.4317889810 2743286.0390625000
180564189.9438948035 2199671.6220703125
180593182.9985277355 2202188.0888671875
180608704.7810880244 2210316.5185546875
180513597.8961846232 2191213.5000000000
180560478.6718010008 2197272.2480468750
194442876.3879967034 2779123.3515625000
194024088.7920849025 2776367.0312500000
194190950.9171282351 2778065.3457031250
184196044.0663555264 2502378.0371093750
183693989.0834681094 2461825.1777343750
183262662.5181778073 2428547.4199218750
183291290.7029512525 2429281.6777343750
183671981.3056612015 2460657.4257812500
183614737.9373060465 2457085.0839843750
183908228.5285700262 2473250.1542968750
183944704.5813807249 2475630.5390625000
183829318.9304955602 2472703.5683593750
183322555.4727254510 2432781.7128906250
183342335.1079010069 2437246.0156250000
183602779.1033228338 2455821.8886718750
