980163051.0113317966 326442.1644701828
981144586.8091722727 327779.1685217023
979261350.8926633596 325739.7819945683
993146728.7270978689 336617.1997642517
972999825.8121711016 315519.2886600365
983050023.9858176708 330624.9528859725
976735695.0722799301 321602.5515093674
983534297.7047876120 330927.4121144881
982283394.7334469557 329414.8287856450
978749263.3783016205 325060.8534362187
972221088.3741219044 314403.4642854204
972774411.3752479553 315272.7350597252
971525252.1723507643 312622.0552910323
980477247.5206439495 327240.9718664289
984587403.1071677208 331644.7033437361
974845661.4318888187 319199.9906101098
982123566.8218322992 328988.0023455491
981404318.4650973082 328709.3899798264
977125941.7739006281 322841.1188104023
977911154.1496211290 323741.1708750596
980348625.1996552944 326741.3810229172
977113523.8761926889 322496.8462176194
973122355.1156364679 315655.6358239522
974435570.2827000618 318445.9549746384
972470758.8376470804 314827.5695710649
976236044.1597774029 320810.7350442280
978041083.0753720999 324073.1335503926
974726905.2669897079 318945.3094668259
981248677.5981087685 328237.2404589524
992188350.9644715786 336418.6439933777
978469592.0074899197 324650.7572359910
976252749.6061458588 321139.4056069722
987939794.9340503216 333751.4926681519
988403659.2184860706 333989.1877670288
989589851.0001240969 334718.3023719788
982523183.4771769047 329837.7753798832
980199851.1354634762 326482.5369070172
980743404.2691869736 327450.3556860089
971029076.1519759893 310003.3915518279
977124901.3378528357 322834.4997613301
977632505.2718446255 323181.6976871361
978720551.5459253788 324808.5846743454
982189165.5020594597 329396.3746600022
972665442.5282570124 315129.5053391923
971878011.9016549587 313434.6406445970
972567139.6388634443 314890.0191941728
976534507.0270997286 321560.2504839768
973183797.5199730396 316079.1040744652
974425329.8873424530 318303.3836245408
989949972.3813352585 334741.0623054504
978734361.9079232216 325039.4067644944
991922245.3019492626 335852.9291839600
991329269.6006897688 335795.8200225830
989590891.4361724854 334724.6458168030
973286821.4156631231 316662.3304543962
970450612.2303768396 307599.7910192962
985364188.6937547922 331966.6395162215
981781647.7222952843 328813.4447283616
982974006.0988126993 330113.5012410750
977530702.6517157555 322854.4929177632
977028020.9286799431 322371.3558506836
974235122.0113410950 318019.9109606614
978937274.6114078760 325345.1950962310
978226291.0184060335 324270.4409837723
978780358.7266521454 325210.3568236699
978038598.2075300217 324010.5272271504
979565553.1098649502 325860.9653899540
983048983.5497690439 330624.7634633650
988566311.6087105274 334095.0479202271
985857778.7117726803 332188.5210993290
971216656.3334903717 310918.3367248048
972382412.6028567553 314691.7622895708
984558388.6309140921 331495.0334218611
984030603.9766566753 331125.6498353481
983402354.0556029081 330778.5948995223
982428620.9841111898 329491.4667496552
986259998.7259848118 332570.1646845341
978780358.7266521454 325213.1177794804
982487587.7714548111 329701.4174256196
983933033.6666470766 331120.0104573836
986261039.1620334387 332577.9166986942
973268916.8984667063 316181.5132846703
971830923.9304981232 313259.0563664903
986776537.2141572237 332963.6332819462
977109705.6233260632 322443.8618931641
970880188.0730277300 309887.3741873259
972854393.3874015808 315518.6035142412
977764058.2488332987 323628.9916758408
976461747.1579827070 321347.9829058518
974177357.2495038509 317771.0349840989
972221088.3741217852 314398.8728547563
987829964.8828780651 333718.8179132938
978719511.1098773479 324808.4766116013
980835531.7377283573 327633.2711291184
992601294.7925590277 336585.9665336609
986408889.7667555809 332743.0643427372
980000069.0428614616 326023.5351672043
979802291.1669114828 326000.5472838749
982082685.9681216478 328968.5374953618
974225093.9760394096 317823.7892870774
982428620.9841109514 329491.3404679169
982017616.5834522247 328933.9930376877
971830923.9304966927 313258.2784123888
978107938.4547336102 324194.8217844834
985887946.3616256714 332504.5094579329
972166878.2873878479 314281.0656037797
980004280.6405671835 326322.8923144211
979132688.7964378595 325372.3868529667
976649066.1050368547 321599.4060015549
972371970.0493921041 314622.4715791215
975486351.0343732834 320252.3497943749
975264402.6272801161 320004.8234271874
982907179.1589422226 330011.1554763188
977572228.5230709314 322874.9905474653
980395566.5902407169 327040.3559679856
988695401.0934592485 334290.4593124390
982123566.8218328953 328990.9612078537
978779318.2906037569 325210.1817443242
971121545.0431569815 310289.7545104494
971708377.4264472723 313138.9814439287
978235220.8962347507 324437.4269289841
970489533.9840650558 309228.9500921721
977028020.9286799431 322374.3897862305
988832446.6801905632 334505.0191574097
975787035.0469825268 320553.2305164208
970813108.4553021193 309373.4076040740
970813108.4553021193 309379.3964956756
986697925.7616200447 332871.7774775028
980293362.3423049450 326584.2044176926
972747813.6705535650 315134.5133710374
988673928.6280921698 334145.7023966312
986967867.9243233204 333126.6326243877
987866645.5630141497 333746.1838155389
987437960.7489351034 333445.4160654545
989162541.0094877481 334610.2524032593
973704009.9874594212 317485.8724725117
980298472.1527682543 326735.9770617356
984077057.3207594156 331456.3076223006
986414178.1156567335 332762.2871820927
975086777.3111706972 319499.4403877129
979132688.7964378595 325377.4365355839
977589149.9343231916 323043.4181115498
975295497.9756311178 320157.1028461327
974280176.0677815676 318033.6184022297
985340654.5412034988 331745.3420804610
985857778.7117726803 332176.2588312626
988801351.3318403959 334355.0790328979
972747813.6705542803 315136.1854596605
974136695.8593755960 317632.8315789570
977593599.5751435757 323074.4138696064
973916997.0853140354 317527.4265496602
985051177.4203945398 331734.9116414656
990223753.1530427933 335427.7091865540
974309190.5440361500 318188.3158814778
980313390.3976136446 326740.1392016282
976648025.6689882278 321592.2677569260
988258913.6616959572 333977.9534113407
989137580.7206633091 334559.2899856567
977109705.6233253479 322440.3050083985
973649799.9007241726 317372.0331475605
972149494.4959939718 314094.5879521837
987723554.0801237822 333560.6079564095
976804731.4060848951 322010.6474232544
985340654.5412034988 331745.2450345625
990366245.1795924902 335523.7814102173
975615056.1448569298 320504.4970111718
971927464.7948958874 313992.6685166826
971450917.4033780098 310952.1264586915
971450917.4033780098 310955.6682067384
988673928.6280924082 334146.3858072758
990095737.5720634460 334966.6753311157
990033866.5865117311 334806.0951309204
