577588339.9235973358 913739.0290527344
577758926.8605811596 913925.5268554688
502842768.6443881989 498320.5983754918
502642434.7602500916 497398.6909047887
502385086.9337345362 495734.6094261929
502305803.5943353176 495516.4319326207
543741809.5917874575 869377.6474609375
544035891.5938185453 871345.6520996094
489523160.0570100546 234257.3737762325
543864705.9161677361 871291.3894042969
543645988.2427026033 868716.2578125000
544837023.7760523558 873470.3479003906
544677857.0312328339 873396.1220703125
544522347.8211550713 872635.9805908203
577345794.0065159798 913562.6391601562
490224539.1184885502 255007.0016350180
490264227.0165163875 256177.5828686386
489972413.9936331511 252055.2718334824
489817892.1320525408 247933.6660198003
489809257.8502499461 247624.7386570603
502510726.9165453911 496835.6820968911
490050538.7055786252 252260.9993203312
522634803.5916848183 710771.6093988419
543436968.5423567295 867671.8171386719
543645566.8294107914 868689.3098754883
500561385.6374536753 467715.2871309817
518191474.6698742509 672227.8923983201
522725864.2158113718 711264.0295038223
542199895.0172764063 862617.5473937988
517896557.1708642840 669839.9318413362
488436303.6618469357 180974.6975235104
489428544.7066959143 234168.4001434200
489572494.7126319408 238449.3606444203
489921779.1978052855 248093.7649021774
496678578.2818951607 389756.1541569531
500741041.0987210870 471590.3305880129
501782463.1325353384 488567.1211838052
516778863.8192486167 659446.2960348129
517634589.3308677077 669563.2019524202
543782921.6042544842 869549.8280029297
543805955.2989622355 870216.0943603516
543549174.3791254759 868076.9724731445
543728452.7638392448 869283.3612060547
576753150.2863821983 910020.5773391724
577428855.4189286232 913680.1098632812
489543718.4440588355 238384.2651772366
489686362.6720988750 243937.0033054978
489668690.4966446757 243502.4276219040
501595814.0467790365 486941.3752121255
501736958.8026682138 487948.4029461443
501530859.0547659397 484280.0515145585
517221976.0602599978 666167.9437017441
516868260.4810801148 660745.5248785019
517149282.6310688853 663531.9676275253
543637669.8100912571 868153.0228271484
496562472.6727022529 389726.5866223872
516963434.9116777778 663452.7208013535
516692081.5685318112 659059.0363836288
517403217.0479207635 667097.9802770615
488386694.2466009259 177236.8333639264
496475925.3686419129 388753.8434368819
500871219.1088508368 471611.4656588137
501553799.4951708317 485254.0999468090
544464124.5250630379 872423.3262939453
576657500.8842918873 909971.5968017578
488418334.6607580185 177542.7379123330
576767712.4006278515 910665.1427001953
576814817.9864659309 912058.6589355469
577305846.3060445786 913256.0634765625
488342882.6752064228 173818.6333517194
501446809.4596943855 483734.8169903532
544380066.1818023920 872240.0994873047
501269064.0889041424 480371.4957233965
501331610.9884705544 482866.3301655352
489665654.3448861241 239751.6643620000
488533354.7378301024 182455.3828660548
489584770.5633396506 239550.9490685814
500699340.4394390583 469464.7965303957
501391512.2014532089 483734.7993732989
488644827.1331351399 186575.1126752868
488708332.6092814207 190475.9232113734
489288526.7996008396 218285.0451660007
516872608.5194161534 661380.3300542831
522497915.1459548473 706849.6625759602
542100292.0084874630 861604.7453918457
542539083.6673265696 863439.6235656738
488582806.3744044304 186353.6121762171
500933592.3826407194 472514.5974337161
500965894.2462531328 475189.8926655352
500703924.7194813490 471082.4795137942
541678530.3620340824 858716.0369567871
522508068.5012737513 707784.5223171711
542232127.0838751793 862932.2339172363
500515210.8620821238 465981.9622986019
500496475.0765314102 465414.2441818416
500183368.2209084034 458166.2622482479
499957707.0897406340 454261.4715986177
522947164.9973165393 711942.7741482258
499887916.4346624613 450727.1019971818
499311611.8760938644 442314.2503431290
499510921.8387106657 446475.1039808244
499616415.0103118420 447406.8435743302
499381419.1932188272 445254.2820814103
489414460.9693401456 221776.9270472369
499188451.0414078236 441539.6626356095
499347210.5384436846 444513.6399305314
516611917.6577309966 657841.2543329597
488650723.0771448016 187161.2441428567
499103359.7783558369 435194.4917696714
499132902.0827269554 439013.2959383726
498943264.1878730059 435089.8011873960
543137611.4492087364 866357.9091796875
542865799.6375974417 864730.5139160156
489357199.2988010049 221772.2821865223
543315700.8743052483 867360.3308105469
498556189.1338206530 427115.7632616758
489225122.2546266317 217650.0478520236
496219173.6155804396 381539.6227242202
497965486.5859099030 414967.6607197523
498373747.4849830866 423039.7506197691
498318082.5040685534 419230.0982197523
498136140.0770308971 418877.3430927992
498115757.1427749395 417266.6651295424
498030909.9741617441 414977.6131809950
497910891.1983591318 414755.0320576429
497570659.7651280761 406143.0448137969
543059449.8922628164 866111.8288574219
489218165.4293760657 212202.9954407618
497037650.3499392271 398632.7237889022
496794411.2148403525 394945.7071873397
488953910.4161447883 198062.3433527544
488964614.7485490441 199717.1958903541
488860697.6311745644 198012.6380290260
493913925.6318588853 333402.5127933039
496319884.0507311821 384683.8729734570
496542258.0247244835 388814.2290530652
496942633.3227913976 396104.5226384848
497091758.7269340158 398793.4543277174
497283547.8691878915 402352.3933760375
497430108.7506669164 402568.4776045531
497247720.1052539945 400150.7244307250
497205119.3175442815 400143.7826582640
497027148.8760164380 398446.1665693969
489021930.8716733456 204056.6012228367
496819631.2974094748 394977.1076971740
488771482.0662891269 193612.2217377986
496280518.2028334141 384659.0948311538
496690566.2301819921 391187.4997688979
494010304.3537256122 334248.1504275813
496134514.5227258205 381202.4304830283
495978392.9461276531 374456.9670262784
496035048.2429549694 377855.4009862393
493758378.1389436126 329051.6946780696
523403861.4191884398 714399.2600293607
523352229.3310897350 714042.7187652588
523269122.4321845770 713319.3633832932
546892834.1984888315 874626.4262695312
523161772.7106883526 712825.6175320148
546957330.6326414347 874662.9921875000
494645921.1695464253 348354.9578291811
495009465.0110401511 355925.6373062432
495041432.6316164136 356079.0958101153
494921576.9482964873 352824.0454384163
495089618.4297536016 356108.7064030766
494840853.3760769963 352195.6656910479
494794639.3421557546 351956.7847749591
494491260.3621971011 346837.2813646235
494341396.0534418225 343952.8616697229
494125888.3504008651 339071.5695440783
547110021.9662958384 874719.0737304688
538224888.6660101414 819195.1738892794
546851360.5547806025 874077.9892578125
546861169.8854746819 874312.1923828125
546891209.0630694628 874609.7172851562
493234299.8683725595 304983.4574552043
538478224.8113522530 824636.0292584784
519535874.9149471521 679228.6785496920
538320689.7992417812 823323.4624940157
493349976.4539552331 308451.0184418722
493432401.8196948171 309985.6524067088
519508117.3056305647 677654.3662938327
493440397.7979512811 311824.1318456358
493257956.1491137147 307687.6405121847
493187816.9260743260 298424.9655452385
519707526.5446203947 680515.2369132489
520254148.1198930740 683661.4441886395
576652756.7255177498 906002.3295898438
493384292.0292797685 309078.1612031027
493189253.1925345063 304359.8979937597
520037239.0858950615 682410.9407376759
519658995.5826133490 680129.8382316083
519276766.4049034119 676636.6058097333
538987729.8683135509 827247.4431153536
539317214.7449089289 828860.5102540255
493148448.0304852128 298376.5233922149
539448726.8620994091 830309.8315430880
521807118.3859521151 698107.6631255001
539460073.2365484238 830452.2114259005
521571632.0420180559 694706.6693859594
521726894.1900067329 697468.3233013647
521367634.7014578581 692429.6173840063
521403516.0242593288 693768.5547924535
521274625.7045838833 691967.6738885688
521152475.7504311800 690369.9557309002
493041558.9502933621 287957.7822785487
492982579.1595919728 284496.5140495857
492929906.1195979714 284306.7957368006
492912023.8964213729 280345.8101234993
492692329.5127916932 272816.9443326588
492871037.4092485309 280198.5060980876
541193375.2024244070 838607.6700325012
540775438.1518532038 836566.1219526529
576383036.7342691422 902285.8825683594
541278440.8780045509 839051.3906490803
541120518.5658378601 837945.1541633606
521100567.4907754660 688163.6788853854
492802364.7724598050 276871.4639118274
492700236.0784344673 273035.4518759279
540814275.9590388536 837160.6041303873
541452674.9165924788 839629.6745235920
576225806.2955585718 902127.8344726562
492566213.6998402476 264633.3362852086
492509137.1714598536 261513.6001228283
492455269.2408075929 257807.8407695491
492492769.4786807895 261013.4693095882
561706532.5640853643 879865.1516113281
561302944.2578353882 876572.4694824219
537337369.6622500420 796559.3910042346
537827730.9211620092 798423.4197517931
536417727.9463183284 789190.0165698044
535974034.0694612861 786536.7351977341
536695924.5601059794 790924.5769946091
536516697.1718198657 789345.8217455857
536683723.3066975474 790202.3914477341
535271455.4425408244 776887.2403841726
535606064.6974498630 780111.2592135184
535385747.1627116799 778294.8556490652
534935456.0546029210 773742.0117727630
534767591.5707802176 771916.3789602630
534417146.0363566279 770013.4019094817
534526593.0559621453 770743.0264212005
574020449.2897815704 896307.6955566406
534670285.3994224668 771054.6853567474
532555223.4548544884 759030.7598921768
532482906.7026401758 758649.3848921768
574301318.5802924633 896777.1770019531
532187058.9633084536 754478.6755649298
573739484.2837804556 895370.1264648438
531216136.9920481443 747636.9811974019
531399184.1411120892 750105.8325157613
530940773.3870338202 747086.0089683980
529848446.0352070332 740041.6689876765
530211738.4547567368 743182.8183635920
530085708.6897413731 741490.3807415217
529745410.4197957516 739201.3058819026
529523811.8104758263 737715.4773906916
529933814.6853177547 740095.9840740412
528279826.6082400084 720489.0540127009
527788228.1800398827 718675.4248623103
528251688.3380897045 720246.2818111628
527602810.0516370535 717213.4076656550
527491485.2341359854 716672.7935299128
567449120.0164918900 880012.2602539062
567823700.8174246550 880531.4055175781
568849271.8617767096 881859.6176757812
569503306.9629315138 882794.9332275391
569641981.9835883379 883342.6640625000
570495395.6228235960 885495.8129882812
569414567.8756153584 882783.3771972656
569939913.7989456654 884157.2102050781
570773742.0815447569 885711.6447753906
571093146.0158709288 886009.6347656250
571799497.1446603537 886789.6572265625
571561747.0218313932 886439.6633300781
571388690.6456230879 886343.0427246094
572803631.3475406170 887729.8764648438
572429524.1093964577 887245.3764648438
573036546.5032958984 887921.2885742188
572763739.3784464598 887418.4228515625
516398109.0368127227 575796.8441267484
515374868.3807093501 563863.3650618070
515652692.3203962445 565109.8229161971
515661886.3950850368 566890.5244856351
515171256.0790770650 555344.1076705367
515052337.8094306588 552650.4122295291
514807660.7896539569 549522.4425534518
515095601.7710728049 553401.0437497408
514834801.2177686095 551548.2800778658
514731371.3595468402 548892.2218540222
513589679.6698810458 528876.3144997582
513463111.3329406381 527611.6434450969
513615865.5973373055 529292.9585502655
513503134.9089259505 528219.7160333619
513379352.2822754979 527161.4043172742
513423915.4827442765 527323.4286412820
513292477.4184549451 526950.4813814983
513140259.2216294408 524024.1090937480
511791859.5814681649 509206.9744537827
511824607.0970961452 509796.5777054187
511456028.0252505541 504217.7106720712
