121534928.2140527815 21377.2505945933
121057896.5895518512 13431.5712271365
121161779.4853536934 16292.5748559027
121389973.1355180740 20388.1129674685
121047712.4900323898 12693.2314646500
121030608.9289888144 11790.0125839966
121158063.8633978665 16286.9923922955
146627907.6936991811 53446.3180847168
121337212.8429857343 19366.0536260378
121259111.5157916248 18578.2597793934
121125037.5850341022 15375.0628268658
121430101.3992832750 20419.2299146426
120987607.2998645902 9886.2274518926
121371718.9939208180 20277.9831914675
121339321.7475810498 19458.6600118128
135024916.2517542541 40413.5034133866
135129108.2557973266 40773.7416336015
150975467.5190447867 55816.5995483398
121023715.2319861799 11725.3099843594
121077281.1287155598 13564.1167218266
121146154.9702523053 16076.5522698178
123124719.7815317065 28642.5752735026
121062336.3989703506 13438.7947254376
121291139.8410962820 18670.8648282063
121535186.8018264472 21398.4362040088
121037915.0463378429 11885.2755013215
121095759.0328641534 14463.2403253480
121235950.2054306269 18556.1940000877
121504268.1824879199 21315.3487544681
121298533.2056524009 18681.8658462791
121322036.8896208853 18808.1535676382
121179181.2486160696 16988.4818352475
121151223.8116948158 16176.6180025144
121895524.7070336342 23385.1049218401
122525300.1335645318 26604.9990665314
122097421.8235392720 24346.5101023670
123658847.0223799795 29609.2286222950
121014893.4376715571 10973.5831214744
121045232.8379267603 12535.5758447843
121025077.5371909589 11734.0206691357
121069125.6973411143 13551.3107599183
121006029.8741849214 10822.0911037060
121052152.2994509339 12700.4549629511
121998810.2203821391 24149.1756178734
121226714.2694518566 17758.9352627766
121005709.7826398760 10743.7973233983
122471412.3921546787 25966.9855083153
122694248.3229441345 27516.9286319611
123739911.2759647369 30359.5294677392
121040793.0285082012 12528.3523464832
150591893.3773142099 55800.8455810547
122271629.4313203096 25209.7416335344
121022211.2292604595 11623.6462793546
120987825.5556841642 10617.3347419593
143420960.8555745780 49514.9838347435
122780928.1978611052 27670.5103898123
120990765.0528946966 10618.4753270093
121443210.7484132648 20481.7249651290
151042082.1452274323 55931.4737548828
121135022.7107510865 15427.0922967433
123104784.3985167742 28500.3356578049
122936188.3581484556 28461.0297438145
121267978.5307351947 18649.0362344831
121203148.5250277221 17098.1317543536
121785516.9566386640 22497.7036071345
121146784.0022762716 16169.3945042132
149942335.8269484341 55118.9928131104
151363730.0322993696 55972.8775024414
121479074.4593064040 20569.0549700707
121835601.0002502799 23049.9082147476
121079503.1541311294 13613.4710505470
123870830.5880821496 30461.3784311786
121362958.7772968113 19593.7954117088
123532255.3226643652 29522.7654278055
122094881.4780552983 24300.7061721087
123380653.2346194685 28796.3488476053
121133193.0164084882 15387.8687887741
122652295.2250935286 26763.9685263708
121466430.1074422598 20513.7253003602
121039430.7233034074 12519.6416617068
121103914.4642385244 14476.0462872563
121017771.4198419303 11616.4227810535
121203552.9590907693 17737.1066690534
122792859.9261012524 27714.2631164547
121166219.2947722673 16299.7983542038
121083942.9635496885 13620.6945488481
136040988.4717038274 43136.6125146151
121118197.5333310515 15264.6884370847
121452556.1357397884 20513.5489650394
123493136.3685265034 29519.7450555339
121169046.8081556261 16825.1771036237
121029517.3466095179 11737.7158856043
121322420.5459635705 18823.0104523450
150185901.7512207031 55655.3806762695
123859814.0484847575 30434.5822293311
121357575.8891782463 19568.7897878137
121483474.7550783157 20596.6364145800
121126356.6552231759 15380.6452904730
122523521.2042473704 26026.5541196316
121072841.3192969412 13556.8932235255
121500352.9199291617 20624.8606882468
121668973.1586014777 21671.4883308858
121029000.5276312381 11736.1623138352
123956932.1797815412 30469.1987656504
126101093.0351766795 30870.4079126921
121720685.2053495795 22473.2881203145
121010469.6836034656 10825.7863201746
121987483.8914243579 24147.3507654068
122264521.2198666632 25114.6245542020
122708286.8548312634 27546.2312900067
123856473.8987510055 30394.6035916358
121066259.3894106299 13440.9363701371
122439245.5011598319 25844.1058744863
123445302.9443365633 28872.0525759831
120999136.9706561714 10625.8082411531
121088918.9811611027 14352.8659355668
121498642.5661330372 20619.2577128364
123794582.8268785626 30384.8735312372
143690833.3006203473 52246.4211654663
147998688.5394358635 54659.7926330566
148703584.1175909042 54923.9696960449
121300221.8428803682 18759.1660104841
146781314.0482548475 54576.9485168457
122650941.4295668900 26751.5593954918
123875955.1289376765 30466.5818602443
145875987.6578631997 53130.2126464844
140146481.2413861454 48849.2939120351
123590565.8611828685 29548.9149724767
121682203.0570119321 22287.7751350850
121889795.0581843257 23352.6531563252
121983579.2396167666 24114.7862359878
122162113.5777594447 25100.5051833391
121840515.4552733302 23227.5368268862
148581848.2433854640 54818.3990173340
123720896.0068125576 29861.3186740279
123218139.2320824713 28644.1050402075
149825616.1487322450 55034.2984313965
122416123.3079115599 25841.0411344022
143432758.5319973826 49971.8213114738
121067375.6106989533 13442.4235566123
123670580.0959161669 29682.1895658523
122407710.4269332290 25341.4732833710
146445388.8920657933 53446.1562271118
129767059.6912078708 34639.0572286416
122127699.6519357264 24878.5123458502
124071032.1553611606 30473.0270403177
121799858.3663184196 22563.9003911465
121099474.6548199654 14468.8227889552
123717043.9344594032 29716.6562899947
121197599.8286638111 16997.9743290446
121044716.0189484805 12530.4939911827
122925801.4780154228 27788.8417787850
123379442.2822919190 28702.1549886018
121933273.4027826637 23389.3911593333
122077983.3813509941 24239.7878887054
122529937.0624886006 26694.7575880882
121662138.2836470604 21668.7147035850
138066316.5828634501 43144.1939238481
121640110.0268370956 21631.8658792926
122021933.8056859076 24226.1259764358
138656895.9209710062 43731.9491995279
138687613.7002862692 44434.8236545030
121113757.7239125073 15257.4649387836
140061938.8681653142 46791.1716393052
121819439.1910638958 22572.2437596768
139390860.7408393323 44440.9946017627
121616866.6576838195 21592.4331102269
121607654.7400241047 21571.0892296350
121950824.3121424019 24060.3206497654
121775608.7683099359 22495.9964528531
145652612.3711092174 52887.5723342896
122522236.7392077595 25988.7386958078
121070702.8893469572 13552.2141593858
121563399.2777371854 21414.0079593770
121549525.3060347140 21413.8316240562
121475879.6531744450 20533.0401795730
121975030.9336447716 24106.4428674576
121602828.1257966906 21563.1304521812
121108192.0732708126 14935.0173650533
121491871.5231425166 20614.9007230056
121573679.0757114440 21561.3055997146
121712298.5628327280 22432.3802223653
121496521.5502773523 20616.5464224890
142861010.1066562533 49377.8703436852
143072491.1758506894 49500.8331732750
121084479.1717425436 14345.6424372657
122127084.5056015402 24754.8349725601
121061819.5799920857 13433.7128718360
121934238.3401663452 23961.8377801773
129261692.7881834805 31449.0429768786
129336550.7709756196 31453.2262273058
129254685.7035128921 30931.9225184619
129351061.5131083429 31592.1104302928
129687402.4785952866 31755.8175012106
130938406.5104478151 36817.6919967269
131240376.3151815385 37713.9917861556
131156137.5702208132 37695.7867538070
131379417.0537061244 38031.1086684798
131476644.9322788566 38066.1945296859
131504488.8919967860 38328.1151180565
131135657.9901438504 37680.7842513656
131733404.7789254189 38407.9190572833
131365098.5949038714 37864.2572738265
131893075.3303871006 38416.2736052608
131945915.6534347236 38952.3748215770
130907772.7041011751 35535.3189781904
133496755.8220017701 39362.3201189041
133943521.1288435608 39520.5529985428
133991016.3043017983 39877.7741441727
133407620.8058238775 39083.8396501541
134924580.7832643986 40400.8908824921
134888938.1839622259 40096.5112915039
