652620917.0196751356 803294.9246767666
676652087.7395610809 1492137.1980819879
684365287.3798820972 1598195.5747147202
668512462.1128497124 1352274.9535967410
651680960.4000080824 709247.4057799280
652094235.0327447653 757467.0729529914
653396741.7442935705 862598.4704663213
661086660.3349491358 1170189.7698677196
676472329.1062985659 1487121.0917463056
652625819.0690739155 803423.6514056530
653632047.6614840031 879111.9627160784
653673921.2882264853 880491.6039855238
654079027.6936775446 906122.4170424994
674325367.3028392792 1462264.4591065811
651592930.6411068439 683365.5799895227
654626501.5827645063 937874.3120981362
669578427.0283297300 1359880.2529930174
672978924.3924136162 1443103.2125195749
671794653.1530237198 1410622.5657338388
699885228.1779872179 1774047.7604967877
663205885.7047868967 1225700.2531268303
653365247.9287817478 860821.2680737432
656052752.8209687471 1007816.6790189743
658028455.9476835728 1079225.4099248815
661166156.9203555584 1175702.1920821937
657938891.3959369659 1073766.4330594409
655112063.4320137501 964851.9181771278
692940549.2740362883 1687484.9902623221
651618635.5774736404 685730.0574373007
655047051.4270030260 962959.0718813743
676520895.2182431221 1490079.3271989576
694518244.3846092224 1699583.6426378191
675742794.4448562860 1474738.7251685858
675635675.3588577509 1474645.5919799209
651741077.2593725920 717772.6578366756
654460900.8234910965 927989.1682787742
655210099.3417559862 969097.7877270281
657962521.7067927122 1077070.1894322801
657719992.1627832651 1071369.8300908972
652268654.3916740417 773470.7627723273
651576496.6224412918 676676.2225356698
699459447.4514429569 1769210.7139857337
652584038.5193893909 800641.2881436404
666630981.9921557903 1305965.1010656953
658641024.2009371519 1100187.4605116113
659092700.6041679382 1113233.2001053896
697009205.5622243881 1725101.6167724654
698670639.3423053026 1755477.2719654441
696214082.7165021896 1722604.7137396857
698493549.5204819441 1755364.0826304480
699713140.8718596697 1773688.5301478431
718656597.0031781197 1931445.1898340289
699216011.2584576607 1767322.8052943274
661238347.8517497778 1178625.4451103611
656632369.9275970459 1031449.8418053985
651645714.4204909801 700961.2721537948
653514403.6807420254 870850.1216857191
652148927.1712379456 763411.1662147101
664219868.3585402966 1250791.8947543222
663435032.7891857624 1229412.8952917261
652969154.3939355612 832277.0994730052
651915139.7546179295 737362.3801764846
699494735.1293325424 1773650.2379115149
695255144.2809793949 1706646.9510717690
652296578.3565554619 777098.1359136160
653552082.8072361946 873586.3852053490
656478745.4490976334 1024403.1084034159
659097236.6985661983 1113520.4090721216
699145092.4452093840 1759861.4579737708
691557398.2799054384 1675630.7132846573
668751020.0501785278 1354228.2116488516
651875057.0524088144 734259.8285520077
748003045.6608519554 2142995.1546249390
667417551.4761370420 1322051.9295615871
668770607.4736716747 1358832.4385690484
681275783.3816465139 1530734.3319870285
654910232.7006090879 954807.3754119184
652954487.3327184916 831141.8364972826
654519174.9696244001 931792.4183188286
671712644.3674860001 1409582.8661716469
689163686.2567713261 1657489.8866686570
708245027.3650772572 1827767.6957394183
671810440.4824680090 1412772.4826233387
672356421.8352577686 1433305.7352447510
665941398.6586111784 1292811.0492300242
666740322.9352316856 1308321.0337372869
651945715.8310955763 741460.5159299374
682940364.1017768383 1560659.3703994155
682573918.3674191236 1556522.3296279311
672244235.5391881466 1422317.2368927002
651997284.2746930122 747026.0332010835
668015876.8698657751 1342490.2159844786
740716731.3896688223 2095083.2368146530
691704676.9042500257 1681228.0607571825
691482472.0048102140 1673957.9993558154
651731603.2182806730 717038.2136108279
653306579.5879006386 857254.1287806537
651773833.7808144093 721715.6464111209
661540586.7934319973 1185626.7537002964
652683825.6777495146 809069.3931271788
652857321.5660126209 824501.3585604038
719260328.3002915382 1948984.0546853798
719061454.1482923031 1945014.1353376731
688413339.3480955362 1638407.4121811613
688058530.5293464661 1631619.5847885832
658098010.2431333065 1080548.3142505493
699486934.4485577345 1769301.9713099524
656679395.4360237122 1032583.1952010854
655295153.6010872126 973704.2158226967
655190014.5770230293 968105.2105227560
658282965.9272496700 1088837.5638088449
692234631.1154081821 1681491.7664767960
666409066.0627577305 1300517.9793425202
685133961.1394599676 1605618.1993273250
661358074.5370272398 1182872.5040705972
652222067.1636835337 770900.4532656427
667489040.2241884470 1329821.4851409644
694595023.4096276760 1701720.1781574865
658123413.6679472923 1082709.0595721025
730122467.5410966873 2032278.0994116068
658780375.8345026970 1105989.2739253505
651773913.8167251348 722565.5126053691
652217368.8888971806 768861.1983192023
746897976.8995473385 2142937.5607873797
746575899.6066635847 2141125.8231483772
661349766.1977043152 1180652.6392959375
708676991.7098474503 1839766.7293280885
683855497.3184126616 1585227.9024098516
652293600.9295777082 776651.6588904914
758312446.3885990381 2246906.8007812500
685340711.4650620222 1610245.9724529386
671677436.7140071392 1408654.9186260700
667670691.0975891352 1333430.0907097161
682087519.7437816858 1544087.3527813554
668141869.0568255186 1345573.8471249491
696080081.2267336845 1714044.7628007829
683323139.2250019312 1578317.5950999856
670779366.9365942478 1386734.9637423754
668470275.9592990875 1349358.1536583006
654580223.1756436825 935689.5232973900
655033307.7917903662 960300.2978539467
682791936.8170577288 1559064.6450881362
683194602.8967149258 1566364.8241334558
658268886.9845681190 1088265.8689235910
693805169.9225020409 1689320.3137189150
654967154.9852916002 958176.2714306414
655745156.6309006214 995185.6703058481
698298909.3892965317 1741358.2639172971
696106555.4126262665 1716297.7943685576
661433071.5799565315 1183235.2063682349
662161818.2539359331 1201733.4309274359
658419840.0503618717 1094010.6509972811
654970388.9742372036 958221.3530297279
652400614.6468851566 785977.3118445929
712824804.3166241646 1870675.3683038950
682240547.7315239906 1548211.5040771365
683905673.7524898052 1587875.6134083867
680104174.7208969593 1523671.1013775319
749476332.7016415596 2162771.6996092796
652638896.5880192518 805874.2815094050
689001432.8953655958 1640958.0607462153
654948437.8670060635 956929.8112194240
678437174.4363329411 1503149.3505808711
700650776.2979532480 1774900.2122719809
668734073.9770573378 1353662.3645470440
735942433.2680594921 2071973.2047679424
670312980.4047874212 1383405.9945347011
653380251.3702710867 861967.5939932968
709910526.3725190163 1841253.9052955210
654696099.7918844223 943447.0740786400
652714388.9225085974 812316.9162965026
655133219.4277722836 965606.7929571420
708203171.3266549110 1821746.8268353045
726818669.9272325039 2030462.3996908665
680546363.4805226326 1525510.8696159562
657462343.8806476593 1063632.3917812109
654853195.1776038408 951202.8631271478
668468399.2736785412 1347836.0703679621
658354116.9200993776 1089848.0160296950
653824720.9440053701 892099.2078725751
671954621.4050381184 1414984.2663697451
655451860.3863201141 981297.9561282247
681981236.8317607641 1540817.9512180686
654114951.0857874155 910055.8515493330
654479690.7716436386 928847.9379275646
660621182.8599405289 1162835.1639873721
670796407.5458661318 1392469.1359531581
655330452.5518876314 974669.2353460938
697378417.3470095396 1726510.6013453528
671373358.9256557226 1402346.5112427920
671423818.5514637232 1402852.5273215026
654422217.6740168333 926338.9920318630
684085585.2172034979 1593394.3148244023
657623190.5755677223 1068907.8478238788
679166488.9826951027 1505222.2358131856
675432833.5169390440 1470038.2214244613
654002813.1508966684 902477.4537355360
673604351.9265393019 1446060.6415456655
673427159.7404754162 1444764.7656507613
683229983.6173138618 1572555.1115153432
673991842.3264000416 1450338.1221802235
671440041.2622587681 1404677.4143249365
658241634.4904695749 1085566.2399066482
682944761.9162806273 1564133.5738040805
657780429.1255310774 1073026.9317110833
681343295.2445824146 1533990.3502265215
653774110.4447711706 887952.4387226161
671263599.7221468687 1397296.2510076137
670915271.6961356401 1392585.9477783144
758223769.6250026226 2240107.6431579590
757664794.8732899427 2239280.9073181152
716024962.0841246843 1911945.6541254045
716064631.2299342155 1916022.4231683733
676021834.7359826565 1477341.6766065955
731059895.3786777258 2047119.3427347764
669729046.2566776276 1366397.0591769218
732116293.4343490601 2048516.8850930929
732802807.5552495718 2061411.2155374289
732978353.3908311129 2063450.7784036398
656408741.1482419968 1023206.6974433865
697704013.7855001688 1731572.7081278265
653329780.0494179726 857811.4970105197
667843453.1800050735 1339060.5438658297
676412892.4434002638 1484308.7798228385
686271179.9377809763 1614759.4289409043
686051413.3382295370 1612482.4058696153
714145991.7412160635 1887811.9859126210
714325237.3956422806 1891729.1576045156
664025654.0819480419 1247257.7285017176
657102919.6376277208 1047932.4522891100
656067850.9824697971 1007846.4851105418
679542078.5183397532 1512179.1819111109
655883811.6904262304 1000883.8378377166
757895563.3134369850 2239678.4173278809
652615585.3006291389 802795.6442639586
663534645.1256902218 1235033.7811971260
687243224.8895281553 1615827.2567116618
656863835.2132347822 1039551.3569128569
656772140.9090290070 1037301.3728584256
692432172.1290370226 1682073.7744202837
658713995.2427639961 1104047.7547284365
744282735.7675598860 2138487.6886459710
748082636.1931812763 2146449.6362163611
656038381.1323798895 1006479.2609513011
681032357.7806251049 1526591.7927345634
715326772.5231821537 1902048.7007419765
680953790.9577800035 1526234.2965474725
678155629.6621679068 1498607.3911230573
753584926.6949402094 2210860.1187744141
752802547.7822047472 2162947.6474809647
695779641.7371443510 1707182.7203309331
736808504.9793765545 2086763.2323427945
737065726.8446429968 2093340.8273745328
657989488.8812966347 1078930.4736425932
757429136.6916942596 2237279.3797302246
655527069.2405654192 983295.8082673710
664928507.8649293184 1268176.8914898634
659707978.8120507002 1135934.6003811099
666999252.4444149733 1316614.3024134934
706975167.9299070835 1819150.8652425408
706700059.1683448553 1815985.4780355096
757272691.7577416897 2237080.1280212402
717718441.6720944643 1921963.5560452044
722646495.2088952065 2002110.0638103187
717645520.2664681673 1918056.4291531146
653809301.1676900387 889485.2343921717
757073050.0080742836 2228985.3813171387
662564308.1759053469 1210453.1149371713
665535936.8545515537 1282763.7548149377
661917674.9327940941 1195857.5704853833
743897485.7831006050 2121235.3835052848
665320234.3145370483 1277650.0126274377
661968683.6044386625 1196622.8339190781
659670605.9753471613 1132514.6469315030
660268237.1938626766 1150433.0518663228
667742375.3474236727 1336311.5622872412
664324743.3875018358 1251287.3460286260
661576501.0417635441 1185912.1073342860
660062391.7593445778 1147260.8593338467
662221155.5281893015 1202535.0579176247
662071400.7273756266 1199218.3660230935
660774356.5349847078 1166798.9723599739
662071400.7273757458 1199373.1050367653
734952470.5298509598 2065069.7944573611
661437737.0618475676 1184709.7483151257
664382803.2155126333 1254139.3895692378
664757517.5106866360 1262725.9075520635
661796371.1072524786 1192879.9260151684
706141346.2618668079 1794488.9705852251
756892348.6044036150 2224396.6232910156
664531290.1379592419 1258253.3823433518
659207548.1730566025 1118829.8623140696
665034705.9966160059 1270336.5000068694
661719682.1968690157 1188676.5709270537
659576931.0222673416 1129552.5559527613
659836153.6505084038 1139503.3085525967
704958964.0235831738 1787889.6143911034
704246931.5987863541 1780490.4698598534
756827823.5952800512 2212565.5249023438
666930629.6533129215 1311049.3535667956
