544084316.8500100374 1761877.5415039062
486957556.5977851748 397708.5764859216
502297882.7124664187 1190969.6772403121
502441847.8843232989 1192181.6708300710
486857088.2754588723 389950.9919854337
487034243.3810557723 403853.4346093731
487536911.4592660069 480013.6050591857
502691115.7848320603 1206511.2322064042
516049199.9986743927 1504460.1288090050
522775843.2684423923 1605450.0930175781
522827045.3790850043 1606928.0225830078
523158054.7722321153 1609901.1408691406
522965476.4843614697 1607733.1352539062
533373230.3392763138 1708100.1245117188
542160448.8120299578 1759553.9545898438
542581324.0051293373 1760075.7363281250
542157464.4506835938 1759545.6591796875
489903145.7880307436 663196.5162907479
490538400.0267322063 667915.6016043096
490231096.8189170361 667803.6432156235
489912532.9828603268 667361.3641571670
489621397.7154099941 655330.6544037698
489713560.9796702862 660467.3175320297
489573087.2244589329 651957.4777141418
492715875.0085170269 809000.5601773371
492642369.6910505295 803846.6366510501
492518955.5489947796 801956.4776482692
516477530.0512291789 1512022.0383842662
517164612.3084681630 1517778.6732496694
516814309.2282730937 1513408.0324028209
521976469.5672981143 1596174.4488525391
487653284.2838012576 492429.0315414054
489565069.0913569927 647921.3682410419
489553177.1868002415 647705.2865044530
492480389.7494610548 796725.4554399957
492423418.3291447163 794812.6843133082
502748214.7902427912 1206800.8358440995
515335984.0916590691 1489598.0332683995
515292355.6033106446 1489155.7638359070
515921284.1001522541 1501796.8880657628
515876631.8692577481 1500381.6595043615
515652535.9322894216 1497543.0943645909
516363971.3730400801 1510573.6859672740
533555648.5432391167 1710432.5405273438
542783918.8428434134 1761109.7392578125
487506108.4875829816 477984.8904595763
492324148.2167663574 787823.8723981937
544333562.9987717867 1762370.9370117188
544151800.6475051641 1762028.3403320312
492422676.4238691330 794624.0159528812
544246779.6886363029 1762210.5068359375
544235572.4335747957 1762173.7412109375
492364500.8398785591 791143.2745496293
501371323.5895406604 1161398.6615694426
501337223.9403074384 1161003.7462862395
515585126.0039739609 1496230.6253056005
515555920.6507912874 1494387.9112591222
516042891.6387267113 1502293.0415844396
516685610.8359450102 1512316.1733412221
522994177.9857342839 1607784.5705566406
522824644.9058023691 1605455.6351318359
522895067.3454091549 1607294.5969238281
533322463.0106743574 1707977.3710937500
535526027.5367707014 1727060.5737304688
535563610.6190482974 1727896.0588378906
535296809.6866042614 1726544.1730957031
492218129.1231064796 784343.1309949418
516210663.9684475064 1506490.9168285802
516312872.7212662101 1507222.7217602208
522730406.0494184494 1605258.0723876953
523259290.2676488161 1610839.2238769531
535096501.5240588784 1724015.2145996094
540840060.7753638029 1751882.2443847656
542586199.5264352560 1760768.0102539062
542460246.4287731647 1759920.1040039062
492246201.5513360500 784721.1403102118
522328629.5409048796 1600575.2841796875
540985224.8088535070 1752600.9096679688
541233177.3503986597 1755647.5800781250
487835863.0995137095 502549.5474141852
487807347.1736606956 500966.8034261481
502997519.5865426064 1208213.1904303133
515791098.1090006828 1499023.6138958409
516066768.8855606914 1505350.4502758458
522623550.5495228767 1605080.8679199219
543832781.3863606453 1761541.1362304688
501684305.4093798399 1171942.6032693349
522451604.0885159969 1602442.8658447266
489408929.7011147738 624669.5661395167
489506102.8462896347 638737.2115252588
534848279.3155611753 1721190.9626464844
543219169.3647038937 1761314.6127929688
500881363.7742045522 1142217.9326265715
534813216.2528473735 1720901.7355957031
534955497.0415685773 1723446.2307128906
534953682.1135213375 1722885.8854980469
534353059.2046926618 1718612.1115722656
487681428.8613848090 494104.9162191168
522080188.0617222786 1598521.3453369141
534009771.2357021570 1716362.6040039062
534596917.3378872871 1720750.5808105469
534321184.1966708302 1718231.7536621094
542116714.9869954586 1758947.0126953125
534501615.6291244030 1719110.0239257812
534088986.8727133870 1717005.2363281250
534450510.0881870389 1718964.1716308594
504234484.6520469785 1232882.0255512698
504160726.6973921061 1230441.7889689528
504197190.4610853791 1232442.0464262469
534913432.5740173459 1721839.1276855469
500942993.3076849580 1148994.1224459074
501758736.0901899934 1173401.2897963971
503484727.5446794629 1219262.4077629549
501127549.0100389123 1154856.4774263762
501147593.3458179832 1156298.0994966887
501241431.1635692716 1158054.1017896384
515471896.0735110641 1491807.1472140104
521455505.5593981743 1586718.8459472656
521594708.2193263769 1589926.9874267578
521696903.4915833473 1592458.5885009766
487042963.6151981950 409059.5392643652
515816766.3807404637 1499030.1221966222
534275812.8002070189 1717575.6896972656
489360920.8313351870 622753.9329401383
515903614.1889887452 1500955.5404095128
521562918.4104644656 1587745.6232910156
530193665.1540017724 1676244.4761962891
521410899.6400425434 1586260.2702636719
487494343.3362827301 470192.5431726174
487214165.1360018849 422141.7809062281
534320843.7125716805 1717624.4631347656
501501179.0484966636 1166874.5510230511
503243398.7173136473 1212034.9888367569
503276526.5730422735 1213842.3095077975
521361631.1531202793 1584955.2178344727
503398092.3847571611 1215967.6097282870
501647631.3225693107 1170890.5912333680
530440591.7202432156 1676761.0054931641
503130004.4809621572 1209798.5009423075
487278483.5702464581 424488.5131977928
501705796.7191110253 1172924.7504030829
501686500.9805316329 1172401.8160577966
529293694.7078523636 1668574.3553466797
489114173.4415000677 599142.2109332720
528658467.8992902637 1662202.6080322266
487126882.4538619518 410614.8900288475
528161726.3493853211 1653410.3582763672
487476220.1330821514 465879.5887977220
489138449.3469367027 599999.2738865279
487479952.7204052210 465969.3645417280
487352175.4322451353 447157.9551988014
528718646.4991372824 1663043.7034912109
528225440.0094392300 1655668.7427978516
528300317.6630939245 1657878.1329345703
528928083.2888546586 1663257.5706787109
528392546.8242043257 1659523.8717041016
489094769.3172973394 589266.0228011116
488981984.0410974026 583345.0802046760
528928304.7847359776 1665077.0113525391
487326245.7594965696 438495.9757684825
488872474.9523540735 574956.7380721077
488936943.1428285837 580473.8855940803
488941170.9215844870 580695.4832935791
537900704.0159933567 1736155.8408203125
487293504.5529513359 429510.6462369508
489060501.0259037018 588522.7008868802
537980260.3536137342 1737238.7055664062
520546392.3100767136 1562110.8867492676
540815701.8329610825 1744576.7622070312
537652692.0479407310 1735363.7519531250
538115124.7791949511 1737666.7050781250
500640847.0668658018 1126753.0407728064
500730659.8195694685 1132171.2820030786
520485324.9419985414 1559422.1013641357
520709874.6850882769 1565218.7106170654
536714737.2245151997 1730181.0463867188
538806395.3231365681 1739876.8828125000
538071752.6809235811 1737559.6748046875
520389440.8610440493 1558713.8092498779
536786398.2147307992 1731232.8344726562
536599883.5237038136 1730146.8896484375
537001514.6688929796 1731407.0771484375
500527851.9901127815 1124305.2904007053
500310529.3966653943 1112685.5537746949
515096147.4248808026 1468159.8166798651
520346752.1731932759 1553569.4899444580
500124189.3164270520 1102623.9203058584
520347347.4277593493 1556223.2218780518
520321140.3139825463 1552210.9220733643
500218314.8970246911 1109813.4278742177
520377284.8279892206 1557582.8131866455
491837978.4327962399 753033.8175763811
498601560.4470800161 1041814.6480287015
540506538.5610905886 1743862.4277343750
491896003.8582819700 755912.1286628533
491781629.8516706228 748180.2980964470
531206467.6235349178 1677029.2305908203
540333268.6700371504 1740940.0156250000
540342900.6855911016 1741867.3974609375
498308666.6992425919 1031686.0240701139
498386313.9905382395 1034542.5313294828
519359538.9131432772 1540616.0736761093
539949645.1901265383 1740344.6357421875
539945196.8922126293 1740080.0708007812
500458914.4652950764 1115758.3265606267
491890962.5519880056 754612.3194587517
531737811.8679400682 1682763.4682617188
492070482.9360795021 763726.4885095942
491943636.1928031445 756921.4276146167
500207624.5316057205 1102990.0342389448
488715329.7691279650 518494.5606715274
488712714.7505042553 518116.7305552554
488567309.7586728334 517898.5758921695
515027656.3211994767 1465836.7490934804
519491908.5686255097 1542332.9356527328
519176948.1360681653 1538236.7064886093
488452467.3911523819 510359.1797740054
518645480.0683690906 1527889.3855323792
532312125.2366750240 1686550.6135253906
532242862.1292213202 1686416.5908203125
532158622.3403788805 1685782.0690917969
491961836.3260484934 757003.0165018428
531336713.2216845155 1678956.6315917969
531463760.2129483819 1679768.6298828125
531795396.7721245885 1683660.1499023438
491935308.3239463568 756910.3458093989
531985344.9414609075 1684775.7407226562
518583786.0795532465 1526425.3279762268
488727840.4224685431 523738.5703574591
518595066.9924565554 1526946.7274513245
518766688.7779335976 1530025.9393653870
488771640.6202640533 529081.2429944810
488785548.2155137062 532452.0228881389
518736992.4630885720 1528574.2816505432
518477072.8033393621 1524713.8709092140
518424685.9172392488 1524330.6522965431
499992040.3242001534 1082637.7242134213
499702529.9425041080 1068923.8173204930
499833583.5745144486 1075355.8386827977
499586667.7388214469 1067192.2956759781
499308603.5986039042 1058711.7219691128
499463230.7725498080 1058885.1336800777
491136401.8171626925 680785.2493085089
491041169.1144624352 673086.8621014777
491049451.8010885119 673445.4471134368
491106377.2313382030 674179.9178055819
499494919.4503512383 1062119.8470452004
499469354.9749316573 1059662.8037592345
498300566.1359285712 1013039.1043400788
498227168.5722864270 1009541.1380009674
497816804.3039906621 987998.2349721366
497703008.1381455660 986533.4313587476
497829255.8576191068 992790.5027333670
498066035.7989223599 997999.0421119705
527455726.5982813239 1617402.8820800781
527142399.4961191416 1612908.0903320312
527330466.5956363082 1615821.4194335938
497611921.8589611053 979196.0670906678
527572990.8272059560 1618369.3681640625
491423879.9316428900 690054.9338255022
491533159.3527459502 697389.4186328705
497526157.8649321795 972469.7790924683
496982739.6671718955 944854.9740041187
496991034.4800046682 944998.9365447173
496867799.0297576785 943632.8017986706
496488839.5622300506 922778.4734182286
496652393.8737492561 934308.1288492309
496829269.3434014916 937764.2827953026
496541853.9503619671 929988.6266167539
496752007.0683576465 936389.7008697540
495964359.1808186173 893597.3785096236
495944134.4162269235 893083.2498427458
496023963.8057318330 896647.3878665991
496065170.5689544082 896664.4650150366
496197563.1369360089 900095.6649662085
495730496.0214549899 863916.1520176489
495645164.7852822542 862450.4572940205
495729027.0158808231 862681.5869015269
495456382.4839526415 854599.7949748967
495472421.4706662893 854966.9250946544
495422760.0093098879 848666.9384910628
495343778.0661729574 835688.1719551176
495111571.7780048251 823618.3976780713
495004249.1053552032 819553.2132908643
495059171.2637184858 820967.7921706901
494954592.5096874237 813401.2998000847
513942732.8960475326 1346280.2150369883
513698523.7233347893 1343331.0992752314
513178515.3642411828 1328651.8567014933
513394240.4664728045 1335456.3770872355
513543988.0406421423 1337312.5962492228
513668470.6850716472 1337352.1060758829
513804960.1883568764 1343583.2761198282
513921562.3265511990 1343752.1396452188
512836681.2362794280 1259058.4056979464
512990816.9894121289 1259616.5905769514
513041906.7365593314 1263867.9677196788
513138825.4220735431 1266970.3704196261
513077566.5571300983 1264641.6430279063
513121313.5414406657 1266158.5922213839
