221731667.0559993982 1023508.5098266602
223476364.9462441206 1062712.4385986328
223688630.2547376752 1070854.5664672852
221486905.5492816269 1003727.7493209839
222185469.5551750660 1036868.4649353027
222282294.3037527800 1037621.4834899902
225143446.4362507164 1087476.5157470703
221252778.2372000515 996770.1171188354
222349184.3303170204 1040459.4645843506
222347152.9053758979 1039185.2590179443
222127181.8005284071 1033664.2888946533
222061983.5826925933 1030841.2033386230
224368066.7017297149 1078856.3488769531
221534285.8520289361 1004893.7228012085
224848281.1238014698 1085297.0631103516
221972480.0993939936 1027043.5959472656
226442560.2832719386 1094994.4255371094
225002882.2201984227 1085703.4112548828
222718080.0500695705 1048073.7763366699
221611835.7755612731 1019919.8035583496
224074730.5278901458 1073669.9727172852
223591317.9854635894 1068039.6767578125
222640392.0864438415 1047664.3805541992
223436535.9936045110 1061482.6759033203
222419928.6596510410 1041897.5850830078
222851875.3360951841 1054671.2882995605
223221480.7187369466 1058811.5842590332
224582459.6536069214 1081535.0305175781
223070815.4367307723 1055999.2546691895
224425889.5127626657 1079194.9378051758
224598759.6682764888 1082260.9884033203
224122488.1086083353 1074227.4480590820
221357048.9234083593 1001801.6436080933
221830523.2295181453 1025459.9260864258
221797872.5682974160 1024933.4888305664
223778182.5384744704 1071432.6636352539
224187894.1670885086 1077150.5281372070
224514926.1372160316 1079754.7068481445
221906462.9216304421 1026706.5589447021
221611202.0043819249 1005046.2349166870
221157481.0765630901 994364.8279647827
225101738.3937171698 1087018.8660888672
222819227.1902324855 1049492.7900085449
223538047.0598195195 1067686.5475463867
221809960.3181302249 1025047.9216918945
225794892.4330823421 1094239.3837890625
224584698.0970535874 1082237.7735595703
223320336.8922557533 1060838.8083801270
224886147.1040130854 1085459.5057373047
221504405.8192836046 1004497.0986862183
222548994.0130344331 1043425.0198974609
225389453.3978913426 1090078.2631835938
222573336.1942282319 1045465.1762695312
223480761.3591898382 1063220.5325927734
224036388.7871515453 1073616.3279418945
221711358.3378856778 1022483.4574890137
224636625.6484881341 1082423.4310302734
223274829.7247796953 1060128.1864624023
224079581.5169134140 1074110.7235717773
225205471.9374295175 1088535.9981689453
225034942.6713027954 1086999.8526611328
223449165.6531484723 1062005.7398681641
224740359.1922004819 1083940.5631103516
224537769.4749692976 1081107.9761962891
224737787.3917467594 1082954.8570556641
221410530.3187150955 1003459.6091842651
227050058.8410545290 1095033.4714355469
224178338.5535728633 1074563.1957397461
223875007.2870522439 1072185.6821899414
221286749.5817716122 997517.0909042358
225510609.8337233365 1090212.2993164062
226053887.5927916765 1094789.9841308594
225434515.4214686751 1090101.4780273438
224681687.6720654368 1082446.6458740234
223877038.7119932771 1073533.2481079102
223116207.9063201845 1056555.4935913086
224326851.8543687761 1077727.2884521484
224470951.5363399684 1079218.1526489258
226132824.9387785792 1094840.9304199219
223344076.7934542298 1060853.8865966797
225590871.3066692054 1091637.9804687500
224785421.2157777846 1083963.7779541016
225650408.3650401533 1092990.5288085938
225546674.8213277757 1090928.7001953125
224321811.5245482028 1077701.4447021484
223437038.3807108104 1061484.8489990234
225708127.6629250348 1093013.4370117188
