912472802.3026300669 2286037.9202946275
914256997.4037544727 2299211.1171315908
902015851.4025045633 2159602.2830290794
897473424.8757122755 2081180.9735064867
907360473.6298124790 2228800.7826908678
907360473.6298141479 2228945.8495853990
899526451.2834849358 2116559.4454880124
900313233.1889566183 2129206.8325285912
918250167.0593872070 2329322.0495719910
899016850.0231750011 2105144.3518975144
909517639.0488551855 2254298.3170683384
901702886.8957599401 2153550.8723235130
911724175.1447598934 2278790.9189823717
907953797.5308589935 2234147.1378630251
920711790.6228924990 2343602.0880126953
911620282.5106141567 2276335.5078612105
907532903.8216747046 2230511.7941069603
900259196.1412184238 2124517.5613651639
900910830.3340833187 2141514.5337615013
909825622.8365706205 2258701.1657169908
908872373.7985937595 2247016.7908695787
918123418.3297119141 2327578.1721305847
907360473.6298140287 2228807.4823978990
895816541.1460592747 2038138.4148402426
901216409.0655131340 2147695.5261626244
911166881.2383356094 2270996.4551237673
917672353.0045776367 2327358.1833000183
902994119.5176826715 2169399.0710844994
898405448.8174664974 2096320.6401666168
898701433.7169061899 2102689.4558404451
900407363.1082501411 2133172.0608000755
897828703.7325987816 2089712.9095402125
921400390.6870844364 2351092.0657348633
908435270.6035175323 2243655.3136076927
912595377.8068600893 2288259.8133610338
913980041.8577193022 2298893.2802199721
904702069.0547918081 2197861.4758391380
908375332.5668450594 2239894.0647429079
904094680.6243379116 2189652.7940154076
904136677.2116074562 2192687.2464079857
908697583.6180779934 2245618.3821781725
911917522.4574184418 2281492.3485478014
904132306.7174420357 2190194.8978362083
903285751.6878770590 2177273.5484794974
911940857.1682040691 2281721.5216435045
913980041.8577202559 2298896.2985305190
905199456.0805795193 2206485.6280608177
905010266.3381577730 2202282.2259001732
903685833.3217600584 2180224.3468413353
917210151.1522156000 2322414.3069572449
897897677.0158973932 2089890.2914727691
918250167.0593864918 2329310.2419548035
910458077.5597904921 2264135.0387358665
909293573.1948049068 2254057.4203861803
909925893.5911535025 2258958.9844120592
912364190.6257356405 2285650.3172672838
920955125.0733129978 2343907.0343017578
908792237.1535292864 2246930.3414984480
908368427.0081374645 2239648.0439687818
910490360.6742968559 2264288.0485014915
896321443.9750144482 2059913.4751561049
895946071.0645412207 2040302.3941493246
901924137.9862940311 2158649.3483977318
902278685.5196548700 2162938.8680815697
920174469.3573030233 2338749.4006347656
913839197.6300621033 2297739.7255324721
903684528.2689514160 2180171.2753386497
899960923.1348754168 2120363.2913456326
898946500.9822025299 2102930.1379928952
896252271.7341060638 2056102.1694920424
913356963.6940091848 2293776.3331364244
915509337.2866778374 2309475.7885742188
903810182.4772994518 2184865.4704680443
907989214.5313509703 2235397.9300993532
919597751.0268731117 2336971.8480834961
897473424.8757115602 2081178.0328326586
911513084.7907737494 2275804.8483153121
913036212.6820317507 2289789.3065250963
897140719.9412801266 2072286.5838556651
914744933.2859541178 2302948.7070922852
897537006.5493412018 2084340.1507220629
903698141.8100914955 2180921.4768157005
900662664.3875620365 2139391.6920256615
902103554.3250304461 2160533.3962492943
897938882.4045226574 2092510.1133365992
908375332.5668437481 2239887.9751432985
898309406.6792018414 2094582.4890861872
922951151.3856239319 2353328.3956909180
898488391.4754744768 2097770.7627520924
898639925.7582092285 2098989.5927081471
903991898.6935603619 2187881.8533110619
922966177.8053184748 2354728.3759155273
896917875.4040477276 2064972.5245623800
900309879.0546019077 2125378.8600707054
896666801.8102422953 2062871.7760365370
903777859.3263542652 2183598.5727629662
915392547.8529809713 2307112.1013793945
910452198.6245583296 2262550.5229887962
924827817.2428396940 2360645.8242187500
897138048.7932268381 2068060.6568026904
897239880.1442689896 2073824.2735705588
910850019.7777168751 2268697.0736540407
905010266.3381565809 2202249.0125212669
915104743.3874291182 2305038.0884399414
924510893.7777656317 2359938.9001464844
913980041.8577202559 2298897.2435988784
913372106.2556513548 2294496.7689274400
897938882.4045219421 2092500.2500553492
902718352.5524108410 2167030.4171538353
922966177.8053181171 2354716.5682983398
924233199.7074950933 2359149.1134033203
901075310.9874081612 2145392.3927092552
910999228.9364931583 2268899.0987394899
916164755.1908123493 2316502.8973693848
918664136.5740895271 2331959.7588996887
918194716.8016717434 2327881.4820938110
900407363.1082495451 2133168.8195891380
911149931.4098898172 2270168.8015593141
916644047.2845857143 2317873.3178215027
916179804.3215714693 2316714.6018676758
895702719.0223361254 2035646.1614890064
912174663.9340207577 2282424.0719059557
923735673.4317386150 2355083.5662841797
901474279.0015554428 2149465.4576506615
916037225.7659232616 2314422.4972229004
914853544.9628497362 2303346.3494262695
922590104.7676627636 2351122.1342163086
915079116.5427744389 2303507.6888497248
899870689.5420645475 2118271.8683714867
900069019.8916364908 2123277.9262328148
896205750.2316192389 2054746.2929339621
904718491.0721212626 2197888.6093840599
907544178.3359823227 2230950.9785917848
924473816.3829277754 2359446.2136230469
904358101.6386153698 2196492.0983061790
899234941.9870883226 2109516.6177545181
900549205.1101063490 2133838.2572722435
896089484.5889415741 2053574.3399021986
897418058.1320964098 2074304.3786995772
901019684.3667447567 2143633.5185027122
913526019.1804517508 2297141.6346505061
895668289.6079860926 2033008.7334742758
910198015.7581850290 2259252.5187590122
910718197.0195300579 2265428.4631804079
899188257.2550123930 2107614.4797235122
916072127.7882715464 2314491.4751281738
895816541.1460579634 2038137.7781214926
895954349.6602225304 2042868.0952182028
915141349.4284020662 2305420.2920532227
897124450.6037347317 2066815.8326678488
917461349.5767960548 2323727.5218009949
917426447.5544471741 2323658.5438957214
897820454.7683426142 2085145.1827350024
913372106.2556507587 2294492.8055485338
899882159.3165026903 2119932.0886778831
899511690.4586280584 2114655.0032000905
907305239.8416508436 2227999.7096953392
921209813.7265629768 2348548.0104370117
920174469.3573018312 2338738.9687500000
912712528.2705628872 2289248.8298145155
899480122.9765888453 2112909.4121661549
901248191.4453943968 2148174.5909514427
917420659.2859873772 2323462.3933830261
904718491.0721216202 2197930.4560637474
916659149.8234882355 2319454.8445549011
895599385.0876598358 2003844.2628176573
916317529.7808605433 2317597.9774780273
900804506.3894186020 2140061.1297087669
916954789.1687964201 2320163.8024406433
902041417.9480767250 2160233.4991545677
915743438.2928133011 2311145.0260314941
896205750.2316185236 2054741.6803851340
918445915.2262529135 2329707.6866836548
923901622.4312220812 2356302.5217285156
910435248.7961119413 2261722.8694243431
907808660.7007935047 2233201.2502897829
910198713.1806186438 2259882.0248259157
915118014.7176163197 2305181.1499633789
910287635.8884772062 2261510.3042448610
901559703.9916812181 2150896.4914946556
905139267.0891954899 2202594.8250517845
915141349.4284018278 2305410.3230590820
903730067.4982517958 2181277.9423003197
917542202.0735692978 2325527.6356925964
923620500.7394673824 2354772.7551269531
917793400.4981501102 2327365.2853507996
901916184.2985877991 2158107.3219084740
899316461.8766896725 2109767.1541818976
901734398.1379799843 2156984.3688445091
909695882.6207218170 2254481.6847136021
907470950.0360401869 2229321.2622771263
917461349.5767967701 2323737.6719474792
901501420.2943420410 2149802.3459062576
906137221.8755254745 2214027.7813932896
923981077.1719613075 2357586.7609863281
897424827.7738051414 2077500.3634219381
922856547.5930099487 2352925.9005126953
899220116.6128685474 2107881.5192540055
922856547.5930101871 2352928.6090087891
922624423.4419643879 2351725.0278015137
899393955.6231782436 2112482.8952274686
908335476.3331712484 2239598.7573950291
910435248.7961122990 2261726.8328032494
900505056.8725920916 2133368.9335875511
895375556.2538486719 2003447.3747058127
904878708.3872785568 2200136.3453459740
900975956.8928073645 2142983.1778655052
902117756.8550974131 2161804.7256255150
912209687.5088987350 2283234.1969481246
905393989.8486530781 2206835.0347075462
905664434.9497828484 2210926.0362639427
913136405.6400412321 2292229.3020390123
901428456.1839557886 2148633.6972136497
921129392.6632586718 2344082.3624267578
922624423.4419641495 2351722.3193054199
902609482.6828994751 2166484.2049582005
907648863.5874238014 2232340.9278082848
905962313.7250552177 2213746.7922148705
915952552.7509734631 2312403.7296447754
902727821.4552558661 2168268.8944113255
908026800.3910552263 2238619.8155729771
911451966.8953264952 2272302.3251249790
907613513.7744501829 2231860.2681059837
904688085.3355820179 2196535.9799895287
910449822.7273685932 2262485.9086089134
906321059.0296537876 2217108.6649835110
905431727.7778800726 2206983.1737761497
902307284.2273343801 2162949.7190911770
913332787.9253717661 2293104.7132456750
906597418.8711975813 2224379.6037042141
906484899.1556602716 2221241.2481474876
906214508.8275443316 2215247.5307097435
912844097.4168688059 2289519.1213446395
906076493.6271171570 2213947.5097479820
914544928.0841580629 2299423.7040811181
902998450.0108799934 2172737.9289336205
900151246.5464290380 2124059.5361154079
909098891.7616571188 2249210.3423643843
905433469.5610150099 2207104.3542876244
909003499.6371897459 2249017.5784208775
909200035.8055166006 2249712.7320738570
905883673.5244482756 2213269.4132475853
906557781.1741280556 2222198.0398955345
906484899.1556595564 2221229.5535674095
906597418.8711973429 2224370.6696221828
901187713.7644025087 2145436.0767302513
908607509.8932964802 2244845.7926847935
908556385.1378824711 2244583.8595793247
921397507.9782305956 2349037.4996337891
905433469.5610141754 2207099.8916411400
903625486.5883138180 2177753.1154265404
903760054.3739836216 2182219.4594206810
906269171.5441586971 2215542.5784356594
899121991.5133079290 2107372.2788975602
899378917.0670320988 2110392.7072422868
907673958.4546129704 2232585.9336981773
905454492.5554761887 2208938.0857994556
913243774.0480095148 2292750.9345915318
906557781.1741272211 2222189.1014189720
899635770.4206758738 2117466.0623772508
906465430.7985404730 2221014.1655707359
909175948.0983968973 2249584.0573302046
902741296.7963249683 2169367.4650290012
906374415.2860604525 2219350.0799582005
906484899.1556599140 2221230.8138213158
906368863.9146006107 2218816.4544463158
903212496.5474057198 2173382.3653044701
902741296.7963249683 2169361.8688375950
905696636.3818333149 2211860.4979948997
895361831.8224217892 2002479.6776843283
895125375.4565014839 1995527.8936827544
905663316.2719132900 2209861.2353911400
922689927.9846171141 2352480.9220886230
907214566.1878511906 2227425.1857085228
922689927.9846167564 2352476.8769226074
895038311.9284616709 1990884.9853585127
906484899.1556591988 2221228.1053252220
903105225.3601405621 2172848.5878996849
897093705.5448279381 2066617.9086439970
902741296.7963230610 2169355.2257711887
920321523.4023375511 2341286.3740844727
907012664.1952892542 2226461.4950041771
922689927.9846162796 2352475.8908386230
902526342.7085307837 2165454.7193624973
918973979.6211626530 2333943.4064025879
908969222.0786162615 2247320.3560392857
906410729.3640257120 2219713.9257597923
919531052.4693329334 2336188.1953430176
906777239.8351395130 2225400.6226592064
919531052.4693324566 2336177.1787414551
902400299.4598543644 2163825.0223748684
911101043.0070902109 2268979.4547331333
911220967.2993322611 2271441.7503874302
907908156.4635127783 2233301.0122892857
907116997.4325721264 2227241.7401556969
895269248.6925209761 2000650.6194823149
917270579.0891705751 2322934.8826904297
919669769.6962497234 2338463.8232421875
917485473.9082993269 2325465.0908203125
