460976264.3557672501 7079559.2773437500
460728172.2279441357 7064832.6914062500
472688688.4208211899 7662303.3671875000
485550006.5026988983 7952548.0058593750
483536412.3316638470 7935926.8164062500
471453632.8422134519 7638323.4042968750
464021739.7186368704 7260319.0996093750
453752385.7649950981 6351281.8085937500
454090865.9580743313 6400170.6142578125
454570653.8836154342 6465523.4902343750
455569063.2745245099 6589212.9140625000
457335662.9477830529 6776400.2695312500
464918376.1108392477 7325747.0078125000
539188796.8083139658 8415400.6699218750
475290563.3629466891 7731719.4746093750
489221635.9875774384 8016548.5859375000
462895393.1314893365 7199906.4550781250
451879482.2848200798 6052517.4423828125
453491574.0361955166 6318635.4238281250
454322268.0773645043 6435878.2841796875
458771676.7356622219 6913153.4160156250
479451430.9665825963 7842338.5136718750
466713187.1405423880 7424059.3222656250
451004280.9350126386 5876150.0205078125
462551998.3987852335 7181600.6445312500
453428257.1602873802 6314416.2314453125
460301889.6232099533 7039651.9316406250
463726237.3414204121 7256563.6054687500
451962157.8554894328 6072751.5068359375
455503127.1915993094 6585730.7441406250
458178139.0262277126 6854972.0000000000
450924534.0021440983 5851328.4658203125
453387952.5581437945 6308987.3955078125
451931489.6806890368 6061846.3945312500
476265701.7871218324 7756493.1093750000
451281314.1504293084 5926704.2138671875
451355453.5316465497 5938366.1044921875
451663403.6188800931 6007786.2343750000
455719962.3811066151 6612483.1152343750
461410323.5879395008 7115475.8183593750
463237149.4009537101 7225181.3417968750
450831330.3326556087 5814369.4638671875
451256400.7834009528 5925309.4248046875
451544701.1457611918 5979078.6914062500
476869693.5333305597 7778737.3886718750
451730792.2010406852 6027062.2041015625
458127971.0304472446 6852316.7519531250
459621178.8182374239 6996480.3359375000
526502034.1724002957 8331904.9921875000
526943875.3768389225 8335717.8593750000
470024675.8525822759 7574828.4960937500
452172634.3463867307 6108237.4482421875
451101337.5183023810 5894000.5673828125
469784446.1877434850 7560975.0039062500
453147805.7292023897 6272372.7382812500
453513520.4252338409 6327360.4785156250
452070010.1241797805 6092770.9755859375
455886900.8482819200 6631986.4707031250
461630640.6015515327 7128187.3945312500
470240739.5369010568 7577477.8242187500
454214231.6042923331 6420380.9375000000
451057517.2336782813 5883958.4833984375
470366045.0379518270 7591218.1367187500
464744490.3781693578 7309599.2167968750
456524373.3642133474 6691895.3691406250
468306900.6306020021 7497971.0859375000
492661982.4328441024 8025936.4238281250
491357477.8639113307 8018656.6054687500
455530754.7366904020 6588694.4746093750
455044027.5924471617 6531050.9921875000
454591113.0385015607 6470346.7617187500
451478178.4223145843 5962894.9199218750
452908794.9785080552 6235750.5869140625
453444977.3995293975 6316794.6572265625
452690558.2428545952 6198556.4619140625
479944430.9414663911 7868584.6816406250
487848221.3480669856 7959879.6406250000
481167668.1913406253 7887062.8437500000
455272365.7326440811 6555164.8281250000
451097726.1792576909 5888569.3212890625
451908976.3900949359 6055987.7128906250
454930617.3577147722 6517688.7539062500
452537369.5456687808 6174222.2031250000
461476058.2158910632 7121102.2871093750
463432727.6114367247 7238082.8984375000
479730693.8157614470 7849140.6562500000
479077077.5680950880 7833479.4843750000
478114399.1059473157 7802145.7675781250
467187667.4439976215 7443301.3105468750
456866787.8824875951 6736729.1347656250
456595275.8833737373 6698630.9257812500
452963841.4675461650 6243031.9892578125
455125402.7394054532 6544183.1035156250
477051752.1533248425 7787490.9902343750
451422951.2693409324 5952079.9492187500
455701283.5208273530 6610596.3417968750
460036590.6573830247 7027382.8945312500
454048035.4036868811 6398820.8671875000
455091347.5306008458 6541219.3730468750
464303356.2900393605 7278743.6914062500
476728287.0613789558 7763143.5468750000
451097272.5299635530 5887285.8554687500
453904943.4775221944 6380510.0673828125
462018026.0334867835 7153556.0820312500
538085812.3106137514 8409369.3359375000
453786547.4805780053 6365029.0722656250
451379130.9847168326 5942903.6777343750
456931874.8244270086 6744773.8574218750
453648916.8272202015 6347539.5654296875
461716112.3820522428 7131606.5410156250
465081199.3452279568 7330896.9667968750
510625910.5450554490 8169989.8828125000
510279766.3496310115 8169111.5527343750
460819190.8574405313 7074932.1816406250
464551596.2021809816 7304923.6308593750
454744583.5352360606 6491421.9472656250
455762789.6413592696 6621936.3808593750
455593913.4488135576 6595785.4023437500
454855929.7062618732 6503876.4082031250
469255381.8869205713 7551167.7187500000
459176241.8066974878 6949145.5000000000
452331756.1806229353 6135987.4023437500
464445701.5285832882 7284466.4628906250
452784926.4563017488 6217825.2548828125
461117442.9990175366 7092796.6542968750
460371812.8265888691 7052679.9941406250
468166543.0226420164 7495321.5019531250
454111232.1427507401 6405920.1542968750
451529293.0422484279 5969853.8769531250
459256594.5571212173 6956458.9394531250
478573962.4475122094 7812051.5214843750
538272579.3523125648 8412310.2187500000
478833483.8899176717 7831176.3183593750
467476639.7247022390 7453084.5410156250
461281257.4602083564 7105762.1035156250
453259035.1040224433 6290141.3535156250
491626633.2686706185 8018670.6113281250
499978606.8250678182 8104026.6269531250
530799367.9939640164 8343186.5390625000
464361017.0711605549 7281938.1445312500
457155554.4427149296 6756133.6796875000
473597924.8694140911 7697731.2617187500
473073915.5290773511 7676653.3652343750
518117565.5551157594 8276972.2617187500
518131883.3979629278 8277806.1289062500
454144118.9981971979 6410859.5234375000
453091050.0936967134 6262222.4726562500
479083747.1768776774 7838647.3300781250
451928153.3564634919 6058031.3398437500
464216199.2924386859 7273748.6464843750
477229403.1829176545 7801156.7578125000
464860086.3487519026 7321346.5019531250
453325882.8402242661 6299630.2910156250
459717682.8119603992 6999028.8632812500
460014411.4983850121 7024139.7519531250
459288170.4669480920 6962598.3222656250
454048571.3174654841 6399368.1894531250
458849043.1634120941 6921835.7675781250
473771306.2570065856 7711742.6386718750
536474047.4793077707 8374144.5839843750
454401568.0981778502 6444733.5527343750
457384219.1605173349 6785318.0332031250
459251333.7440311909 6955395.7812500000
469025573.3572299480 7537900.9453125000
458911593.5120283961 6929788.3984375000
479610094.3830671906 7847238.3203125000
456077754.0773916841 6649959.5722656250
473563521.5519655347 7696905.8203125000
460178225.9595760107 7037105.2011718750
453107948.8808333874 6268193.2324218750
537092225.8988138437 8383418.7871093750
457695079.9255259037 6809906.7578125000
511042715.5908732414 8198338.0878906250
453828582.8493576646 6370010.0820312500
458626518.6946316957 6906247.1796875000
473658114.6879226565 7701706.7011718750
456557028.8256191611 6696644.7519531250
458865458.1871821880 6923638.7539062500
467775525.7250742912 7463108.2910156250
499897471.8313252926 8099024.5214843750
479669204.2810735703 7848641.9726562500
473228433.1817697287 7692826.7773437500
459047705.2890828848 6940471.4433593750
456449401.5315533280 6690003.5449218750
465141365.9135706425 7334499.1679687500
452386880.6886679530 6144221.9687500000
453571019.6243184209 6333127.1738281250
453497134.6703154445 6325832.0703125000
453574863.3913128972 6334011.5468750000
456201936.6236243844 6656997.1386718750
456068518.2938342690 6648398.2714843750
456410410.9795960784 6680663.2675781250
459279473.4894808531 6960208.7207031250
453880876.5189685225 6376398.1054687500
473153951.1361710429 7681078.4375000000
457502689.3476244807 6795590.2773437500
458890711.8757474422 6927574.3203125000
458227722.5845078230 6863024.1484375000
466470411.7807689905 7412086.2363281250
458440785.2665269971 6890189.2734375000
537868465.0811696053 8408871.4687500000
466386400.9975656271 7407535.2929687500
453628306.6523070335 6339928.5644531250
452445007.8499582410 6154978.0312500000
522937947.3970952034 8281752.5253906250
467331861.6951255202 7448959.6835937500
458045475.4826069474 6846191.4589843750
514721411.9962542057 8224282.2246093750
456816311.1449614167 6727246.3046875000
455970006.2619061470 6637362.9296875000
452406166.4107041955 6147232.4101562500
481093461.7626486421 7883145.3320312500
471634533.6528156996 7650516.7578125000
456247704.3163705468 6665669.4121093750
452266536.3254591227 6124202.5000000000
452490127.3775429726 6163462.5351562500
480135102.1058897376 7875033.3925781250
478695414.9682049751 7814416.2792968750
474407394.1641808152 7725744.5195312500
495729428.8840669990 8046990.5390625000
495505119.2078540921 8044996.4375000000
451699903.4248341918 6011276.4355468750
455936359.3017268181 6633329.5664062500
475692750.0179452300 7747462.4335937500
472991093.7588695288 7671276.8945312500
472956244.2360341549 7670023.9414062500
466470554.4830769897 7413789.0214843750
451647402.8247068524 5999350.6503906250
461599496.9807924032 7122186.8007812500
537627284.6588315964 8404752.0644531250
478304289.0333119035 7811745.4648437500
471947950.4486275911 7654541.8867187500
472976599.4371548295 7671211.3007812500
537583211.9164466858 8401368.5703125000
470782596.0744757652 7608845.3632812500
469024058.3666296601 7529690.0976562500
456635463.2438885570 6706387.3652343750
497562643.6763733029 8064771.6093750000
470568518.6281516552 7598840.4257812500
470563020.8512408733 7598487.4609375000
470241164.0468057394 7583679.6933593750
470093562.5969023705 7575684.0292968750
472901248.7302902937 7665856.2226562500
457926700.5671803355 6837511.2929687500
456681400.9324700832 6710544.3945312500
483283027.2142823339 7906327.9667968750
457726452.4684997201 6813228.3339843750
482460832.2724682093 7899513.1738281250
456706339.8151835203 6716371.5976562500
456429603.9924010634 6682415.0546875000
532839560.6044008136 8346248.0605468750
470314867.6602110863 7587109.4531250000
466412248.5642508864 7410228.7167968750
464832080.4614577889 7316036.0546875000
482578856.0912466049 7900240.3183593750
467895226.0153204799 7477084.5664062500
507798227.4259111881 8148411.7148437500
507744459.2497200966 8144248.2148437500
466884756.0772576928 7439690.3476562500
525301812.4425130486 8305576.8359375000
493705823.6369162202 8032549.3007812500
505978102.5845428705 8120257.8339843750
507102907.4003525972 8126467.4667968750
523921217.4018515348 8293388.5996093750
523934881.5011135340 8295573.5644531250
461088894.5648177862 7088792.7753906250
509645214.6964032054 8153018.2304687500
517161806.5721624494 8250265.6328125000
526419665.7827070951 8306348.7539062500
461226793.8368523121 7100515.0234375000
483277208.9998593330 7900847.1367187500
482976682.4381777048 7900793.1718750000
465392781.4127014875 7353905.3730468750
465683766.4393062592 7375842.0996093750
464415572.7849007845 7283365.2753906250
487626942.1905584335 7959655.7636718750
462112850.1169884205 7164624.4433593750
462390709.6859383583 7179729.8750000000
462238762.6497516036 7166237.0957031250
462795060.2631180882 7198151.3164062500
463062578.6616115570 7220181.4628906250
462441291.1296290159 7179770.7890625000
488100596.3347002268 7961594.2910156250
462610221.6008726954 7195250.3964843750
462349810.8613669276 7175566.0859375000
507451930.3133370280 8134604.1894531250
503502147.2299349308 8115321.4375000000
465591034.4600248337 7364752.8261718750
510048334.0242149234 8158949.5214843750
489097392.7449936271 7968830.7578125000
488829305.7116498947 7961789.0703125000
467452635.3285387754 7450793.5175781250
467596672.8345292211 7456652.1152343750
508513263.6026476026 8148801.5273437500
510241067.2386558056 8167801.3378906250
503403028.7930120826 8106666.0468750000
