268270409.4440322518 35326.0191381391
268232638.8696900308 34503.0441180750
271844075.8284745812 54340.4877676204
270408683.2276370525 49764.6421835948
331223038.0427879691 125311.9415283203
268409388.5922402740 37214.8599914983
271883413.4350588918 54341.6875531733
271497950.5095723271 53428.5463610947
267997973.1322647035 29302.4452438917
268009116.8804421425 29302.6369592067
268021992.9618699849 29527.1978413578
271124341.7517517805 52660.8818947732
271112479.0285072327 52511.4160205185
267992913.8016175032 28718.3664080467
268064889.9989854693 30544.3514508571
268082160.1196628809 31298.3287732567
270471439.6779567599 49974.3962599694
270479956.1650404930 50156.4271934050
268099800.6457332075 31435.3851219680
268463168.0917165875 38120.1641575173
283096011.5232303739 66044.6925809065
320647642.9123194814 115692.8916722946
320742962.3315221667 116030.6791783981
329915927.5575628281 122046.9916458130
271134414.2981826067 52819.9942161500
271055134.8435555100 52335.3684837281
270710257.3716748357 51597.5771629274
268294738.0482640266 35751.9536734894
269084712.9788770676 42495.0126081597
268861489.5785142779 41561.4751492034
268077283.9315334857 31076.0335528817
269854238.9299138784 47575.0994479371
274694158.2574993968 57873.4102109790
268301135.0264021456 35759.0917474702
268090167.2331714034 31310.3912846114
268037418.3511180282 29659.9919794839
268783380.1893770099 40733.4505763724
268583093.5807310939 38989.9601783231
270391791.0366348624 49750.8349229157
269844166.3834826946 47413.8127910806
268535081.2959490418 38945.8688086942
268634216.5250172615 39854.6414926723
268504022.6978336573 38588.7481347495
268048676.7693486214 30527.3395986821
268790856.4715943933 40794.4082504510
268687811.6527407169 40274.2027475833
274826007.7089111805 58636.2714618759
269132135.4165655375 42721.0937189054
326067022.8858492970 120535.7661218867
268349563.8157167137 36670.2831351832
268068411.7513680756 30575.9939876124
268180126.0329501033 33143.5597741570
268243266.7711839378 34821.9179901108
268259517.8069993854 34989.4804367647
269135809.5671222806 43191.6842599328
326465657.0459749699 120995.8174964655
268247311.8468522727 34894.0738738999
268435480.7751817703 37831.5311029032
271578904.1039346457 53563.5154564881
268420099.7589474022 37508.3842923716
268718870.2508561611 40634.1855152141
330326622.2945160270 124900.9895629883
268596621.2481035590 39351.9044833356
274592126.9686995745 57659.0762546638
268776248.2611317635 40715.1067596152
329391375.6046450138 121597.2962722778
329518233.2699317932 122035.5717239380
268735762.4418585300 40647.8888339888
268056882.8854769766 30532.2889395024
268258485.9083749056 34896.9607978687
268293127.9128936231 35744.5687781647
268479483.9959474802 38134.9706953001
330958824.1488637328 125228.0125732422
270042415.6200619340 49465.0457030455
268228405.2511439323 34446.9907798286
268676790.2963592410 39955.1294840984
268994007.1428343654 42316.4016415518
316626488.0392532349 110999.6338325180
307010933.5427858829 95064.2702438079
268043510.6813614070 30296.2618907060
268940140.5351257324 41858.7205914099
270216544.8318649530 49573.3817823272
269675357.9646440148 45744.2570473891
269615599.0430281758 45530.8024012114
268233281.4392733276 34677.6632804390
330829230.1378782988 124987.1233520508
268822591.3210686445 41394.3457066905
268094801.3342090845 31404.8964792605
269564684.6498220563 44721.9430849835
309988383.1185683012 102633.8415162805
268607708.9156270027 39694.3557638600
269288192.3927804232 43471.0176739324
330770374.7211794257 124928.7967529297
269544588.9131663442 44711.4859555255
269377683.9320653081 43757.7664973888
268118806.0548391342 32216.9468553032
268236528.2069417834 34746.8805291619
268151793.7889972925 32887.0863597359
268113929.8667097390 31989.2177798714
269978429.7149415612 48594.8955039594
268851975.4067198634 41456.9283452075
269566849.6237481833 45321.2992723625
269156244.0825271606 43225.7578946505
325010757.5390574336 118350.7674648091
268232804.5390984714 34505.9153014537
269806469.7811518908 47061.6142453294
269117972.0656814575 42586.3232721280
268964951.7395831943 42247.6319096129
268981843.9305856228 42261.6040414557
268113693.8466839194 31959.7192485299
270014380.7680224180 48726.7146910917
269457407.0177713037 44492.7918997764
268118570.0348133147 32182.0144689049
278993450.0836629272 60810.7356708162
268094565.3141832352 31369.9640928622
309338520.9666588306 100971.9044718128
269590109.0071356297 45409.8416006810
268191864.6611864865 33902.2168328728
268159001.5499422252 33018.5311372246
316289571.8680129647 108910.6276030065
268528925.9013305306 38823.6467535594
268359626.2708164155 36682.9452664927
268371964.9183067977 36685.4385764673
269524879.6091748476 44672.5723669886
269509785.2850924134 44601.8350389640
268169064.0050419271 33030.8340203728
268201927.1162861884 33914.5197160210
268214265.7637765706 33916.8894474473
268394308.3650004268 36798.0006183386
269878761.4815810323 47799.4380048856
325471444.1771043539 118953.6942168325
268388696.1867930889 36751.2724715471
319121695.4073845744 114576.0560213346
271961800.7617155910 54396.6357465871
269356021.5823522210 43644.6385603081
269885297.5280292630 47960.7246617418
269826874.7845422626 47220.2978238206
269867508.8950502276 47754.4834332379
327428293.2151954770 121194.3189079035
330088376.8890827298 123428.3589553833
269904486.4472833872 48523.7041639428
268404543.1275999844 37018.3712513149
269875224.9815980792 47799.4380048852
284926136.4939305186 68188.4185851025
304274249.8887382746 92583.5229349623
323495614.5613298416 116610.3733144123
279898226.8736385107 62236.5844657533
279498017.2215495110 61522.2531879060
282212695.3626842499 62980.9294574372
269751992.2008098960 46379.2815751176
327691791.1070144176 121592.5195304621
269785973.7335836887 46998.7100092213
274304398.1115636230 57533.4476610997
274177199.4437416196 56541.6785962805
274710188.3836768270 57963.0464313455
315696973.7422090769 107647.6922876788
316037269.5854744911 107881.0475733234
269780514.6707940698 46517.8063678605
308182021.4000343680 97314.7517979043
270524995.6754668355 50500.3814843547
272039851.2207977772 54495.8944888301
303637544.0686318874 92500.8548647405
283143600.8362869620 66796.2369424332
282761637.2448090911 65949.5955788771
270716695.3952493072 51655.6361405314
270492632.2977221608 50245.0052131936
329509596.9065836072 121665.2434768677
271662531.7912666798 54274.3322369545
311385456.9043674469 104330.3907868117
322139642.8446702957 116413.3988744430
329515567.1195797920 122018.3222198486
270539277.3415023685 50514.9963740266
283893272.9731216431 66807.3086313026
274464426.3043728471 57610.8629137853
312586230.5235690475 104806.9490867114
311914611.7071965933 104643.6344504809
304338502.8148228526 93355.5459802037
274620546.1689268351 57835.2664023543
314213571.1353476048 106666.8781178603
307150509.4967770576 95569.6213582646
270594213.4027534723 50730.8022020408
274722455.3741670251 58101.9258943141
309660217.8495275974 101009.8427314847
285988506.6010597348 68444.0502989697
316862366.8902004361 111382.7101149969
274504942.8598510623 57623.4000841955
316595570.6324929595 110748.7415655227
317582779.0517793894 113147.4194838423
317648458.0537332296 113889.8861423898
310751235.1243367195 102705.3547184933
322111055.4242831469 116318.3410741501
270697292.9234371185 51318.0854745161
307756341.0497226119 97244.2116367714
318779687.6519661546 113991.7820944302
307433905.3146829605 95977.0481586903
303101558.9973006845 91226.5675673351
323155691.2705526352 116431.2199193649
313473230.7414324880 105042.7421624542
305680825.9072800875 94371.1750321606
282631513.6601805091 64301.8159832555
270572344.5534120798 50661.0798036309
270556603.1949484944 50541.1211426042
316326382.7477660179 109429.0340476008
324642633.2991749644 116767.3913322566
324985510.5872722268 117445.6878410457
306696079.3904826641 94565.9693389902
273947326.4639558792 56480.9921212202
308479819.5631912947 98452.7001304384
317491787.9995525479 112579.6082439106
307401639.5649665594 95585.5314624221
307096310.9025198221 95079.9311337093
275249822.9247220755 58657.7635277744
314007785.5471899509 105162.9304825780
280727006.3941763043 62327.6550633508
275466365.8016273975 58773.4099049182
275544843.1505272985 59278.0545566149
275457434.4705288410 58768.5560807544
306912410.1692331433 94570.3638581950
275413317.9844677448 58761.7384073096
275516643.6995669007 59069.8343963084
275827538.2681082487 59499.6134089531
275663681.5169392228 59293.0053428059
275980296.4442322850 59507.0545967558
273325116.4391877651 55614.4285449982
273252441.3976543546 55356.5714662750
281915748.5071933866 62940.4255105976
281038733.9451515675 62807.7197775200
276035571.7762767076 60056.0345890459
288133592.4317224026 72226.5120944232
287822906.3230679631 71655.2662647218
288201495.3237886429 72938.1547911745
287838170.3954648376 71807.5732100587
286526977.8837732673 68600.1179181915
286909177.9346541166 69616.3875291329
286630085.0072972178 68878.2532002907
286970566.9440878630 70090.9818770867
286941286.6815110445 69684.5383660775
286825601.2572849989 69449.2133443337
286588179.1579659581 68612.6370422225
287765139.1289179921 71227.4608271699
287382513.7454348207 70556.4033215623
287525073.2820984125 70795.0266664103
287231791.3890040517 70455.5742738321
290640939.2867695689 75506.3926954269
291676438.8156970739 77153.7814693451
292082904.9601420760 77901.0316991806
289034159.3702412248 73917.1573491096
290924591.1270695925 76290.5274181366
290720114.3713206053 76058.4349193573
289023963.2796054482 73042.7162632942
291153905.3063063025 76745.3272571564
290969600.3956878781 76613.5623836517
290303957.4221263528 73976.0577235222
290330468.6266744733 74060.7181925774
290354013.4301049113 74288.2963681221
290472725.8154650331 74957.2561330795
290614985.2979398370 75223.2149953842
292062469.2242745161 77420.2843875885
293350735.0559386015 77991.1979598999
293607848.8862598538 79362.7543334961
293572859.9082028866 78896.5573348999
293914897.5650284886 79739.1555061340
293465115.3448411822 78030.7729301453
294024520.1841524839 79866.6400909424
293751528.5586228371 79681.2935791016
294422925.8790088892 80814.9140148163
293568473.5277614594 78380.2540578842
294415242.5146080852 80770.7377510071
294228884.2021134496 80741.2710590363
294491920.9199062586 81181.1219654083
294038857.0660391450 80241.2257022858
295303322.3139837384 81746.7930941582
295608211.8448504806 82777.9514946938
298704622.5552805066 85717.2648200989
298535761.6854853630 85213.2916584015
298318055.9327347875 84985.9014110565
296638289.1618785858 83382.2257013321
296766555.3702698350 83724.8337688446
297088558.9445341825 83874.4130716324
297524103.9815217257 84086.9302492142
298778709.9314768314 86028.0563459396
298977849.2144590020 86209.9721479416
299600640.4351996779 87364.5089893341
296611634.9084364176 82989.6714143753
296588640.4126116633 82910.1398859024
298981643.3529465199 86611.4387121201
298770783.1440994143 85891.9460210800
299013487.4308536053 86634.2345972061
299605078.8703882098 88121.4556217194
299537631.6941254139 87350.5955905914
301487291.7166665792 88187.6657676697
301943329.0401444435 89809.2323188782
301609949.0528502464 88838.4065132141
301716882.7776022553 89750.1303176880
301673635.8647271395 88948.5460357666
302991961.1313621402 90482.2944889069
303159490.7320309281 91721.4149723053
303094027.3607465625 90929.7113590240
303471042.6612772942 92192.0192813873
303199338.6952334046 91938.5327701569
