1392223269.1215391159 166669.8748838427
1390719177.5725388527 165803.4127714159
1399241990.7297060490 170155.6956797992
1386884849.1683189869 163291.4801930310
1420499270.3944954872 177994.8522350364
1399466166.3164691925 170298.6190786397
1373865335.9491522312 151373.9227971965
1390288857.2277450562 165710.6741998232
1391934381.5206761360 166610.8351804735
1387235098.9874937534 163595.4233188750
1420707873.4406387806 177997.2125522667
1390353485.7219724655 165783.6439645326
1407124139.5550689697 173688.7924268878
1409910053.6071872711 174783.2315608161
1407779756.1738960743 173758.7572354795
1391500869.2572522163 166150.5330742719
1412248093.5667884350 175352.1681404102
1390719898.8232007027 166029.9999067308
1407584858.9098603725 173754.3970244790
1369856400.2103607655 143862.7007916070
1373465261.5787885189 150884.1954162055
1405243013.3346166611 172827.5523426654
1434795151.4472975731 180833.7430744171
1414057399.1193006039 175992.5895528897
1369625288.2693116665 143721.8613140679
1407030511.2100975513 173561.0092681313
1374886784.0024423599 152580.8262509042
1400749563.6286580563 171011.2006503465
1395212476.5606498718 167904.2041499140
1417195288.6657147408 176957.3538901936
1398834563.5580863953 170082.9817004921
1441630613.9213829041 182156.0598382950
1408109211.8997714520 173930.0004491033
1434990351.7758975029 180878.2885503769
1376933555.4785358906 155323.8131333689
1372325731.0006680489 149516.6096787983
1404281614.1681590080 172399.6227944018
1375211212.1046669483 152798.9565828021
1383121656.6100537777 160647.0289890420
1369743006.5586116314 143736.2884410120
1399819805.5258054733 170526.2325615408
1386460830.5201721191 162928.6661033751
1373726936.8695740700 151189.0740986401
1409452205.0802607536 174530.3065348240
1416095129.8706390858 176776.5965111628
1376501413.5211005211 154674.1451913217
1393564056.1595852375 167061.6922524991
1405140135.1615762711 172696.9570286395
1405106780.4382095337 172694.1970646502
1426232970.8841350079 180025.1233305093
1373603390.4123032093 151128.7837391430
1440829151.5516595840 182022.5185766220
1376613862.6682910919 154790.7038995126
1430735422.9299147129 180556.8314791322
1400097944.3646686077 170625.5835594656
1416094478.6912043095 176706.5296041644
1407788125.2741827965 173919.1469261767
1409048299.0320384502 174490.4163675876
1425340160.6938424110 179620.5765308496
1393765542.7701497078 167148.5777505459
1405180436.4450945854 172819.2732497277
1377605349.4831764698 155651.9062661853
1386503039.0556640625 163016.4450950744
1387226308.3392336369 163549.1762150562
1386137957.2430810928 162761.4857063415
1375337881.4839913845 152976.3184551410
1388881730.2884001732 164469.7247929013
1393765542.7701480389 167147.3146585049
1424580674.5988583565 179465.6088642236
1424165624.6680459976 179234.5594781991
1374756133.5814609528 152450.9971445527
1376888504.7569289207 155151.8383237222
1404513242.6156265736 172554.7175457599
1423555575.9672627449 179041.6163820382
1376674534.4695620537 154831.9522210459
1369858715.6354448795 144169.9259665704
1404345581.5517590046 172488.0375874164
1396864925.6426508427 168815.3745035054
1441184192.0624899864 182126.7134485245
1423320137.3481547832 178874.5542940255
1375026012.6274292469 152661.1671312775
1431080610.5680513382 180637.1359491944
1390061918.1517412663 165272.2083360078
1390061918.1517412663 165256.2810288789
1440630785.9084439278 182003.4057931900
1405790156.9063577652 173070.4930975558
1400728163.7246613503 170989.8971363483
1431529940.0043375492 180696.4058352113
1380846794.0354249477 158796.4838002938
1387134552.7794892788 163371.3861047151
1414305176.5396037102 176175.5555526889
1389974288.7120983601 165144.6356159570
1395598129.4619350433 168100.3411163809
1370560030.5826184750 146057.9514425928
1369905801.3089201450 144537.4705870844
1434493565.8186953068 180757.6028695405
1408200139.1797869205 174217.1520175459
1386221909.1639182568 162764.9713173034
1408732880.8546738625 174432.4310807409
1434637301.5478355885 180805.9025378525
1408592428.5872149467 174351.6445712568
1387930877.1740918159 163812.6388169648
1399441203.9834032059 170241.9612412716
1401457740.3561594486 171181.0315942736
1387988105.6480557919 164057.8038268948
1400478445.4194498062 170699.3525248887
1399194354.3892803192 170132.2691750790
1372786976.8255271912 150386.9235510982
1426620917.2963883877 180102.7436727639
1370028593.8714878559 144685.7846956051
1414374768.7588076591 176365.8912613071
1388491196.9817278385 164354.0083174827
1415189567.6313991547 176492.1263487018
1375222153.0977444649 152968.5142578490
1397010023.3135356903 168885.9214892054
1389558087.3134963512 165040.7674294831
1393076494.5615029335 167001.3994225385
1406116388.9008288383 173308.6138400557
1436848868.8166825771 181395.3263578415
1437496494.4891908169 181731.1251268387
1389203908.3488662243 164896.3209649445
1397315136.7697935104 169225.8284467580
1388366000.7097060680 164324.4211745383
1408132080.3312487602 174112.9771628799
1387603220.0189001560 163785.4077233197
1396829602.8110613823 168799.1856493617
1370028593.8714873791 144685.7789672113
1371421216.3789863586 147857.6730251427
1379179597.3110082150 156926.0012997042
1378924804.6604995728 156912.7725399386
1396044186.3672404289 168275.5918624224
1397624435.2654740810 169237.0378079535
1396126699.8369963169 168546.9494091393
1379701035.9183878899 157644.8868841544
1428520309.6493589878 180146.5831312295
1395888661.9577496052 168253.7854675176
1410308941.7283220291 174966.3190553292
1428581392.7287342548 180282.8500684854
1438048619.6850872040 181900.8231744766
1370032578.6827423573 145054.6012938715
1380412431.0264809132 158470.1035682910
1382485485.9886381626 159872.7513934998
1379282571.7214260101 157334.9883028851
1380417552.0097322464 158587.9297516101
1380020023.5846760273 158280.8221994346
1378717186.8660583496 156780.8296094841
1379836149.5286154747 157852.3832580798
1413634600.5430490971 175907.6223175204
1390131639.7579281330 165387.3857203843
1370050117.0888316631 145145.3380645014
1398701901.3723456860 169936.3719059350
1436223529.5131020546 181371.5864024460
1436204670.3580803871 181235.0725579560
1371419563.3006632328 147525.3443682886
1380133649.3272542953 158399.4291450732
1440895392.8740441799 182115.2763338089
1412555915.5010321140 175725.1095804063
1426316114.6665999889 180036.4442190286
1373876288.8037023544 151559.0858480062
1397779795.2975881100 169506.7375749471
1385896751.7889733315 162611.3654289367
1437019022.3745527267 181589.7613749802
1378746762.4635574818 156842.0140713107
1382739514.3717210293 160085.4797469499
1380716601.1745743752 158670.7224522922
1379926937.9227421284 158156.0140297168
1381677615.6247479916 159463.8211361794
1381344554.6438603401 159186.2909082192
1425877428.1158187389 179870.0921481606
1429879922.7357900143 180339.9978035092
1399649712.2677035332 170382.4678678038
1413493168.0992434025 175872.8344880475
1383493321.4360196590 160885.6630620388
1382088207.3003699780 159525.8594128517
1370824293.9542024136 147030.0521662927
1379988840.7843010426 158276.9486915820
1370689855.5323369503 146920.4837535120
1377643537.0515909195 155844.7666530337
1383409643.8634231091 160743.7192739872
1382129010.9465320110 159638.4051663307
1391646638.9310827255 166232.1690580370
1384093536.2277915478 161286.0749767969
1379199807.6174981594 157218.4259212863
1376367781.3068726063 154289.6290579762
1379200325.2849619389 157233.0549801241
1378599576.6035549641 156360.0456119581
1370092874.8840010166 145219.8781865335
1375955882.7721173763 153776.0309053983
1375670056.9996798038 153584.6423574414
1379423871.4408056736 157403.7498696696
1375406186.0332241058 153264.3051601376
1376288785.8743638992 154276.9492789235
1375548550.9151778221 153411.7212439503
1373181850.3478755951 150561.4207777258
1383952132.8414545059 161242.4705533413
1375831418.5447928905 153756.4239231076
1376199603.8535580635 154119.8420558896
1374008564.0837564468 151892.9632067531
1385655887.1918599606 162442.5416306881
1376025312.3255124092 153927.5352130856
1381335812.7088084221 159131.9671105164
1384159803.0840535164 161437.2499608425
1398204730.7524774075 169665.8208808424
1394211505.3412110806 167329.7419926645
1377722780.1446409225 156056.3321513858
1378149713.1865649223 156220.7750453677
1379556659.8350079060 157518.6138833415
1383028743.1558678150 160234.9349089982
1385335151.9314801693 162138.1406841399
1406850855.8904247284 173496.4034116389
1433540343.4420738220 180755.6186752915
1370896605.0500495434 147346.0753062463
1416996229.7764887810 176941.7920956475
1384159803.0840539932 161449.0876378445
1380917059.1674947739 158900.8491953629
1383584455.1576349735 161022.7900952725
1373206542.6722774506 150747.5734647985
1382715914.4670915604 159995.0948096635
1381000548.4519701004 158965.1487053651
1425964227.9743824005 179959.0067533609
1374216979.6728637218 152061.9259580847
1421387840.6573190689 178299.8234607479
1403878069.9519283772 172291.5751289250
1389880354.8142623901 165092.5901774755
1424936942.3675711155 179522.7941249963
1370225285.4946405888 145506.7898390985
1384576602.0503308773 161764.5270757107
1420787125.7971529961 178186.1614276668
1407474885.6247808933 173736.6775200488
1383871438.7142455578 161183.0962628750
1398383128.2305414677 169866.2918352475
1417558974.3940112591 177174.1251721245
1419481595.1078960896 177834.9815637642
1413362112.5625755787 175816.6920781279
1385467807.8025043011 162162.3860501372
1417258942.6443860531 177112.1816677910
1405574510.1660137177 172894.2377520325
1417676164.5460612774 177306.7928509575
1386399665.6876196861 162917.6208356740
1385534758.0009648800 162360.9040806615
1397093971.0434117317 169012.4747371199
1394781157.6194717884 167592.6191095235
1412455117.6366143227 175583.9370972061
1372521038.5858888626 149752.9900654998
1397652395.1642978191 169375.7387129785
1394980162.0599784851 167849.9471773030
1394628406.6197383404 167484.0115598561
1372174438.7102513313 149454.3642843177
1425342476.8569734097 179678.3243230935
1396977058.6366968155 168875.4710598709
1394537282.8549525738 167409.3528417470
1388697513.9556035995 164456.1586469533
1372521637.2282674313 150326.2297919950
1418897679.8413670063 177706.4653970771
1373856707.2264542580 151194.9646091709
1411106162.2938568592 175207.2228776303
1425479326.4683821201 179725.9582609292
1372343883.6537516117 149731.8430986743
1372334092.3149261475 149533.0952086512
1425668878.2225251198 179812.3975805398
1394643022.4477455616 167523.3892949941
1417870058.3267815113 177431.9425167900
1370327444.4303271770 145716.7583754755
1412276508.0307784081 175496.5080353165
1371640937.6673617363 148925.9196958949
1371923619.5317792892 149452.5392263343
1418137919.7665905952 177557.4895534076
1370453767.2337782383 145922.5082271791
1371803963.4239039421 149115.2240171840
1371473259.1041057110 148534.3826257701
1418740503.3858954906 177584.9593164497
1417495030.8844022751 177131.5198787930
1413092894.0899486542 175763.4529670620
1418351850.1392817497 177558.2562793973
1396684695.2192926407 168659.5919690849
1413908849.7714023590 175957.7049212599
1413431930.5722360611 175835.8497281218
1382531503.6422929764 159881.4708375073
1384929841.7516946793 161769.5292800190
1396056178.0404086113 168358.7825437905
1402730583.2063312531 171598.9775261404
1401966926.6068899632 171362.5047990978
1402920661.7501630783 171822.0930644395
1402347269.2469954491 171572.8641205663
1401194394.0331752300 171035.2186385030
1422520096.8146922588 178532.9817505684
1419502758.6373357773 177946.8174171009
1422957076.3179244995 178676.7587586250
1403302292.7585642338 172098.5699033262
1422552666.2213973999 178612.2734833565
1403269723.3518579006 172014.5029477598
1401717460.5936806202 171286.5125684263
1422307641.3652732372 178433.4255217221
1423019545.9851026535 178781.8177788612
1374245314.9758093357 152241.8710355560
1374571965.6745355129 152358.6204824249
1435169695.0807585716 181033.2363092899
1371776987.6644892693 148997.2451793065
1386698529.4450180531 163108.5688954713
1385200196.0356166363 161887.0501297833
