82059841.1530309618 28600.9946088791
80655377.5027380288 12023.5311981993
83708587.9253271371 39580.7283401489
84083444.2423839569 41309.7570533752
81912297.1262866855 27244.0554491282
84183861.0325616747 41554.3840675354
80822404.8137298226 15399.4632649978
80632020.1971169412 12022.5111447849
80783200.6640300602 15288.3268397432
84374184.4235576391 42435.1084594727
81134359.7975657731 20613.4533788969
84270987.8363125622 42190.4814453125
80607401.0316465497 11107.1160365918
80581691.3345478326 11103.3203622954
80611740.6181015372 11897.0412972101
80874846.3298571855 17837.2582442891
81922966.9354089499 27564.0118479729
84196507.2239219397 41876.9669189453
80622423.9190890491 11923.0449067162
83574094.3002125472 38678.8089036942
83645643.5058537573 38822.2315444946
84109668.5132614821 41341.5712127686
84265930.4844936579 42138.7295532227
80575718.1005315036 11098.9970833616
83654452.0412502438 38899.4474563599
84092594.3568910658 41317.8611183167
81172637.8636752218 20645.4318693594
84213177.2288872004 41892.8236083984
84275387.0696806759 42198.5855102539
80928524.9325115234 17997.6088127457
82070249.5030953288 28622.5210150927
84252176.3301236629 41989.7850036621
84109806.3318134695 41350.4778022766
83753804.9074217379 39676.7633438110
80892962.2048209161 17916.5173248556
81168613.9431768805 20617.7978398741
80659066.8411248028 13392.2334506618
84166142.9511608183 41455.4827270508
81026671.9909797162 19700.0424352695
84240291.6416273713 41933.8922424316
80725550.0078276694 14427.1846719344
84284733.7421095222 42213.9795227051
83875293.0800691992 40341.1397743225
81022867.7434542030 19632.9350173604
83529680.7303509116 38379.0307579041
84328376.5201952755 42250.7026977539
82113679.8799505085 28767.0787636042
80929523.7617370337 18721.0054519307
81973600.6139245927 27601.8584260046
80794799.5738507360 15338.3472336099
80785438.0080324262 15297.5296559890
81113684.0233695507 19914.1066473275
80736020.2809049487 15204.9399953444
80829857.5000331849 16093.0911565588
80730533.8110663295 14439.7789657579
82287905.2622784078 30295.0953842402
80739923.6881494224 15226.5813389287
84028386.8636089414 41068.5179748535
81239499.8125628978 20786.8310661353
80971507.0841383785 18884.4936965760
83833014.0691121817 40125.1715087891
80863706.7469493896 17837.2445764150
84343622.1214168370 42278.1245117188
84190784.3654759228 41616.7557067871
82161613.1440081298 29406.1104418039
81074392.4711192995 19754.4182367716
82365809.3689960539 30494.0212319121
80834287.4105867594 17037.7110379112
80859860.5228456855 17715.8393095788
80906463.8629830331 17975.5726517495
80896030.1344337761 17930.5591059122
84356558.6297442168 42343.2130126953
84247293.3204392791 41980.3609619141
83658467.4016668051 39242.5324783325
83967229.8169630021 40556.4447937012
82180388.0959109962 29483.9876281023
84361948.0413032472 42375.2525024414
80885222.9095187634 17865.3145880606
81018295.6275592297 19109.4732384961
81127440.2717974484 20607.2397152595
83612897.8713921309 38699.0007419586
83966334.1037999243 40511.8035278320
81873972.6261217147 26830.4888533801
81110980.1976829618 19879.3865162618
82045751.9442955256 28539.6744209528
81010386.4733976573 18956.0404687207
80954608.8566708863 18778.6063218173
83625230.0749881715 38785.7483940125
82304075.1596508771 30325.4291525185
80702373.6929491758 14314.6517734990
81942528.1297489405 27585.7451952696
82064587.2119067460 28612.9411624670
83861174.6193922460 40136.1438598633
80708338.3935789615 14329.1063385733
82078303.7771124244 28738.8078905344
81848235.4471137673 26670.3217455149
80876431.3226532191 17865.1953781899
80679994.9336076677 13546.4669041293
80979058.7479939461 18941.0271801536
84126411.9952483475 41452.4171447754
82169334.6431915611 29411.7824325562
83985647.5117778927 40894.6406555176
80939215.5148485303 18777.1249436196
84052060.1412349790 41221.8641662598
81871403.3261984587 26798.6618842334
83903102.2994374633 40463.3673706055
81109259.8643905222 19849.9955272262
81962633.7217796892 27587.6169771701
82353512.4232752621 30430.3721085787
81975050.2537090927 27610.8872514963
81176281.5391134024 20663.3865838442
82320582.9947415888 30351.2523111403
81020795.2754324973 19441.4662765320
81923157.0362943858 27582.2513109446
82187191.0712094009 29491.9447118044
81982428.2552065998 27735.6840807199
82225649.4440592378 29647.8031555414
82207050.0777246654 29585.0259669051
81178200.1408964992 20726.7127256710
81082015.9495580494 19814.7831602413
82151131.7068211436 29403.1761413813
81087478.4026589990 19817.3179817814
83795557.5219131410 39704.8705749512
81017814.7759914547 19048.6967788506
81107402.3386702836 19839.2956420910
82169952.4446744621 29416.4338875115
82585606.7468524277 32018.6533805132
82140035.2729011923 29075.0889135599
82718988.9756542891 32909.4119602144
82072475.5458010137 28673.0964014754
82662110.1189858466 32332.7902637422
81016224.7869512588 18998.6464764811
84027193.5706858635 40910.9179992676
82655527.3250833452 32143.6087985933
81088461.7324814945 19817.7443785984
82033270.6124384254 28494.1808763742
82448399.5218680799 31105.5631519258
81998643.2417626679 28178.8833299875
82789857.0801893026 32965.5688871145
82483365.4073826373 31134.8536868989
82507022.6100613028 31215.9404254854
82768043.7297828496 32929.3603140712
81627496.2492473423 24244.0456622058
82569078.4461009353 32017.4927173555
82559994.3782474846 31651.6566554233
81743618.5966592282 25216.1195000821
82019687.0856546909 28264.6906820536
81763543.5005675405 25943.3208523318
82412587.7707489878 31005.5397778675
82130446.5306152552 29066.4142452404
81775428.6353926361 25949.8279187792
82266891.8195890337 29978.3438106701
81653370.6826224476 24324.7477707267
81661837.7596400827 25031.3932192737
81714929.8779179305 25110.6756748781
80826078.8026249409 16045.0990423970
81890720.6846669167 26885.6299009436
81886110.6987563223 26850.4111030215
81310211.0778653324 20848.0268313885
81280155.3975041658 20809.9090470299
81305786.1291689724 20833.7033129148
81345304.7355050594 20851.0476719141
81810842.2319423407 26022.6052403077
81383459.1358926296 21576.5332130343
81353592.5115714669 21574.5726485793
81904856.8315622807 26886.0721954220
81407262.4587198645 21595.0516325030
81298137.0979884267 20812.0433231164
81800729.1078284085 25962.0950551146
81755101.7018818110 25261.1015838236
81827344.5195124596 26084.0303068274
81888855.8019701093 26857.9310846031
81685177.0903613269 25036.5993368739
81626322.5143868476 24104.2290798128
81580084.2071826458 23371.2849291898
81605780.9309276640 24072.9041975141
81587140.5619502515 23423.8169501815
81459387.4182853252 22333.8752130717
81546409.9652552605 23207.1060906574
81473426.7219291776 22429.3633588478
81514077.1784712523 23187.8601545021
81425674.7146088630 21642.8024805784
81411904.8408195674 21607.2744676545
81549369.3375739306 23253.4570156336
83427265.3791567385 36257.4700241089
81444264.8947493881 22321.3978317529
83436389.0394862741 36402.6330318451
83425154.1796932518 35666.9286937714
81434388.7024419159 22310.6762336493
81501702.8187286258 22460.3246041313
83495733.1366583109 36584.5322360992
83458876.3312001228 36506.6065464020
83516182.2676335275 36721.3805043697
83390159.6940210015 34768.7669572830
83382459.3408285379 34291.1399049759
83391172.6512852460 35214.4911623001
83413365.7976303846 35634.6534242630
