895795963.0903551579 43.6959708611
889800103.7120040655 41.3283091816
872100074.4413828850 31.0070326635
880977327.0973045826 37.3368806557
875667684.8158880472 33.8263639068
871709873.0204750299 30.5195739487
885059388.2896622419 39.4470576486
882956191.6304966211 38.3998797224
872257857.9633723497 31.1497308365
896701607.0303508043 43.9684559587
870294891.8348915577 28.6616776977
873598191.5211572647 32.3379854721
897455444.3090652227 44.1173396622
869537237.6613370180 27.8420251940
872485020.1068344116 31.3885116680
870292690.7724529505 28.6394992862
871760477.1079745293 30.9130947398
889277422.9865871668 41.2147743165
871760477.1079746485 30.9151970105
876128092.6478611231 34.1214643418
919045196.8392425776 49.0252642519
919055935.9392896891 49.1359998281
868429776.8156718016 26.2278500716
871279678.0447859764 30.0163036689
868659217.3952130079 26.6140672450
871013279.3093810081 29.6785147619
873579291.8240238428 32.2137231467
879820427.5712591410 36.3084186787
873681365.1902943850 32.3709059403
878180693.1116000414 35.2939354404
868632022.4389380217 26.2405020127
897226289.9227544069 44.0179894881
910160299.8796385527 47.4855224570
870621055.8502725363 29.5075744819
880575431.0219142437 36.8131741435
871459781.6671015024 30.4463945192
875550461.0531853437 33.7673404759
871437465.7010333538 30.3895048362
890200809.6854466200 41.4948767309
869062621.6276996136 26.9407546702
879571544.1178103685 36.1837071847
880719411.3829151392 37.1519879741
911455758.2849456072 47.8081797337
880070655.9003359079 36.5418661739
911048420.6516036987 47.6145110416
870350224.7356706858 28.9652278703
880070655.9003359079 36.5425298642
911053019.9235153198 47.6756793211
875015781.4532927275 33.1677623683
874271662.8653348684 32.9009447702
873469251.1713129282 32.2028212753
870414975.5732930899 29.4091075611
881565234.5871393681 37.7190742202
871218623.5325446129 29.9200875581
881877059.2348861694 37.8185784668
871317922.4116923809 30.1007335094
882698597.0176578760 38.3144339633
943881542.6706863642 50.7673997849
873703164.4576640129 32.4655573454
901699327.4048577547 45.0759088842
880642513.7077356577 36.9483485520
868783593.9027750492 26.8101701655
881565234.5871396065 37.7235825889
871248801.8901133537 29.9951356930
872391538.4343775511 31.2301811656
901796551.3612102270 45.1254231271
872775681.7890918255 31.6262204540
902530188.9925644398 45.4895379790
883167788.8643095493 38.4234663916
881339089.2764499187 37.6361083911
873872173.7377887964 32.6539398944
878388752.1794621944 35.7207169756
880938728.6123812199 37.2485094024
911053019.9235149622 47.6747633915
872570482.0196759701 31.6193590978
902990731.0881905556 45.6914397203
943881542.6706862450 50.7635678619
879004989.5183492899 36.0378633467
897181644.2563234568 43.9990912702
921559806.2549884319 49.4415850514
889629472.8023295403 41.2338188136
875433093.4001014233 33.5952334733
873290599.7378593683 31.9387702692
872851668.1338955164 31.8921869892
917334800.0478428602 48.7102193129
921225843.8588129282 49.4200191969
880410978.1403089762 36.6538005142
880410978.1403089762 36.6483374505
868659343.4558371305 26.7169724309
902632466.3717985153 45.5611124430
924885588.6458423138 49.8333636429
897930265.5654017925 44.2364709818
875251445.1662197113 33.4298035443
875053035.7783669233 33.3788237587
873413059.6051737070 32.0486032492
934437357.0879989862 50.5738515845
875367305.3961917162 33.5221751928
913432795.4639072418 48.0399425249
918376575.9387602806 48.8530169963
872122955.5532015562 31.0277211964
883206472.7354204655 38.5464516302
891983483.7762249708 42.3705136269
879678217.3624110222 36.2189522102
879107843.7668193579 36.0448578760
875327700.9023810625 33.4781121347
880692697.2420222759 37.0312195184
934437357.0879985094 50.5654478213
873675914.9433851242 32.3602091926
924072516.0701142550 49.5981391902
934437357.0879987478 50.5680879643
880230173.8195675611 36.5755842455
932564348.6455748081 50.3352505378
874091649.8221676350 32.6708019261
870843817.0704796314 29.6727453302
932893752.0344101191 50.5168768251
925534334.1703777313 49.9773011208
879264205.8565955162 36.0575815938
874221246.5685672760 32.8242476753
882141028.3057923317 37.9971809844
876662969.7851539850 34.3328540962
878321887.0012280941 35.3284481629
880266446.2755845785 36.6355811886
882641327.2981181145 38.2048305842
882404994.8084057570 38.0868943469
868986132.0020630360 26.8629893066
878951493.3513346910 35.9991105876
871042234.3154677153 29.7056144629
870584653.7667553425 29.4875599776
871098110.6491037607 29.8009546459
870595328.2848513126 29.5002672665
939315024.8602330685 50.6470531879
870653130.2961449623 29.5180809677
869321709.3124018908 27.1355004346
939955937.8525013924 50.7172933838
869922888.3211059570 27.8981683240
879950889.5106996298 36.4575328238
880479964.3545644283 36.7520731487
870208437.6095663309 28.5496938886
881999085.7443550825 37.8850626013
870101158.9734351635 28.3623311535
869663493.5334241390 27.8832966300
869885127.5917797089 27.8858906469
882472819.9076771736 38.1593926187
869663493.5334247351 27.8853989007
870319125.0892205238 28.6684277885
916869971.2191294432 48.5729394048
869355143.5325409174 27.1629775798
885114970.3052929640 39.4497574880
943791872.1972838640 50.7450136587
887101997.1474009752 40.3641684869
920496418.8643777370 49.3213458687
922156038.2551251650 49.5207786682
877256562.5136268139 34.6531769661
876761318.6584731340 34.3948208538
887434872.5744022131 40.5685409379
876931019.1911070347 34.5467505884
876284243.2968635559 34.2371691560
877005064.6326842308 34.6340874107
912906334.5342504978 47.8929551939
910901874.4945709705 47.6024423761
887973635.8018307686 40.8119275239
896291722.2342354059 43.8464301068
905348997.7459511757 46.2029580011
905084010.8982174397 46.1278115607
904540918.3635410070 45.9742241821
905758366.0438843966 46.3688095030
943022616.2742438316 50.7203461479
913033088.1013227701 47.9066123601
894270983.8071488142 43.2994476252
912563758.1909104586 47.8650290809
925304625.5841639042 49.8627073104
909961512.9930052757 47.4032370969
916084293.9542381763 48.4702290072
942897762.7141877413 50.7202527791
894133703.6955839396 43.2568059793
902855436.3142058849 45.6262233929
915981392.0504766703 48.4550087744
915981392.0504767895 48.4555177310
906397010.6960781813 46.4329998998
914820283.3730078936 48.3451199898
915981392.0504772663 48.4565108412
913634352.3021445274 48.1672555699
917821389.8417189121 48.7735955001
909463533.0068006516 47.3119031943
901873673.2672942877 45.3324958161
915026563.3500452042 48.4298566611
918615108.2607567310 48.9247456704
933656535.3635045290 50.5534650625
917280745.9655430317 48.6659225912
906969978.5787581205 46.6749533164
915985006.5524990559 48.4645601508
878023785.1078468561 35.1590869546
877637826.2169349194 35.0359993855
894420014.1423761845 43.3755008204
902159983.7140861750 45.4560754442
906094494.9549081326 46.4150716514
909610366.5820144415 47.3598927094
917114666.7597813606 48.6428990851
908679278.8511831760 47.1794691366
895498381.0898325443 43.6865952653
905720238.2255016565 46.3566740147
928642802.5676350594 50.1770691415
909224603.9861804247 47.2589123473
902040488.2786918879 45.3637749956
892811213.4355961084 42.7141698935
878372349.4607927799 35.4371495177
928324323.2553331852 50.1410650657
928332359.7363194227 50.1603681194
877491823.6564512253 34.9525228819
930314159.6383531094 50.1810958709
930513993.4237389565 50.2199480857
877880257.6475824118 35.1417848491
931293590.8496364355 50.2524643398
914607641.0484530926 48.3116378685
907615361.8488322496 46.9216400442
907337442.5066276789 46.7935188538
942897762.7141877413 50.7182447731
878031097.6923271418 35.2378514366
908184450.2131370306 47.1107361405
908116906.0683898926 47.0230097822
900615090.0166093111 45.0152570145
900111228.1316897869 44.9334328347
930921947.2230525017 50.2452539138
900613017.1289112568 44.9951078704
900545459.9823737144 44.9828971794
931049433.8265701532 50.2522994697
931049433.8265696764 50.2486932694
927315712.9264632463 50.1175195698
889862694.9260382652 41.4693428144
897741942.5243247747 44.1499292310
900780960.3960675001 45.0310908632
885367439.0051301718 39.6958578004
927227452.4281893969 50.0956902665
927227452.4281889200 50.0920840662
885686013.4807595015 39.8026554639
890264138.6793022156 41.6548569638
924543483.2696589231 49.7641294433
926780424.3504482508 50.0801429171
926545170.9518784285 50.0088504564
926146796.1497431993 49.9957477760
920195658.1416829824 49.1533310748
920291798.5140535831 49.1926662242
920291798.5140539408 49.1988767152
923580275.3261820078 49.5821413191
916765197.2544440031 48.5598029319
906577957.4008396864 46.4980337322
916575923.6501663923 48.5103076813
893409111.3897742033 42.9884892516
883016055.6326774359 38.4162545963
883175488.5891454220 38.5437529900
883363802.4910901785 38.6557928429
883686679.2979366779 38.8102821888
924146107.6033077240 49.6932046531
886384546.3692456484 40.0363934964
886043311.9935557842 39.9999525079
892995060.6224050522 42.8192712530
886386312.0625520945 40.1655098812
883865637.5541322231 38.8686476596
905123143.7893857956 46.1420722967
905423172.0233401060 46.3218322324
892163249.8087340593 42.5203177272
889085830.8368558884 41.1041364498
892441014.3186011314 42.6452339998
877787673.5629605055 35.0835802567
890993871.5860651731 41.9203505368
885802557.6403958797 39.8740526951
887786705.4217748642 40.6857798707
886962841.8198909760 40.3587391260
887815806.4615902901 40.6867787450
886780119.6839417219 40.2286079826
887168986.4684629440 40.4754433645
884248818.6681208611 39.0928498764
913128593.6224224567 47.9567244981
890518639.9358150959 41.7505936738
890581112.9828815460 41.7913112946
906818091.7918657064 46.5886384766
884138322.3912849426 39.0067383411
894666210.7911232710 43.4500402091
894727323.7461209297 43.4540903524
899462184.9462913275 44.7615913498
889403748.7166980505 41.2314338611
898181966.4691845179 44.3536925894
891245303.9240717888 42.0670188188
891488041.1428766251 42.1853889491
895347653.2981647253 43.6098565037
892752545.2439876795 42.6799188426
888958876.7898558378 41.0794143049
904930410.9671427011 46.0796301689
904162866.2455466986 45.9020063368
903684965.8327833414 45.8252036677
903695073.2841893435 45.8930611883
888578699.3363125324 40.9680039958
887608611.3668426275 40.6117089505
890219686.8622274399 41.6241070305
895317333.1892540455 43.6043372755
892867412.4219216108 42.8146416445
898648074.4459011555 44.4817026647
898811280.2388570309 44.6668657317
889822915.7432886362 41.4293392212
884926134.1503261328 39.3612383099
