110873108.0876798630 54323.5324096680
102576981.2432580441 24488.3870928213
108022737.6283331066 48635.6229209900
102609427.0929024518 24637.2709864788
112790710.9949635416 54916.5271606445
107837240.9229266047 48183.0083503723
103106200.8549862206 29493.3743833154
107923351.6374810338 48618.2769355774
108203695.8884309828 48892.7419013977
109930466.3096304834 53065.3962097168
112028681.8011313081 54804.1892700195
113135349.7510827929 54955.2677612305
115011824.2330217063 55043.4182128906
102636349.6115728170 24876.1094870009
106380385.5957479775 44052.1593306661
110196024.4065116346 53454.5561523438
111090569.2532341331 54514.5175781250
111294453.1825050414 54663.6621704102
105081081.2565505058 39640.8186022341
105005842.5941198468 39552.3093777299
107691710.8016073257 47823.8454971313
108076182.8303221315 48731.8787384033
106928859.7073394358 45466.1541395187
108346982.0109879822 49391.5734672546
110293032.9612900913 53671.4185180664
103552527.5777599663 32789.6900872532
108114103.3084564358 48782.1872749329
106642747.8301522583 44973.7384286523
110637495.0440177917 54208.2759399414
113435469.9722140133 54968.5075073242
103250431.7845835239 30716.1779931635
110255024.0650572628 53517.9488525391
112137745.6081702411 54831.7023925781
104398203.0164445937 36985.1618533731
110617899.4708368629 54105.8670043945
113822438.8140759021 55004.2577514648
113494324.4149495214 54972.0714721680
112905488.8507679552 54936.9780883789
113616449.5897933990 54973.4468383789
108308717.0032337755 49315.0481872559
115091759.8553229272 55044.2194824219
102533541.1212363392 23579.4904711433
109738731.6091990024 52786.8211975098
103227253.0415565223 30629.9381459802
112030695.6778581887 54816.5508422852
114986033.4312765598 55042.7021484375
110294685.6337189376 53674.1718139648
102552618.5757793337 23864.3551376350
103276410.2627660930 31299.7990563959
106566489.8057503849 44262.9367262360
106559886.1703618318 44252.3714366555
113713009.3678612113 55003.8775634766
102546103.6145082116 23659.6516129300
102516057.6382344663 23579.3633992001
104581308.2663203031 37837.4362240434
108112847.8904503584 48768.3918495178
102257744.1771216542 14300.1952004820
102366645.3492359370 19101.6905340841
103176732.1118396521 30313.1090024561
104608903.8026470393 37953.9623485208
114450917.4222694188 55039.1855468750
118184467.7902641445 55056.5567016602
104554856.8268502802 37816.2276478410
103268377.2086039782 31129.1276105493
104623108.7322889268 38062.6374049783
108802813.0194828659 50453.9992065430
113946231.1784327626 55004.6770629883
113670848.0677586943 55003.3630981445
106597444.9894541651 44553.9587076902
113970574.4681839794 55008.4417114258
106291267.9091417044 43329.1373640534
102362504.0910443068 19038.6529148777
109080762.3995860517 51256.3560943604
111212304.3515650630 54660.6307983398
111140734.9990280569 54632.4359741211
111175740.6074775904 54652.8391113281
111375468.8432110101 54689.8070068359
110823922.7312324494 54310.4705200195
102295999.2168103904 15543.2603375267
114200770.9950303584 55029.4015502930
106417622.6185074747 44164.1870924470
111099735.5515024066 54586.2727050781
113631171.4257798493 54997.5838623047
106594290.0071858168 44375.6138377786
114069082.4252445549 55009.2474365234
102778150.9152499437 26278.9880418945
107471959.6378123015 47065.3142776489
109311925.3197299242 51551.6393432617
107919270.3025389463 48519.8722572327
109119262.8563477099 51328.4855651855
102825497.0978590250 26380.1530931164
114643982.6724881828 55039.9813232422
115413066.2630941868 55052.4423217773
116025875.1771879345 55054.4849853516
110358694.0063891858 53794.4814453125
106640316.4494700879 44590.9654918313
104393423.8337053061 36983.9877353311
103114173.0730325282 29800.2460874170
102801009.5897623599 26326.8507192302
103383072.5497180820 31773.3544152826
103416780.4076727182 32283.6862512007
102715178.6002492458 25656.3439130355
103079012.6319536865 28738.1547980756
110927146.7050242871 54509.2916259766
102741728.8042132854 26166.3508336712
104368182.6469979882 36833.0596523881
104997531.3293094635 39244.1338019930
110707023.9814936519 54291.2280273438
102336386.5043590367 17410.3692041223
109803041.6630238891 52840.9969787598
116010409.0177244395 55053.9760742188
102354969.3806904405 18322.2056030890
103082392.2238779664 29105.4484551996
108853457.4999479055 50489.8580436707
103591085.8437911272 33187.9193588346
107904634.1613521278 48384.8631248474
107220448.4879437834 46216.3066363931
109737834.5751512498 52595.5723876953
114177492.4477519989 55010.3652954102
102659609.2616344541 25254.4212682415
109617610.5829895288 52434.9614257812
111322573.5617306232 54681.0706176758
102257253.5974614769 14283.5110284776
107515507.7089191526 47368.5648860931
113258504.2363532335 54967.6290893555
103738618.1959725171 33890.5275055021
102398563.7032110542 19246.5262428652
107507241.7710782737 47311.3680415154
111404261.4768198878 54701.2122192383
107106557.8223677725 46132.5433480740
102384230.2865636349 19236.4272214351
109555445.7926777154 52205.4837722778
104436576.7662803531 37120.7766414285
109599921.7886937708 52275.8218383789
109579209.5102136880 52273.9461212158
102828382.3581784368 26452.3348899055
114448871.6767028272 55030.6962890625
114734259.7552220970 55041.4484252930
109092956.9007878453 51268.7072143555
109530294.1111427546 52145.8428192139
111498921.1351812035 54716.2110595703
111308106.7924149036 54680.5091552734
115939063.9373798072 55053.6400756836
107050951.6221964508 45969.9651141763
107856049.1072911620 48354.0343894958
109875859.5698936284 53006.9494934082
110911545.3922553658 54399.3579711914
103188339.3903045207 30412.1796873659
107244599.4821403772 46695.3352551460
113104772.4331514239 54945.2014770508
115406262.2629424632 55051.4644775391
108881309.6841739416 50595.8761596680
115392925.7904983461 55050.0144042969
115131106.6248873174 55047.8671875000
103555551.0319548547 32977.7312408537
108784320.3033315986 50441.4341506958
107226320.6357638687 46323.6460147500
104340445.3352574706 36629.0116515756
113115767.0734052211 54952.5832519531
102726318.5348870903 25695.1590001490
107480895.2688856721 47159.7839736938
107529418.8184488565 47535.8475723267
113235016.4484193325 54966.1613159180
102281943.4084377885 15183.8275135510
104857574.4781268239 38930.0883389115
104829663.7123915553 38892.6659107804
104478906.5557703972 37304.6658797860
107312176.0695650578 46864.1220397949
102388344.4524968863 19241.3114883115
110044711.2144152820 53271.7342834473
110312826.0790065676 53720.3320922852
107113203.1563356966 46145.2237985134
109101068.4259910434 51287.9328613281
102258827.3413267136 14405.9222745687
102705455.8937177211 25621.8297242280
103736232.6182744056 33819.6056541596
102696109.5589595288 25615.4700827766
110483714.6605217606 54002.3723144531
111709971.4517095983 54752.4616699219
104685047.4504436404 38289.7657048702
110246390.7997395694 53484.9395446777
102441122.7865728438 20088.3432067221
108946940.2599906921 50897.9148254395
106873461.0916041285 45387.2726550698
109112259.5702676475 51327.1605224609
107631826.0147316605 47701.2639007568
107671104.1955444962 47701.6032238007
107705787.5655325353 47857.4277610779
110278017.8041326106 53533.3527526855
104732911.2742441595 38587.0224174988
106976196.3938953578 45601.0731158853
103902573.9673030972 34044.9145629779
107574402.8892417699 47630.7544097900
107321772.5444087535 46870.7584724426
109157440.9957365245 51362.6652374268
104738035.3685687482 38660.0915491581
103684566.8452550620 33538.1158233732
106982043.5420854390 45898.8976398110
110281336.1264721453 53574.3400878906
104719183.2191734761 38569.5604860913
104803586.9298623502 38794.1188839078
110485691.9928472936 54002.8619384766
111929728.9432720244 54791.5025024414
102334246.8709539324 16137.8625932559
109235500.0164740980 51445.4135971069
102377805.8899802119 19168.0953569373
110416986.5046465993 53810.1961669922
105402081.2942721546 40379.3569924179
105234753.7524504960 39885.0406929795
104723364.5821854770 38579.3430178296
103317992.1082417816 31448.1628505439
103221205.8414779007 30461.7449182123
107747340.4733172804 47871.2677078247
107493799.0233142525 47171.8704833984
107603033.2286641896 47689.9091949463
103226078.4371817112 30500.1036294550
103273531.5089697689 31287.4510491937
110553179.3811679631 54049.5121459961
102453621.6383736730 20104.3518613018
112277668.3395579606 54840.1002807617
103767192.4664656967 34011.7968630046
103339832.8989085257 31506.5076061338
103726543.7100473791 33815.6017494183
103643724.2845732123 33299.4510437101
102456669.0439089984 20508.0265030768
103361606.8776828200 31567.1509338468
112236856.3961736709 54839.6707763672
111802811.4715838581 54770.7994384766
103947041.4677478820 34111.4600341693
104387760.5622149706 36836.8376965523
112630547.4256980121 54882.5197753906
103569755.9615967572 33084.4526916593
112659440.5985127389 54894.5233764648
102936605.7533039600 27737.1273660436
102468233.8749596030 20870.8757548556
103365205.8064772338 31623.2948108763
104707332.4015068412 38468.8909734432
112640137.1482850909 54886.3175048828
103477788.3406794667 32447.6540420428
102450471.5773738176 20098.3251839112
102420926.7581443191 19992.6434941199
109070598.4607245773 51065.4094810486
104251372.5988110304 36161.8770995736
104399587.9809467196 37056.0912414193
102840729.4556359202 26847.5771608129
109484168.7004196644 52093.7928924561
111589069.2433039248 54722.2031250000
102870155.1185200661 27075.5888029821
102959296.7677423805 27763.0245218053
103019283.7327971905 27876.3996133581
102888716.6670010388 27327.6475686803
102985273.6591192931 27858.7558515035
102416514.0116628259 19765.0586006548
108650176.4766864181 49972.6593284607
112670791.8696729988 54894.7578735352
102401752.3060755879 19399.8105308916
104518991.1142922789 37364.0049992204
112554969.9087623805 54879.6836547852
108219336.3148823828 49133.2296714783
102484243.8041537851 21318.7191869169
112492519.1686935872 54866.4854125977
108690536.8483958840 50137.8405685425
106978925.4035062194 45603.7796363831
111799974.8404671103 54760.5008544922
108685949.2630645186 50050.0836448669
108276913.0661770254 49283.4512748718
108477205.7063327581 49538.2383575439
111917756.3541401476 54777.4952392578
102487913.5069644004 21435.2773786135
108375669.6581109315 49443.5612525940
108168964.0498586446 48866.9944839478
108515569.9765360057 49640.1307334900
108147513.5466527641 48850.2333717346
108429667.8394790143 49514.7833290100
105230967.4262783527 39736.4812374711
108545171.1321375966 49662.5017738342
105164604.6900672168 39718.6604977250
105486558.7422010303 40400.9242662042
102478576.4198453724 21318.6699911729
102505740.9985374808 21881.6724286623
102508575.4485118687 22051.2463510027
102496403.9114184678 21765.0650412217
105524430.8565933555 40610.5225142986
105681235.7347424179 40729.5812322795
105644700.6513782293 40685.6049051881
105715438.8836168498 41032.0334020220
105692870.6654357910 40986.9414617717
105934659.7336139977 41143.1631261546
105827389.1352258772 41116.1040904056
104105719.0302187055 34312.7859906340
104052151.0314663798 34285.1456564227
106134188.5520484447 41592.4478229284
104152318.8567645997 34315.1549609015
104230211.3076249510 34626.7371764565
106252662.3225424886 42091.7071463019
106062395.6943526864 41473.2334577665
106131082.2860503942 41513.2732865810
106103567.8017595112 41503.1964780912
105962567.6992593855 41327.9362623319
106193919.1298197210 41894.6456412673
