100895672.6066913456 2865681.4277343750
101921428.3156084418 3088623.8769531250
101819100.8532108217 3071991.0957031250
103486868.8060010076 3258692.8574218750
105209821.1449397206 3361346.5527343750
104711638.7692643106 3340215.3535156250
100981112.3471126109 2879776.0800781250
100851721.2888237685 2863086.3847656250
101499139.0267986059 3009769.9550781250
101997173.8854147643 3101312.9316406250
102809729.0687250495 3205474.9472656250
102732371.5235850364 3194255.3066406250
102921443.6289258748 3214892.1894531250
103461757.1001512557 3256155.4082031250
104726150.4859835058 3346379.3300781250
106271430.3829553574 3387207.6699218750
106602630.6798311472 3393069.1894531250
106695303.5634522438 3393542.6582031250
100530098.8291115016 2759958.3574218750
102709978.0507988632 3193882.9277343750
106335742.5380465686 3389391.1542968750
107346144.7702350467 3398530.4511718750
100919488.5171781927 2878134.4003906250
100910169.3828524202 2872999.4628906250
100898811.7579038888 2871313.5253906250
100504525.3922387511 2751946.7402343750
100504269.0666422695 2748792.7714843750
102658117.3569003791 3186606.1425781250
104234526.7143054008 3317045.8496093750
106234720.8660705537 3386122.3300781250
106168599.1524856836 3383031.3574218750
100888968.9556543678 2863119.0683593750
100812362.0891301483 2853678.1386718750
102042658.5166533291 3107488.3066406250
105054500.4079501927 3355171.8144531250
106323048.8224077523 3388877.4628906250
100447734.4951872975 2731885.1621093750
101064783.9647472352 2903273.5605468750
101498018.5813489258 3006407.3144531250
106181197.2422889918 3385137.6542968750
100500619.4552301317 2748317.0058593750
101934178.6253583580 3092158.2675781250
101870994.3191056997 3081294.4628906250
106166466.1747131050 3382639.1230468750
106328285.6520549506 3389114.1582031250
101015790.7780627161 2893618.3066406250
102184779.7528752387 3126702.3417968750
102114186.8233234286 3118409.5488281250
103286527.0406994075 3245193.8730468750
104892054.7498390973 3350445.6621093750
105337904.2358816862 3364736.6777343750
100518195.0964307338 2756147.5566406250
101028721.5933300108 2895507.8339843750
102952767.0094196498 3219845.4082031250
107058919.8531298041 3395584.6972656250
102765687.1789145768 3200866.9980468750
103220096.4781790972 3238773.9746093750
104922762.5238868147 3352845.7910156250
104827747.7593839169 3348588.3027343750
106537774.4365026951 3391420.2558593750
106599359.8742205948 3391431.9902343750
106384515.8358096182 3391144.2714843750
101752130.7622096539 3054694.2753906250
102152213.8665829152 3120220.8808593750
102744382.8835006356 3197221.5800781250
103131583.7438810766 3233881.7011718750
107117219.8752342463 3397184.0722656250
100401721.9874425381 2709618.6894531250
101998722.9095921814 3101568.2441406250
103211053.4837059975 3238588.7558593750
104216571.5526764691 3314856.1503906250
106843414.8456976116 3395198.4746093750
100915381.4900902063 2875652.9082031250
101769781.8918093741 3059449.6113281250
103299969.5368041843 3249688.9472656250
102882288.8663520664 3212924.0214843750
103638943.1622020751 3271340.7246093750
105818170.4171669036 3377382.3613281250
100481960.4297718257 2745024.7792968750
104297074.9084937125 3319660.1230468750
105669818.6699131131 3374502.5996093750
105866685.2561398447 3377883.2871093750
100338603.5303670913 2680074.6660156250
102664506.3815786391 3188390.4199218750
100506722.3991218954 2753725.7636718750
102039819.8404724598 3106816.7207031250
105670074.7559800744 3374697.5019531250
105380754.3747729063 3364986.9746093750
100573475.6462254673 2774456.7128906250
101053655.3080243915 2895937.9199218750
102171265.3791206181 3126227.4980468750
103153612.1439041048 3235029.4121093750
103073349.6387793273 3230933.6777343750
105628003.5492420197 3373517.6113281250
100535547.8669488877 2763956.5019531250
103395146.9107643217 3255082.2714843750
105931191.1474458426 3379602.7246093750
101996989.1453148872 3096993.9316406250
102492837.6662949473 3166657.0566406250
104371010.3478089720 3326626.7089843750
102093410.5417652279 3114672.6855468750
103400239.0709978640 3255874.8925781250
105382890.1543119699 3365724.1542968750
100752660.7977809459 2825853.4550781250
105562581.8288487047 3371381.7636718750
102103690.8304578066 3116208.9160156250
102009851.5601442754 3104834.2285156250
104365492.1438847184 3322338.2597656250
105387947.1498137712 3368313.0488281250
100992357.7272106260 2886251.5097656250
101550678.7499867976 3017676.7402343750
106291121.9856741875 3387371.4003906250
100575426.2400132865 2776111.6699218750
101589848.5940703750 3024853.7558593750
101800648.5709110945 3067976.7832031250
105241686.7683174163 3361729.5371093750
100333761.7823879272 2672518.7910156250
103155176.8735718280 3235875.4394531250
103521243.9868183136 3264260.6542968750
100911991.1255778819 2873819.2402343750
105549521.3332260996 3370818.1425781250
100890696.5958731472 2864737.4042968750
100797354.2124295980 2840869.4433593750
102684752.1557413191 3191511.3652343750
103538772.1850209236 3266399.8066406250
104196502.8582789004 3314413.1972656250
105914951.5923743546 3379407.8222656250
104607535.6457339227 3339739.9550781250
100802550.0103245527 2848093.2441406250
104263483.3088416308 3317605.1113281250
104316257.7482795715 3322329.3652343750
102655422.8563348502 3183511.0527343750
102858373.1502588540 3210298.7050781250
104864827.2717991322 3350138.6855468750
105610171.0014563799 3373218.2714843750
105480628.6528002173 3368493.1503906250
105775270.3827870041 3375822.1152343750
105126467.2741929740 3358939.4824218750
100365454.0629131347 2691937.3847656250
102996953.5508114696 3220824.4199218750
105255691.9996178746 3364425.7871093750
105375966.3710082918 3364871.5722656250
102589687.3393104225 3180288.7988281250
104501511.1772725135 3332301.7832031250
106095428.3739801198 3381061.4511718750
106804717.9763700813 3393589.8222656250
100704728.5881898254 2818573.0175781250
100780991.0018067956 2839747.5722656250
102064037.4975985885 3110477.2636718750
103010198.8546040207 3223455.8222656250
104433724.8845044822 3330726.5917968750
100424284.4970254451 2723320.4707031250
101533296.1993655860 3016558.6972656250
104546500.9593999833 3336935.8222656250
104712717.1597274393 3343614.6503906250
101569440.8514983058 3022906.5605468750
101751771.4080046266 3054004.5683593750
102265274.5652590841 3135804.6113281250
101485007.4392220676 3006157.1503906250
101594619.6336216927 3027511.9980468750
102915445.0726306289 3214624.1464843750
106084816.2327722460 3379625.1113281250
106178915.0302276164 3383579.9511718750
101452661.6500134468 3000736.1621093750
100477339.8552355915 2739817.7519531250
101417699.1124788225 2992570.3222656250
101371635.0567321479 2980846.5761718750
102493881.7706671953 3168727.0722656250
102688541.2627549767 3192167.5917968750
104819701.8804490268 3348283.1777343750
104615632.3057464361 3340082.5644531250
101782136.9472360611 3065290.5019531250
103044211.3057034761 3226503.8457031250
104456883.1565786600 3331003.2285156250
104484459.5496137142 3331047.9667968750
103558409.9606262594 3266971.6386718750
104519639.6508023143 3334086.2167968750
100358006.2454719692 2683943.0410156250
101320464.9703455865 2967126.5175781250
101480901.1624164283 3001211.9121093750
102929560.8898635954 3217947.5136718750
100356451.4395972937 2682890.5332031250
104367579.4545823038 3324681.5410156250
107053323.5938585252 3395452.9941406250
100298927.2468610853 2660805.3886718750
101377174.7097267509 2982675.4472656250
104503867.2430676371 3333983.0410156250
103534917.3245885372 3265217.8066406250
104394052.5001600683 3328735.2089843750
104407164.8041727692 3328946.4472656250
100309871.3132936507 2665359.0214843750
100773085.0330507606 2836801.9160156250
102756537.9874671847 3200569.7246093750
100297860.9046963602 2656264.0019531250
100371055.6734242588 2699552.5527343750
102733135.3487203717 3196335.1230468750
100710484.0998284668 2819111.2832031250
100589646.2387320548 2776820.4316406250
102062819.8710784763 3107984.1191406250
105904624.9428235888 3378228.9433593750
100548366.4895440191 2765137.3847656250
100290891.6006945223 2654346.0410156250
100526696.7809929401 2759572.6699218750
103593596.6352161765 3270542.8222656250
100484110.6330398470 2747446.7519531250
104980422.4668433070 3353528.0214843750
105106550.0909708440 3356470.1074218750
101838883.3121259362 3076652.0957031250
105023073.5691678971 3354077.3613281250
100607833.1618422717 2783959.8261718750
100537818.9391018003 2764176.5839843750
100743684.1904592812 2822342.2597656250
103501223.5279076546 3262173.4980468750
101628743.9995881617 3031697.2324218750
100332062.0763732344 2671820.2519531250
102453602.7724223137 3161688.4277343750
102424626.5664582253 3157742.6230468750
102350428.7785637528 3149323.1308593750
100638058.5739593655 2792141.5410156250
104161686.6673553884 3307493.2792968750
105107651.1121912152 3356620.9394531250
103363153.0623408109 3251454.2324218750
103374528.2508311719 3253657.9667968750
103378160.4133293629 3254829.4199218750
100463167.0870302171 2732284.4785156250
102517124.0523691475 3169615.9902343750
103280010.9670527428 3245167.7597656250
101831315.9562922269 3073880.8769531250
103694333.8294525892 3273780.8183593750
103849559.0722757429 3289091.6035156250
101900628.6429745853 3086652.9472656250
100619818.8028081506 2790662.5800781250
100762665.8571882695 2827792.4628906250
101958394.7629535347 3092742.7558593750
100368540.7483265251 2692201.3574218750
100596582.2807232887 2782295.6035156250
101348265.3335706592 2970277.4082031250
100651514.0376274139 2796465.9355468750
103489897.9869646579 3260895.4667968750
100737811.0120786577 2820356.4589843750
101829994.2642008215 3072358.2871093750
102376096.4307745695 3152862.1035156250
102518088.1730334610 3170071.6933593750
100675287.9193785638 2805937.7246093750
100655059.7674204260 2801681.1191406250
100319001.3803616017 2667309.3183593750
100658290.8433605880 2802264.5878906250
100646500.7777191550 2795738.9628906250
102467007.6455447972 3165582.9199218750
100566610.0002079755 2768412.6738281250
102550508.2122313678 3175870.3457031250
102321134.9290346056 3143203.5605468750
103787114.6373536885 3281864.5019531250
104144543.3275161535 3305984.3105468750
104064105.3507070094 3301148.0527343750
104040184.8691984266 3298967.1855468750
102289457.4473679215 3141958.6503906250
103925636.2044632882 3292905.7128906250
100395342.6432162374 2704227.6933593750
100407525.9619208723 2714164.6503906250
102275239.8733541071 3139672.0371093750
100747369.7340636998 2823195.8261718750
102329910.6892423034 3145038.8378906250
103837445.4301336408 3285124.7871093750
104057771.4839301556 3300302.2988281250
100471939.5143383294 2738528.4472656250
101894871.4635356367 3084170.1582031250
104090674.9342639297 3302867.1738281250
103941167.3021131158 3294668.9355468750
100463667.5746136755 2734766.8808593750
100443880.2040127665 2729193.5410156250
101626290.2250596881 3029756.9199218750
100414577.7262638658 2716796.0996093750
102202393.3405230194 3127245.5683593750
101203409.2142344564 2932699.0800781250
100350345.4786248654 2682818.8964843750
102167505.0048475266 3123719.9980468750
101370265.0353739560 2977879.3417968750
101438291.9648944139 2993671.1152343750
101290469.9265489280 2955647.4003906250
101355709.1799568832 2974730.0253906250
103891655.3560230434 3289490.3144531250
100441676.3777537197 2723537.1660156250
101409017.9380534887 2986372.7207031250
101317100.3450866044 2962167.7910156250
101363342.0761646330 2976823.0175781250
101282487.6975772083 2950045.9472656250
101194482.3443458229 2926834.8027343750
101158793.6852812618 2918522.7832031250
102220401.3615366071 3128512.4589843750
102081044.7431913763 3110706.8535156250
101227389.1177187413 2933943.9980468750
101980219.8576786369 3094996.1855468750
101188080.4637207687 2923983.5839843750
103649011.1645157039 3272393.9238281250
103721074.2627079189 3275609.5449218750
103726282.9722431898 3277971.2558593750
101113210.6432023346 2908795.0917968750
101164434.3765541166 2918642.2246093750
101732578.1149950027 3038370.4082031250
