482469772.5136709809 58747.0802064999
482439675.1039077640 58653.5533860191
490526546.2719829679 65517.6344410460
490801864.9581693411 65674.7301520328
470601213.7013865113 39514.5966257332
471417919.1796951890 41789.6552567836
476553401.0078451633 51084.6006501604
482063019.4648912549 58393.6562912925
482156541.0162292123 58437.3120207055
490051623.6899261475 65379.1946697193
528774431.8081082106 87761.2130661011
532477033.8608534932 88634.7370605469
471217641.2522249818 41482.9464546796
490038299.9039965272 65313.7445174414
490000363.8954927325 65294.8944163281
490356524.2679364085 65463.8971832141
511349003.9988656640 80089.8905313015
510443202.0717627406 79680.8222690001
531037461.9674028158 88422.6400146484
482014428.9548768401 58171.0391800865
470474156.9095163941 39508.9895076559
482347247.7584643364 58443.1855500337
471262785.6399714947 41688.8690917250
471334141.9779329300 41753.5654837247
471351568.0586645007 41783.6623877808
476544247.5692452192 50888.7726208258
509501912.4317156672 79050.5687494408
509680488.4812266231 79132.7077455651
511551365.1703936458 80303.0611815825
510607420.5764324069 79763.4408016577
481407070.2752862573 57619.2109202739
509180787.1926049590 78834.1007509362
549581949.2447439432 90014.1377716064
468616169.6427423358 31074.2764089659
476744384.6234849691 51170.7966952611
509040397.3101775050 78693.0519685876
509350135.9589305520 78957.7470369469
481614187.8903735280 57800.2275533971
481892949.6121699810 58139.0567476150
509897364.4402812123 79149.4522142541
471124064.8569540381 41422.9127766248
479714936.0769174695 55631.0542392634
481739077.3479874730 57805.1407618910
481213272.7004140019 57405.4161013063
481520807.3453571200 57773.2027742263
481149718.0850219131 57402.2552283403
509384667.9469432235 79031.0311555993
553372511.7064754963 90171.6982116699
524021422.6443544626 86482.0807189941
524314404.2946428061 86638.9432220459
469901121.9475046992 37229.3294226900
470273673.8572463393 39193.2664672540
471654195.0484967232 42068.0716894188
480497210.9964687824 56382.1627848741
480702293.6162828803 56715.8891965743
553142728.0699114799 90132.6728820801
524573871.2780325413 86674.8013992310
548891523.0482500792 89979.7779083252
525279077.3586826324 86906.2670288086
469697209.7438228726 36573.2118071392
489020523.2435306311 64567.2073039967
489504368.1968117952 64961.6052070218
524750550.6858625412 86759.1599502563
554105152.0260537863 90268.6976623535
471828442.1147707701 42104.9563329403
489967964.2161633372 65237.1446461636
548978277.3404555321 89996.1727142334
489420015.4015645981 64763.1839823681
489786832.6967557669 65129.1879649120
471789857.4286492467 42073.6917065554
471502253.2876986265 41921.0581974261
489535855.1618080139 64990.2970347363
470379606.3524993062 39495.1547415362
525152504.2343314886 86872.2044982910
471190698.6647337079 41424.0965746026
470164602.8773593903 38813.2723025810
476178606.9731902480 50358.4555182387
476346648.4174468517 50785.1856149126
479551027.9609465003 55271.1592348717
480004324.0501215458 55856.2796567372
479794917.8063545823 55650.1733034752
486669546.3908101916 62014.8264877599
524619575.8944336772 86700.9160461426
524899519.7595868707 86774.9158782959
531770706.0300029516 88569.0086059570
479551352.4854872823 55324.0764635705
470907510.4301832914 40651.3278869676
486753086.5455978513 62341.0160270732
510898243.2764008641 79980.8273830786
488788814.1696959734 64378.4952311474
468969329.8286342621 32445.1892764343
470874610.8156426549 40638.8867193629
486724153.3126598001 62316.6543051804
510467940.6494180560 79756.6527996436
553624517.4200369120 90244.1748046875
470895515.4576833248 40647.9151922633
486883143.0410093069 62405.2177459997
468842252.4919968843 32091.0246289743
531870969.1568095684 88619.7190246582
511094139.3389566541 80039.8993358985
531289719.2980369329 88530.1090698242
470071717.5511423349 38407.6778145769
533835489.3098343015 88767.8810729980
469044558.1262235641 32747.7970247490
533929451.9318638444 88794.9432983398
469988517.0325237513 37503.4311881852
510057369.7857630849 79449.3279323950
469028083.5356242657 32476.9915217383
468825592.2216324806 32081.1627329617
486948898.0695387721 62728.1905691948
488234161.9928167462 63880.7239550982
488419527.6954276562 63975.7112364431
469752627.0286200047 36830.1143560335
476213549.7059379816 50413.7326119829
487620893.1931220889 63261.4405381470
548069338.1937398911 89727.5480346680
509694268.9436956048 79141.1805134192
470725436.1432328820 40276.4621893336
470670824.8551187515 39874.1089100876
487227622.8401241899 62996.6686957207
470622408.4738417864 39843.7429961526
493740264.9744367599 67924.3403888961
530756121.5822790265 88372.0615997314
487626145.0268802047 63306.0314064283
533466963.1004978418 88717.9597778320
487474443.3262323141 63174.4906440039
493420168.0929646492 67682.5141736290
493075525.3762220144 67448.2816350209
527790684.0136508942 87511.0861206055
528943865.6484904289 87873.6558151245
530396839.4572941661 88212.3367309570
487252847.3699483871 62998.7633551896
479118162.6875298619 54497.9004473712
533627774.6751236916 88757.8878784180
534183618.6132637262 88809.7106933594
533764015.6645587087 88762.8718872070
469757786.2473150492 37133.8020075038
487467870.5004034638 63112.8586234747
494122330.2638208270 68011.1731663963
512060479.5685423613 80413.7875742167
528022878.8453021049 87624.4647674561
529413460.9071884155 88048.4303207397
493324608.9815378189 67674.0341893455
513109277.2954293489 80862.4185447432
493528848.7138214111 67774.2150134381
530622266.7356794477 88303.5244293213
512411818.4697194099 80635.9438074678
512607191.9075090885 80738.3150702566
470003112.4604539275 37750.0872614458
493137453.5815349817 67521.4206027325
512228953.1483808756 80494.6319228262
530108204.1316916347 88183.4552307129
530625559.5200420022 88332.8438110352
487318920.0941233635 63058.4060719310
530536453.3059663177 88295.2133636475
478891221.6185616851 54138.9921438653
493211411.8089264035 67534.8090686139
533572497.8356828094 88754.3038635254
478741122.2316368818 53921.7979299981
470029693.2331860662 38079.0714991167
475833356.1609336138 49475.8300085046
478449985.4018161893 53416.1857240105
478646965.3411000371 53720.6407387216
478794746.0799201131 54076.8020193536
533103907.5239226222 88705.5662536621
478660209.3130152822 53757.4804402196
469233476.8729044795 32753.2347195221
475630233.8555884361 49120.6010885217
478561376.7021331191 53719.6516438329
487915694.3285802007 63527.0742801725
526762806.4078458548 87203.5686569214
528105146.0678135753 87627.7066497803
475896411.8225809336 49536.2962527253
475754329.5382914543 49439.9949865320
475969377.7533475757 49818.1460754850
475912412.9132812023 49617.3734235742
528143750.9611563683 87669.8189086914
475951470.7717206478 49798.9824323633
527295609.2154144049 87379.0262222290
477785405.9537693858 52346.6063127739
477695614.7948064208 52145.5999130381
469367318.9598460197 32973.1269060026
526707770.8622735739 87122.7243118286
469481676.7426675558 33126.0706700634
473223162.9281387329 44354.7214978182
473653218.0069917440 45085.0005064713
527270085.7917515039 87209.6375827789
477505059.7038323879 51923.9105087943
477059959.5081084967 51277.7110830096
477258312.2585352659 51521.8288601113
477103243.8426718116 51362.0072262955
477356682.1644173265 51636.5446162736
477072248.9904230833 51316.4978293253
477005194.8627757430 51266.0550907326
477365597.0446856618 51642.5146862639
473694858.5688639879 45095.6484193312
473783760.4696415663 45102.4979665385
492629780.9841814637 67098.2312070962
492333435.6222154498 66823.7570416566
492548881.6063089967 67000.4185610436
492511576.7570182681 66978.9744210776
492139897.4316300750 66729.8542096254
491776578.0807703733 66445.1209752198
491646801.6624195576 66295.3915147496
552495957.4988639355 90063.5987854004
491674831.9506728053 66316.3206369592
473149146.8511306047 44046.9354416238
552383446.8542381525 90022.6734619141
491312818.0303756595 66023.0868137790
552949005.9011468887 90120.5759429932
552689819.0821290016 90084.2826843262
472935628.0529757738 43392.0412918435
473026748.4679139853 43712.8237091409
521863814.8883304000 84642.8730840683
473355079.0582289696 44430.4856001245
523485836.8435546160 85267.5283880234
546634312.2246805429 89511.2347106934
547142517.0334001780 89639.8695220947
473949831.5532346368 45622.9469447189
546537266.4781560898 89473.8861846924
546511896.9346504211 89444.3055992126
546986258.6371291876 89597.9291076660
547649734.1809889078 89684.9323272705
472925528.4294626117 43197.1436545663
474878284.4556200504 47404.9592648342
523054989.4818928242 85138.3383550644
547575590.4848794937 89672.9697418213
523141423.5835376978 85242.3338384628
522980972.2650119662 85103.4013433456
472975670.9364646077 43509.6705901437
522830346.2273404002 85100.0838079453
522749802.8427574039 85062.8302602768
523125561.2988556027 85158.9318943024
474700568.3403886557 47009.0383553915
475233026.2778204679 47943.9784755353
474970220.0521438718 47529.6446818952
474536214.0055048466 46372.7203623764
474623976.0617920160 46768.5299758166
474595835.6354457140 46753.7398330681
474311676.7180698514 46149.0184183232
474134308.9627749324 45668.2269447558
520111065.9387523532 83275.3041772842
520252026.3213622570 83313.0068624020
519101891.8266602755 82546.6786229610
516781804.6768536568 81863.3888885975
519954942.0805822611 83152.9418690205
519535151.0355836749 82979.0280416012
519529824.1270956397 82960.1505696774
519485937.0277044177 82957.4137227535
519817050.1043030620 83119.5377461910
516414868.5214305520 81682.1982986927
516531856.8091353774 81764.9414932728
516252000.8483089805 81622.2117807865
517992138.3070418835 82293.8944886923
517419714.6452666521 82024.4704207182
516442255.9065832496 81704.9952194691
516348770.8984445930 81644.4433701038
517537983.2858473063 82137.1041563749
517081578.7914631963 81924.5920256376
508628326.6474719048 77180.3937355865
508161620.4612556696 76794.8382208919
508279874.6215835810 76872.4247294044
506998271.4339084625 75755.4954858306
506920347.8816521168 75524.8716250892
506702149.3248889446 75447.0161944862
506974093.7257782221 75547.7501541610
506982209.5376627445 75577.4534884925
506534058.4755870104 75209.7750538226
506876749.9366600513 75458.5574215289
506522560.9393439293 74634.0159216138
504640421.5687154531 73193.0200709911
504459232.3660732508 72969.5902199360
504802060.4569225311 73218.1269840809
504561599.5170065165 73125.5823921772
504784485.5615093708 73214.6273216220
504191890.6974822283 72487.5699140193
504550921.4011112452 73118.3030905338
486561165.1623762846 59616.3148842544
486544495.3028148413 59609.0466652603
486037072.9735291600 58846.0802989841
485898507.1366950870 58806.6214675994
486185049.6850566268 59213.6736741752
485901466.9572519064 58823.6168499083
503661452.8287121654 72107.3213855087
503006080.5809543729 71550.3387926855
502657687.2189522386 71309.5785120764
503019322.7767229676 71594.2704027929
502832743.8861514926 71319.7581456938
502473277.6717398763 70933.2187402287
502581493.7006329894 71183.9909455814
502141159.5229868293 70629.1452028789
501159725.8751253486 69905.4924392537
500561051.0498797297 69520.6463380643
500382694.7856411338 69439.1631036588
499149399.2770057917 68312.1248333067
499092958.5294872522 68250.6443428085
498988334.0114710331 68233.4204361723
498971277.3048751950 68132.2423041151
498947398.8530588746 68118.7517226026
498943011.5626217127 68073.0495608137
