364215325.5372378826 6105316.7949218750
366521117.7472519875 6135610.3378906250
356586151.6995573640 5970755.1406250000
330296790.6493455172 4268466.0078125000
335761213.3699323535 5004265.2675781250
335902967.9232977629 5005741.2734375000
337277109.0997357965 5119704.0312500000
356143942.5244284272 5963856.1132812500
330146366.9884055853 4226792.3974609375
330524309.7626489997 4278874.4863281250
335666901.7847365141 4992850.2382812500
335439627.4825822115 4967455.6210937500
340388387.4075659513 5347290.8496093750
366373615.2052758932 6133826.7636718750
335390115.6556596160 4965735.2617187500
340580461.9255915880 5365403.3183593750
364411466.0486930013 6110175.4785156250
331979901.2540313005 4578026.2949218750
339864984.2043814659 5315923.8867187500
366661605.2653758526 6139224.0488281250
348279899.0448573232 5742469.0937500000
353114876.3598867059 5891248.8867187500
367802442.9465791583 6146949.1210937500
329553225.2149946094 4088117.4023437500
329915145.3176080585 4181257.4423828125
332894725.5753919482 4684108.2949218750
345095917.8225102425 5609380.1894531250
336892277.7051776052 5096280.3867187500
329633263.1957906485 4106089.2470703125
329844392.7207443714 4169060.9335937500
335547558.2089887857 4986368.4941406250
363959543.3136644363 6104806.2285156250
332086159.1587525606 4589109.8496093750
332949099.7298903465 4689659.0878906250
381434680.7275374532 6198478.3613281250
352538498.9984877110 5871733.4394531250
375088607.6388621330 6186127.9062500000
375506206.7465844154 6188101.3085937500
329851245.1800614595 4169168.3847656250
366559458.1330530643 6137136.3027343750
366518344.1800233126 6134548.1894531250
376048856.7145773172 6189964.0273437500
375716214.7919365764 6188978.2363281250
335043654.0392167568 4930198.3066406250
360940812.7591716051 6053506.4433593750
345728062.6421048045 5626797.3847656250
374847414.9649557471 6185488.5703125000
335240238.5542554855 4957526.7656250000
375224156.8946989775 6187633.7617187500
375530763.4976376891 6188860.9335937500
339617327.6251261830 5303818.1210937500
352738312.6470817924 5881753.0664062500
352895020.1913311481 5886620.8906250000
368030416.3041819334 6147695.1210937500
335193589.5041049719 4951652.4082031250
339937696.1047070026 5324960.9902343750
370479584.1204121113 6161703.2187500000
345207845.1876971126 5611909.6328125000
345324080.6922694445 5617738.7460937500
351085146.1715450287 5831324.4394531250
345415506.3177567720 5621266.2109375000
347980766.0137895346 5732361.0546875000
354563963.5144006610 5919346.1933593750
355601229.2055634856 5951938.4570312500
368623662.3689875007 6150749.1035156250
364220884.0707515478 6109191.2285156250
329644482.8956835866 4109779.3486328125
337110022.2082249522 5111126.1269531250
339408140.5301360488 5289528.6289062500
351414086.6162692308 5843331.7519531250
352090405.9914508462 5862830.4628906250
356398984.5669105649 5966863.6992187500
348167706.3890194893 5739355.3554687500
335604311.3778727651 4989396.9218750000
352688357.5686727166 5878859.5878906250
337112788.7060990930 5113609.2343750000
339606777.4018014073 5300273.0429687500
361352298.8012722135 6061106.7714843750
329531639.5589828491 4082152.4130859375
329362020.4411215186 3996606.5517578125
332709552.9290735126 4668616.4277343750
336970547.7986856699 5101724.5527343750
344525199.6880214810 5577037.8476562500
347864734.5290316343 5727935.7421875000
364567305.4837599993 6113434.6757812500
332716839.9973909855 4670274.3671875000
356052750.5751857162 5961688.4921875000
365505479.4467407465 6125736.8222656250
329890437.4046977162 4178506.3925781250
344200008.9966133833 5554440.0351562500
345505071.7090209126 5624786.2304687500
344250495.7442851067 5559465.7890625000
362504202.5360032916 6070812.0507812500
347348994.8564094305 5706104.8867187500
332315199.9807078838 4612803.2656250000
344376943.2761101127 5571910.5488281250
365781961.2376769781 6128963.5214843750
347559436.1021985412 5712800.0410156250
331306849.6200663447 4465868.4628906250
331143388.1714658737 4446697.1484375000
331201480.3087205887 4455470.4199218750
347562582.1732829213 5713620.4531250000
335193001.8246837258 4948330.6679687500
339372318.7914372087 5285332.7363281250
329483001.7459039092 4050279.5644531250
344539826.7013012767 5578112.9140625000
347534433.2736024261 5712676.2578125000
329464592.5943924189 4046745.2167968750
332020545.2625854611 4582932.5195312500
347075391.8154049516 5687392.2089843750
331845751.0703288913 4559621.7109375000
347601086.0155398250 5716299.3359375000
368272330.6480816007 6148848.2460937500
339570809.4491289258 5298885.6972656250
347479836.5977928638 5711758.6035156250
368079288.3188171983 6148643.4687500000
337059475.2275120616 5108213.6621093750
336910173.4092261791 5099692.7382812500
354997388.8132292628 5935894.1757812500
354661477.4764965773 5929322.9355468750
354957419.2709555626 5934124.8242187500
365729854.9463725686 6127951.8691406250
332557378.5097679496 4644793.4394531250
349627082.5837257504 5784888.0644531250
334978846.7047180533 4927118.2167968750
355048590.1148757339 5939128.4472656250
365882630.3203098178 6129862.8691406250
365558568.2433432341 6126448.1660156250
331560184.3988062739 4515315.5429687500
349262323.5726980567 5774027.2636718750
352062996.0758288503 5860386.0566406250
352168295.5143553615 5865212.6660156250
331824564.6336504221 4556632.1562500000
329389293.2099497318 4003472.0722656250
355015706.7084284425 5936265.9589843750
355197236.6618147492 5942201.6171875000
356459738.7176234126 5967769.4746093750
344480460.2915695906 5573420.5273437500
364787778.8597425222 6115501.7128906250
329742680.9974355698 4144513.5810546875
348843630.8368234038 5756859.8046875000
345910799.9364071488 5639793.1308593750
346039785.5304306149 5645143.3789062500
346085561.2604604363 5647232.3984375000
340763832.8757575750 5370025.9453125000
367540203.8337796330 6144541.0703125000
331719947.2589072585 4542367.4882812500
360708344.5936765075 6050055.6406250000
331616448.5102307200 4522932.7363281250
345934762.6082846522 5641603.5996093750
365710198.9397163987 6127176.4238281250
341005065.8029569387 5383236.6640625000
364993871.6460293531 6119414.8339843750
334772719.2960054278 4896257.2226562500
361892623.0703760386 6069091.9843750000
362045619.5421323776 6069804.9199218750
361597935.1593049169 6065900.5957031250
334636047.1548632979 4889564.9121093750
340864977.9044294357 5377147.1113281250
341061905.8471973538 5387510.0761718750
349859643.9697828293 5785851.0273437500
370874613.1283992529 6163833.8378906250
331120049.3286746740 4444324.1054687500
331675845.4686359167 4528813.2871093750
351868368.2066462636 5855399.5253906250
329817269.3968878984 4162139.9052734375
365209515.6051051617 6121160.5175781250
367422688.7162535787 6143060.6289062500
351959541.2036220431 5859158.9257812500
374545828.9720430374 6180257.6875000000
340719837.5164471269 5369994.3242187500
346673410.0020567775 5675804.7031250000
346778112.7233948708 5680543.0312500000
361002227.3229402900 6054750.9589843750
349600694.3526762128 5782912.2519531250
334594414.9552260637 4882823.7949218750
371318609.6371459961 6165924.0488281250
329412091.5618213415 4011735.3662109375
335993593.9659425616 5017242.9335937500
331509750.1984646320 4506084.3378906250
336139034.6515494585 5027817.7890625000
336591776.1210601330 5067500.4082031250
361202091.2379273176 6058147.8554687500
370826209.0913898349 6163189.8222656250
331436114.3399048448 4497718.0439453125
349066486.2132294178 5762739.0332031250
336231625.3126688004 5037837.7988281250
349226294.9556608200 5769689.7441406250
349148851.9111125469 5768414.8281250000
361173961.7932143211 6057925.5253906250
345822536.5495994687 5635174.0527343750
346088102.9354277253 5648109.3691406250
361672451.3677707314 6066151.4121093750
361226609.3642517328 6059747.5351562500
361467767.0772573948 6063170.8769531250
333091652.5045349002 4700703.8710937500
332787762.6205589175 4676540.7968750000
352087589.2469278574 5862587.4101562500
330089323.8351306915 4225101.2597656250
332616307.6551298499 4653670.2695312500
361534796.0080887079 6063260.5371093750
329446566.5071398616 4024441.4326171875
329511997.0626609325 4066819.0126953125
334407071.5712316632 4858343.6269531250
336420279.7684944272 5053265.7207031250
334566058.4343364239 4877734.5937500000
336060436.9518522024 5023766.3105468750
336322117.1538553834 5046141.0937500000
334632136.4692058563 4884243.6406250000
346170210.9183102846 5649208.9980468750
330072779.7675381899 4222772.7080078125
332824368.1164260507 4679861.3417968750
330059494.2131996751 4221759.8085937500
336093472.8539677262 5025790.9785156250
370564542.4510803223 6161867.8496093750
351764988.7619798779 5851135.7460937500
335937372.1647464037 5008384.4746093750
332485972.7430254817 4635943.4306640625
332580686.7363636494 4647788.8281250000
332443560.6446431875 4631853.8955078125
331043844.7247144580 4421150.9003906250
330010558.5952196717 4207706.1513671875
359896062.9959781766 6032988.0058593750
359966306.4622620940 6034426.7675781250
360193798.7696538568 6036603.7070312500
332472345.7580216527 4632759.8173828125
331074124.3084723353 4429173.7421875000
359894815.9071784616 6029291.7539062500
358677970.4854984283 6010143.2480468750
329681307.5782736540 4119265.8994140625
370474506.6996739507 6160990.9902343750
359677571.9332046509 6025934.2753906250
330922763.7097156644 4385925.0107421875
341770679.2563788295 5394640.6152343750
330968279.5568943024 4402224.3994140625
350357366.0072081089 5794839.8476562500
350306375.1993792057 5793329.7773437500
380235614.4028497934 6191230.2109375000
380557924.6598015428 6194627.5625000000
380862820.6331713200 6195976.0625000000
380282748.4731090665 6192817.8457031250
354321792.8494009376 5912218.3964843750
369845285.5713236332 6155893.9257812500
374472101.3358122110 6178693.3671875000
358359626.9780442715 6001838.1679687500
380212052.1505421996 6190396.2343750000
350468533.3987029791 5799105.3925781250
354067620.4131748676 5906864.7929687500
358060252.5843389630 5996835.9570312500
358291577.1532380581 5999595.1640625000
357748718.2941724658 5990129.6523437500
357554700.5595806241 5985658.0703125000
353940699.9899125695 5905493.9648437500
354134776.0148554444 5907164.4023437500
369082631.4589294195 6151015.4941406250
342933798.9763892889 5447562.4804687500
333261116.9168727994 4710777.3691406250
357693474.7573954463 5988563.5722656250
333357219.6126165390 4719417.5507812500
358191786.4161033630 5999362.8828125000
369524483.6000120640 6153332.3554687500
342803758.7896345854 5443760.9785156250
353867649.4359733462 5903263.6347656250
342857891.5172571540 5444864.3027343750
357602390.4260650873 5986712.3867187500
357762148.1671053767 5990704.4101562500
333505575.8275915980 4727917.5488281250
357849830.3258779049 5991555.5527343750
369123063.3861179948 6151335.3632812500
342149869.0962421298 5407330.5195312500
374103273.8606325388 6176175.6425781250
374389075.6600133777 6176519.5410156250
342117386.7510201335 5401808.8828125000
339340969.8377552629 5235435.2265625000
373837790.4864056706 6175031.6308593750
339067551.0155919194 5220226.1835937500
350627075.9890993237 5801822.5761718750
350742943.3127543330 5804216.7539062500
350673518.9320465922 5804140.8671875000
372811770.3682540059 6169281.5253906250
372689252.4264718294 6168592.9121093750
339300518.8003730178 5235043.4199218750
372615510.9504166245 6167990.6464843750
372272029.4173150659 6166581.5722656250
334021288.7761727571 4789071.3261718750
372526297.5926713943 6167427.4628906250
334038225.8072792888 4792011.9765625000
334029390.4759704471 4790642.0507812500
333724716.8617552519 4755898.4550781250
330769133.6188966036 4296445.4746093750
330755260.0997769833 4291671.2011718750
330705018.4262894392 4285360.0058593750
344029291.8333128691 5482101.2773437500
333868095.8020110726 4769152.8281250000
338577001.0877322555 5164405.1210937500
343672710.1315857172 5461301.0058593750
338453548.0317109823 5155604.6953125000
338510192.1518522501 5160813.0156250000
344014835.7276405096 5481448.3125000000
333593812.6552710533 4740181.1406250000
