678163709.4515610933 2943714.2052001953
686875024.8805562258 3187979.8392333984
688059668.8436616659 3208338.7663574219
687717429.9748133421 3193742.7058105469
683233344.1846914291 3085078.4040527344
680505040.2910140753 3020768.0786132812
684293127.7683722973 3117936.2429199219
674376253.3481950760 2771771.0442504883
672559964.8970863819 2689409.6583251953
677441097.0548361540 2913769.2861328125
675021773.0484398603 2811798.5764770508
680512360.9994652271 3021681.7548828125
680261652.7591296434 3012153.6386718750
684773857.2198188305 3132068.4052734375
678229694.2848858833 2944712.6566162109
677195464.6147408485 2911005.6118164062
678662157.8337124586 2965821.3222656250
688221028.5624287128 3210120.9177246094
672739696.2080183029 2722285.1557617188
699125626.9657011032 3364249.8964843750
678575305.0520884991 2957951.1411132812
672645723.6035169363 2706554.4139404297
679908145.0323146582 3003909.9541015625
678374376.3949645758 2957365.0686035156
687519611.7287708521 3191683.4055175781
677253157.5496083498 2913433.1489257812
686778556.9523497820 3180912.9714355469
676146525.7965461016 2854359.1279907227
673231603.1008191109 2737759.6801147461
675531292.1265007257 2828449.8316040039
676226963.0119239092 2872715.4777832031
675935564.0940392017 2850285.3193969727
691679893.0148384571 3267516.0815429688
675930402.9528173208 2850082.5430297852
678607708.7599117756 2964884.1523437500
703688973.7207887173 3425467.5029296875
675989646.8920991421 2850464.2881469727
691612050.9389683008 3267320.8002929688
679251327.9737375975 2982588.3793945312
688186282.9682428837 3208616.4689941406
678665843.6696015596 2966865.8178710938
705467734.6388036013 3432314.3100585938
687289986.5699256659 3190367.9276123047
678746561.4270664454 2973625.2558593750
679316632.0157246590 2988566.3974609375
677822766.8701027632 2932840.4184570312
680199607.4143869877 3011080.4924316406
680645053.1629596949 3022746.4838867188
678250596.6315045357 2955091.0822753906
686384319.9102625847 3170856.5141601562
707625089.5297448635 3455785.6137695312
672401498.0660948753 2683712.9031982422
674498014.5615009069 2780420.4746704102
706982940.1339442730 3450450.7636718750
679139719.3116395473 2975545.9216308594
672330596.3573102951 2668232.1746826172
673997643.3436981440 2761898.5552368164
707416107.0387760401 3455550.6948242188
674456691.5363801718 2778551.9672851562
674133059.7256531715 2763377.6495971680
674294304.1273843050 2771512.7286987305
673050297.5556552410 2728554.4542846680
685806484.0053590536 3161394.8959960938
685936544.2421303988 3165565.6845703125
691731685.0720703602 3268974.6777343750
706982940.1339439154 3450346.7666015625
688714740.0300163031 3221526.8598632812
676614435.2898749113 2891554.0568847656
678059793.8893511295 2939932.5959472656
703431778.5747245550 3421843.1835937500
674112171.1332036257 2762961.6272583008
673147152.6993507147 2736980.6127319336
710395884.9075646400 3467325.4350585938
687086589.3352501392 3188190.8924560547
673748272.1664332151 2757941.3325805664
707416107.0387762785 3455569.0463867188
685807762.9099166393 3161449.6062011719
710648658.6353690624 3467355.7104492188
699732013.2852447033 3371992.9604492188
703377695.7766649723 3421664.2148437500
682146376.8373979330 3063710.4916992188
703127577.2481453419 3419307.5727539062
686517754.5939141512 3177102.5804443359
685435833.9282538891 3150568.3735351562
672679396.2763669491 2709256.6619873047
676672494.3734828234 2894504.9934082031
680410569.1168938875 3015154.3010253906
685637098.0350307226 3154432.6831054688
684574514.4653959274 3125893.9559326172
676345096.3125436306 2879224.0246582031
685370172.3928294182 3150398.6411132812
710384794.6574712992 3467295.3852539062
703098060.4392502308 3417751.0078125000
684841007.9078600407 3132955.0351562500
685875001.8422174454 3164116.2194824219
691926634.7232134342 3274700.2988281250
673271720.9800322056 2747891.8908081055
704839535.1073317528 3427948.8076171875
710150866.7558237314 3464072.5268554688
682016113.4456961155 3058323.8759765625
710384794.6574709415 3467277.0288085938
676760662.4000682831 2899501.4270019531
676487602.4170429707 2891226.4333496094
673512582.9431339502 2751938.4293823242
686405122.1493811607 3171583.4931640625
685447974.1128219366 3152694.1425781250
684350131.8633460999 3125504.7668457031
710188583.2801696062 3465344.3247070312
675600505.4390343428 2840935.3540649414
689079839.1743685007 3227487.7512207031
699806785.4915002584 3375677.2275390625
676757009.0971224308 2897605.8459472656
674218097.7750378847 2770125.0439453125
674806517.8397440910 2804473.6699829102
673601246.1475871801 2752347.9212036133
675788770.5679756403 2846836.1084594727
675088934.2809730768 2823570.7121582031
673971547.3739141226 2761254.4849243164
705231699.8669958115 3430039.1689453125
675064781.2469267845 2819320.3543090820
675584812.0922192335 2835014.7378540039
675702411.3854148388 2841039.2881469727
687895993.6413818598 3207803.8540039062
682689995.6099342108 3081612.7580566406
676750488.2793470621 2896518.5505371094
685897425.9524086714 3164151.3046875000
700335673.3467344046 3382380.6206054688
700360765.6421307325 3383489.8295898438
682953580.1795642376 3084767.8703613281
676831409.7599405050 2901332.2355957031
692200093.6597801447 3279466.4804687500
700575703.4847042561 3387083.8676757812
705297229.7032757998 3431731.3837890625
686440092.4928470850 3175449.6215820312
685943683.7674127817 3169179.6853027344
675744726.6849904060 2846786.2930297852
676158441.4957369566 2858310.8948364258
705243146.9052160978 3431552.4150390625
674661834.4301936626 2803591.2681274414
676114628.6549986601 2852589.1091918945
677036398.2910740376 2905560.7331542969
687733375.3156197071 3202969.0737304688
674584279.7860785723 2801550.5278930664
684182274.1904109716 3117497.0041503906
682303156.8416725397 3069719.6850585938
682240512.0224578381 3069058.1772460938
682398266.9639700651 3074349.9189453125
677090481.0891336203 2905739.7019042969
683356262.1014115810 3097567.7261962891
682492469.8296266794 3078426.0742187500
674434060.7395280600 2774311.4494018555
685276671.0037155151 3144170.7641601562
701106714.2705521584 3398343.0375976562
700638348.3039188385 3387681.3969726562
700006779.9823565483 3379792.8300781250
702006656.7775776386 3403764.5571289062
692212364.8551222086 3279759.4716796875
685346095.7179546356 3149899.5727539062
686509333.8538310528 3175464.2503662109
674006647.0484200716 2762274.9457397461
705305791.7244304419 3432149.9443359375
683559867.1232444048 3104441.0924072266
682341361.6004843712 3071760.4252929688
688806665.9939173460 3223574.4873046875
688425617.1321665049 3217943.4653320312
682140863.9587501287 3059548.2600097656
688865728.7326941490 3226374.3602294922
680424703.9078282118 3017825.3371582031
686428178.5769437551 3171865.4584960938
677763933.2166498899 2928947.3713378906
700273028.5275200605 3381768.4409179688
678074655.9815137386 2943050.0788574219
673089991.4039683342 2732243.4211425781
687533082.8354511261 3193061.1428222656
677926843.1694613695 2935964.4916992188
677934643.5964381695 2937645.2858886719
674870409.8834677935 2809313.0498657227
687710691.4096301794 3193217.4045410156
679117055.4655728340 2975163.7785644531
688271445.2229812145 3214629.1049804688
685664878.5386724472 3159956.3508300781
689769462.7066422701 3242862.5317382812
677961219.2493417263 2937852.9084472656
677582877.0806692839 2926973.4343261719
679794638.1450961828 2989649.4848632812
680072406.4241191149 3007456.6633300781
684880872.3334391117 3133221.8969726562
679789375.0831142664 2989612.4187011719
677463397.0716874599 2914395.4128417969
678969607.7547070980 2974509.6586914062
684019021.7164950371 3110622.7215576172
684020916.4944161177 3112135.9676513672
679691966.0729709864 2988661.0676269531
702983037.9268282652 3411965.7773437500
687439880.3471187353 3190428.9104003906
673034017.4971565008 2722802.3402709961
683897871.5019807816 3108194.1390380859
677571729.4281105995 2917097.6608886719
689241487.8493509293 3227888.1455078125
699240216.8725177050 3365979.5537109375
699561374.0474604368 3368656.5771484375
708929480.8186498880 3460140.3842773438
702897414.6801316738 3411264.8203125000
695824953.0235445499 3324950.5710449219
695452779.0131613016 3318692.3586425781
679832626.4312125444 2990025.0565185547
689538817.1740615368 3235024.8300781250
695505731.2854185104 3319606.6496582031
695428300.6511801481 3317047.4348144531
707170115.4345133305 3452833.3725585938
688561256.9324803352 3218343.0158691406
680830118.3921647072 3032997.8983154297
693396151.8398275375 3294131.0991210938
693387976.5595246553 3289809.7546386719
695745095.8122386932 3322498.6184082031
691845744.9474995136 3270564.4108886719
692003763.4095234871 3276909.4851074219
681052468.3584997654 3036942.2697753906
681153326.2529575825 3040729.5021972656
680706338.6287046671 3030723.9119873047
690843040.9262303114 3255641.6123046875
690680989.8051254749 3255530.9443359375
681721477.5495098829 3055222.4122314453
691383079.0285775661 3266571.4633789062
691024224.0863873959 3260774.1953125000
681370478.6561483145 3046959.7189941406
693208597.4352784157 3289641.7580566406
693520499.4705117941 3294222.7824707031
681294896.6890504360 3044142.2440185547
681088563.9798698425 3038652.5314941406
685040696.1630303860 3134162.1342773438
681277141.1047604084 3041299.4284667969
681572984.0902944803 3049596.7509765625
693015998.1188859940 3288402.6628417969
693006469.2102427483 3287623.9782714844
681699370.5773946047 3053659.8288574219
689255262.6568164825 3228581.4475097656
689359474.2128567696 3232042.2189941406
709520024.5666139126 3463126.4409179688
690326757.9503024817 3248017.8046875000
690428629.6876090765 3252098.9777832031
690074462.7175685167 3246882.4687500000
706229627.2021191120 3443527.4462890625
706214873.1458060741 3442442.4619140625
690918695.2938851118 3256294.9001464844
700988806.7105005980 3390476.4770507812
701851792.1363534927 3402267.8637695312
696232975.3605890274 3329878.8586425781
708662878.7376905680 3458481.8217773438
696198182.4752885103 3329010.5783691406
709055729.0881519318 3461298.0229492188
709115047.2489182949 3462507.8295898438
696276817.6564064026 3330902.9279785156
709062094.9766609669 3461593.5385742188
702371837.5217250586 3408044.3320312500
709171326.1796233654 3462809.8432617188
696839995.0980110168 3337149.9133300781
708796284.6708675623 3459370.0302734375
689501522.8552019596 3233908.2746582031
696584358.4509491920 3332137.8532714844
696697631.1503508091 3334875.9270019531
696935848.3758386374 3338794.5520019531
706721978.4017320871 3445217.9101562500
697858044.3546271324 3348590.4094238281
708014095.5301051140 3457993.7031250000
695100486.6665951014 3315284.5500488281
707904864.3271429539 3456777.3984375000
707804296.1589473486 3456535.0170898438
689752364.8344849348 3238553.3500976562
701571690.4234849215 3399368.5776367188
701570203.7496000528 3399061.3637695312
702143958.4195733070 3406216.2534179688
701964801.0274970531 3403498.3613281250
705891482.7455875874 3437044.9360351562
694228328.7094950676 3301735.7460937500
706630326.4590641260 3443593.9057617188
694239775.7477152348 3303248.9921875000
694349006.9506777525 3304465.3691406250
693776160.0023326874 3298760.9306640625
698026279.1675964594 3356484.1845703125
697897069.9026143551 3355387.7602539062
694292728.0199724436 3304163.2832031250
694473488.9262137413 3305193.6271972656
694579582.1833779812 3309499.7844238281
699391357.4956272840 3367601.3012695312
697379865.7469295263 3344931.9936523438
699004652.3916803598 3364245.0734863281
697432818.0191869736 3345846.2846679688
705941827.5950508118 3438838.3784179688
696949470.3579869270 3340935.7641601562
698835990.1179630756 3363505.7607421875
699417442.4083409309 3368056.2988281250
698377994.8823581934 3359710.6440429688
698386012.9843621254 3359979.6918945312
703093617.2595658302 3414210.6596679688
698844008.2199673653 3363774.8085937500
699755798.1663309336 3375325.1562500000
703054424.6575684547 3414184.4682617188
698127670.2385390997 3357939.0791015625
699622408.6137893200 3370623.5068359375
