145598419.6814981401 0.4503246887
146975617.1293401420 0.8535945550
149706518.4240430593 1.1343630406
149892979.8540668488 1.1565750538
163369701.0663042367 1.6768577909
149708182.8354691863 1.1353991002
149766419.0830910206 1.1548791421
150664611.2114411592 1.2069869599
148033628.7958611548 0.9585515094
149924516.1448937356 1.1586996525
149717430.4360395372 1.1547405504
150301288.8212972581 1.1976426475
158520017.5480018556 1.6281710155
158595800.4376215339 1.6295581618
147743468.7569081187 0.9389510116
145672899.5952948630 0.4923570123
151787824.9618661404 1.2831574591
161074565.1292683184 1.6632462544
145684356.8005334735 0.5120535117
156253773.2972572148 1.5362172447
147714122.9225888848 0.9369269243
165546514.5562326312 1.6841472359
147112270.3066830039 0.8580144176
151644328.1176559329 1.2774885803
151754714.1713757515 1.2829620029
159448118.3151434958 1.6417200137
156859700.6616790295 1.5679274797
166338520.7099283338 1.6865600618
145616068.7288866043 0.4906024631
150342543.9021747410 1.1976468336
151481863.8493191302 1.2672257847
156407378.1691489816 1.5442609137
159935953.9817534685 1.6513216114
146517147.5903018415 0.7758228277
165447566.8025238514 1.6841177950
146429727.3000772893 0.7554206178
149993765.1056153476 1.1698116761
158704185.5329533219 1.6328164674
147912955.2276727259 0.9575265850
147762909.9365766048 0.9407227793
149944758.0915378630 1.1602376053
145681841.1535272002 0.5113891766
150412810.4617356062 1.1990778429
150392428.4355911613 1.1976681472
151223811.7623208165 1.2531337117
151713385.3040916026 1.2802668685
162558396.7508412898 1.6735475147
145660434.5435370505 0.4919146245
147155447.1388346553 0.8753227261
150081404.4816388488 1.1775548199
160147356.5743629336 1.6551990239
161995593.3240786791 1.6700044172
150184820.3196427226 1.1811603904
149987694.1766359806 1.1607606335
156271429.8518803716 1.5399156671
147634571.9485383630 0.9161482254
157040146.3257207274 1.5754718389
160540651.2624479234 1.6578993713
160838260.4803064466 1.6630762545
163236079.9451679885 1.6741119185
146401991.1555677652 0.7546705260
147656257.4343386590 0.9360127185
147573146.7641719282 0.9158625826
150125663.2996306717 1.1798420612
147890858.7149055898 0.9572603617
157002971.3643015325 1.5721954107
146665981.3895352483 0.7952052875
146625517.8489201665 0.7944103732
150225105.9232926667 1.1842395394
151745245.2770379186 1.2820053331
163260551.6086844802 1.6763982559
151337215.7612859309 1.2615783504
162193140.4035780430 1.6710150549
147552968.1323001385 0.9156328089
150080495.8791168034 1.1761927564
150017769.3933730125 1.1761915990
158030648.8219608665 1.6160000674
165142173.5736382306 1.6817417489
158000108.3686367869 1.6139650811
151284023.6862818897 1.2577443505
156449040.4525455832 1.5511256855
145777646.3708409667 0.5133655596
151619717.7043935657 1.2744823828
156082100.1579838693 1.5230165841
156509858.7595876753 1.5515128418
151193111.6184118688 1.2451766162
165549516.2966438234 1.6848832900
149922672.0344609618 1.1574117184
156923696.6865820289 1.5718654426
151369355.8318172097 1.2641248371
151295316.9457404613 1.2604743748
151067385.2280283868 1.2403786808
151095900.1135983765 1.2445661362
147647439.7361814678 0.9357716962
150959667.3349477947 1.2401273019
156417640.9443298578 1.5460327586
161153378.1849288642 1.6634377511
146910257.0992982984 0.8337118714
148114905.0054016113 0.9733712859
148131516.7126535177 0.9744425299
148176702.0662295222 0.9750530403
147838701.0592612624 0.9529914814
146372320.8774096370 0.7382839537
147512423.4393641949 0.9143977481
158449721.2007108033 1.6280921567
156746460.0616497993 1.5609435707
162338965.5720963776 1.6710548559
146880432.5833895504 0.8332170453
146317946.3176919520 0.7329207722
160410457.8316700459 1.6578874039
156190104.6483575404 1.5361584565
160283345.8558993936 1.6577380216
161970694.3430450857 1.6679870663
162878398.9691252112 1.6740802461
161189105.5342636704 1.6637492822
156517079.5070221424 1.5553013838
160548983.9032895863 1.6604605513
147434554.5398092568 0.8973502342
147399834.5765798986 0.8971674278
147482053.0084679127 0.9143624485
156674188.8472984731 1.5586092578
158347289.5920971632 1.6242763959
158145180.0744666755 1.6186143532
160292071.2523152828 1.6577728642
146542693.2034777105 0.7768282862
147242669.5659126341 0.8776293529
158178191.9062875807 1.6191414092
147085344.3330564201 0.8570606434
146472905.3915479481 0.7576373136
147642221.5522850454 0.9315404328
157185789.3122841418 1.5811140258
146999303.7028270662 0.8547497832
147443813.7029512227 0.9087606196
156913012.4675811231 1.5703519303
158938166.1612135470 1.6345610078
164053702.8668612242 1.6786507862
165359700.6027651429 1.6840368928
159886413.4077446163 1.6510154577
147298882.7165029347 0.8914936178
147121670.7337538898 0.8697305475
156547825.6869647801 1.5563289116
159977334.6635536849 1.6536183925
147070869.6899929345 0.8560013230
163861575.3497463465 1.6775567131
157841488.8005865514 1.6103578806
159962630.8689734638 1.6515447749
147065678.1122702360 0.8553941068
166036197.2792218328 1.6865335191
155649348.5456866026 1.4976192390
159572431.8626115620 1.6458922708
155927372.2412442863 1.5154682413
155897943.1561376452 1.5151359240
147342548.8351938426 0.8916290642
146334413.3976351917 0.7362646598
147126011.9713022411 0.8700635528
161945487.4389624298 1.6679309336
146602070.1545245647 0.7927074977
146985070.7543775141 0.8538544248
159488276.7827085257 1.6445604302
166539197.7108805776 1.6868332243
146532989.4846760929 0.7758228693
159262259.5477408171 1.6416395679
159914688.3151740134 1.6511356914
162454259.5257875919 1.6711010383
157947187.7539673448 1.6110500097
159798014.2334757745 1.6503882548
156102334.1457738578 1.5261378543
157718329.8012450933 1.6026898654
155999820.9745243192 1.5220761629
157490596.4812940955 1.5943003308
159804885.5166927576 1.6508218935
161445748.4302237332 1.6657350594
162109119.3163142204 1.6708885962
165092706.3246945739 1.6814898336
155957269.7229465842 1.5176036473
159015664.7836879492 1.6375100091
164920724.7231993079 1.6811494967
146382524.6596605480 0.7543718207
162721621.9336390793 1.6738657961
146103591.9430572987 0.6368235833
155772321.6347895265 1.5122335399
165143728.5543242097 1.6824599775
146839099.5629640520 0.8318773680
146766659.8376397192 0.8144705680
155967605.4567769468 1.5193456834
161275912.8652576506 1.6646703454
158253643.1735154688 1.6228427775
150698098.7732375562 1.2187636252
146722980.2046034634 0.8101716996
155845475.3283577859 1.5140099459
156143134.9530428648 1.5353691721
146205863.0768701136 0.6765755776
156819327.7373418808 1.5629223101
156574547.2619255185 1.5568214999
157274108.1419027746 1.5812675779
159099369.8355316520 1.6380266994
157332981.5914462209 1.5855905389
146700620.0088530779 0.7955127885
160041711.8268062174 1.6548009170
147088812.1132738292 0.8573725516
158820138.1243258715 1.6334763467
159820688.4809218943 1.6508799186
161525248.0778737068 1.6672532400
146450294.9292483628 0.7562062826
146098394.6988374293 0.6136585817
146917390.0849621296 0.8359216165
158840415.2283140123 1.6345454268
157081935.2405201495 1.5782712692
146812026.1499064863 0.8152869566
146116452.8539467156 0.6549294708
159863306.8761446178 1.6509002661
146250444.3335842788 0.6912382593
157931453.0756615698 1.6107438821
161944463.8028343320 1.6677361829
146129238.3970551193 0.6584000332
164762703.6406327784 1.6790945223
150952112.5174942017 1.2338341822
159568638.6809341311 1.6448973045
158220803.1272922456 1.6208563037
157366068.9350982308 1.5881624123
157927901.5019127131 1.6105171945
145876862.6140770316 0.5296798858
161556572.5066096485 1.6675998652
145822839.4466558099 0.5247561740
145852736.6214273870 0.5286744688
146652143.1908169389 0.7945830609
157536770.6579746604 1.5948529200
146184989.6358544230 0.6595370854
157552050.4191084802 1.5948613094
159595407.3375727832 1.6459321426
150917117.9026421905 1.2265502394
150555077.5079916120 1.2045307814
161517356.2579115927 1.6661797995
161989234.5943278968 1.6687122593
157418147.6198652685 1.5936121842
157291254.1992283165 1.5842528673
146711312.6898553073 0.7965111418
164900002.7934694588 1.6791004995
146240727.6989685595 0.6786172450
157279835.0900478065 1.5823667812
159247829.5065031946 1.6391784139
157275534.8437075317 1.5818336679
155934162.8773914576 1.5169667699
157566958.6768142581 1.5972193846
160972688.2727327645 1.6632025996
146083190.4175343812 0.5434434171
158978412.4241236448 1.6369247474
146050428.2068993449 0.5417390282
149643629.4838645756 1.1229982268
145919705.8767869174 0.5323824897
159681499.6894150674 1.6478013555
158943566.1768567860 1.6364907268
150684194.3554107547 1.2180386011
161333237.3220420480 1.6647492992
155954406.6358650625 1.5173736695
150885803.8386040032 1.2261358046
150794341.4085165858 1.2235591884
150760984.7043032646 1.2224774354
150854870.2003464699 1.2236054266
150523837.7986041605 1.2032429433
159472428.8430519700 1.6418735860
145921761.0819719136 0.5417380387
159665424.7409883738 1.6471170066
152668304.9766005874 1.3311472529
152215024.2293147445 1.3000410873
149563982.3756699264 1.1053435797
152251276.4492987096 1.3027516619
152261687.5801330507 1.3028425421
158448642.7495492399 1.6268643141
146068069.5023548007 0.5418196493
146029808.1173841357 0.5417382253
152902401.2923522592 1.3425426120
149607933.8725349605 1.1054685448
152708493.1054290235 1.3368884518
153195264.9806967676 1.3583006807
159482438.6313848197 1.6427047094
149658734.1150622666 1.1250920155
152614014.8390464485 1.3242344157
153037815.9594358802 1.3542815857
151903745.6232034862 1.2843005045
151997582.3284078240 1.2881854790
152174510.1953334212 1.2997183833
153206768.5842782557 1.3583774139
153203525.2228368819 1.3583097520
152749918.1451679468 1.3391156992
153352113.4438569546 1.3633682025
153557120.8525800407 1.3633694905
152970197.9901791811 1.3439033923
149500417.1295349598 1.0918348502
149622683.5298949778 1.1080110323
149531594.5957724452 1.1010540753
153238882.2783342004 1.3597740326
153281098.5270743668 1.3624183065
153315860.9823890626 1.3626709455
152646959.0863783360 1.3247337675
152382158.1259693205 1.3117982614
152379623.9897112548 1.3063320948
152279633.5309826434 1.3033601082
152131778.8041525781 1.2988438847
152107563.3258231580 1.2973406681
