274578555.5756631494 304.8391600269
269511716.1668851972 237.8156594708
280238169.5231304765 349.9359819517
281472219.1770581007 356.3744955435
282656961.8698120713 363.0476732850
283143986.2568280697 365.1842768490
277189828.4458820224 327.2755082854
268507620.3030701876 202.6480225214
280081878.4115280509 349.5107086971
274682167.8708570004 305.5109572428
271825729.3792688847 269.2644384254
269140950.4116297364 233.6635575190
269337443.3907799125 236.7601983919
277458056.8687581420 329.4380550989
269662508.8383462429 242.4802584719
270803335.5088281035 257.0138952495
272378895.9802557826 278.5360943127
270480828.8689028621 253.2026836682
281366401.8966742754 355.9428206459
269594929.2208956480 239.8722931966
270787691.5386319160 255.6218479745
268446750.6242488623 199.7176614740
269220339.9122970700 234.9021435454
274094003.9277883172 299.2425352427
269118033.5522891879 222.2436754824
269131281.0774004459 225.3033058576
280225221.8722255826 349.8990270719
269810205.5627377033 243.5605921380
281992740.2970145345 359.1878210679
272432365.8990300298 279.7698647437
270004610.2055172920 245.0676247904
275891805.1247599721 315.4382872385
269481017.1936503649 237.7813688450
278235865.3878121376 336.2454529479
269052472.3106563687 221.4708071397
268914855.3795091510 220.3027169601
278078396.8104484677 335.2193149254
279557420.1277812719 345.3967340514
278108485.0606995225 335.4712483063
270307040.7927069068 250.6118507681
283099876.6670539379 363.2370315939
268733539.9096285105 214.8754403339
268967258.1693356633 220.3277417318
277763291.1169891357 332.5369619846
268761797.7046611309 217.6742631392
268691749.5090910792 206.0623594717
269548190.2546059489 238.4296493101
269959854.8755664229 244.9897123722
275391312.1364229321 311.7667047994
278006139.6891631484 334.6406757012
278049865.6692723632 335.1821408048
268715781.8431235552 211.3842408107
278023550.3651481867 334.8723366752
270182604.0364667773 247.7063444681
279474295.8220143914 344.3596482784
279478610.9067629576 345.3940435573
281486326.6028588414 356.7593906298
271876663.4176952839 272.9071781830
269637279.6074784994 240.8695712469
275025237.2899909019 308.7740372325
278292700.7095287442 336.9105113306
273881933.0483619571 297.4496093848
274072814.9239304662 298.4677463088
273895186.1232168674 297.6486636558
278124120.0955181718 335.6865756884
279835124.8005434871 347.5103892908
274277507.2918584347 301.0532439658
272923611.7134249210 286.4294399590
272760373.5959094167 284.9441156193
274078448.0439773202 299.0196960959
268539172.9010617137 205.2017706530
281096229.5311766863 354.3707528487
274959012.2020829320 308.2031034733
272894392.5762107372 286.4191553564
279343900.0122217536 344.0082847835
280894679.3326491117 353.0577479973
273791723.7915822864 296.4899664017
280332470.0219225287 351.0009281561
283745326.6242023706 365.6128588021
279031348.7288405299 342.6448240847
274842146.8320342302 307.3322519864
273006646.8961467147 287.8762142818
279691781.3398460746 347.1220709160
275230817.8583075404 310.7968918587
273285454.4139805436 291.0231802565
275519147.9679528475 313.1702122600
280037576.2531074286 349.3215929046
280975601.3666599393 353.5952187106
270860921.2990484238 257.3055617807
280881731.6817443371 353.0207931176
276340288.9966902733 321.0396081460
280642772.7743490338 351.5661621615
271873278.4805818796 271.2621174053
273049301.4074385762 288.1953059089
273036048.3325836062 287.9962516380
275011984.2151359320 308.5749829616
276417166.4198201895 322.0128157389
273674858.4215335846 295.6191149148
281117858.3288052678 354.5232440308
278452910.3918593526 337.6077334657
280832484.6460086703 352.3277175128
279848072.4514485002 347.5473441705
276114886.2836142182 319.2602468980
270063355.2643826008 246.6896679412
277710384.9687697887 332.1093863481
274737529.2881698608 305.9777659829
278976169.6305954456 341.5693138511
278685960.5046818256 340.5332109854
276179265.1195592284 319.5043334317
271889916.4925502539 273.1062324540
269456887.8339117169 237.2162778310
279628066.6787651777 346.8477366343
279704728.9907508492 347.1590257958
279928201.0540115833 348.6403324232
273137980.4815841317 289.6512280953
277193229.7992252111 328.2236865860
271147578.1918156743 261.0454861249
270973963.1781839132 259.9205843815
277329493.0130589604 329.1048655593
280823623.2619203329 351.8639009446
274402102.4167916179 302.5952499721
279406753.8839588761 344.2453478724
276461443.8888168931 322.1244189915
277496535.9631754160 330.5671572023
271042140.7277019620 261.0421783027
278843510.0653964281 341.0848068416
269889002.5957651734 244.4605998693
277014773.5949138999 326.7394025940
278638170.3191813231 339.0218436317
281284776.4043311477 355.4463857785
284303400.4268922210 366.3660145551
278400526.3596920371 337.5685790525
280094826.0624329448 349.5476635769
272726029.6911501288 283.1254221303
276950394.7589688897 326.4953160603
281499274.2537636161 356.7963455096
278543292.3199229240 338.4007307896
281779153.1613245010 357.4822130129
279189929.5181291103 342.9721670569
272042756.5189133286 274.0715230715
276807263.4915023446 324.4014535201
271149581.8477424383 261.6685700414
281009751.6992394328 354.0033083484
270287686.3419284821 249.7311258504
270096952.0524942875 247.3497480003
276818537.2059855461 324.9250208929
276595961.7188250422 323.2603475961
283090252.5287203789 363.0979914069
281109177.1820815206 354.4077077284
270110205.1273491383 247.5488022713
282505236.5326988101 360.8436222747
276366623.0452946424 321.0583205176
281560581.0291047096 357.2638255134
272585805.5332751274 280.9639746978
275073163.8661791682 308.8998212385
274545958.7698109150 304.1263579930
274488151.1693548560 303.5940278227
280196157.0423958898 349.6489358768
272626817.1830605268 281.3235597968
284467044.3440538645 366.6529162675
276923294.7186496258 325.7938767362
272401997.9608784318 278.7595948178
272037531.0918704271 273.9538369638
272518763.0452580452 279.7791600035
272581642.6360455751 280.9343877969
272146247.3886950016 275.6713924158
276770682.5005679131 323.9275645826
276442724.0624030232 322.0986594212
272717950.7962806821 282.7747456667
273997648.8021257520 298.4169673205
273005064.4752891064 287.5686708492
276727087.8255016804 323.8985433623
278552607.5594425201 338.4409139380
271830726.8942915797 270.8268737529
271378986.0648064017 264.8960503394
271310010.7338880301 263.7050387261
275773716.5585340261 315.1163302017
272985842.2045946121 287.2348229093
278129293.7874231935 336.0473296949
271425241.3135495782 266.1248886090
276858945.3784848452 325.4688385297
279288003.1045246720 343.9227408925
281932819.4438943267 358.7648752779
271206398.4386942387 263.0302520690
275038485.9611189365 308.7831928351
275127205.5631136894 310.1250946428
271659244.4474803209 268.7448940460
272587446.6157852411 281.1841954676
273241592.7767779827 290.3230253113
275624350.4141219854 313.5377031027
276325717.0393363237 320.9863382083
273113836.7561431527 289.6503036422
279259322.3645362854 343.3731102170
280608927.0031662583 351.2811045572
271972469.1418963075 273.6623140773
283480349.6004025936 365.4866291881
274834643.8894648552 306.7220029261
274173462.5208769441 299.7671120359
283813404.7719407082 366.2415686399
270286482.3265673518 249.1491176892
281170483.9574226141 354.8751877323
271397695.6109466553 266.0466715459
277919650.8576407433 333.9105745712
276672933.7618530989 323.8229863364
275401922.9674501419 311.7683267127
273528215.9500514865 293.4797400647
274342794.3765557408 301.5465390750
275625880.0346993804 314.2173022758
275893900.9530814886 316.4114361973
270376600.0699340105 251.3233503505
274778296.1835813522 306.1003458785
273955361.4334993958 298.2325128645
273546419.4097502232 294.5437820069
271581279.2739107013 266.6672427964
271031416.2181495428 259.9317650643
273436606.1699016690 292.4872627360
278454898.6598439217 338.2747460687
270042407.6613824368 245.8212638942
273411430.1598798037 291.5657562864
274855399.9068891406 307.5313062574
278577549.3956526518 338.8427367404
271765514.9065537453 268.7815751631
277191410.5226895809 327.8729752460
277299941.1304503679 328.6482262173
271556557.0111269951 266.1678407052
273717704.6507391930 295.9686713937
274282165.9415723681 301.1648746350
275684802.6842380166 314.6595143515
275536509.6080733538 313.2618224935
278799832.4464469552 340.5835292758
273767790.8416638970 296.2079525833
275765776.8312155008 314.9742700977
271615100.6645860076 267.1096770976
277529584.9810285568 330.7365953633
275262443.0283681750 311.2321683982
275289360.5257115364 311.4219869356
281346083.1796722412 355.9138657823
275897634.3841988444 316.5445664721
275762043.4000982046 314.8413824214
268714877.8708078265 209.0163141644
270187344.3599725962 248.6851846829
268697735.1558624506 208.8254215542
275454264.3068351746 312.2159250722
278577424.2447911501 338.8148465742
272350492.6545219421 278.1259728851
280955986.1079901457 353.5252280012
279786629.4664114714 347.4836108163
271287198.8392804265 263.6723218065
273471580.3831192255 292.5363952768
272082346.1097785234 275.0335069794
282050409.9328634739 359.2272671834
272284710.0542858243 276.7502445137
272338096.6819618344 278.1217093814
272178346.2168080807 275.8780360419
277246930.9493802786 328.4174830903
272218106.6090764999 276.5720155585
275909758.4954345226 317.0505648059
276187522.5692420006 319.9244465930
277229393.3909116387 328.3140644421
277756820.0671895146 332.3078616940
282111716.7082044482 359.6947471872
276017685.1861401200 318.6817156178
275196066.4184211493 310.7921240012
275917122.2135704160 317.2169162314
277361247.9057913423 329.1157062211
276001992.0509363413 318.2086254907
277856115.8971598744 332.9805487477
281721619.6365224123 357.3061094061
274342825.9275843501 302.1909768984
277590891.7563695908 331.2040753671
273401835.3881655335 291.0921174020
276096073.1887580156 318.8979690624
281329818.9712695479 355.7144844756
277699247.2172054648 331.6192960897
274634635.7399072647 305.1281044290
276379995.3925938010 321.3217190308
271320303.5080722570 264.6430627552
282229114.7992611527 360.3058468699
277667009.6654025912 331.4445433270
274480030.2777867913 302.9228277125
274178755.5208070874 300.6789203689
276272391.0516535044 320.6544734639
282556738.6851448417 361.8996905535
281484074.9710482359 356.3820704818
270649632.9442014098 254.1908877490
270760308.2246367931 255.5701353761
270789416.0677807927 255.6462164881
271557420.9107309580 266.6447375667
271281789.2353091240 263.5565351647
270794029.3040940166 255.7626189950
272537262.8631602526 279.9223139440
274158390.4043025970 299.4475858837
271782978.6004547477 269.1221263238
270688188.5434719920 254.9488143128
271611713.2366002798 266.7038119834
