199058712.6402017474 301439.8578273878
206252271.6738205850 400464.7644042969
193186642.2517262399 202372.0171405077
190950892.9320099652 128371.0364635665
195112787.7038762271 236202.6155404663
204698053.0116959214 379331.6546827555
204776340.0776011348 382799.0171095133
205008591.6733326614 385029.2157211304
206446110.9487136304 403265.0395507812
190401458.9840943813 104930.8366101752
199079051.7694511414 302076.7193782292
199266477.6700112522 302140.0133800842
193129200.1393353641 201123.9160667658
198773599.6294403076 297951.4404985867
204711058.8809100389 381801.0883985758
195195016.6214565933 237878.4155892944
198928727.1357890368 299398.2321954269
206976040.9167508185 407504.3874511719
210177109.3542569280 410250.5131835938
190327473.1075756252 97471.6279279324
190846944.7005167603 125678.4760730941
190877010.8611724973 127673.2857273300
190819060.4918951094 124417.4537113388
190914407.1898121536 128236.9484585565
190726900.5846394300 124029.0591800888
190747995.7189996839 124194.9601466734
193830292.0549485981 211109.4718953371
204840524.7988261282 383054.9231153727
190309197.1492960751 96856.5962623129
204891180.1279333234 384060.9203720093
207654191.2771995962 408915.2609863281
207439033.7608230114 408799.8427734375
204780422.4885552526 383020.9902540445
205095991.0082182586 387296.4630355835
190456847.1308263540 109684.4454282294
193564616.5290162265 208695.7906803237
195313007.9524194300 239538.7168588256
190769196.4584969878 124417.1069972594
205324054.8327940702 387643.6721191406
213080956.6329981983 410458.2663574219
192959997.6748813093 197073.8327964172
207129440.2277168334 408418.2185058594
207172954.0843219459 408614.6691894531
198866625.8529038429 298373.0679399930
205416905.6381234229 391236.0736083984
195371905.0907242000 240859.2593392944
209098090.6508476138 409771.2883300781
190671410.9931878150 121216.2677028258
190643508.5765085220 120294.7959621031
205676187.7014179230 393984.0468444824
207338313.2407526970 408719.3020019531
210011622.2029795647 410192.1357421875
199041685.1528911591 300337.1102773286
199290762.8693529069 302212.9710805044
191023821.4953769743 131927.4737827916
195389811.5846576989 241812.6683633244
190437621.2120937407 108753.4591926108
190456416.8083812892 109085.4166892538
199120342.7719413042 302088.1831500158
190598890.1552466154 116660.3607385833
193175112.9700092375 202369.5639678240
209594390.7519004047 410064.9846191406
210120414.6874422431 410200.1127929688
190991117.5931519866 131690.0841343541
198850406.6406744123 298006.7066220865
190401815.3887485266 105165.6974586020
190564846.1540809274 112852.4866652856
191062551.6507111192 132034.8133801263
207266717.5120519400 408641.8742675781
210143155.3867170513 410239.0878906250
190502571.0471752882 112481.0083683212
190502152.0148069859 112406.7016538153
190416778.5216632187 106038.7334693442
190418701.5656271577 108629.4926694403
206054360.2801302075 399304.9633789062
208834639.8713348806 409598.4030761719
190383165.3543282747 104833.0282691489
190454744.6087010205 109052.1271384726
192911775.0684953034 195049.0869780779
205695110.9483691454 394643.8427429199
206326924.9645078182 402508.2199707031
213097313.9566401243 410478.4060058594
190359716.9710322917 101350.4350577066
190367766.7731874883 104777.3029273520
193534507.9580123127 207311.1983753443
195282832.7390771210 239072.8210324859
198130246.2653923631 285102.9725360498
191127336.9912219048 132089.6936495462
190885036.9075279832 127863.8595020909
192477085.2844467461 185664.1998091936
198150520.9639866650 285415.0617977376
195579191.5126206577 241904.5255183792
206133263.6360660493 399555.5030517578
195614633.9568967521 242106.0613902211
199045865.8911038935 301244.7790708169
209434340.2556259930 409981.5170898438
193590958.0395319760 210169.0549427271
209187158.1511794627 409844.8166503906
209250317.6534880996 409938.5512695312
195327270.5034437478 240555.8062190628
193358256.8775832951 206046.7439075708
192460442.1982602477 182370.6096602678
195414350.6490584910 241814.7664622879
198076942.8075368702 285080.6254212856
207613312.3244760334 408836.6423339844
193231024.7474577129 202700.7551776171
193204608.0091066658 202579.8407756090
195323310.7482875884 239548.7253015004
198991580.4809946418 299681.1542539224
206600055.3858359754 404557.7956542969
195125674.6715438664 237683.6531381225
198009287.1775624156 284704.0737216473
198715401.8324588239 295458.7566709146
206595457.6580837369 404521.3780517578
205995834.1263058186 398588.4938964844
195179655.5843913257 237754.0661248779
192849511.0991567373 194950.4681273699
192653787.0959219337 190386.2930523157
193454874.0913969576 206990.5761352777
192483043.4374187291 185933.2847701311
192803839.7192349136 194072.9339102134
194911808.2481894195 233631.7550897216
207090045.9503661394 408416.0874023438
194879953.9377222359 230470.2066430664
192512183.4683145881 186327.3640547991
212937819.3291130960 410426.5346679688
206750135.0274899900 405855.6517333984
209513987.0119688511 409993.5126953125
194749581.8912280500 229736.3542108154
192559731.6295194328 188075.4269820452
205910711.1809942722 396102.1164245605
192771587.1052193344 194035.9304922447
206143884.6715467572 399871.3228149414
193377402.6367066801 206050.1591826677
198651879.0676410198 294302.9666928872
194897464.5710761845 231095.8570613479
194770351.7953707874 230160.2209710693
210440093.4486072659 410270.2958984375
193328224.3356869519 204814.1184183359
205802176.5535565019 395564.9389343262
205789406.0219186842 395352.3192443848
194702803.7974306643 229509.4440545654
192592537.3289345801 189654.1271773577
208064280.7226669490 409053.6157226562
208919004.4615818262 409651.9345703125
193153653.3471874893 201927.8481475115
198187114.1120216846 286084.1056623086
206731389.7514311969 405479.5617675781
209547358.8697414398 410013.6184082031
206019504.9036543369 398772.2814636230
206819432.0509605110 405916.3334960938
207034195.7971606851 408166.7099609375
207017204.8820926249 408092.4506835938
194965822.8653684556 233710.8499587709
198351162.0130045712 290180.6556577310
206688502.5274946988 405369.8563232422
197559763.0915454924 276428.4483492002
204516937.9517938197 377101.6267089844
204583790.7918615639 377721.9786834717
198406729.8939137459 290599.3941506967
204513108.8157397211 376879.2578887939
194738480.2801927626 229523.2692555999
209864870.1143844426 410134.0983886719
209073958.4402583539 409739.2165527344
212892037.6262791753 410415.9191894531
204556237.5880892575 377654.3388977051
193271129.6140593588 203309.9809204340
192961114.7107103765 198247.2529326677
209825318.2025004327 410123.9589843750
209774574.9237870872 410074.6367187500
193061471.3188202083 199282.1024199724
192926383.2040586770 196077.9434844255
204599725.1481488645 377796.1581878662
209792608.0961814225 410111.4008789062
197523113.6455839872 275618.9443215951
212932883.5708411038 410418.1325683594
191134181.4447919726 133070.5646185119
198311751.0576160252 287986.3690976724
204628922.9097298682 378002.8441009521
204549256.9123803973 377653.6694793701
209784652.5534697175 410091.6320800781
198440243.2140633464 290600.6053037271
213061771.3435826600 410438.3833007812
197725877.2016182840 279623.4095315561
212756691.3108602166 410348.4702148438
191282025.4475257099 137536.0701483328
191282805.7277904153 137958.7272495467
191212963.8319728076 136825.5052036483
194520554.2870289981 225461.9431351139
194486545.8103899658 224740.6827639057
194265749.5312577784 221339.6320999577
194120058.2313127816 217438.3310745670
191196040.8951183856 133628.6596836288
191218642.1342768669 137191.3347934920
198326698.4336610436 288779.2877988443
191326767.4340439141 140941.7366489608
191240364.4105135202 137391.0836338241
191209639.6328343749 136819.4256138045
198707114.0915374160 294732.7105481625
194091209.0672697723 217270.6670120670
194317480.6111181676 221718.5060838177
198683497.2058996856 294719.5773941274
194300341.4144645035 221438.1934450581
194100454.7685002387 217412.0835159733
213302338.6689161360 410485.9140625000
205399405.5359319448 388685.2155761719
194031112.8185875714 217217.3210648014
208765591.8217000365 409416.0815429688
198385900.0281383693 290590.7910947427
197824581.4351120889 281506.3968362436
197689866.4038643539 279314.8638772592
198502085.6983725131 291558.0799329281
197866855.4776842892 282366.3013772592
198203896.0160505474 286702.6407041177
198213357.4379089177 287347.0352353677
208689641.1142478287 409374.7854003906
198466775.3688358665 290943.2941346280
208730835.9381183982 409398.7578125000
197673794.9261526465 279267.7520608529
208063233.7638801336 409050.8515625000
208717787.7310681343 409385.4221191406
208552667.7758821547 409320.2363281250
208185904.1321112514 409143.4645996094
208632008.1025351584 409340.3493652344
197937303.3797247708 283302.4525003061
197918084.0585266948 282543.5557717904
192139742.4408592284 165212.0421301130
192170187.6628467143 165508.8400427107
207975111.4749331772 409029.7260742188
197353478.0379470587 271394.6218373105
208026130.4617197514 409033.4606933594
192299979.0201338828 172518.3944860700
192252700.7168115675 172217.8026891950
207972806.4876278937 409023.6464843750
192288868.0468857586 172265.7152868513
192425264.5766976178 176340.1137243513
192299660.6119644940 172492.3638464216
197044502.8885269165 266633.7714955136
197125543.3816438615 266641.8509956226
196992731.4931593537 262803.4774604663
192250934.1517799199 169385.9940557192
197014835.7617572248 266418.5839057788
192232694.6165573895 169280.3142308901
192334196.2469358146 172987.5268926332
197418308.6912055910 273765.5522895679
197173615.2810083032 266785.3846870288
197408946.2270296216 271623.2308327276
197198966.7931633592 269643.2412544116
191781268.5927665532 142416.0279454589
191902339.2157599032 142923.0048373193
197162283.3600569069 266732.1377065405
196811354.0943480730 257794.3129395378
196828305.9937514663 259864.8717774285
196659726.9640270770 256439.1500775946
196621477.4512804747 254589.7088086737
196418438.5669873953 251775.9874081743
196767431.5195265412 256646.7069778442
196540408.0406347811 253010.4354388846
196268561.7584253252 248844.8584817780
196283221.0831661522 249209.2137826813
196472315.9549964368 252891.7166360749
196225451.6048726141 248769.4056009186
196026252.0910203457 244647.0945657624
192136544.1703755260 154729.2506728924
192117593.4925502539 154576.3242049969
201506389.8298076689 325714.4279520158
201360074.4213636816 322079.0821878556
192042125.4682506621 148066.9192503881
192042287.4311366677 148209.1192015600
192015893.6718907058 147947.6096800756
191985516.7901370823 145478.1476439428
201258148.0571615398 321801.1808369998
191957202.8670970798 145089.7531126928
201381913.1272889674 322814.1122334842
201471223.0547640622 325294.9666036014
204312959.8457235694 363568.9029388428
204363816.6514868140 366368.0978851318
204335204.4497056901 364473.0606002808
201211334.3738356829 321063.8592583779
201434854.0932092965 325007.0450948123
192048487.4411598146 148384.2252373273
192062577.0081018507 148772.6197685773
202008926.3921995461 332325.4584591035
201928457.6121441126 330489.8429818153
201768073.6690884531 329320.4396969918
202125647.4335146546 333269.3991548661
201917696.8985082507 330318.1521947030
201691181.4943092465 327736.1880833749
201169426.7162819803 318439.8573905230
201091288.4340257943 315904.1074919701
200982877.0898160636 315220.0563040972
200546078.8824879229 304819.1342153548
200424098.4790519178 304606.0679159163
200537429.5444387794 304811.3376684188
200748800.5863546431 308406.5392065047
200787050.6254846454 309170.0027074813
200936038.1686495245 312632.7894331216
200572487.1720223129 305124.5619726180
200768156.4426169395 308751.8739233016
200608671.2782327831 305384.3617773055
