74413634.5453423411 433146.5057983398
74115037.3855617791 420817.7619628906
77215238.5003195256 534299.0668945312
78539506.6107484698 568648.4042968750
78530752.5927902609 568257.7402343750
78424256.3244371861 565741.1679687500
78890235.2461400628 572101.5644531250
74237741.1431124359 424624.2157592773
74298954.2702887654 427310.0526733398
75252193.2902951390 465259.3959960938
75390372.3304097354 472099.1188964844
74896982.5086015314 455096.4936523438
75458408.5613114238 473101.2911376953
75343307.0806229115 470934.5886230469
79120867.2662921250 572344.1093750000
72673839.6262144446 265422.5802241601
72680931.9140779376 273843.0004748702
73128558.1918836236 354925.8100280762
74382874.9609472603 431094.7030639648
78620912.6887589991 569957.0449218750
73418845.7596583515 376984.6556301117
73354455.4539136738 370664.8377380371
74175216.5654720366 422302.7414550781
75333837.1289753765 469675.6823730469
75328450.0442765355 469544.8493652344
75410999.4307370037 472333.1947021484
77244424.5655937046 534314.7539062500
77389538.5939845443 540037.4565429688
77695962.3278750628 547662.4555664062
78555474.2103493065 568905.3046875000
72990892.5105384588 344569.2991507053
73752331.3772140592 400377.4931335449
74385299.0232995749 431589.9168701172
77518758.6983883530 543252.7070312500
78092797.0304757804 557100.8054199219
81004563.4686616659 575240.5185546875
73064412.5045897216 351250.9074964523
77574047.6859959513 544900.8505859375
78233915.9623944908 562170.5405273438
73475216.5022332519 378181.4709072113
73993862.0106076151 412643.9818115234
77115587.2492700666 530907.2424316406
78484412.0139708519 566597.5458984375
78816560.1735638082 571941.1484375000
72692620.3581844121 276212.8242930770
75279838.4971547276 468911.3818359375
72726290.8629088551 286679.3357715011
73603226.6816558242 389562.9069519043
75156494.3505627066 462530.5278320312
75081797.6936601996 462470.9689941406
75495350.2443840057 474944.3822631836
78116483.7843714654 557323.6875000000
72719873.7092376053 276708.5790969171
72731435.0068605393 287926.5306960382
72740410.6117769331 296755.2326892614
74852255.8926683068 452849.2682495117
80050713.4352087080 574734.2412109375
72792803.5938982368 319894.4506572485
74202988.9589117169 422782.5292358398
74298545.2114450485 426964.0429077148
75017428.4814689457 456186.4492797852
75069130.2253035456 458576.4414672852
78713400.1026046574 571166.9013671875
79475559.0173234940 573970.8085937500
80644777.1856742054 575109.9794921875
78043823.8154901415 556284.9458007812
79145063.8371565044 572797.7744140625
73013802.2211081833 344977.2231619358
74808992.5429384708 449136.4092407227
77502464.3709342629 542671.8193359375
78195873.7756142914 558897.4379882812
78338451.4064591974 563225.5698242188
79715785.2075170279 574124.5048828125
79892876.1977862120 574173.3994140625
72775587.9606967270 318172.3015837669
72918223.7793440372 338718.6882572174
73817111.8807584792 400747.9246826172
74247500.7528810203 425992.2130737305
75278793.6437468231 465470.9271850586
78232517.6385173947 561948.0815429688
79524795.3502487242 573977.0976562500
74817928.9920011014 450483.5261840820
75057643.9936020225 458525.6377563477
74350415.6842461824 428763.1859741211
74717963.6706667393 447131.1369628906
74879593.4763861895 453752.5039672852
74659034.6964659542 442669.8841552734
77947827.6604184508 553722.8320312500
80282568.9663287103 574911.5322265625
74130602.8559513986 421700.1747436523
77725572.2970750481 548250.5209960938
78202520.2923502773 561453.9506835938
80027402.6755000055 574687.7587890625
73385163.5621403903 372784.1555938721
73570999.6764278561 387865.7841491699
74571533.4502321035 439013.6958618164
77196903.4375973046 532610.2548828125
78734722.8450136781 571223.4130859375
79989012.8042484820 574616.2890625000
73219632.3221585751 362294.9476957321
74346869.2373502851 428650.2509155273
74763361.8830696642 447347.8876342773
77143685.2416899949 531648.4997558594
78141273.6901571006 557864.3525390625
78122233.7954141647 557327.5683593750
78444644.6977001727 566486.0937500000
78484929.3639503717 567135.6484375000
74227004.5101682097 422880.6403198242
78352064.5060060173 564877.8833007812
74434433.2083936334 434029.2182617188
72754572.1997968704 299526.8779529333
73080668.2879922837 353244.6713562012
75488104.0517865270 474240.3253173828
77409291.2778960913 541048.1684570312
77947106.1804615557 553557.4965820312
77623614.8942951560 546995.3349609375
79267973.8443349600 573403.7197265625
80266921.8636768758 574854.9296875000
74053103.7573456317 417409.5167236328
74200540.0094283074 422470.8399658203
73999307.7492074966 413959.0241088867
73699166.8772636503 398000.8205261230
73922509.8411685079 411024.5089111328
74706223.6066467464 443759.2376098633
75157779.4719184637 464068.6607666016
74976281.7432200164 455727.0902709961
72766145.7737615556 315070.6841882467
72752486.0338024646 299316.6106189489
73265312.8946642727 367886.9434356689
74681993.5332922339 443454.7399291992
74772317.6362927258 448336.1301879883
75057223.9004271924 457067.8020629883
77789283.6063253582 549858.4809570312
80009614.3138358593 574666.6767578125
73230655.1924825609 366155.1537685394
74366144.5207801163 430274.4116821289
74603649.2635035515 442474.8674926758
74471251.5480870456 435146.9226684570
76971268.4810698330 522878.9377441406
78576962.3123300821 569227.7226562500
72911524.3317516148 337145.3500235081
73726011.6410980374 399166.1276550293
76954125.2771177590 519234.6097412109
77736209.3874944746 549182.3530273438
78608516.2750964910 569227.7363281250
72772954.0383274108 317837.1198962927
72874057.4151405394 333887.6151897907
73142326.3955524117 355820.1313247681
73977679.7727975100 411371.7088623047
74561187.1466875374 438426.3596801758
74543998.2570471913 435514.2844848633
74393288.5563730747 433080.3391723633
77354003.0234703422 538574.2768554688
77771498.1358751059 549485.8305664062
78565600.4779555351 569193.4365234375
78312230.5015460998 562614.6069335938
72797808.7067644298 321932.7460025549
72869949.4359270185 333442.5179293156
73015534.2982831299 347867.5330505371
77598904.9255562127 545990.4990234375
78615740.7827839851 569712.0830078125
78689927.8677483499 570296.7294921875
73068425.3203456253 351802.9632453918
73187368.3660849631 358947.7978162766
72856822.2083416730 326606.0905478001
73041277.8435089588 350939.1391248703
72891384.8347433805 336968.5644705296
79880493.4316298068 574129.4169921875
73034774.6560213268 349097.7084965706
73029611.0775067210 348716.7258169651
76830327.0388711244 514225.2639160156
77497780.6635389328 542415.6635742188
77305069.9995890558 537386.9362792969
73762879.9580104053 400694.7471923828
77065176.0652882904 525049.3535156250
77420228.5593476295 541083.5610351562
77386076.9556077719 539571.5590820312
78775247.3791969419 571291.2265625000
72985000.2429641038 340745.6346914768
76973817.8681860268 524276.7504882812
77154949.4821147323 531687.9467773438
72961222.9926741868 340467.2135877609
77958298.3384063840 554513.8203125000
78501975.6604757756 567284.3037109375
72849489.9905433506 323195.5085563660
73979537.7097076029 411385.2971191406
79024282.2320813090 572331.4296875000
73495077.8252027333 382367.3435668945
75048182.9162834734 456238.2025146484
79562678.4882221818 574046.5917968750
73897557.7773185819 406449.2066040039
77137073.1658571064 531586.8227539062
72835979.3538980037 322710.7798713446
78618062.9649614990 569866.8437500000
73826849.0559495986 403637.8384399414
73735692.1744573116 399738.1324462891
77353881.2896965891 537463.9853515625
77830176.1381323040 551135.8930664062
73852855.4155738801 404518.3770751953
77371584.4482685328 538746.8383789062
77273434.8506360054 535629.2089843750
77946749.9004745483 553154.8884277344
80904373.4181629121 575157.6298828125
79222827.5194627345 573248.6865234375
73875045.2168155015 405173.8964233398
73880061.1320995539 405538.9979858398
77858434.0216150582 552379.1069335938
73650380.5655668974 393932.6523437500
77541091.9608653188 544001.3120117188
77876908.3616773486 552705.3725585938
77612605.4663718939 546632.9638671875
77701909.6385414898 547991.7104492188
78177551.1157353520 558757.2934570312
78752110.1276002824 571250.0429687500
79154928.1974270940 572818.5097656250
79131883.0252345800 572358.9345703125
73485391.0376452953 380032.6705322266
76065081.8552782238 491039.5366210938
78083773.6169032753 556922.9814453125
79418148.6311037838 573404.8183593750
80970427.8551346660 575197.7480468750
75853013.2042265534 482885.7468261719
78988793.0193232894 572221.0058593750
79179911.7223217487 573214.3867187500
73473548.3752120882 377432.6415710449
77921455.1696536541 552903.3046875000
76012432.2673573494 487589.7238769531
76057874.7521961331 488758.7873535156
75805734.3398658633 481444.3366699219
76027599.5485273153 487762.4689941406
78347982.2077414393 563804.6987304688
76118546.0880853832 491425.0339355469
78006440.8919218779 555391.9492187500
80423554.4363881946 574921.5273437500
77712111.5435044467 548019.4760742188
77074708.9416164309 526165.3601074219
80429946.1862147450 574955.3505859375
73561953.8049140722 383084.1322021484
78000677.4711304903 554765.9638671875
76897103.3544249535 517700.8038330078
75801400.8096895367 481423.7517089844
73481458.6563189179 378948.4548339844
78412223.5809537470 565018.4916992188
75708199.7234014124 476416.4892578125
75686899.5147532225 476129.3763427734
75806123.5021424741 481500.3251953125
75684653.4009124935 475129.9320068359
79136449.1791895032 572617.4609375000
75720516.7783605307 477618.7825927734
75754983.1611996442 479589.3538818359
75914246.1804434061 485319.6484375000
75777095.4492201507 479940.3292236328
75726884.0000346452 478228.1588134766
76342879.1597988009 498191.1104125977
80565702.4942670465 574965.6933593750
75991260.5925434381 485764.3695068359
76248904.4599839896 496768.6397094727
76498712.2832040638 503958.6011352539
76003412.9372306913 487264.0557861328
76600115.5351857841 508019.1870117188
75746757.9658666551 479139.7037353516
76234271.6174302995 496113.4707641602
76564815.4431592822 504973.0935668945
76477255.0787738264 503215.4028320312
80899837.7540116608 575116.1630859375
76559823.6923242211 504963.1404418945
76271858.3117306083 497139.8975219727
80631501.0694082081 575020.5234375000
75968188.8784283698 485705.4823608398
76575349.2239004970 506544.9093017578
76419164.4290577173 500722.0884399414
76226319.7244238555 495302.8965454102
76370672.5973073393 498516.6367797852
76586765.1093744636 506775.5239257812
76213071.7451463938 493770.4863891602
76556390.0003711581 504947.1163330078
76529055.0475805998 504140.5076293945
76414727.1519963592 499924.3362426758
76209553.3555461913 493372.2837524414
76178514.7024435550 492871.6890258789
76171586.8049642891 491784.4649047852
