693174324.7840870619 6496.5437831879
561751843.1520297527 3289.3218030021
527990291.9120825529 1296.9745216115
527583133.3370763063 1272.9670364453
540248325.0406788588 2254.4531090218
562029490.0632928610 3315.1160987303
565276046.0229389668 3431.8220439812
565692397.5186421871 3447.0855729412
565358514.5967007875 3434.9790913891
565487709.8556814194 3441.5008523296
625200143.5477721691 5365.8581760177
624886161.5296757221 5359.3870104930
624928520.4881212711 5360.6716871509
625137383.9887372255 5364.1771390686
625029815.2941794395 5362.1602175483
625754491.1709321737 5384.2917993316
625205889.8717190027 5367.2621228942
624736661.1177816391 5345.4630043754
625661579.5437093973 5379.2634256134
626397230.7834463120 5400.8051011810
626740823.3303610086 5406.0040023574
626531938.0303950310 5402.8093154678
626959412.2826712132 5414.9400638213
625901552.8502994776 5386.0074832687
625230954.1528578997 5376.9018552551
626199091.0916117430 5397.1110303649
625688937.2938486338 5381.5693052062
692475276.4445199966 6485.8538494110
692027234.6608598232 6485.5318655968
527374495.9273499250 1249.3932638314
561890583.7749335766 3297.3919319827
564393045.0535279512 3398.0706949066
566348480.1361250877 3462.5701698641
585507247.8066066504 4112.5104510790
625959655.0486949682 5395.2597434768
626877746.5686749220 5412.3620731152
625943818.0636295080 5388.8139232878
672085423.5498579741 6325.6450047493
673274248.7968597412 6339.5587296486
673985547.6892553568 6344.9702029228
674123684.6230452061 6345.3591704369
544971175.7295509577 2530.0987338848
544507333.6157312393 2491.8167843646
544864945.4389541149 2509.6867441959
544674077.5209339857 2508.1319770641
544385397.8459249735 2491.1520178146
527509256.3688676357 1254.5133606928
539304752.7560193539 2207.9652449783
565712164.4567586184 3451.4406312684
665639476.9791634083 6227.3120598197
673462178.1999281645 6342.4700274467
672586436.4539636374 6327.3475022316
692526762.8105952740 6489.1132793427
531862627.5607498288 1647.6227693879
565061392.7719768286 3428.6397635917
564419945.6656224728 3406.3253667187
532134901.2932331562 1648.3464087492
585003958.1321742535 4095.0873784685
621915821.0147603750 5257.3049826035
672839576.1578420401 6334.4944186211
673170285.5905545950 6335.4127869606
692846289.8806459904 6495.0480155945
692736887.7154628038 6494.6883277893
545385838.8505128622 2544.4763559317
545736209.4554798603 2557.0756296767
544886571.9475243092 2514.4838651843
545100080.9079695940 2533.7405447615
531384100.6655430794 1605.4280052022
531256378.4127474427 1599.4673628458
563836196.5530507565 3375.9456605185
693204312.8794910908 6497.0167980194
528559673.9120854139 1343.8443347062
662727982.6711808443 6161.1188701540
672662429.5674854517 6332.8389487267
672114938.5944488049 6326.9623818398
563393607.4403644800 3361.6657309119
528031234.8996903300 1305.2124421890
531148797.9327455163 1584.0699622275
539150460.3653190136 2191.2854746129
539252052.6138433218 2197.1820761707
544336478.6659702063 2490.4404136366
563944223.9959233999 3376.6292618979
563135585.0579644442 3355.8295029867
562878911.2786573172 3336.8738927115
586007097.6842572689 4128.0010573781
562437014.4515312910 3326.2895168979
563051318.3332760334 3346.7583258282
562557273.2132529020 3332.4944180716
530995107.5936319828 1575.5473028959
586102962.0421909094 4137.4032637990
585263198.8464858532 4105.9841274946
671842659.4977229834 6321.7260079384
584810137.6662794352 4091.9760398782
585112202.5962234735 4103.4747104562
543625883.4458204508 2444.3527249106
584486726.9695332050 4075.6462287224
584411766.9981514215 4070.5096252478
584536548.1101893187 4086.5716209329
664292183.5315287113 6205.2119890898
539206249.1151379347 2192.6558985676
665168191.3260447979 6221.0647054911
670881431.4888486862 6291.5246713161
583845071.2939596176 4056.5784972227
671591810.3882969618 6315.2798132896
665022027.8582669497 6218.8940521479
671316215.3313016891 6311.8417878151
530927604.3072857261 1557.7699475384
530620585.1607924104 1530.8100325407
531091657.5202473998 1577.5977000118
530960105.5002605915 1558.6811847847
530820354.6770942211 1554.1451174559
539031919.2567791939 2182.5323891606
560138080.2761994600 3219.4339283762
664989450.3720300198 6218.2180229425
666547819.9334430695 6238.1047191620
666337289.8868055344 6235.1140937805
691480428.4198675156 6481.2936124802
690827745.1745132208 6476.9908232689
665737383.5042533875 6229.7714309692
683522142.3512797356 6427.8236007690
542619840.2100116014 2391.2179120861
542279368.0329047441 2375.7672224723
541764039.8829962015 2345.7547663883
542127446.4151241779 2360.2304071854
559195168.4490987062 3173.0717576968
665930501.2273739576 6232.9439878464
541841367.7427358627 2346.6580220390
541705407.2131235600 2335.1755389408
541857733.4278492928 2348.8263777404
558909750.1351176500 3159.6397292681
541250347.8795017004 2308.9390994433
670032671.0020647049 6288.2006392479
540920540.1214175224 2293.7774650231
559341238.9047944546 3181.8239713511
541287460.6114878654 2310.7559671104
622083152.8519307375 5269.4413748013
538722662.6981064081 2153.9665338384
624573958.0194197893 5333.7749250126
624413429.8046377897 5325.4540848327
624518854.5076723099 5328.0506746960
624172975.5188596249 5323.8121857238
620555912.5050086975 5219.5517811842
620279080.6613259315 5208.5848869893
620174673.6901435852 5204.2404923055
620043493.2662967443 5196.9363126370
620713112.9763648510 5219.7875925514
620295564.0095412731 5213.7888235661
620762702.2961421013 5220.4496141884
619940794.8903903961 5193.3456550341
690433782.8857609034 6457.1533265114
690793480.0056397915 6458.6384921074
582941084.9732732773 4023.9060197119
559189196.6785023212 3160.0772609330
670326367.1154478788 6288.6949720383
529616692.2991170287 1367.4375397864
530196209.5415380597 1413.6523511751
582761364.7324016094 4021.3909005366
529956226.7014755011 1411.5528577819
530275424.7181191444 1414.9738282283
529742008.9479345679 1388.5391044129
529719243.4051831961 1387.9194408405
529486439.4918588400 1357.4471724975
538657565.9550154209 2134.4080529505
530391453.7657160759 1431.0227450936
683917502.0489958525 6429.9802913666
683023386.5725619793 6423.0321435928
683385672.1335823536 6426.4091892242
557643270.2009642124 3065.4124102530
557809161.3871443272 3084.1016721521
557498840.6993343830 3061.1808347640
557303220.9418998957 3058.0018420157
579750859.7589361668 3897.0096607735
581747584.2193665504 3977.2863853962
556811119.4385379553 3032.0074373162
556735460.8152948618 3031.4766390403
556562730.2855200768 3011.9224813176
580243390.1360105276 3925.3660025528
580574297.5434578657 3933.3569445541
580650651.4944113493 3939.6116690567
580083450.9729921818 3919.3622116731
579976689.5362796783 3907.8285693144
556297690.7641849518 3008.9858870585
684138346.1213558912 6432.2739276886
580076876.8318359852 3911.1958445524
616061807.8956192732 5058.0119130620
683821054.1916028261 6429.8883361816
615512701.9688620567 5044.7324378499
683946690.5800491571 6430.1826410294
556268457.4760297537 2995.3769630650
683874254.1556639671 6429.9339733124
616910769.8543282747 5080.0738090861
617197268.2805544138 5091.3918631661
617196330.3023400307 5086.9424456028
617072760.0369532108 5081.8235390195
616572181.4895972013 5069.8359315987
616528606.7009232044 5069.0273659238
553549417.0917115211 2853.0143445516
617142512.5825111866 5085.0438718976
576198819.7812359333 3741.0080745232
679724138.6540349722 6390.2744131088
681553398.6668992043 6404.1010494232
577128560.9394599199 3777.4747878536
576958621.6078041792 3771.9458819850
576630660.4137307405 3762.2435977769
550556500.8475073576 2693.5611655868
551826106.7142456770 2759.0375987695
551979258.0882701874 2764.5919229696
577216934.8499293327 3784.3685657009
551487152.7625035048 2748.1423608468
552066537.9197430611 2767.8414252624
551483299.7338786125 2745.6183950113
577294860.5991084576 3784.8652414158
551005565.0902842283 2721.5983543206
552243308.6304430962 2775.6023452654
550143509.4247786999 2679.7122816965
679892540.1942808628 6392.6453170776
535296384.5187799335 1793.3908957786
576584531.3603911400 3753.5683857435
535438178.8224113584 1802.6142187180
681416024.3206069469 6403.8763351440
537183986.3345733881 1923.0656211309
537156902.4064272642 1921.2866731201
537028846.0167697668 1911.2627311953
536937737.4494903088 1909.9268490084
535870668.5327899456 1825.5430185428
536038129.6202988625 1840.3882649611
535501045.6291710138 1802.8527488770
534916512.1460788250 1753.1465305728
534708212.5091706514 1729.3240433346
535147494.7369714379 1758.8171272558
576427939.6662838459 3746.0463375085
548691112.3126212358 2587.6917895597
614019515.1897221804 4936.3187722961
614662743.2157285213 4964.8991770545
678855725.2230011225 6374.6704535484
678400284.4880914688 6362.8498716354
678761045.0729877949 6371.7743973732
613918099.5024857521 4924.1091457706
676944369.8160259724 6348.4798274040
676969993.2629828453 6349.1910338402
613870367.4103331566 4917.5160984357
613753767.4213505983 4917.4239830540
611642114.1371861696 4833.7517946416
610927719.1852177382 4813.5744558627
611279886.0222399235 4822.8528035561
610129768.1174547672 4768.4428836921
640390107.4166471958 5549.0379522019
640190535.9527583122 5543.2354655438
641939008.2949283123 5593.7335251365
640550054.1583435535 5558.7846987420
641092452.1183786392 5565.7846697741
640526767.6730246544 5553.7770860367
640722987.8976511955 5563.0634081536
641233503.2884793282 5574.8938416415
574137897.0726583004 3597.3412760594
573797197.2398322821 3588.1904889726
573709355.8194243908 3587.6647563061
573224222.4569183588 3568.7794763229
573057128.7239927053 3554.2497510808
573072505.9535382986 3555.4266171223
607788046.2337213755 4687.6229542830
572540290.5194125175 3537.3627681692
607406802.8528620005 4675.0772339442
607170931.7348765135 4669.3800225010
606727751.2261658907 4658.5274821791
572067459.0804005861 3521.8764729094
607469234.3230608702 4682.3974446395
608679519.4748283625 4709.5407541290
608207258.6170127392 4701.5346268609
608639310.4661567211 4707.5098504022
638394585.6808143854 5451.4701922382
637938045.1732321978 5447.8665526179
638592860.6805963516 5461.2740157092
637434923.9722542763 5417.2223763253
637681238.1046092510 5423.0905120160
637804237.2112463713 5435.6727316167
604154741.2098807096 4551.9657762203
604693942.4847608805 4575.4253168221
604424209.8028261662 4562.0529081973
604174065.0221648216 4557.4120524082
603759714.5014998913 4530.5813799317
603915770.3032646179 4547.7911820824
603129723.0114500523 4516.0001285764
602894757.8784232140 4512.8652401919
600346625.0141178370 4438.3014795595
600545506.3558285236 4440.0099155718
600177218.6644834280 4428.7561927969
599797618.2404704094 4390.5343581752
600132624.4726088047 4423.3522258976
600031092.7919656038 4416.0904925141
599981423.5156221390 4415.7323633411
600096547.3282884359 4418.9447148934
596600552.1312574148 4267.0265688372
596783474.8272650242 4277.4039678050
597096464.2760276794 4294.8539132548
596857151.4710301161 4288.6409367991
596308367.5171493292 4244.2853791214
596315084.9037722349 4250.9392762695
596757565.9889838696 4267.5640558697
595912865.5531744957 4224.1829511189
