342063890.0467670560 2970.8795447992
326324254.5789538026 2117.3366389103
325095579.0590162873 1944.7940205172
342468283.4613135457 2984.9485024078
338308223.5345380902 2843.5761806392
338930690.3044956923 2871.6022692187
328561535.9283915162 2335.7053957150
343895321.6777712703 3033.6258340795
330258985.9734425545 2456.5164878705
332753094.2556689978 2575.9297390552
332889952.3123871088 2586.8971023645
331024962.6106285453 2492.4261965858
325189468.9641044140 1962.9845682889
333318929.0484630466 2629.1799836495
342885197.2647252083 3010.3587055951
342489702.3410768509 2997.3062385925
334556126.8042119741 2686.3166643094
330355806.0262094140 2461.4467351773
351984893.0095505714 3261.6007274389
333155647.6856456995 2602.3333877036
328844514.1543742418 2361.4981003847
328625630.2253528833 2352.5459244416
326180793.7584951520 2101.8843388306
328858545.2545026541 2364.3581620303
329118527.1120752692 2396.1184884158
334799818.9875162840 2696.5519414853
334585796.0984750390 2692.4318189333
334459289.3025071621 2676.6840650412
328005664.5471183658 2299.2215912923
325265791.8940577507 1963.2094818860
328873044.9523236752 2372.1909450736
331044086.3053231239 2499.5867626324
365937657.7492638230 3457.9242630005
334669396.0646140575 2694.0987195681
325291768.5302482843 1965.8483707219
328693200.8421245813 2357.4797106829
334552590.0672932267 2681.5247473466
334414633.1620957851 2675.1344496581
329029383.9128096104 2373.5637112704
329035893.0843552351 2392.6279483881
333822958.6955799460 2645.9292899939
330194602.6049461961 2452.8857190936
337079456.1765168905 2804.8194516759
332647562.1398454905 2573.2806681015
329031768.8662441373 2374.3331217830
330644729.4604565501 2472.8853139236
330520128.6577873230 2470.2830728620
332861244.3069522977 2583.1452118042
336069779.4453178048 2757.8867988712
336839532.2955690622 2788.0436823801
325716283.7062359452 2032.2889053110
333745223.9591384530 2639.7229037854
331934621.5459308624 2540.7835862520
335845729.7112219930 2747.5637135631
342845644.7812154293 3001.5099533349
332133664.2951046824 2550.5235946973
333190611.3358702660 2605.6052798941
336357068.1832516789 2767.8685003868
336535974.6950324178 2782.0256179920
336102078.8183845878 2766.7580533554
329474603.0347083807 2419.6862390052
334963946.7011799216 2699.7555836072
329435587.4155570865 2415.8077829807
335810538.6975818276 2741.7361114151
335282210.6210941672 2718.1046962864
335726938.7314428091 2740.0692107803
347663523.4527953863 3151.4639932830
337388478.4117281437 2818.9530729488
336897945.9284015298 2793.0985138849
331499983.8192029595 2518.0258561154
331500492.5654652119 2524.9831460874
329685926.4301390052 2432.7486741870
331256198.9936366677 2507.2166641682
327640462.8170105815 2260.8152268422
337867710.0225912333 2837.0353305773
336055114.3863053322 2755.2095800983
325598683.9333338141 2022.8449182981
325367988.0558580756 2017.9952140325
329983939.4959284067 2436.9532032936
325316368.9601770043 2013.9355580747
330068595.8175884485 2446.2117558449
334065718.0543130636 2661.3008710119
335367863.2455083728 2731.8350872402
330877694.6492399573 2489.1593806028
335264707.1104114056 2713.0132040253
333850982.7835589647 2651.3722635481
334184162.6408986449 2671.1608487341
331097016.0372942686 2504.3150774916
335038585.9596073031 2712.3771718714
330690365.7708386183 2488.0938536604
336043655.9593065381 2754.4755925890
335900092.4211136103 2750.3945760112
331014060.2009623647 2490.2084988379
335525187.9704564214 2734.3171390896
334151242.2749691010 2665.1528591114
333930249.4772819281 2657.4271178219
334120229.7373792529 2664.8879319403
327686743.4690335989 2267.1709101689
328954082.8629699349 2373.0926096796
326057053.1175662279 2100.9567726564
327440593.6884187460 2253.2712581179
348610754.7629149556 3173.2021841723
326208366.4298160076 2104.9751623582
325870823.7051364779 2091.6577742376
327654661.4824994802 2262.2529744713
332770607.2364482880 2580.8209716411
329650919.4907798171 2420.2549974646
367324137.3049578667 3459.2886428833
327455447.2431380153 2253.6595738423
348775309.9341392517 3190.1214214284
326891481.2775205374 2195.4498838972
365034648.3247159719 3456.9311513901
349384223.7087872624 3207.8582666833
349272341.1193129420 3195.0438846070
326550346.4881307483 2149.5073194059
333573780.8091704249 2639.2523747656
329432224.6483357549 2396.7510321824
347436364.7118700147 3141.4619315583
365629287.5923700929 3457.0966291428
343145778.5666972399 3017.1841490231
343769016.1863153577 3030.1695557795
326717989.8846520185 2190.3395611116
340730219.4865446091 2932.6419918388
326812561.8776374459 2193.7424640249
327538361.5885491371 2256.5337126985
327306026.8098557591 2233.3583625925
326969604.4423323274 2223.2319481488
327189500.2014969587 2230.7369407785
325757876.7958741784 2062.8086418305
343859607.1411764026 3033.2040352374
326632080.6610103250 2175.1352422524
349249645.9161531329 3193.5545891244
326312385.1092613339 2114.5824401909
327242022.3989077806 2233.3200390454
326337765.5162828565 2136.9890282759
343421668.0761654973 3025.0682876855
353079342.1855895519 3294.9331493378
347988535.3571102619 3158.0624320228
326333385.4293940067 2132.6002723286
348113876.2326360345 3163.2906964738
343288801.7056825757 3019.0620033294
326919735.5861439705 2203.5428857695
348285280.1529008150 3169.9080996234
327038186.8892471790 2226.7185510767
367751563.8526426554 3459.8189764023
353353926.5039936900 3295.3788585663
330067530.6980357766 2439.9680730778
342201902.0581060052 2982.4082835409
340118069.3674446940 2904.0953147705
353489847.5507695675 3300.5916703939
362667251.2752623558 3438.3450336456
364110618.7630462050 3453.2284860611
328417228.7753242850 2334.2723484105
363357687.0960496664 3449.1124601364
348191789.4280776978 3165.2906537969
327705494.7615613937 2294.4594425936
341839007.5766714215 2965.9254586846
341468746.3194860816 2955.4373798093
341553867.0009369254 2955.8495968729
362945295.5624772310 3442.5892658234
341599239.8068464398 2956.6711046547
343833690.5553342700 3032.4976290613
337583527.3784109354 2821.2023663533
332620434.6959857941 2564.3185064220
337336170.0061970353 2815.4219269765
341743504.7041203380 2961.5558390127
328416440.8749068379 2329.2816419667
340224506.4261544943 2912.3883629376
340565397.8643716574 2927.6220533187
340361088.0275967717 2913.1489769751
342156091.1381599307 2976.1568701584
363587365.6566376686 3450.6510934830
332618739.2061676383 2563.2999013831
328267690.4646072984 2325.1613753624
327569773.0994846225 2259.5996678877
338983247.3910870552 2873.5291529576
339005174.8583242893 2874.6229228252
340366506.3942884207 2922.6268079812
340450106.3604273796 2924.2937086159
341180886.2273558378 2945.6142381895
332347754.8472988605 2556.7466565301
362696118.3030408025 3441.5414485931
339277774.7080853581 2882.3994374828
328065456.9847351313 2312.7490491136
362830948.1642326117 3442.0983810425
339661139.6341426373 2895.1358021669
328221360.2795201540 2317.9179460271
339819635.6114819050 2899.1500952154
347191680.7797619700 3136.1537922025
328593442.6709932089 2335.7928697791
339137263.6360514760 2878.0467737870
337753449.4988206029 2832.5374095818
346961064.9484608769 3129.5550187230
339165010.4673246145 2880.4368006297
337587583.6058390141 2826.6577771845
339705820.6304329038 2896.3400736259
337684280.7045190930 2828.1883426091
338028068.6718700528 2839.6882360360
346702746.9585073590 3128.0216928124
338420148.4013752937 2852.7666814798
338382994.8722782731 2852.3646248510
353904940.6878535748 3316.1772350073
338534088.9342955351 2859.7571212524
345974301.2532348633 3103.1822569966
345466647.9758649468 3089.6065396816
357429503.1156424284 3367.2067379951
345303439.3835628629 3078.3767508864
361829749.5982486606 3429.9599637985
354171971.5668341517 3317.6338171959
362034348.1134167314 3432.3285999298
345864978.7810187936 3101.2867035419
361487551.7218244672 3428.0817785263
338920136.3780918717 2868.4485750670
353858277.6173892617 3315.6313471794
353532070.8798736930 3307.3671033382
354178591.7658729553 3319.6783161163
360994190.9403105378 3417.5555758476
360396694.7610939145 3410.6890704632
354951048.4462714791 3334.7487928867
360988299.9368193150 3414.8100638390
355295510.3555102944 3335.6948268414
359602755.3763356209 3399.4273583889
359212280.5015397072 3398.1185929775
360691679.8194038868 3413.8965058327
355674144.0432242751 3345.1565387249
346966386.3977419734 3133.5384484529
356583170.4032127857 3351.5934946537
352591589.1905892491 3282.4032899737
355064682.0546506643 3335.1469922066
355453683.3522377610 3337.2146637440
354540667.9664878249 3331.4016602039
354462528.9802955389 3325.6729757786
360818362.4098418355 3414.4994409084
347520117.9252795577 3147.4993711710
347857920.5552325845 3151.6812519431
347357831.9993238449 3137.8413021564
352142315.4875137210 3273.5585870147
331844059.0312021971 2530.2788029886
361399376.0555775166 3426.7819542885
352413424.8464200497 3277.8533295989
351655013.2488582134 3259.2475811839
332558183.6371852756 2557.7854389541
357675707.1505825520 3367.4716038704
363186675.4092209935 3443.7337408066
357910210.9122247696 3376.1953659058
357090835.6789520383 3362.7343311310
345698075.8894088864 3097.1357765198
357814158.4332014918 3369.7208223343
341996872.6574262977 2970.3207953013
344823621.4787729979 3070.0975050330
344758656.2439655066 3060.4639253020
345070049.9215924740 3077.6079773307
345347426.9548034668 3085.9907669425
356585957.6652814746 3352.1712217331
356223149.3711118102 3349.8631281853
357023153.4598057866 3362.2331271172
356857089.2129196525 3359.5606589317
340956098.5057694316 2936.6606688169
340929836.6720247865 2935.3262247709
358663431.1478313804 3382.6860637665
352091976.7081644535 3273.3472866416
358460338.9655271769 3379.0335779190
348723975.2278386354 3182.0415142775
358648668.3863729239 3381.5283689499
352552005.9218399525 3277.8626401424
352747611.4355478287 3294.5854055882
352692455.7313979864 3282.8459446430
358619774.7848643064 3379.1579275131
360212387.3259180188 3404.9170441628
351157053.6589357257 3255.5203371644
357707467.8069108725 3368.7708847523
351446349.2264879942 3258.2368736267
350327769.6422365904 3229.0811678767
350716390.5930806994 3242.5036093593
346269298.0404738188 3111.9921290278
350972217.8663896918 3249.4396249652
345178930.3578491211 3077.9534974955
350824111.7290025949 3246.9379865527
359849143.8442144394 3401.4023880959
350435490.7781586051 3233.5155450702
351430740.5740624070 3255.5858413577
361098432.3108257055 3420.4375925064
346304094.9309328198 3112.8940295838
358799269.8112047315 3389.4234480858
347334720.1738861799 3137.2294403575
346646406.0209231973 3122.4961642884
346337767.9837251306 3115.9957227372
349362932.3662747145 3198.9786030054
350278104.5382286310 3222.9184085727
345957423.6829354763 3102.6098687910
347857965.6567971110 3157.0230740905
347997535.3273024559 3159.6605324149
347540827.2293069959 3151.3800114095
349918344.3347076178 3214.0997192264
344502421.9441307187 3055.8262267448
344279705.1048697233 3048.9596098699
344277261.1669418216 3045.3216220140
344693077.4636117220 3059.0408461317
343932988.7895413041 3036.0403135456
344376636.1701735854 3051.3937817812
