917285486.7847535610 6270755.1508789062
916529266.7195910215 6245432.3310546875
919796928.0533064604 6336109.8706054688
918950557.2798250914 6311678.7841796875
920604897.4780936241 6356336.9013671875
925324321.8007022142 6446205.9765625000
913051331.1842011213 6143042.7736816406
918386012.6608008146 6294816.9843750000
918752050.7881935835 6310260.2246093750
921484299.9746885300 6375772.4033203125
925523550.0291066170 6449494.9975585938
909287092.3831707239 5993110.9243164062
908722953.7253350019 5953783.5668945312
919206244.0202136040 6316747.0781250000
920821482.7844314575 6356865.6679687500
923150231.8065779209 6401657.6245117188
917184301.5001108646 6266385.5864257812
913191222.6272772551 6153097.1457519531
914715635.9313460588 6187355.1618652344
923309551.9571479559 6408441.8276367188
910652389.1291016340 6058752.5329589844
920197640.6842124462 6341907.0341796875
920037977.2357169390 6340834.1728515625
921243250.7922780514 6371421.3735351562
910349357.6170049906 6053577.5583496094
918526191.3529464006 6298762.6162109375
922391673.0452409983 6390247.6191406250
910994824.7405517101 6070797.1037597656
920690279.4394522905 6356679.5878906250
921022541.1800714731 6364201.9458007812
912624641.9366980791 6134055.2268066406
911049687.3892221451 6074926.4680175781
914758149.6821670532 6187553.1232910156
909165271.5257591009 5978747.1591796875
923903459.4510462284 6420925.4897460938
914279034.6591665745 6181619.2033691406
922840396.4012625217 6391747.9599609375
922338289.5825452805 6385199.7890625000
914906687.4573782682 6192988.8215332031
919576218.4410996437 6329227.1821289062
920866812.3659552336 6357249.3945312500
913990082.9037481546 6170387.8679199219
917337164.2161056995 6273809.5366210938
927798790.8655669689 6478494.1123046875
916529266.7195910215 6245218.9306640625
908368139.2448564768 5945189.0170898438
916328012.3751511574 6238151.1982421875
908118772.0121418238 5892148.8745117188
935523702.2154504061 6592869.1166992188
935173410.5718665123 6587169.0883789062
923682357.3825277090 6416145.5185546875
914758149.6821672916 6187663.0744628906
920234544.4181751013 6343452.4477539062
919796928.0533063412 6336042.3618164062
908302709.2050817013 5906096.9013671875
910882088.2189666033 6070338.8415527344
918135320.7750509977 6292448.6142578125
927385412.2289421558 6476437.5053710938
912607548.5506018400 6133807.7004394531
908760901.2634385824 5961136.4321289062
924126492.1555401087 6423335.1103515625
918521890.3903443813 6298405.3476562500
917257053.7473582029 6270072.1987304688
912713548.4927858114 6139309.3190917969
917416966.5606904030 6278791.7817382812
917658015.7431010008 6283676.2587890625
916739467.4013541937 6258528.0498046875
924092537.4616957903 6423146.2949218750
920906574.5031391382 6359784.0122070312
914704139.9135595560 6182597.3630371094
918599042.1666254997 6300230.8056640625
924608804.6578986645 6434688.8354492188
910418196.0020495653 6057679.3620605469
949251752.5021530390 6677754.5566406250
923844152.1392359734 6417126.7187500000
917416966.5606904030 6277935.4506835938
909063884.2859759331 5966289.1586914062
926173453.0743801594 6455935.8715820312
913412188.0393103361 6158290.0305175781
913038766.3376505375 6141344.1926269531
916648248.7522987127 6251859.0986328125
925140563.3825900555 6442609.4008789062
912717205.4031425714 6139377.2595214844
909568762.5140715837 6002694.8774414062
932878859.6316671371 6554032.5263671875
959005734.5799922943 6707961.0195312500
909728691.1656332016 6012611.7128906250
922882139.3975129128 6397777.8017578125
918411791.7598979473 6296202.9140625000
926351937.8148847818 6465355.6269531250
949929640.9982535839 6679607.5039062500
916471901.6724395752 6244877.3203125000
911933120.6383246183 6112921.8015136719
912149360.1446691751 6120195.5666503906
921985184.6625359058 6378276.6503906250
916471901.6724394560 6244837.0039062500
922060772.0739452839 6378727.6225585938
929043474.9858578444 6501862.0966796875
912492104.5418657064 6127479.4411621094
910013902.7275185585 6045855.9645996094
910664005.1081781387 6064125.9353027344
920449449.8420647383 6347398.5864257812
924020667.2591820955 6422918.1645507812
917036595.1390254498 6264145.9023437500
920558533.1502134800 6354086.1889648438
925980330.1860877275 6452631.4912109375
915852070.6933369637 6217796.8647460938
927444535.4648109674 6476703.1879882812
915952934.4298338890 6225216.9199218750
925911869.6995612383 6449965.0244140625
938936664.4961031675 6621707.3149414062
949555362.9267705679 6679094.0771484375
910792966.9570806026 6066401.0642089844
918208940.5059069395 6294673.8237304688
908230661.6619203091 5905644.3032226562
909736407.1211843491 6015469.1369628906
913886942.6084749699 6167294.8039550781
912056554.2077738047 6115046.3601074219
914229725.7367919683 6170466.5061035156
928380251.5092053413 6491898.7421875000
926106584.0027937889 6453595.9780273438
912357197.5239862204 6122817.5017089844
924201365.2538239956 6428293.8505859375
942633089.2072179317 6649475.3847656250
913698714.7928611040 6162542.2287597656
919324092.4925796986 6320113.9086914062
908209703.0425522327 5894646.6684570312
913175839.5063567162 6148362.5354003906
909770118.4911507368 6027232.1320800781
950376051.5000734329 6682522.5898437500
938093551.0504159927 6612688.7729492188
916471901.6724395752 6244901.1708984375
928238703.3895217180 6490196.9609375000
926149765.7922134399 6454216.3774414062
924884514.9379483461 6438060.6162109375
909929947.2792229652 6038950.0563964844
912384715.8492587805 6123378.6374511719
958886009.6154783964 6707414.8935546875
930596792.5704081059 6525232.3398437500
909887690.8126142025 6035788.3952636719
924408057.7962197065 6428609.0410156250
931390144.4378316402 6538053.1484375000
911405014.2730109692 6087025.2219238281
911405014.2730109692 6087027.1936035156
930234373.6787946224 6521370.3349609375
911405014.2730109692 6087089.3889160156
909780111.1994614601 6034560.3913574219
916724413.6291047335 6251998.7133789062
911769612.9258919954 6107107.4772949219
949597364.7862054110 6679365.1982421875
911103924.0305815935 6085567.5524902344
909920802.4257078171 6038280.7790527344
916412000.0524789095 6240125.8432617188
949597364.7862054110 6679477.4179687500
916538587.8911941051 6246912.9580078125
916038326.1048707962 6233565.0957031250
930864584.8034882545 6533672.6464843750
911581574.6780260801 6098491.4802246094
931508371.6238353252 6543993.7128906250
930950563.7281954288 6534297.7382812500
930659287.6953676939 6532209.1250000000
924765385.6812906265 6435438.4570312500
926241736.8222194910 6456837.1166992188
953112102.2725017071 6691537.3769531250
930700961.9411245584 6533210.6220703125
911094144.5536556244 6080341.8547363281
952920732.7366611958 6690906.4199218750
915966618.9802511930 6227256.1791992188
917820527.5848400593 6290389.5024414062
923210338.5054361820 6404654.1108398438
922824440.3821016550 6391098.3769531250
922805624.1829079390 6390678.7968750000
932347771.3045715094 6549583.4257812500
952471496.4265540838 6688938.1083984375
934962818.6211800575 6585533.3588867188
932580596.7483965158 6551799.5043945312
935325495.7544860840 6589012.1655273438
932347771.3045715094 6549729.0761718750
939629208.8819793463 6627668.8154296875
932972499.5312217474 6558049.3940429688
932347771.3045715094 6549543.1093750000
932972499.5312216282 6558047.9243164062
938060733.5229279995 6611475.9926757812
934828041.6896816492 6583465.1147460938
935954969.2381532192 6595185.4487304688
938776403.4482377768 6618162.4448242188
938198439.0347607136 6614939.4760742188
936959250.6956244707 6603094.8520507812
932780166.8014106750 6552659.7275390625
935954969.2381528616 6594278.2172851562
942577713.2692375183 6647635.5380859375
943245719.3147830963 6649940.4160156250
954100929.6396185160 6695977.9111328125
936571365.2342315912 6599249.1440429688
927023625.9002695084 6472191.8764648438
923469180.1542961597 6410418.3452148438
923176908.1500302553 6401751.0009765625
943475308.0327987671 6650160.6123046875
940723318.3158620596 6635471.0595703125
934690416.4681653976 6578753.4624023438
933646764.7967638969 6564089.5478515625
927023625.9002693892 6472059.4282226562
915962982.1179250479 6225369.8481445312
944675303.0152689219 6660020.8681640625
932693630.1705728769 6552113.2626953125
933496493.8954179287 6564040.2265625000
934484032.7961484194 6576184.1625976562
933326683.9952844381 6560489.8359375000
940038390.5297313929 6632079.1005859375
915252353.1499879360 6199758.6884765625
934193509.7589170933 6572986.4868164062
933756145.2727326155 6566953.2812500000
914762821.5123097897 6187934.6206054688
919042489.6112952232 6314125.8623046875
934445706.1339136362 6575388.6552734375
933850084.6200034618 6568843.6191406250
914987766.0625838041 6197400.8574218750
937771799.3413765430 6610466.6391601562
919408867.9441883564 6325494.8139648438
920444797.3929617405 6346176.5336914062
915385084.2083002329 6203799.0429687500
915726596.9626239538 6215995.7416992188
958507757.4210904837 6706629.1943359375
915794426.2738034725 6217352.4438476562
936773850.3186194897 6600894.3139648438
939451658.6918236017 6626028.1572265625
945354285.2797001600 6664819.0439453125
927611023.5903190374 6477936.8627929688
937519562.1513110399 6608878.4008789062
955759340.6143294573 6699725.0771484375
937275222.4630652666 6606422.3198242188
954638677.0505583286 6696823.5546875000
915262239.8812129498 6201432.7924804688
954885894.4877496958 6697878.9716796875
915478151.0007078648 6205978.3657226562
955541189.7638485432 6698814.4189453125
954793267.5122196674 6697280.9404296875
937193912.3705085516 6605183.8754882812
937193912.3705085516 6604263.3774414062
943494974.6048533916 6651927.0644531250
955202351.6873401403 6698437.0312500000
958015416.9045054913 6704947.8955078125
948187479.2548111677 6675886.0341796875
956401722.3689836264 6704679.8398437500
944388359.0976848602 6659499.0566406250
931957449.0396454334 6548493.6284179688
946469571.9538811445 6670409.1455078125
941124266.1521884203 6640089.4169921875
942284199.4043192863 6646902.1484375000
942029123.8455085754 6646863.6289062500
946572398.1850552559 6671902.3662109375
946572398.1850551367 6671769.4794921875
940744737.5741869211 6637320.7275390625
946502081.5172791481 6671174.0839843750
943700724.8180763721 6656418.8076171875
927570077.6059782505 6477203.2978515625
945259631.5858571529 6664174.3037109375
948135847.6037353277 6675579.9902343750
942284199.4043190479 6646891.9941406250
943700724.8180764914 6656531.0273437500
929195284.2709652185 6508440.3935546875
930038732.0472679138 6517999.4882812500
929478387.6474624872 6512977.5771484375
945556180.5151308775 6667158.2958984375
945428898.3806948662 6665767.6435546875
956176768.7851486206 6701997.2294921875
945732528.1914784908 6668499.9023437500
948410193.6962889433 6676146.9091796875
948410193.6962890625 6676166.2216796875
922141221.6695346832 6382030.2700195312
929656766.9373352528 6515321.1308593750
948676318.7893272638 6676367.2197265625
958221513.2826724052 6705653.8857421875
948599287.2831681967 6676276.4804687500
944976447.9459340572 6663245.4150390625
946572398.1850552559 6671830.8212890625
952664358.4105151892 6689790.1230468750
951348911.5735007524 6684301.9931640625
947500295.8733372688 6674421.7695312500
944778339.1641905308 6661730.6718750000
941657111.7137268782 6643143.5136718750
951748896.1400130987 6686042.5937500000
940867778.4813739061 6638921.0566406250
941335541.7458158731 6641736.6845703125
941657111.7137271166 6643297.2197265625
951353092.4030916691 6685915.2177734375
951077736.9117360115 6684077.9433593750
928418585.2224510908 6494971.7851562500
927953327.2576450109 6487375.9609375000
927953327.2576450109 6487416.2773437500
938540455.7975583076 6615366.2148437500
944020021.1027442217 6658423.1777343750
938598745.0377521515 6616830.7519531250
930359090.7050379515 6522467.9399414062
928540448.8163843155 6496657.3374023438
928735307.4420874119 6499136.8666992188
939246865.8242218494 6624871.3730468750
953629301.0356732607 6693034.6884765625
952154374.2643082142 6688634.7656250000
952154374.2643080950 6687654.2890625000
