725798476.3719152212 3373000.7163026929
664984226.5086412430 1045074.7012529393
664555651.3383808136 1031840.7502933760
664699925.3639242649 1044087.5097137411
677810938.1243683100 1889811.9651063518
691822295.7059739828 2456286.2190921381
699178107.6358861923 2699286.0261896756
727059294.8703466654 3402886.6373531222
753272584.5314176083 3801746.9011230469
678142412.3412355185 1898114.7379367696
677793241.5467298031 1889398.4625402805
699665659.8782980442 2709082.3415910508
699710861.7261861563 2712087.2587095499
717317170.0317454338 3189449.3941779742
724953428.6830602884 3366184.0056093335
725821283.7152427435 3382874.4802282453
744657241.6950505972 3701758.7465820312
750491632.9473071098 3773806.3195800781
766792731.2096101046 3903911.8007812500
691590616.0258389711 2443700.8989437111
692602203.8241636753 2480525.9954584944
692581461.5627751350 2479837.8444423280
717023891.8294749260 3182747.1319709430
698893028.2131577730 2694273.7159509193
727185149.6945668459 3407286.3011714816
744243069.8441933393 3698074.3173828125
744387196.6910077333 3700167.1708984375
766045611.6296629906 3897959.8132324219
677908702.4847993851 1889872.2206824259
752654971.7331423759 3794851.9016113281
752695891.7995162010 3797179.4289550781
665633232.3693121672 1122721.9419253729
699098564.9045335054 2695876.2445734646
699384303.8633254766 2706042.2597696483
717183310.3019695282 3186957.9857663522
717452837.6512842178 3192201.6561103472
717558343.6986038685 3195387.2267242083
752186760.9064023495 3792944.3845214844
727449308.3656553030 3409038.3346187472
717244964.9366112947 3188869.8585334430
726797118.6661156416 3399551.4442970157
692233642.6371322870 2468342.2480258546
700000098.4343445301 2717962.9832860832
667242415.2071931362 1253113.1980796196
667343583.7472447157 1259152.7018222129
679657153.4983271360 1976738.1942949835
679394148.3805190325 1967516.3965402851
699806576.8001180887 2716049.6201805775
744324706.2030562162 3698414.6376953125
699799425.6832932234 2713792.5024371357
725937070.7857815027 3383039.6995517612
744379943.1516646147 3698878.5190429688
744773799.0606704950 3702272.1630859375
766933141.9831262827 3905195.0820312500
699906940.1118437052 2716960.4389132266
699103404.2921060324 2697636.4610915394
698716051.9346003532 2686016.7504708106
751672939.8294298649 3786637.5476074219
765804697.9587798119 3896666.0976562500
679345936.8333173990 1965078.7008005390
679286458.2868191004 1955754.7449899921
679123626.2575789690 1954313.4661813984
679118945.5807200670 1952841.2777048359
744598196.7909477949 3701349.5371093750
766566191.2914512157 3903718.1210937500
665070914.8056582212 1066417.1474116317
716931173.3857798576 3179443.9973844569
667533256.1239672899 1265222.7607268635
679047512.8695642948 1943901.0167420153
716829059.7467523813 3175966.0440153163
744819937.8895431757 3704432.9287109375
751850784.3478019238 3787710.6203613281
667141743.2478393316 1247196.0955405571
679047402.0644091368 1943737.0104496125
698255852.4868580103 2671910.6888100496
752091880.6841456890 3790239.6501464844
776235262.7324291468 3942057.8251953125
665306243.1912472248 1100453.6126032006
698387989.9642326832 2675423.3815226485
716500531.9566552639 3166378.4777311366
751520162.3037974834 3785814.7770996094
751948982.0253102779 3788791.5051269531
665599701.1731510162 1119993.4118038919
677932230.0312775373 1895396.5156094492
678154647.2913194895 1901983.4742707224
678779215.3168033361 1932284.4063727073
678676648.5336322784 1926734.1444134894
750867469.3751487732 3778900.1193847656
678320308.2269659042 1911273.8088278542
716226831.9206283092 3159588.8894487303
726492459.3840079308 3395483.2127353549
678253316.3611315489 1909741.8117575417
665388397.3040095568 1108437.8750960138
726938531.6032454967 3402295.8822177947
726176789.2520309687 3389736.4651767612
692082360.7586855888 2464283.5124301515
750928293.0359985828 3780736.3332519531
667079342.2481679916 1236713.6652600765
692379930.1702517271 2473859.1076702382
716566937.9552340508 3168725.2246793788
665112803.8811382055 1079080.5891119244
750075444.3533790112 3771873.1643066406
765996124.2781912088 3897470.2539062500
767199732.0883384943 3907092.8662109375
693651677.7858436108 2514929.9845066993
775395909.1333740950 3940516.4033203125
675209585.8221278191 1742639.8026065240
693046204.3266810179 2493207.1265398441
693336508.1170033216 2508226.3614031253
675108709.1034240723 1739740.2965030083
693157647.8314485550 2501371.4053484378
691745381.3447711468 2450733.3262382648
666930063.6944320202 1224380.1970538646
666888598.6459602118 1212978.3613719195
665228998.2218517065 1096519.7058111432
727008447.3848294020 3402438.8179659843
766281355.0850807428 3901316.6777343750
693061635.0800448656 2495397.8199052960
692921773.0197615623 2487978.5956575302
745167403.9076417685 3710262.3774414062
666770087.4945877790 1209851.2719846666
727374700.1746121645 3408469.4712996483
727149543.6906136274 3403667.8821749687
750633343.6817231178 3777175.9431152344
675289769.3184733391 1749750.8526553521
754954394.7091267109 3808643.1918945312
692246149.2338495255 2468446.5683203642
675235714.2157578468 1744053.8275088677
747473577.0313941240 3736600.0129394531
666702751.6481411457 1201262.4019829556
666580679.5563607216 1186453.9140574932
746066948.1199010611 3722191.2375488281
675068952.3843328953 1735386.1912936578
696251978.4914481640 2598559.1449674694
774758691.8935021162 3936903.8100585938
675070966.1334514618 1737174.7762393365
675286195.9266380072 1748361.8575376282
748102118.4558891058 3740231.8869628906
666765724.2578123808 1202675.1325539574
716179854.5918943882 3156819.9324174803
666379624.5991001129 1168843.9186484516
746940526.0038815737 3731483.1818847656
774404842.7849048376 3935035.6938476562
666052030.2533329725 1131375.5157578513
675707414.7892488241 1768437.5096227448
666176542.1106529236 1143037.5022661164
675727444.8964412212 1770942.8138219635
697372341.6396495104 2634915.2739245519
765711036.2821918726 3893535.3847656250
676017651.9190405607 1787514.8926793854
675762213.6890485287 1770996.1351110260
697132761.7939504385 2627760.5386583935
746788804.1300057173 3729107.7282714844
675849949.9877083302 1776457.2338407184
715922739.8931457996 3143579.5153941810
774855042.1000388861 3937647.6909179688
675863153.1461148262 1778607.7818538467
675777944.3588305712 1775897.0291539948
765762131.2504016161 3893825.6933593750
675562438.7760473490 1764215.5281330864
696456491.0873481035 2607971.5438316301
716056504.2398161888 3147806.5302729011
746722632.6560992002 3727163.0832519531
765508506.3112374544 3893289.1303710938
765401133.2077649832 3891152.2641601562
675427636.1883972883 1752833.1687061484
696894510.6059226990 2619535.9236531765
695813150.1684921980 2582256.5041146786
696177875.4240995646 2598213.3009896786
695956096.6197767258 2587749.7555795223
724105917.9887150526 3340593.1499009728
696095900.8982657194 2595359.6110320487
696070211.5021882057 2594669.9865365536
747044010.0754538774 3733918.3176269531
694188512.5904761553 2524687.5220885146
723939060.8542915583 3336467.4072527885
724391688.9795156717 3346015.1824464798
749403418.5865755081 3760589.1452636719
724612602.0434480906 3352758.7212648392
694029772.5177487135 2520653.3619673410
722155229.2028530836 3295371.2787475213
723549286.6123458147 3325842.8148069121
723756558.6268810034 3333160.0391721465
673122414.4301578999 1599668.7227283199
687318085.5583939552 2268074.2277530096
687477188.4125131369 2268195.9832556760
723118186.4030991793 3316761.1535168104
723528606.7177571058 3324662.6484570131
722903466.1581417322 3311380.5427441224
723383944.5813403130 3322192.5056347474
749245933.0986216068 3756302.7307128906
674570202.7744770050 1690622.0721127905
674357096.9997047186 1675709.5573670783
749009767.7046852112 3753280.7751464844
728346449.8948169947 3409042.4359779358
728635382.5042878389 3411530.3891754150
748617365.8608691692 3746729.3752441406
691333106.6320526600 2418584.7640656307
686357759.9053744078 2220861.3621542407
748858305.8984413147 3751328.3947753906
748897330.6579904556 3751489.6354980469
748944126.8314106464 3752845.6931152344
674422120.0416204929 1678210.1407411017
673233906.4534180164 1607120.4979968746
749055867.1713845730 3753301.4643554688
673846966.7691226006 1643487.9514055927
673979645.0495910645 1652924.4882708271
673766316.7049983740 1636115.3076372822
671669062.9073795080 1474160.7118938281
673707695.2117389441 1633685.5258594123
673579008.1558181047 1625870.1318164435
690064274.4770690203 2364980.6744213640
690058528.5630500317 2363577.1405086755
690716247.9521514177 2387033.9065743526
671694008.0553380251 1482074.5976567320
689871614.8066847324 2358071.4265542864
690156274.1342545748 2367747.8231607317
690636397.6627600193 2383241.2602835735
690727327.2413277626 2388241.6588674942
741061721.9465388060 3614849.1833496094
690389847.2597092390 2369693.3453196026
704366062.5530741215 2778185.4661053037
672712059.6479724646 1540670.5327522352
672628541.8743612766 1533305.8265960380
672528630.6775653362 1527849.3851346585
672495621.5943282843 1527733.8660862360
672626643.0870667696 1531132.8070042047
688266245.1163301468 2292879.8176002996
672269820.2820458412 1510851.7315647516
688427114.1514662504 2297302.1295494037
688184750.9714074135 2289886.9584219055
688325283.7426156998 2293170.1225780891
688099945.9159165621 2288065.8963951068
703954390.5348398685 2770755.0692833280
685996360.8866192102 2191182.3903899216
685444892.6209524870 2169846.7722960068
686063746.5740315914 2194068.0586559833
741262571.3499449492 3620159.0510253906
740842696.7179604769 3610031.3015136719
719258401.3609815836 3207341.8816290959
685594949.4705579281 2176198.5750964046
686269731.2398710251 2203205.6741045513
742188141.8582948446 3629977.2622070312
671524975.5936543941 1442642.4930869786
671270258.3361742496 1419532.3480271604
685225621.4178014994 2147978.1477069529
685132317.9403946400 2138419.0786567228
671430308.7240099907 1430726.7103721348
671519592.7112287283 1438889.3954307286
671374529.9929213524 1430501.5194541661
671212697.0984755754 1418635.4067845112
685410770.7439959049 2159021.9326606290
741949370.3202325106 3627602.7463378906
670581968.1539154053 1358459.9172023195
670565066.7968722582 1351126.4873242509
670472260.8970882893 1349632.4847388803
670442475.7280309200 1343552.6131967618
670566587.5906623602 1353287.6935190274
669815725.7267820835 1284989.3354207238
669803182.9462808371 1279519.0299016738
669712551.9570740461 1272546.6178467919
721035264.8385746479 3252756.7192835808
720628175.0193052292 3242966.7765676975
720645953.2380621433 3243695.8954133987
720515668.4357541800 3236756.9735383987
720566213.5865898132 3241011.4168977737
720157354.5747618675 3231207.4145817757
719934184.5914769173 3223557.1078926325
720222821.0133963823 3231285.6621071100
683883739.2045779228 2063808.8999177972
683578098.6771059036 2050662.8707229325
682631644.1527267694 2010398.6159081878
702847356.6225712299 2720592.0967092933
773608490.8038874865 3913350.4355468750
773647959.7621489763 3915084.2465820312
760796974.3044471741 3821350.0932617188
760461556.6448340416 3819266.0229492188
761181511.1530153751 3821926.5556640625
742846782.5304001570 3631884.5747070312
743108053.4420179129 3636616.0917968750
761469836.6075623035 3824621.7314453125
739100312.5147734880 3552331.1203613281
761214765.9769792557 3822231.4892578125
761363403.3362829685 3823499.8198242188
773011861.8709465265 3910483.2973632812
739325044.9643124342 3556937.8176269531
739486648.9443746805 3558985.2756347656
762230427.1222925186 3827455.9721679688
738941217.2377508879 3548215.7507324219
739233873.3885706663 3556159.8269042969
739699923.8878580332 3565325.7630615234
713875271.0299139023 2924013.1326115131
713002637.7672929764 2880000.1571125984
712822661.1657162905 2874069.3909382820
713060079.6132484674 2881727.6710972786
712907051.9966267347 2878122.6182332039
712629032.3558725119 2866722.4225544930
712776229.6359328032 2873558.3825154305
712753910.4016467333 2866724.0636529922
712513953.6271594763 2850654.3686208725
