220258745.6126893461 27158.6665709447
227616267.5215339363 35796.1015817141
233521590.1824224889 39828.6724250317
238602795.1721473038 41307.3613281250
217922256.7702561021 21657.0007583746
218007467.3189955652 21831.8106166907
218994343.9334007502 24988.3490103241
235677509.0790492594 40635.6724319458
238344936.6914812326 41289.3046569824
222661602.7132070065 31099.1998726433
227035210.5936394036 35289.1768230908
226958873.3313067853 35224.8665398620
235004078.6350311339 40512.6047668457
236505289.2026487589 40937.5717620850
239441587.3831258714 41383.7411193848
227631706.9319275618 35813.2086068606
233001842.2544575334 39601.7736327648
232984094.1373562813 39590.4332396984
235018821.4025065601 40515.9927062988
238516096.9344374537 41302.7250671387
232552530.4535131454 39290.9432952404
232794020.6106803119 39445.3253293037
234866381.7306609154 40491.8086547852
238168237.7552418113 41249.4811401367
227709672.2308785021 35831.9448739504
216832005.3159820735 12982.3575676752
227543430.0235169828 35779.2201425051
233105157.0580117404 39682.9965636730
233156273.3907774985 39705.6029174328
232919011.6369774640 39583.2784240246
234500544.2789807916 40258.9014549255
234312262.8449978232 40240.3905601501
239185778.9599285126 41364.5221557617
233210034.7795551121 39705.7777831554
222511760.2019302845 30905.0749771893
226928189.5359345675 35010.6828078094
238934803.4948812127 41347.7960815430
218945031.6478521228 24726.3833549241
222580040.0483686626 30916.0202278793
227153266.0217198133 35470.8613323681
218894297.1484693289 24704.0337972399
222586550.4235033393 30995.0982155507
236346068.4122454226 40920.8690643311
232773026.7057460248 39389.2473723888
233079744.0665473044 39675.4105651379
218989729.0884194672 24978.3918126579
220353155.8302613199 27483.2493117284
223496232.0879051685 31856.4823476972
227317849.1370949447 35530.7175182812
235943107.8845710456 40717.3764495850
219048415.5875762105 24988.9503350314
222271995.7720810473 30691.4247231185
227202201.2920544147 35502.2651714794
238664058.9928829074 41312.6224975586
227318104.2284066975 35551.1563001387
227491035.5175434649 35614.5060924999
222315057.4045709074 30702.0031838119
227156908.5473431647 35485.3837322704
235977589.6424686015 40763.1283721924
227082807.6861744821 35290.9028887330
220416161.8298305571 27512.1843057107
222217871.6867710054 30564.5510658920
240265439.5607903600 41432.4682312012
217126476.0067216456 17147.4205789814
222905013.9837645590 31278.1308691206
216843980.9441442192 13214.6279322577
220327422.8661415279 27468.2451613378
238716053.4683050513 41326.7839050293
240048499.7258131802 41418.5308227539
240139238.0961487889 41428.1849975586
238891246.2289534211 41343.5099792480
233358282.0324906111 39730.6644408703
239145988.5127322376 41361.7792663574
218726621.3105151355 24369.0447835680
222427145.8975624740 30756.2329277694
237479913.9860247374 41120.3181915283
217148509.0986917317 17210.9977877236
239362268.4885888994 41370.5026855469
239587037.5768703222 41388.2640380859
239631360.3728902638 41390.6838073730
216940417.5514628887 14808.4111558867
219982453.0973789394 26792.6492879135
218657065.4456477165 24107.8347348925
233474320.5813166797 39740.4926574230
236452418.2107426524 40935.1781311035
237463519.4230470061 41066.5356750488
219085901.8437908888 25029.5023387428
226984957.4647649527 35265.1450079260
233495527.6662873328 39802.4843995571
239707611.4688321054 41403.2103881836
240538862.2111100256 41449.3116760254
232872765.6002738774 39465.0244843960
219048877.2553984225 25008.3261174913
226683707.3863460124 34983.0169153556
216861563.6263771057 13843.2999331427
220123318.1690846384 27139.5872939061
225990887.8664775491 34391.4648865524
236571598.9160597026 40953.2774353027
233308543.1962170601 39710.7836701870
217833218.0261413157 20881.7948338636
227967780.3592430353 35979.6435860917
235936661.3633794785 40688.2240142822
240015152.4720294178 41410.9960327148
240051397.5937837958 41422.0443420410
216900541.7093563080 14491.1584603263
216870054.0768308640 14147.8378045035
240394949.7500107288 41440.9622192383
218847265.3090275526 24670.9522214872
237938078.2491052449 41184.5212402344
237755207.0452896357 41164.4758605957
219842963.1163704991 26488.8279146184
226770503.6957066655 34997.2285726843
237571087.0324545205 41137.7628784180
226066435.3400385380 34525.4611710373
226521303.6979511380 34876.6221094474
226796941.6012414992 34997.3970109939
237671244.9823682606 41155.8521728516
216965454.4912130833 14825.1263773066
219915540.1430751383 26754.4499776107
222603142.1231957972 31035.2866537869
216918294.0642232895 14521.1594111992
216891610.3973476589 14174.4609720183
226443406.1185416579 34814.8403761880
226332887.8504005373 34732.9659560220
236128680.4755843282 40813.9327850342
218758431.0239764750 24459.2278699633
223196801.6590554118 31653.7422807577
228969434.2492544353 36579.5535515985
217100244.0805456936 17106.5307928420
218686081.9389586449 24337.9464239832
222703958.3223246932 31197.4082321237
222378610.7393312454 30734.7492470443
222266892.8048450053 30687.4113869369
219977626.6855835617 26758.6895677139
226586178.9472606778 34959.2354822501
234244488.8340978622 40149.3405418396
238111993.4760009944 41206.6634521484
217060023.4671589434 16758.8717208152
220118687.9739751518 27047.6955792648
223308340.0460802317 31832.9866506757
226169377.3063212037 34597.3630875412
226232189.3618824780 34644.9852188888
220027192.1553438008 26809.0680653793
221980313.5714225769 30170.3381844168
222154411.3729655445 30377.7612307966
217259798.2068662643 17907.8720691666
217913050.8047729135 21577.5280372747
217905501.5029102564 21558.0110192131
217864998.1980964243 21438.1045267233
217224658.6647194624 17554.3720346367
217035906.2721829414 16139.0537772422
217882563.1722474694 21549.1849929937
235887838.4084253907 40655.7094421387
220110795.3783101439 27012.9259627205
216990554.1935449243 15095.8899055053
226287092.8519248664 34661.7488297287
226636862.2893958688 34974.9705896720
226107276.7405628264 34560.5992020431
225862169.0977406204 34313.8323192501
228709781.7124231458 36505.1712426385
237860332.7206683159 41183.1412658691
218621985.9555106759 24081.2334570643
223016370.9377263784 31548.9796621504
236777639.0273251534 40969.5408935547
217835030.2025229633 21217.1217635195
217158447.9480671287 17221.0181680595
238005763.9219620824 41192.0821533203
222829346.5587545037 31248.7288152876
219646595.8816925585 26068.4688427062
235420047.6033009589 40578.2696533203
217073335.2940079570 16796.2635092979
223243199.0432903171 31729.1644369361
219685425.4836210012 26071.6820995421
222959524.5129313469 31508.3399831953
228368251.7169820070 36268.0111744702
217333462.4160755873 17933.0829198026
219614613.5068348944 26055.1942760558
225758944.3157697022 34208.2809276485
236924232.3849559128 40992.8518676758
235420591.1549733579 40607.4920349121
236835644.3493522406 40977.9012451172
225506130.6128996909 33959.7260965444
229152064.4678702056 36755.7124699201
218577960.2956118882 23811.3095807787
236708325.4221441150 40968.4429626465
217319108.0875614583 17914.9556830392
222778806.6982792020 31239.8640024366
218511740.0337429047 23750.6873907801
225695599.3481499851 34112.7292916807
217183027.3453157544 17542.5126901543
228481040.9556737840 36340.2531799198
219779009.9460336566 26312.4247715087
225456544.7578044236 33921.6748880483
237240197.3950068057 41005.5234222412
237345768.6843785942 41007.0851287842
237161572.4394735992 41002.6788482666
224385227.9570657313 32862.7024330980
218231879.0031714141 22835.0635781121
235271409.2148004472 40546.9465637207
218189533.7105176747 22577.6345085930
219510877.6841768324 25636.9344147262
218138647.2256342471 22552.4243607353
225628217.8656362593 33987.5054391958
218526818.5925745666 23782.6543988939
218396655.5003544688 23194.4346495848
218443396.5222428441 23491.6229505297
225000530.9219490588 33419.0580841871
225233563.9670697749 33674.5737323137
228977156.7090011537 36629.7979291163
218473529.9584875107 23509.5051641222
217519782.7551326752 18850.6722423206
218009381.5472684801 21970.4982662337
225094878.2314127982 33452.2777423235
218441468.2198873460 23218.4059786681
219522154.9383731186 25661.6871044249
218422907.0067649186 23196.0788091646
219590487.9094345868 25983.5332958312
225055538.8449221849 33439.1626330754
228596625.3590487838 36459.1861962518
218342327.4297907650 23189.9765958544
224947537.9366826713 33414.2265338274
218314497.3297782242 22989.9096850590
224365582.2669814527 32860.4790501481
217474025.5713339448 18622.4546472202
228156379.1023020446 36069.1359150708
234542977.3470008969 40283.1784629822
219396930.0290090740 25611.9462250290
221974366.3352887630 30030.3980820477
234375928.6079393625 40241.3213768005
235192560.0489765108 40537.5303039551
228501457.8229688108 36387.7761586010
218162864.3489476144 22574.7984680962
219291349.1503994167 25343.5110176620
218096142.0010625124 22314.0332398247
218070404.4621450603 22277.4855408501
221844977.6750776768 29687.7202012837
228056686.7253165245 36016.2418873608
228182489.6907823980 36154.5369465649
228489207.8530786633 36352.3817646801
228425675.8351506293 36313.4876029193
225210113.8475153744 33504.7533093225
218275285.7886539698 22860.6638493370
228784367.7979694903 36561.7614731491
217387627.1762621999 18148.5269481311
224281690.1300355792 32635.4538334746
228435455.0081275403 36335.4518025219
221929485.8784155548 29989.1738953888
224783398.7058146298 33149.0316926325
235274766.2495552003 40552.2497711182
219265797.5644393861 25213.8662727890
218226565.9746372402 22629.1885946807
235185167.2339723110 40529.1969909668
221916102.8093031943 29955.0103519261
219229107.9242563546 25107.4720543441
219217633.9342717230 25097.6624535141
225209987.8381319046 33494.9287120029
233974163.9324537218 40027.6543560028
217418563.1629558206 18296.7771382253
224900786.1399115622 33313.6284638727
224506269.1243189871 32961.9911042536
221252151.7626381814 28650.5116465610
217444386.8883096576 18542.5470167208
217527804.3415488601 18900.9675618219
224314595.7827192545 32783.8653237958
234309131.7522813976 40185.3242759705
217387968.4277956486 18209.6078072496
221940705.4010597169 30028.9611046612
229554112.5161333978 36893.8906909805
229729097.3678989112 36928.1448572576
222848341.8333522379 31276.3218461275
229695265.7805435658 36894.8728867173
223803089.3912612796 32264.7726811309
229285465.0357680321 36822.8851221502
229513356.6828451455 36830.5367127061
229790243.0038207769 37086.9507425278
229122335.1204555035 36752.4491595328
223634433.9119049907 31960.6848210235
223525567.4699655473 31921.8913639922
223712362.6158027053 32002.9360790857
223547644.5575098395 31949.4079960723
223737162.9695460200 32098.5608065960
223675889.9476958513 31987.1667532929
223679204.5571745038 32001.0472464569
220860374.1749103665 27979.1464901647
220910342.3404092491 28099.8049984655
217694373.9038318694 18995.9954346478
220746033.9706313610 27719.7967498843
220765592.3333615661 27750.6078587255
217628655.3368557692 18978.7345894635
217717269.0253444612 19047.7762754607
220866903.1922012568 28052.6328793248
220768776.5412714481 27805.8542309484
220783216.9520761371 27822.6759719113
221751350.6184022725 29226.0569429478
221695039.0060844421 29205.0790578803
221572289.9258753061 28983.4168111762
221567725.5916887224 28939.5392019233
221546696.9398769140 28909.8225271186
221653182.7619369626 29024.5936711651
221474380.6041128635 28893.3347036323
