269087549.9206911922 3720337.2343750000
269975263.9589325786 3726201.0117187500
258948775.7721854150 3555038.4960937500
259145499.6560143828 3560555.6347656250
242680852.0211180449 2025566.8334960938
243627413.2126946151 2329783.7363281250
250574410.0352361798 3230214.0253906250
256944391.5950377882 3510902.7324218750
257112733.5494437814 3516881.3632812500
256952522.1692921221 3511338.8164062500
261934993.8005365431 3626209.2988281250
266942559.6646638513 3702035.0507812500
267410615.1857290268 3705096.7675781250
269599763.7306300998 3726064.1660156250
268839548.4526544213 3720241.8769531250
269420828.5165029764 3724261.8574218750
250721639.4232999682 3244731.4257812500
274610352.9619029760 3738972.2812500000
243733228.7358812988 2351963.8369140625
252952650.8341314495 3362174.7968750000
267438288.6825255752 3709342.4199218750
243853374.7237372994 2360280.4960937500
262239941.6017939746 3630338.1406250000
267153548.3418998122 3704967.6250000000
271711950.4586424232 3734515.3671875000
246885681.0253746808 2856284.9794921875
243707804.0539755225 2347917.0361328125
243800247.3230151832 2357634.2988281250
245596068.9565052092 2690731.1845703125
246869537.2664891779 2853886.3037109375
250858118.8227687180 3251792.8339843750
255527654.6100116670 3464577.7734375000
257528698.0853259861 3527972.2617187500
257395705.0923005342 3525470.6035156250
246330451.3481766284 2787622.9326171875
250597205.2998191118 3232415.0712890625
256983048.3429144919 3514451.7851562500
244715961.9599622786 2536653.8613281250
245543066.2287479043 2679948.9990234375
246894561.1222979724 2860805.4892578125
257367107.3846608102 3524642.3750000000
257273128.3445998132 3522312.6679687500
257788423.6567837894 3533138.1640625000
269303154.6185596585 3723411.6484375000
274065412.6691277027 3738474.3847656250
242612185.9638064206 1984676.8618164062
245739371.0133362114 2708713.8007812500
252874305.5303641260 3360050.6542968750
266836249.3756322563 3700608.2421875000
266965221.1432107389 3703322.6269531250
242653617.5514290035 2002496.1069335938
243552945.3740423918 2313940.4140625000
243564000.1139799356 2314731.7011718750
245786727.2972372770 2720412.9550781250
246863965.5320878625 2852971.4580078125
250480785.2108904123 3227982.3847656250
250512189.1295649409 3228064.2792968750
257311214.0564221740 3522514.3847656250
258633982.7521631718 3554444.7968750000
243535300.3684586585 2309810.4228515625
243571520.3664145172 2316252.6171875000
242606222.0830738842 1983432.8588867188
243076190.9417842031 2170607.1191406250
256672324.3974815607 3502148.6171875000
257491275.6084252298 3526941.0019531250
263076551.0881162286 3643302.0898437500
273885920.8283563852 3737691.0117187500
263205864.7677598894 3644037.9355468750
258488927.3691792786 3551379.6074218750
262664436.6904924214 3636284.3945312500
262918454.6396039426 3642016.2773437500
242764266.2147578597 2038824.3173828125
242726581.4639753699 2034289.2548828125
243425031.1648542583 2275660.4609375000
250968988.3499261737 3259179.3847656250
250829109.4582953453 3246814.3417968750
251316191.4556290507 3277529.6621093750
271597789.1917268038 3734144.3066406250
274449351.4307019114 3738803.2558593750
257312610.2510707080 3523902.7167968750
271438828.0378339291 3733914.0312500000
251008154.2344306111 3261051.7558593750
245098938.6186813414 2570198.9892578125
246210843.5748936236 2777205.5849609375
250621835.7630074024 3237468.0351562500
251040194.7070495486 3266394.0117187500
243397383.4332198501 2268222.6757812500
243407250.7971297801 2271293.8710937500
246056417.6958820820 2759847.6181640625
251475021.6184268296 3288339.8496093750
253037989.5360449851 3364464.3496093750
258678122.9699505568 3554906.5000000000
271380210.7317021489 3732608.0625000000
271451193.1271555424 3733940.4824218750
251303396.5409815609 3277409.3027343750
267926043.3062643111 3712138.7949218750
254702418.4679028392 3435234.5605468750
263137892.5599349439 3644026.9082031250
249235860.4404667914 3108214.9160156250
252212345.5612765849 3328633.4121093750
251159472.8473785818 3272087.9472656250
255426792.1273133159 3460991.7070312500
262599778.9058192670 3635149.1718750000
269144427.0508180261 3722547.8007812500
244769021.5856021345 2544949.1250000000
262216690.8552618623 3629881.7343750000
268026165.5993235409 3712664.1523437500
271873359.6740661263 3734604.8964843750
261865711.1451538801 3624831.1269531250
243041307.3362751305 2162350.5068359375
243000071.1335990131 2152388.5722656250
244956338.9878560007 2563067.4912109375
255482410.7887977064 3462668.2792968750
261578566.8406804800 3615519.5781250000
268580966.7139840126 3718420.0429687500
242962203.2369896770 2135819.5615234375
246026635.9299431741 2756022.1884765625
262848383.4312532842 3639690.0546875000
268485181.6752770543 3717837.2246093750
268656295.9542408586 3718734.3066406250
242967664.8718299866 2145962.7158203125
243373686.6553333104 2265316.7968750000
268355484.4469981790 3717085.3144531250
244683821.2086251080 2526702.0937500000
245815041.3286693990 2723360.0546875000
249639525.8505040705 3140771.0371093750
255470866.9285351336 3461481.8164062500
262908829.0351246297 3640201.3183593750
244752663.4047628939 2540163.2207031250
245843992.4054510295 2729222.5839843750
262424028.6169641614 3633215.9355468750
243616874.3994055688 2317191.9052734375
255554956.4465243518 3464779.4414062500
265658496.0195289254 3682085.6230468750
242933774.4240908325 2127646.9291992188
255158367.6955697536 3451057.7421875000
262699151.9971571863 3638598.4785156250
245535358.1144146919 2679608.1650390625
253018912.7455979288 3364258.2031250000
262436054.3010948002 3633431.2851562500
262494430.6717406511 3633599.3183593750
262117988.3613765836 3628340.5644531250
249682420.9895097315 3150274.0156250000
249746934.1768994629 3156200.9296875000
265563811.6410541534 3678981.2714843750
268102464.1903486848 3714263.6640625000
266196920.0559793413 3690597.0957031250
273797454.1108020544 3737468.8906250000
243352680.3026914299 2254636.3837890625
252688220.6906087101 3353120.3925781250
252521041.7379943430 3345896.5390625000
252194425.0724100471 3323034.2949218750
255110821.5660870671 3448306.8964843750
258308469.3499609828 3546551.6699218750
261441807.6591535211 3615084.2089843750
249532836.1911753714 3133119.4550781250
249474510.2001388371 3127769.3359375000
252379982.3769598305 3338620.9667968750
249368027.2689039409 3120342.1376953125
265770987.9053176045 3684914.5566406250
273981402.9545635581 3737778.7812500000
245549502.3225598037 2681478.5146484375
273474659.5858922005 3736783.7968750000
257892959.4611985087 3537178.4160156250
257885044.5362159312 3535796.1230468750
246274247.6788266301 2785860.2421875000
253680819.9646017849 3386472.4609375000
261306055.3965485096 3612080.5058593750
275936879.4121279120 3739163.8906250000
245974252.9282899499 2747700.3896484375
250955273.4842518270 3256281.7187500000
266577350.7025168538 3693960.5683593750
265982913.4794677198 3688058.8945312500
243368089.1344262064 2260686.6660156250
265913340.6558023095 3686817.5859375000
270977344.8002411723 3730859.8320312500
252423961.0534184277 3338995.7968750000
244583004.3882901371 2505611.1542968750
265871496.8161468804 3686066.0312500000
265861943.3377719223 3685677.0371093750
249423119.4679524601 3126583.8476562500
253326951.3145443201 3375222.2714843750
256887981.4508713782 3509823.8281250000
261014208.1768314540 3604974.2128906250
260898848.6777067482 3603321.4960937500
244459576.4240657985 2478628.3447265625
275965779.3088373542 3739532.1406250000
249513576.7131973803 3132633.1796875000
253436873.8303569257 3381280.1933593750
247097954.3666700125 2876353.4931640625
276692430.1594980359 3740210.0625000000
265476027.3718876243 3678375.7871093750
246114068.6163725257 2767226.4697265625
270921770.6542084217 3730695.7343750000
273394299.2450033426 3734800.5019531250
245570936.5265868008 2687567.0888671875
245659782.3129928708 2701838.4316406250
245906922.1751780808 2739044.9433593750
270889245.7240130901 3729695.0546875000
260847257.3287942410 3602603.4921875000
273535426.2944482565 3736954.8906250000
260663402.0439872444 3599274.2753906250
273398586.5461167097 3735988.6250000000
246880367.0834850669 2853913.6474609375
243286063.3936004639 2233758.8544921875
245892026.4699433148 2733543.9833984375
245957402.1735054255 2745677.6767578125
243238223.8055069447 2218831.0859375000
245744600.6171185076 2712661.9833984375
266351088.1754679382 3692287.4824218750
275984113.8176932931 3739772.2050781250
244477542.4067924321 2482077.0693359375
245767317.7858784199 2717114.2792968750
244503897.5557788312 2487610.1162109375
246658874.9223326445 2831484.6289062500
246713909.1724922359 2836403.6406250000
242887750.7468480170 2073172.6665039062
246510908.2814778388 2810420.5410156250
246593889.4641989470 2818230.6191406250
275674645.1190435886 3739050.1386718750
253159670.6188193858 3369508.5390625000
243195583.2159145474 2202901.1757812500
243222645.8648791313 2211765.2519531250
243225694.4171187282 2215610.3974609375
246483027.8628091216 2808781.4423828125
270555824.2450969219 3728281.3027343750
242848747.3810998201 2041110.4770507812
249940038.7994630933 3167781.9736328125
250015060.6824196577 3172912.1679687500
250072802.1942772865 3178798.7460937500
250118655.5215437412 3179420.2558593750
243112525.1658623815 2175788.5136718750
242880000.6441531777 2062804.2700195312
248075449.5347398221 2961876.9736328125
256240302.6839336753 3485831.2480468750
256083826.1047991812 3479062.6308593750
256063416.9221234620 3477205.3554687500
270647798.2500869036 3728941.8847656250
248019226.5334453285 2959763.5097656250
255990869.2117063999 3476868.4824218750
255878771.6216882467 3473223.1894531250
242860296.3849931955 2057048.1762695312
250147009.1683143377 3179731.4296875000
242925277.9658450484 2088649.8408203125
255815942.2165879309 3469852.3574218750
260300942.3700698316 3586903.1757812500
247892149.3555561006 2953013.6318359375
260076812.6620818675 3582027.4980468750
253145277.8675985038 3368510.3652343750
247823355.1217317283 2945835.2236328125
244560222.8448760808 2497504.0380859375
244435787.5133414567 2466279.3583984375
260157869.0370579064 3584413.6796875000
260066552.6234964728 3580998.9531250000
259778494.4725279808 3565658.6718750000
260251401.2752502859 3585522.6601562500
259788728.9605035782 3572862.5234375000
275691626.8624465466 3739101.4394531250
254517578.2675648630 3422772.9355468750
259805124.8767209947 3573036.5605468750
254461366.3214073777 3416941.0292968750
270532390.5935280919 3727428.1191406250
259479514.2605414689 3565556.8496093750
251888063.8262453675 3290266.0253906250
247702900.5930114388 2929764.4921875000
254462143.5004844964 3417491.6582031250
253966972.1437291205 3396841.3750000000
254044244.8527424037 3399778.6972656250
253830118.8866365254 3391341.5195312500
247548013.2680534720 2909493.9111328125
247581807.2477366626 2911291.9179687500
244017829.9667035639 2365188.9121093750
247496492.8469538391 2900565.6621093750
244201752.9221229851 2410447.1171875000
244121510.3433983624 2391007.7607421875
252102340.6429125071 3302963.8964843750
244260509.3561035693 2417620.8535156250
244196060.3934816718 2406534.9423828125
244242226.9789050519 2415311.7451171875
244194959.1743602455 2405961.5908203125
247458131.7210110426 2890273.1269531250
247425212.8873656988 2888008.2382812500
252015266.5909243524 3292223.4140625000
245477785.8285345435 2612566.8378906250
245478168.7727203369 2615369.4882812500
245430444.6465997100 2602123.9306640625
245371467.6710475981 2594234.6728515625
245290580.9207821190 2584262.3691406250
264567232.8484614193 3652536.7207031250
264411353.5012085736 3648920.7519531250
249002228.0362950265 3018201.0703125000
248795683.5442546606 3001674.6181640625
248669481.0234051347 2982738.5097656250
248696524.6847587228 2990000.2734375000
248776903.7075051665 2992934.0048828125
248545752.6535130739 2975248.4423828125
264855068.9209239781 3656269.7167968750
245253937.8703511059 2574649.6074218750
265114340.0992251039 3659984.1816406250
264984890.8977104127 3658668.7167968750
