386212336.0031521320 39873.1172053265
385964073.8963876963 39538.4850298810
390111860.3122068048 48713.0920067281
389716667.8848039508 48643.5611081286
389712336.4066479802 48641.1376433056
389436735.0293530226 48354.8401451558
400552379.2591482997 65994.4587107966
411941950.3172398210 76837.3620067537
412029999.0383148789 76960.6607700288
385628853.7075623274 38265.7026086236
394837596.2864937186 58771.7756015583
410176060.2357849479 75230.5796423480
412730532.7801675200 77381.9898303598
420246857.4105088115 81946.3695983887
424116070.3851583600 82261.9296722412
394541731.5005253553 58287.2311221881
394910383.4675696492 58853.7113467975
398804725.4608900547 64184.7021317877
399179036.7707858682 64491.1841874518
400490901.1190115809 65909.0825768884
400619889.0029278994 66271.5186726723
400017373.9423123002 65477.0268308236
418518872.5820884109 81254.9729995728
418862071.8348479867 81497.8391036987
391665611.9172136784 52916.4979395726
412507807.7136070132 77295.8712981939
412455487.6085093617 77269.8434627652
423572178.1728349328 82167.2166595459
399793981.7301338315 65336.5347606013
412815180.1570683122 77389.9595299065
420211755.0458180308 81904.7655639648
420651148.3227939010 81956.1427917480
399735224.7679698467 65285.5794969000
397851201.1882864237 62963.6093736090
399567403.7294636965 65197.9895615973
412316099.1418266892 77173.0543575585
384435848.1384661198 27690.5417291047
385942352.1121160388 39533.0603289055
412227536.8121903539 77155.9961963594
412900908.5123125911 77544.7512791157
413111960.9239457250 77717.7588146180
399542064.2502177358 65117.6992936529
391800953.8165839314 53246.3600153783
417996767.1075776219 80836.3271064758
384635400.2918971181 28889.0909622135
399472023.0935900211 65025.6021562018
418224045.7181625962 81150.6577796936
418377530.9734128118 81177.7143554688
399494528.7485125661 65031.0847306647
418458154.5875957608 81239.2151050568
399424748.2254729271 64886.6365418829
399338996.2533330917 64837.6862240285
412214236.1876759529 77028.0812869966
386050363.5318207741 39871.0382716107
385425836.5839037895 37787.5743635930
389240750.8737264276 47745.9198749512
410315246.1836900115 75379.3464727923
418595284.0670592189 81353.8276443481
418712248.6008399129 81459.4019393921
410686355.3215051293 75733.1069583222
410064187.6000354886 75181.8649168536
384538338.8499662280 28705.4885328235
410734700.5004437566 75737.3203344867
410491129.6802061200 75443.3156195208
422268076.4528560042 82094.3680877686
385824659.0760710835 39210.5480239178
391848308.0313366055 53305.8411165601
398572059.7055204511 63886.8211503424
398661133.2983983159 64034.0683720827
394471078.6102675796 58191.6571485324
398485019.3461219072 63773.3893876471
385798524.2997648716 39194.8675124432
394309560.8797852993 57847.0681335254
398106183.6005811095 63406.1460709967
412141344.2545424700 77002.5694461763
389519466.6595007181 48356.3795453608
384372071.8179103732 26452.7122908012
398243385.5019850731 63473.7023682989
398033045.9220225215 63146.8427300848
424104730.1859095693 82259.6433715820
398099280.4675387144 63209.9119935431
398011826.6670238376 63123.7284052767
398205213.1624287963 63449.1327882208
397733297.3158952594 62812.3616056837
397886132.0813822746 63102.5591340460
384537320.3413332701 28417.4874340976
418416279.2338848710 81231.5419616699
394399910.2497102022 58125.8312866016
412159448.8327448368 77003.6868664066
394770586.4976693392 58551.8164255636
384496669.2589610815 28376.2922871821
385710740.6773125529 38542.6330444599
423579904.8116860986 82226.8818511963
389313295.2957371473 47982.7401345223
410537475.8297516704 75576.9217291400
385726521.2187399268 38543.8303695492
386239766.1755196452 39979.3976225639
419051164.0216017365 81533.9033584595
386431930.9568495154 39979.8589415337
385665941.9051974416 38525.4597233757
394468329.7973029017 58178.6970912738
385482630.0839491487 38127.4936852838
420129126.9334133267 81895.8470306396
411885594.0733035803 76705.7263561189
384610946.6477174759 28727.7229535999
397374538.5536096692 62162.2885497137
385995839.7123955488 39579.2856220985
384388231.0966744423 26772.4733088092
384824628.6207966805 29016.0739358785
397333769.6130977273 62147.5633538290
410274434.7123393416 75319.6683569476
420044110.1798241735 81856.7521057129
384472504.6415120363 28334.0355298938
385735535.3534398675 38873.3451008583
391626145.7537316084 52665.4297690251
394316260.7581878901 57916.1203294648
389370053.7851848006 48060.0062630624
397206919.5120730400 61823.7038968130
397119058.8775408268 61814.4538357778
397079347.9784108400 61590.0997934371
384450362.2545679212 28002.5968739117
396925603.7682834864 61515.0320412470
385629670.5309768319 38504.6053955341
384353219.2341471910 26433.7149876134
389290591.9216945171 47982.5961831063
419679612.8127048612 81765.1781463623
384381558.8474645019 26754.9956382336
410044097.7658982873 75143.5483313128
396183147.4508308768 60317.8484861208
397014343.2794870138 61523.6756417109
385360237.5637769699 37156.5898222770
396692274.5357609987 61171.6054360224
422361288.5886940360 82133.2547302246
385555357.9850344658 38220.4697366143
423823711.0484616160 82240.3736114502
385458387.2980482578 37865.6325936700
391634937.9011142254 52914.5657496312
396875054.0201395154 61256.7120286241
389099331.0797148943 47378.4902680367
384445935.2716539502 28002.1615833016
396377085.8150272965 60606.7303749873
385340445.3424841762 36840.9913468207
423749014.2157843709 82236.9653778076
385351445.4232588410 37119.4048069562
424040199.2583066821 82252.6216583252
389206049.0617409348 47698.1628334969
423978778.1173205972 82247.7999420166
385391952.2894346714 37489.4946884955
391753485.4171319008 52971.0338511327
396188975.6077998281 60489.5030466868
391540140.4930267334 52647.3493456104
395903579.3065232635 60133.2291056468
395628626.5962393284 59557.7658267571
419571453.5786284804 81717.6469573975
423574983.1914675832 82219.1861724854
395567816.5350601077 59305.5843858621
419669747.0676706433 81757.5356140137
395570619.8365407586 59507.6931692912
395834547.1212466359 59812.0645605875
395696800.0392826200 59791.7694784953
422189820.8371128440 82071.3771972656
406246868.8326331377 70925.6264241412
422178177.2643195987 82053.4796905518
384395212.5877922773 26970.9082772108
405879416.3065434098 70811.8990648091
405436627.2554272413 70382.5057776645
405837186.3820259571 70708.1571829990
405482028.0008022785 70517.0141547397
422656546.1024079919 82150.5272521973
422339213.7242398858 82131.5028686523
389234014.9730955362 47730.8472054452
423075623.0605682731 82150.8272094727
394016666.7646592259 57258.4291029228
405086158.0725902915 69997.7921407297
385424041.2629519105 37518.0337694074
394129324.1312163472 57566.8843370332
405295596.1010914445 70290.2013890818
405343153.7932337523 70343.2403228953
405291187.7695051432 70285.4139897898
420007999.6882547736 81833.0296325684
411743626.5514898300 76507.5112086435
404961381.1324421167 69839.6900937632
411023892.7358790040 75883.4870672747
393946903.8277595639 57136.8845534838
393859552.0070819259 56872.7075920967
393972621.9958995581 57196.4619789986
404968409.6451174021 69944.7468297556
411583152.5502560139 76367.2529383798
389128751.6646248102 47430.1211922616
393478301.7528777719 55901.2582659043
405072510.4958940744 69961.7082402781
393795729.5963212252 56839.8048644579
411008756.0344180465 75869.8032121342
393483143.0344837308 56191.1709474838
393581941.6570880413 56513.0475076950
405594391.1177532077 70565.1038620248
391678556.4271979332 52939.5618128636
388958626.3913064003 47061.3809578866
388943660.4538402557 46818.2686303109
388935986.1735746264 46809.5226018876
422120885.1406237483 82044.2110443115
388868232.0866035223 46742.9941699058
388750358.4833832979 46378.0206826180
403661733.9740776420 68284.0789338946
411138682.6739448905 76027.4980067611
414045205.6104682684 77762.5290068984
392822061.9979246855 54671.7113960838
393174650.6534129381 55369.4810494041
411077783.4881903529 75946.6667346358
392125641.3914983273 53652.9394720652
392013610.4920912385 53404.1661661723
393092568.4436091185 55040.2355467797
392199174.2400925756 53666.3180273631
392914321.3403386474 54675.0073612785
392995003.9270156622 55025.7266436672
392971296.3627015352 55007.5118614292
388669532.2726827860 45491.8027978471
409784114.5070293546 74584.2783649783
393257398.6439825296 55370.9770973777
392759593.9995678067 54652.8615273094
409637775.3093540072 74492.3657911341
409863871.4833033681 74590.1374920229
410003020.2089967132 74831.1402347903
392685254.6466149092 54332.3789191103
392411669.2947940826 53737.6503200818
392428080.5629962087 53972.2977423525
403955087.6815848947 68679.7306257589
404211816.4269801974 69025.3933073385
404114866.1517518163 68965.8903166159
404524993.9760720134 69360.5998906195
403871612.0999119878 68649.2342119320
403974300.8631149530 68712.0086278133
403740028.1304590702 68423.2871873789
403663147.4916254282 68380.1918184161
391524329.7574498653 51790.1978606960
391519830.0397003889 51759.1050719997
390944854.6389814019 50662.1509783050
391139155.4987531304 50930.1980438015
391062427.3816643357 50771.8775869036
391276004.7728626132 51120.5869788906
391167491.3600480556 51082.7202911159
390990367.2911001444 50722.2331011077
409195441.1365755200 73650.1801998764
391146607.2380467057 51029.5316736480
391140881.5762223601 51011.1869145842
388520720.4677451849 44446.0502703680
408620492.0784527659 73009.0236245692
388531824.0474526882 44716.5280993475
388611598.8845456243 44853.7913439764
385307960.1120334268 29380.3620881435
403035677.0057954192 67612.9386827350
403057108.0258773565 67696.3318559527
403019888.8425396085 67484.7416688800
402906279.6610882282 67424.6456453204
409323878.1088241935 73760.6026956141
409400803.8908038735 73816.5492143482
402102856.5677586198 66282.9709268659
402596676.7956112623 66768.7689767927
402103018.9017403722 66390.5380350202
388646733.1150724888 45048.2544329657
390403245.8898295760 48921.2804295748
408321231.0600690246 72480.9653314427
408387786.5658354163 72483.3080362156
408413111.8158467412 72681.9846414402
408269115.7205260396 72385.2192559242
408275676.4666894078 72389.9759926796
388487643.1819782257 44411.8223009272
402720412.7524624467 67063.0719140126
402417424.1179882288 66718.0389047712
402352637.5422316790 66634.7784818858
408303300.0003814101 72398.4109231830
407664010.0459325910 71667.1792066544
407621401.3860538602 71607.8981069997
407457739.5000930429 71417.2233679295
407476824.7954815030 71577.8132727146
407015077.3201966882 71091.1767864227
406932320.5731555820 70957.2126636505
388312063.2358812094 43390.3736061757
388317014.3999305367 43416.1178049749
388295155.2408611774 43190.2030482000
388175075.9444535375 42776.6379457697
388266755.8093784451 43086.4862427419
388135627.6332584023 42406.4502663320
388077462.1524125934 42374.5035309499
387981995.9596467614 42011.9644206219
387902696.2259145379 41405.3011089020
387714736.3927678466 40755.7238826357
387640402.9062630534 40421.7355581426
387678916.9364404678 40681.9589910113
387576342.4722050428 40384.2708797061
387665946.2731719017 40582.1007520758
416633178.3753330708 77892.4486656189
417753901.5928040743 78722.4852180481
416765441.5227289200 78073.7680778503
417324280.3911490440 78445.4576663971
417204304.9762603045 78390.4345340729
417701201.4569200277 78640.3417205811
417269039.7469549179 78437.2483463287
417373599.1981511116 78474.3157291412
