183856910.9340865016 106055.7431030273
183405614.2844618559 105672.8358764648
184376554.9410097301 106151.8004150391
184916660.5878111720 106718.7589721680
185057764.7499427199 106767.6822509766
184364664.4959255159 106111.2843627930
183374483.0575938821 105608.7221069336
165022850.3841782808 49749.5918074991
165190306.1156494617 51188.2024503308
165129577.5490025282 50801.0833643745
165200275.6303279400 51386.2551434613
165269999.3397263288 51568.7147602136
165148220.1572798491 50935.4051709729
165553213.2570449114 53252.6322133327
165494242.2170825899 53052.3469844433
165643921.7063956261 53749.2467189403
169613908.8021417856 69882.8934340924
180052950.9048718810 99848.1215057373
180119312.2690122724 99998.9141998291
180066605.6640717387 99879.6384124756
180382310.0918583870 100716.4120330811
180168629.2073796988 100182.9779510498
180466832.4848883152 100832.3296508789
180138848.6684796214 100164.9603118896
179918739.7905707359 99790.7528381348
179968456.2296058536 99829.6205673218
180761276.7550995946 101415.6917114258
180467386.1787132621 100851.1831665039
182585298.3660626411 104456.9471435547
183134687.5071341991 105344.7105102539
182962807.7638670802 105147.3222656250
182582296.8582514822 104223.1314086914
182992279.0766812563 105153.2866210938
183255014.6637162566 105393.6309204102
182809747.6564151347 104953.2727661133
165049213.2418191135 50622.7633002359
164969203.5257808566 49733.9948728564
165039925.1738364697 50083.8355313800
165418515.0815190077 52779.0597136999
165386843.6045640409 52417.9531157995
165393329.0078503191 52443.4724944616
166299771.6262347996 56334.0028509051
166427902.2630383074 56694.9514593035
166440350.1456663311 57005.2658513933
168754290.3118927777 66804.4275876033
169703988.8586907387 69960.3928967565
169600029.3748274446 69423.2687689066
169566644.1259805858 69119.4661341310
169317373.5253904760 68970.9638686627
173615036.6425183713 82257.4845468733
173699354.9627625644 82430.6837587185
180089208.9620381594 99995.6765136719
179850615.7426794767 99570.5869407654
180195010.0948161483 100621.2320098877
180258467.7928557992 100676.9333343506
180794372.7888449430 101739.8093261719
180997468.2040432692 101947.3765258789
180860453.3244400620 101770.2940368652
180588248.9877524376 101408.2800903320
180533047.1617547870 101189.5889549255
182695395.3489987552 104589.7919921875
184748305.4857070744 106596.7266845703
186260142.6077865064 107243.9116821289
186332900.6930988133 107389.1023559570
180769213.5914056897 101454.7812156677
180501462.4753957391 101019.7057762146
181186494.6030761600 102125.6026268005
165325450.9937744141 51603.4672060311
165282894.0956451297 51588.5463470006
180931764.8427875042 101805.5207214355
181046522.8039332032 101949.0686302185
165098223.5014717281 50676.6081255637
181130559.2148945332 102015.2610626221
181299755.1412978172 102411.8341064453
182550579.4939083457 104194.4742279053
182740786.5497337878 104639.8590087891
166298829.8956933320 56170.3737005144
166379469.8551696241 56688.2605413347
167223180.2408006787 60305.1733435549
181469859.0427353382 102479.2026519775
185242642.2346246839 106781.8875732422
166577960.3261685669 57092.8013891131
166339914.7688334286 56482.3005579263
181193191.5744663477 102148.1827392578
166223948.2511541545 56093.3362859637
169008603.2512696087 67621.4864880192
168881538.6122346818 67173.1403350580
169238044.8450782001 68242.8402717561
169504967.1917156875 69016.1550586065
169302936.5259954333 68748.4964381307
169059255.0275806785 68041.2316291779
173591788.0550415814 82126.2456857894
181588480.9497434497 102784.8810424805
181894828.5447993577 103158.8501129150
181517534.4399599731 102628.1833343506
181672061.1419393420 102938.7483673096
182484096.8120961487 103875.9074096680
185340953.3311184943 106923.6493530273
186269089.3606019020 107361.3633422852
182322003.5708310902 103735.5459594727
181813732.8927228451 103130.4041290283
181584490.3356444836 102745.2530670166
182067632.6734299362 103337.7832794189
167216413.2172024250 60301.9876449712
169032486.8032150865 67870.5164529580
168618344.9169393480 66252.5529753315
173632254.8898824751 82329.6049378025
173438941.8363949358 81768.8558690292
181652109.6581728756 102925.5541534424
181893536.5037706494 103154.1115875244
182122092.3693648577 103597.5908355713
181720488.6022930741 103108.7338409424
184505262.5739428103 106298.8839111328
184793271.8192695975 106599.1333007812
184928294.8825629354 106739.8390502930
184557776.0939567089 106335.6330566406
185827365.3783437908 106934.9069824219
166032919.0728889406 54904.0958286684
169176187.1507122219 68101.9072502106
173564294.7283813059 81973.4298593733
182447698.0005849898 103773.3923797607
166217402.5223821700 55842.7599522036
166133623.1727238595 55581.8755833071
166043822.6582670510 55204.7325474184
168905727.7455798090 67325.5950285542
182313602.9716101885 103654.0184173584
169278520.4918864965 68534.2232568711
173337243.7914896905 81412.9765975308
182394148.9873507321 103746.6518707275
165885567.8005159795 54018.4443804037
168790330.6966311038 67056.6428801167
169049469.6389919519 67957.9691064805
168710447.7343264222 66272.0354154743
173305489.0773750246 81395.8610727522
175730124.2714107633 87932.4492714606
176238364.2906133533 89303.5868294440
177092461.1351515055 91318.5851089261
186292696.1715701520 107361.7152709961
165887884.8458163440 54266.2095934164
176367407.9673827291 89777.0751884781
183831589.1967722178 105770.8230590820
185929586.1869625747 107156.8797607422
186035421.6826034486 107163.6605834961
167175339.7686086297 60126.7356150877
168979834.2579495609 67378.4220080823
176667650.0896286666 90451.0262978278
176921175.2103390098 91091.7625747822
186132123.2321356535 107222.4278564453
167096335.3159473538 59923.9789779790
168898711.7853389978 67186.8711469807
167048411.9835220575 59488.2895139363
166960701.7770403624 59390.0580795415
173482576.9492121637 81817.8820688460
173269967.8345207274 81180.4162981246
186325152.8735328913 107362.8798828125
173144823.1890246570 80767.8412590455
173195510.3574155867 80854.4637796614
165984417.4820027053 54725.2251268637
168410058.4040424824 65218.3290881403
173394575.4519082010 81664.4133188460
173801250.5917913020 82642.3763617516
177243522.5375096798 91571.9601311088
185850712.4674351513 107089.5557861328
168575877.7688753009 65652.7008227594
183769397.7483412623 105685.1588134766
165816401.6953573525 53813.2955614340
174236664.3693276346 83517.5498933108
176770358.5231254101 90673.4451821051
176948864.8664996028 91125.0574813984
184264442.4626404345 106091.3807373047
184425794.5076156259 106231.9423217773
176391401.3864566088 89844.7899849616
176873522.3866553903 90704.3039475083
176908257.1205309033 91041.3592239521
175832215.5753635168 88172.3349373542
176697739.0094180703 90570.9672409199
176847143.5657044649 90686.9159275792
176552787.8674260974 90217.6952682637
176474592.1861185431 89858.0244613789
177135172.4253122807 91504.5515152119
173999136.6148930490 82885.0506581437
174075200.9591577351 83110.0744666099
176709357.5784292221 90671.0898605488
173696952.6374965608 82416.6901968956
174173105.2987140715 83517.3805422742
173856586.9850258529 82748.1774939537
174264119.6049920619 83650.0176855139
173753555.6377469003 82597.9547461510
174329995.8239087760 83658.1443163805
173833825.7336185277 82735.8353915174
165951424.7906846702 54273.7714641106
168183271.1387161613 64387.2496392374
165952522.8369843662 54426.4819901597
175801460.4740711451 88135.5964729987
175926711.7465351224 88340.9912789069
176271415.6245920658 89360.0782997809
175978607.3051941395 88725.9207833014
176066983.5553113222 88859.7050087653
176088408.7742821872 88956.6928201318
175989879.3365138173 88839.2829659186
176331703.4686638415 89624.0079575084
176074613.9524805844 88883.8372876845
175959125.0868677795 88691.5206983291
175643802.7959285676 87780.2917686306
168478582.4919423163 65385.3794076471
168035547.3096643388 63755.9098071344
168414599.4141624272 65288.8019407429
175539701.3240516484 87116.3050437771
175490262.0802146494 87097.6313703261
167024724.0934749842 59458.5291183599
168297573.6125575602 64823.8151211590
168534011.0712990463 65504.0112190694
167310323.5660520792 60505.6120286700
175257993.7979443371 86167.3476081692
168333657.6801348031 64952.5640429743
168151998.9415456951 64374.6432360895
172851906.2741030157 79504.0959605776
175428319.7112211287 87067.0586448513
175400731.0797735155 86882.8837719559
167879172.2225243747 63074.0593432672
172951049.1598850787 79867.7271461092
174566857.9109194577 84425.4861632074
167981416.4811748862 63181.0756472833
175618527.7170059383 87248.3232802525
175066226.2464592159 85994.2634449802
175046048.5132389367 85882.8200627170
174751400.9498418868 85144.5227232660
166608720.2378921509 57152.1489501414
167405849.3948758245 61170.2469391045
166725519.7079476714 57850.5543593913
166715919.4027095437 57849.2172605959
167483043.3610199690 61335.8210654822
174717048.3529081047 84960.5160353864
167332722.6638794541 60509.7751510747
167072849.3754436374 59539.9221691694
168520232.6495226622 65408.4612541646
173142278.2705567777 80214.9848670565
174918554.2562108338 85306.8240119229
175370279.7310318649 86798.9475860372
174929478.5638329685 85404.7458372797
166778507.1765804887 58075.2183261332
174928462.7128256857 85366.6759520257
166930051.0839992762 58836.6099048075
166843688.9036616087 58524.5590055124
168101644.8483587801 63922.2991019524
174510456.0519975126 83759.3248393024
167984187.3473590612 63376.3385611809
166816061.9794332385 58195.0268464051
166839835.5912646651 58523.9670825419
173113388.2201762497 79944.1584968172
167343565.1322251260 60581.1932940334
167735957.3699340522 62057.2554839542
167648625.8834663332 61832.1224007457
167845404.7853225470 62763.4960274547
167783511.3190088570 62104.6943611950
167839863.8016129732 62362.6904015392
167675507.3604400456 62057.0062584728
172769135.6966553330 77939.2056977354
172696571.5082855523 77584.7856995664
172535387.3334222436 76781.1321086787
172480491.6662745476 76374.0846996210
172323060.2327733338 76099.9394512080
172205226.4217725396 75487.5775243156
172329690.6035176218 76177.3180707693
172421666.2239641845 76244.9573589466
172268666.0569509268 76013.9585399531
171918607.9385645390 74243.6493303999
172187701.0436899066 75404.4766127467
171962963.7504178584 75049.5731334589
172034714.2301414013 75332.7658824824
171863663.2446682155 74162.3617694877
171533416.2932325304 73023.3962057980
171523832.7976961434 72694.1680640133
171670699.0994249284 73279.0305897795
171445844.9788951278 72675.2795981320
171790007.6572766006 73704.3692509733
171751907.4916411936 73606.0976294430
171236997.0999581218 71047.2979219334
171417214.0780157745 71677.3606355565
171252015.8979822099 71109.4276521580
171302440.3236357272 71206.4247529881
171362366.1514956653 71636.5948515313
171312166.5820893645 71601.4855745213
171138449.2323210537 70916.6764924901
179832794.7409806848 94171.1758766174
179686346.0081305206 93360.8170547485
179232989.6155998409 92360.5984687805
179700433.6710661054 93497.7136878967
179492560.4853873253 93266.7016716003
179341113.3096962571 92624.6967658997
179204757.0164600909 92352.0284156799
179560105.1328295171 93356.6405220032
179683715.0126488805 93356.9297981262
179369833.4626783431 92907.5397529602
179124603.5259726942 92055.1413612366
179024977.0671523809 91865.9548683167
