482572076.9293824434 1521286.2324218750
414225658.1231010556 583185.5274759959
412389166.4465174079 425702.6231727526
414288837.6545071602 586887.5077339839
414325722.0659074783 590943.0782572459
415495048.3670954704 641708.7723263323
418587788.5011153221 744219.6593920498
418477660.5775180459 743703.8251061456
427753052.1599268317 992647.4417050916
427824684.9037944674 993537.9660029847
458195283.3201720119 1420934.5325984955
469412306.0572190285 1485747.1801757812
469164877.4069609046 1484707.5375976562
414321258.2445204854 590439.9842964839
418441133.8967061043 743575.4851341264
428000267.0736215711 995623.9067645508
437148178.6334633827 1162087.4963057563
458554398.6185257435 1424305.8783016205
418438741.3996683359 742490.6527576463
426057627.8463112712 953016.4839149851
427866700.7319665551 994784.1036324936
457924923.8434631824 1419036.0148372650
418001656.7842746377 730241.8448154794
436816951.9441034198 1157836.0499812807
437591842.4727615118 1170047.2289160932
443775080.3057712317 1265331.5883941650
486327331.1195487380 1526309.0952148438
414183373.3848097324 570214.7552252244
414249873.0178750157 583211.9146490525
437760440.8228191733 1171310.4687003340
455266235.3941544294 1396305.7096589804
412242368.1131491065 408023.8318316266
412249736.6113669872 412671.6598319039
436635439.9469060302 1151118.7760037626
426101546.9939525723 953545.3067909617
468784757.0921065211 1482910.9606933594
412271038.6013762355 417945.0723915026
412341319.6247277856 420110.6392069382
417455707.0012699962 714538.1569165604
417131546.5816993713 702214.2677870409
458075410.5697796345 1420408.1998348236
427184212.5011447072 980836.2454710901
482333215.8654865026 1519782.1882324219
483595267.1074768305 1524439.3041992188
412214567.0212150216 383102.9985070750
415575886.7681102753 642888.7245052874
458264308.1892483234 1422655.3002376556
468893687.5165370703 1483586.5708007812
482701163.8825029731 1522986.9550781250
414368798.3533008695 591401.7109172931
412720983.7333981991 437035.7148713693
459612948.6793674231 1431308.5400142670
481928390.8233843446 1517870.5014648438
482316710.1650130749 1519737.8022460938
482637221.2347933650 1522604.1391601562
412146488.5770616531 382260.8780141398
468819385.5503601432 1483518.8857421875
483012747.8319520950 1523074.0698242188
484320613.9051817060 1524589.0419921875
417394360.4721580148 709672.3493127243
458226495.7763969302 1421638.3013973236
414474918.9470218420 593191.6646490525
414494502.8897510171 594991.5211983155
426631740.8940955997 970501.0138841111
486282097.7864995599 1526137.8979492188
414429364.4573630095 593126.7791176271
460136726.9639167190 1433823.2797164917
486082119.1609650254 1525516.9692382812
412241350.4127574563 404078.6674421430
417833894.0604155660 723096.4701394455
415338800.6581079364 634396.4599197924
426119763.2126584649 955474.5833286047
417761743.7638173699 722924.7589531855
468260045.9742143750 1480173.9665527344
468465248.3160355091 1482015.7023925781
415195658.6191810369 628518.1102064669
458412469.5069115162 1423409.6646785736
426582058.3440560699 966954.2375699419
412244409.9496003389 412353.0883046314
412788456.0733571053 447955.6285094842
414496968.6462920308 597073.2892008256
414671117.6395933032 603435.0349501192
414863974.4769460559 615110.4373549044
485037753.8168174624 1525223.5551757812
414939109.1099739075 618897.3074720919
415100046.9540548325 626654.8582533419
417482726.2508656383 714828.2165259735
412900748.0840277076 448802.5688540180
417549336.5100644827 715501.5472678558
417235195.5421935320 707059.5463514940
417109861.8062390685 699751.9477201120
484421423.9438327551 1524713.3588867188
416996269.1400997639 692461.8415251391
417053895.4934085011 693816.1467009203
426804711.1168387532 972369.5910991430
445559112.5586954355 1286437.2682085037
445483842.0900090933 1285290.9915180206
412350261.2279192805 420281.3085216209
412333425.0141883492 420107.6108030006
460206717.9511083961 1434917.2301559448
459346384.7265208960 1429888.5210933685
459494740.2123245597 1431039.3906002045
444899111.8748450279 1279810.3282747269
458553437.3749168515 1423857.6627254486
485279408.2838701010 1525261.6679687500
485166493.4377379417 1525257.5219726562
412196440.6589709520 382309.1812149808
458765570.6741831303 1425692.3532848358
414507847.8759849072 597116.5270809960
468053298.0761488080 1479315.3403320312
426112942.3706962466 954861.8282753367
436737598.8257052898 1156464.5437063905
458246256.5510935783 1422314.7523250580
416911195.1278498769 689089.9646641628
426494024.0424463153 966168.4314796329
457831864.1336281300 1417812.5036067963
457818779.0479480028 1416656.5989437103
457876692.3120782971 1418999.2940120697
426154636.8540398479 957853.4981972117
425875544.0569717288 950113.8959826145
457715887.0568778515 1416496.9656429291
457312545.8103089333 1411136.0459651947
457340514.1798977852 1414072.7647151947
436686971.8968129158 1155739.7453665468
425715519.0916889310 943320.1415880832
436360543.6289155483 1150179.0065970155
455695487.3883563876 1398981.4431747198
456161538.8448773026 1403710.9124130011
455733723.9934830070 1400553.5955184698
425701241.6921470165 943289.7207506809
455726433.6154651642 1399083.8112472296
413219026.7630872726 472130.4385139346
454639771.3591305017 1390955.6337264776
455079724.0743441582 1394891.7129501104
413136948.5725466013 471495.0766975284
436009517.8285471797 1142668.7313816808
436041762.8603320718 1144530.0070164464
444912025.9597405195 1280314.1782093048
445269990.3187772036 1284815.2240834236
413202997.6888226271 471526.7308179606
413008988.0363752842 463737.5259162784
413059395.7273156047 464066.2700788248
425521979.4027231336 934589.0264633708
425412388.6600429416 930376.3174765483
425594762.5651175380 937626.0673544779
445346852.5104658604 1285132.6550264359
443380313.9925897121 1259160.4437093735
453842973.8799410462 1380765.2168792486
444619676.8181095123 1275834.5996065140
453751177.9194813371 1379853.3847869635
481394286.9632683992 1516644.7290039062
416932634.3702600002 691968.2029454128
444689735.8613350391 1277761.9194307327
416679604.6445090175 678417.2273899929
416967155.2299766541 692258.9567982571
444748127.8533291817 1278709.1513643265
416740086.3408830166 684278.2345921414
416477741.7062076926 670356.6146013157
444396635.9919806719 1273807.6738634109
454305215.0806022882 1384622.3579314947
415077776.9946340322 619825.9047485724
443618590.9914608002 1262904.7649726868
453568077.5498582721 1376834.8916229010
453942894.5054464936 1382466.4074920416
453822607.5423069000 1380420.9301971197
453985377.3667833209 1382781.4323943853
480709505.9010338187 1511877.0268554688
480607408.0684069991 1509176.9635009766
481143729.3875427246 1515531.9877929688
413323209.9680219889 475808.6424028644
444300453.3751690388 1271355.5430650711
481800131.4881647825 1516860.3706054688
453199728.3355124593 1367098.6787322760
453391816.4571787715 1371203.4660857916
453710362.9482887387 1377666.6887420416
443170516.1331056356 1254166.3661652105
416667259.0061889887 677303.2439619505
416641961.9358105659 677292.0892582850
467264640.8982792497 1474644.8305664062
413003829.4995740056 452615.6885909671
413509520.6197773814 476517.7569846716
416419651.9672369361 669534.5737874710
443510315.9535636902 1260926.6621170538
423265701.4700639248 872678.0182048641
416070346.2278314829 654661.9879382306
416008690.9084923267 653487.5354167128
425276192.5796624422 924603.9293107707
415945476.4001358747 647181.5821147661
415996511.6203354597 650295.9600763719
425415606.1234866381 931986.6006883103
464662291.8698574305 1448988.6889648438
434200532.4510620832 1095400.7207831158
415843138.5630201697 646325.2794123094
443009170.4888150692 1249486.2282964485
466377412.7992453575 1467350.6323242188
434269115.9016946554 1103516.9511297955
465815683.9109233022 1463419.3820800781
466155069.6677606702 1466064.4309082031
423190841.7533666492 870638.4626019951
423693853.3918458819 882278.6864694115
422657497.1500708461 850279.4347569402
465683274.6299021840 1462632.5600585938
465380830.5271382928 1461718.2802734375
466288058.3887199759 1466774.0957031250
424233814.7905294299 893888.3918641154
465856705.6320820451 1464539.9274902344
424575976.1015406847 905707.8386070486
424689506.4087252617 907116.7048179861
424503684.4551523924 901188.8643729445
434564633.8603384495 1109260.8806984439
424283650.8686726689 898215.4116655886
424436674.2554706335 899299.7446129080
423963195.8536506295 890757.8921653982
423878408.6797986031 885527.0940011498
423765752.1661329865 885303.8713448998
423445548.1289687753 877712.9908669945
423524599.6104047894 878906.2666603923
435005427.3415607214 1116039.6676732369
422242454.6223580241 838887.4662364721
421978565.7277729511 830966.5009988546
422378648.7245317698 841600.9031871557
422635305.9317809939 847689.6617776155
465810398.5014860034 1462986.5490722656
422718743.7134453058 853607.5904885530
435292879.6959842443 1121666.8907532194
435702387.0143295527 1128740.2694902935
435188268.4083648920 1117301.0331891805
435087386.6965643167 1116171.5770616683
435091272.7771734595 1116683.8940020122
435303233.1733003259 1121965.8900957622
434950023.3857181668 1115869.4059544869
442869085.4273785353 1235119.9646439552
433912564.2519067526 1088625.6342252139
434137496.9583550692 1095322.4011929873
442685110.0775882006 1232867.2088486701
433881240.5192390680 1084587.2822280503
421897898.0681855083 814027.1298690876
421751741.6970906258 812567.6179672321
421504136.3856335878 803526.9663235443
421920320.6113317013 814844.7528428491
421584461.1105045080 807707.4428239865
421338534.9631118774 799879.5151423868
421119536.3967076540 792382.3747615274
421166206.9973379374 793598.9340876993
433755364.4189153910 1077832.3130968474
433387891.8348786235 1070801.8821075833
442111861.9936161041 1218299.2411939651
442057935.8479342461 1216110.7097308189
442416344.3947584629 1224822.4537183791
433583744.3568242788 1073620.8052032865
433623988.0139711499 1076662.8893097318
442214212.1294105053 1219116.8627392054
441913715.3439668417 1214478.0886331797
480162493.4641053677 1498009.4670410156
420526321.0537043810 765124.2963271085
414151048.4406334162 482963.3612126037
420187352.4436355829 753318.1915969551
420325820.2544494867 756005.0788655281
420338817.3954465389 757142.6286396980
420296700.2072942257 755845.8248393536
419953081.0766336918 746586.9938740730
420184691.6721397042 752005.5940741301
419918665.2978010774 745090.2211155891
480418845.1284532547 1501006.2978515625
440982582.8820296526 1198886.0379427671
440314730.7994322777 1187392.3874937296
440441416.7201633453 1190001.3473743200
440445606.6655485630 1190188.8924149871
440206153.9125013351 1187036.1297839880
440554202.1347872019 1191907.6620105505
440387338.4405679703 1188447.4363411665
440242852.7943187952 1187365.3005989790
448662232.0703920126 1291264.0674166679
448781507.3498268723 1293736.5618014336
478856832.3184905052 1490618.8222656250
479039556.2168389559 1493443.5825195312
448847475.3741011024 1294587.8330416679
479838589.8154012561 1497120.5593261719
479474781.0463719368 1495954.9255371094
479179697.2137836814 1493848.4685058594
449861419.9980699420 1304257.0414233208
452549370.3390215635 1334002.8935308456
452727430.0239163637 1335472.5896062851
449682849.9950005412 1302607.4396166801
450025790.9893156886 1306163.2688615322
432269491.0084954500 1008524.6417761347
432123527.8295319080 1003299.5912771723
432138880.0720077753 1008271.7677462599
432174706.9271242619 1008289.2232018015
449545115.1210530996 1299762.4351384640
451763429.0934185982 1323939.5102605820
451594728.9984927177 1322314.9108953476
451138631.3636575937 1313458.7509069443
451024505.0250619650 1309701.7191228867
451260716.8131635189 1314849.5150213242
451055359.6798244715 1312517.2221288681
433154743.2740731239 1031099.7969122431
432972505.4348261356 1027487.9496222041
451215172.3650330305 1313830.3954687119
432032025.4024026394 999793.0515997167
