654670915.4142268896 7443668.6728515625
654920870.8349734545 7455682.2431640625
654919790.4541310072 7450322.7333984375
632357334.4191604853 5482120.5485839844
654778682.2565194368 7445854.3330078125
670805053.0282921791 8004371.6250000000
670542884.6406471729 8003174.9003906250
670473965.0199384689 8001694.1171875000
626224383.4604392052 4644930.6533203125
626277834.3611721992 4646875.2907714844
632203925.6684015989 5466982.6618652344
654997665.1135264635 7460190.3203125000
670397807.7656837702 8000782.2656250000
670379479.8836588860 8000032.5429687500
690236079.4151415825 8272350.7226562500
626195460.6363056898 4640203.1765136719
626156246.4516901970 4631780.6828613281
631705878.3371555805 5409000.8718261719
644752577.8213520050 6777944.4877929688
626006864.0083197355 4603857.1652832031
644896758.8171494007 6795211.3168945312
647987376.6029522419 7033305.2109375000
654964904.1011196375 7455863.9238281250
677467742.1610019207 8136202.6464843750
632301486.9687088728 5467905.5317382812
654653509.0424634218 7443139.8818359375
626006484.9451935291 4591527.4084472656
644865900.5214898586 6786497.5644531250
647903709.1764967442 7031875.3027343750
676523228.3136899471 8123290.2304687500
654585342.7873598337 7441912.7812500000
626009604.4031144381 4604972.9270019531
625920082.9798195362 4585023.3869628906
663386374.7804268599 7802705.4658203125
625906094.2233244181 4565329.7395019531
661908546.3064606190 7751744.8623046875
663524679.1720672846 7805823.6035156250
707282142.8605144024 8300948.7246093750
676869187.0946733952 8129588.3769531250
676102773.9925856590 8116943.9511718750
676536414.5272562504 8125016.2128906250
689524193.7780835629 8263240.4746093750
654470208.3545492887 7432654.4580078125
654523618.3511625528 7435822.9189453125
684498679.0293956995 8220700.1679687500
654437799.5818077326 7430769.7880859375
684317850.5806611776 8219259.0585937500
689852136.8542952538 8268622.4238281250
685063769.1704246998 8223479.8710937500
622995067.6433788538 3943948.0625000000
676325276.7052676678 8120464.5605468750
622937099.0514302254 3920649.1162109375
632013779.1698703766 5446057.6367187500
653704430.9158023596 7397684.3593750000
654327151.9511510134 7425583.8125000000
663179378.1281518936 7798489.3242187500
692812278.0150460005 8280082.6992187500
623626646.4832725525 4081804.5939941406
622948012.5248579979 3934269.9885253906
623056265.4607542753 3967897.3293457031
623578795.4839589596 4078759.5676269531
646704344.4744169712 6931862.6010742188
632144093.7211154699 5455309.1621093750
632138426.1568425894 5455097.0141601562
631988560.3275407553 5443416.0830078125
662078406.7055587769 7757971.5156250000
663325974.7865891457 7802052.2353515625
663115958.5731270313 7795132.2890625000
707024815.9517083168 8300333.4121093750
631756304.2868570089 5413489.2553710938
692662705.9324263334 8279928.7714843750
692527171.3213657141 8279488.3925781250
663048390.7562925816 7793315.5625000000
630255411.2524147034 5209742.5109863281
706448989.6070406437 8300277.5078125000
647673636.4219152927 7009462.2216796875
690149506.0870919228 8271097.5996093750
662050365.0598042011 7754327.1269531250
661826066.5568821430 7748817.5371093750
662641410.9449846745 7780093.7871093750
622964705.2726070881 3938655.3728027344
631604756.2050557137 5391138.6679687500
690495166.7996532917 8272968.6875000000
679739158.4803766012 8160112.4648437500
654120946.7041896582 7415920.4130859375
679485925.0677224398 8150537.5781250000
684026152.4577323198 8216010.6523437500
662448912.1402320862 7772043.3320312500
662409188.6739600897 7768868.8886718750
662246351.7574787140 7763316.4238281250
662157614.4662394524 7758625.1640625000
662221185.0336196423 7763044.2578125000
683630099.7992793322 8208512.3027343750
659802419.5541782379 7656997.2070312500
645782723.6124198437 6859428.6240234375
623054018.8127256632 3959421.7558593750
630028100.3541213274 5177723.3674316406
683863235.1691989899 8212474.1933593750
630254261.0922408104 5204585.1906738281
656708804.5575324297 7525395.6513671875
656705605.0858708620 7518965.3359375000
680046580.8973699808 8163788.9375000000
683924195.0567619801 8214608.7910156250
631208173.4002474546 5326306.8815917969
631136509.1918020248 5319220.0012207031
631172732.3959641457 5326180.9226074219
679526795.2048557997 8154057.9570312500
661163233.6542003155 7716387.2158203125
661351627.7924792767 7725488.0224609375
656774165.5258697271 7529821.3408203125
623267138.6412364244 4002879.0087890625
623463823.6976039410 4057744.6774902344
646634185.2155969143 6930599.0659179688
680130490.2618108988 8166506.1660156250
680356999.8742951155 8167622.0937500000
680120210.5858598948 8166163.8554687500
631074706.6869890690 5305993.5783691406
675366820.5363500118 8099586.0605468750
679772788.3769687414 8162070.2734375000
692009766.1812340021 8276017.3203125000
660211014.5962802172 7677594.3115234375
679579810.4373677969 8157103.2207031250
692061760.9071946144 8277485.2089843750
675575238.3666844368 8101887.8554687500
691947461.7733933926 8275855.2285156250
657136762.6978763342 7546530.8789062500
692010801.3550674915 8276062.9023437500
660403992.1015729904 7685042.6123046875
675483911.0792007446 8101221.8710937500
675428233.5795536041 8100645.2050781250
675842310.6078901291 8106558.8203125000
646352142.0093317032 6905819.1665039062
646370991.3819811344 6906848.3315429688
675240325.7184715271 8097658.0937500000
623329738.0708780289 4022450.5349121094
646504466.8905463219 6918558.2084960938
657310583.5354830027 7549468.2939453125
706185115.9246387482 8299786.7167968750
646916777.7610709667 6949227.5039062500
646769591.7678723335 6938700.7851562500
657009307.7917488813 7541331.7255859375
646466277.4000837803 6917524.1684570312
656891552.8700448275 7537327.9785156250
630667319.6524832249 5255837.7863769531
630342076.4506796598 5214242.6188964844
630454663.3272100687 5226647.8664550781
630536164.1247255802 5234125.4909667969
625696758.6464762688 4505639.4909667969
674731858.6041831970 8087442.1679687500
646464433.2699071169 6914361.4619140625
646586900.0510786772 6927089.3388671875
646747701.7652220726 6938274.8408203125
636408479.9283131361 5888521.6596679688
630554589.5575175285 5239168.6755371094
636400863.1898875237 5883284.8613281250
636293989.2261677980 5875373.6650390625
636069807.8963090181 5845321.2954101562
659200177.2697663307 7634015.8427734375
625612030.7886217833 4484606.0566406250
659953352.0541391373 7665947.9472656250
671914136.2280280590 8027114.2695312500
636210423.9656840563 5864592.3847656250
657420497.1209989786 7552243.2187500000
680100444.4965901375 8164739.4570312500
625466974.5353529453 4461839.7629394531
671549462.8352130651 8008827.7714843750
623716928.3702176809 4097632.6879882812
657529050.3406444788 7561076.2558593750
625489380.3840240240 4466006.2917480469
688954882.9841504097 8256307.6113281250
625372009.7959516048 4445557.3791503906
625390631.3202227354 4446187.2148437500
658821038.2074880600 7608031.8730468750
705177415.0344226360 8299091.5859375000
636366394.0016198158 5878343.1962890625
641609602.6074512005 6403580.6967773438
636291849.2174524069 5872163.5117187500
697159874.6407642365 8282460.7246093750
659171548.8341410160 7627776.0292968750
652634700.6713067293 7318137.1406250000
668620405.6556622982 7947097.4345703125
668822862.3548533916 7954398.5078125000
668740941.7831497192 7952333.6074218750
648773011.0153765678 7065774.0322265625
623719834.4661728144 4099938.4985351562
653093524.1725102663 7346548.5537109375
673698994.7811017036 8063624.6035156250
679596622.7875384092 8157990.2773437500
672072161.2219805717 8029284.0839843750
625073588.5634107590 4388926.1442871094
641336421.4106006622 6378917.2758789062
641425202.4736721516 6385888.4926757812
671578146.2150013447 8019622.8164062500
624889165.0460039377 4345395.1176757812
624957430.3755950928 4357276.5922851562
641363372.1354458332 6383799.2641601562
641462450.0602364540 6394306.4829101562
624827261.9760510921 4328707.5339355469
624770861.8788343668 4322479.0939941406
672209112.2085858583 8032497.0605468750
689216018.1985156536 8258612.1835937500
641537074.0631676912 6399868.3120117188
656707931.0101956129 7522948.8066406250
624708676.1173769236 4303692.9975585938
704769163.0114237070 8297989.3750000000
624668321.9049623013 4295449.5200195312
624154481.5926989317 4169341.2172851562
624362747.1850661039 4210844.1997070312
624257371.5258852243 4175216.6364746094
624476652.3325517178 4245656.4204101562
704413941.8127032518 8296472.7890625000
673077107.1611628532 8050513.2402343750
672936997.4332942963 8047072.4941406250
672778257.5312204361 8044404.9199218750
624591303.6248131990 4260437.6804199219
624193862.5007823706 4173432.2075195312
672582454.2221579552 8040467.3320312500
672509700.9641175270 8038047.5585937500
636170549.1682834625 5847187.1318359375
672719234.3475682735 8040813.7851562500
696423348.2716524601 8282107.5214843750
630005530.7337437868 5113936.8671875000
704902773.3197077513 8298377.8691406250
679249858.8235466480 8150448.1855468750
652135745.2146054506 7282109.1035156250
687700716.7691502571 8243514.0800781250
629577802.2630600929 5042321.0388183594
629426353.4378725290 5016329.8854980469
652259136.1417428255 7291578.4794921875
652206073.0547918081 7284201.1796875000
655907715.6738454103 7482108.1103515625
629414121.5136975050 5009603.4143066406
629510491.4961462021 5021524.0466308594
652048663.7565578222 7278326.8652343750
629390180.7429937124 5008397.5886230469
652207454.7199383974 7290723.1220703125
688169311.8498947620 8249025.2109375000
629229155.8609789610 4964112.5754394531
629311996.6078436375 4967270.3505859375
641872894.7084125280 6423066.3945312500
635515448.7387306690 5759791.8969726562
628732731.7066086531 4888210.8723144531
703993728.2931240797 8294583.7832031250
703636149.7598401308 8293058.7324218750
635076990.0074514151 5700101.5932617188
634944964.9307184219 5683861.8066406250
635249342.4232658148 5718953.8769531250
634915472.5936824083 5680956.3242187500
635169823.9566230774 5705262.3642578125
628830636.2872406244 4897064.4768066406
634982858.3262407780 5685229.8183593750
628776437.0237725973 4891919.8435058594
628650869.6210856438 4876830.9665527344
628682016.8282718658 4880999.6816406250
628393764.5282193422 4839120.6367187500
627593029.2905834913 4718060.4470214844
687485844.1508049965 8238545.7148437500
642653309.7566112280 6479046.3071289062
687228801.9581336975 8236266.7109375000
687402247.4080867767 8237741.5312500000
687320154.8053381443 8236757.0273437500
627303188.3827131987 4665703.3906250000
627161132.3296540976 4648743.0715332031
642833241.3995734453 6498449.4677734375
642881691.1687875986 6501707.7778320312
685784845.9301085472 8226122.7246093750
703457130.9762285948 8291177.5078125000
667858543.7435139418 7894512.3828125000
650255624.6187722683 7131173.0458984375
668182313.6217862368 7901640.2382812500
668350088.9044243097 7906078.8300781250
650572110.4485409260 7149321.6708984375
650334440.0166940689 7135864.9736328125
650835651.4905142784 7172698.8378906250
650576009.4108192921 7151819.0048828125
650453572.1528778076 7143894.0029296875
650656093.4080507755 7159553.6982421875
667699275.8086224794 7885136.7216796875
682705532.8825728893 8179375.6777343750
643730254.4133975506 6542263.3588867188
643745480.1617033482 6544159.7890625000
643762691.4723434448 6545091.4072265625
643696309.3924704790 6539727.9301757812
682002511.2539331913 8172254.6855468750
681970284.7180416584 8170863.6035156250
682412864.9298880100 8177947.4394531250
666956117.0804409981 7850478.9023437500
682384071.2584836483 8176810.5078125000
682001746.3841714859 8171838.4003906250
682131610.5896441936 8175184.6679687500
666208154.7781395912 7821847.7119140625
666549295.0787298679 7833451.0878906250
665944233.6910738945 7814929.7998046875
641042689.2682728767 6063507.5434570312
641149084.0098545551 6077147.5410156250
640943750.4971330166 6058352.0551757812
640862313.2125492096 6047163.4467773438
640594526.5466926098 6022539.1171875000
640585746.6776943207 6018030.1860351562
639983453.4009841681 5955375.2583007812
