640471950.8276571035 30.4924235280
649266829.4795045853 33.0863191556
714102547.7963092327 46.2789180242
732011267.5144761801 47.2322999388
742770000.4459744692 47.5665915161
609972810.8300079107 17.1764310998
640287694.8883788586 30.4773206280
701925950.4197999239 44.7362181459
701875847.8513563871 44.7314308573
712082434.0483641624 46.0601806827
610123991.6570124626 17.2190038589
609778351.5580534935 17.0630911790
634604576.0150721073 28.6349222194
700556467.2617493868 44.5397611373
674348898.7463392019 39.1602670718
674820105.9118951559 39.2366526761
674475337.9052442312 39.1910996158
673919355.6374605894 38.9941092904
713411259.7770323753 46.2334344499
714052824.2675416470 46.2560666762
714559550.0387903452 46.2830465026
732372004.7160348892 47.2627922520
732011094.7312047482 47.2287769616
608766536.6236495972 16.4578238566
634887306.7945642471 28.7761976828
649341702.2980849743 33.1157473703
712730249.3479751348 46.1710991971
712375584.8942104578 46.1379562654
732415551.0372254848 47.2636748701
602906206.9374177456 10.8168418945
602626708.2260439396 10.4996528735
674119420.7608431578 39.0773086275
602586356.1699422598 10.4804224092
674209631.5646799803 39.1087851155
635352992.4928849936 28.9479637201
674047857.3153527975 39.0478751254
648038477.3742759228 32.7513561699
613921399.2432317734 19.4043974572
745162488.7799494267 47.6067799106
614313059.6447273493 19.5760058457
614664232.3836135864 19.5786826278
713851766.7130507231 46.2444208823
634092449.8806390762 28.4372042410
714011858.6594918966 46.2463310994
714056013.7786710262 46.2726145051
609040266.2019519806 16.5929283824
609313007.1586438417 16.7558386949
635187103.1174304485 28.8881403122
674260001.5191880465 39.1112010542
608976739.4993606806 16.5835619000
613711494.0996406078 19.2482370132
702285184.8307734728 44.8236321945
613553579.4961445332 19.2327890688
614089221.3643236160 19.4814957896
702479343.2955381870 44.8396743581
744478571.4389894009 47.5944619104
603222883.4144167900 11.1584279481
639875386.8505634069 30.3798264052
639455897.0839904547 30.2551472347
603085255.7808951139 10.8865692420
634337438.4841781855 28.6003903467
634657119.0613412857 28.6948979606
713092639.2524751425 46.1979008578
613345799.8683564663 18.9365737803
639094914.9887907505 30.1318564407
638966165.2158920765 30.1016466181
638611822.7033902407 29.8908206226
639093794.2839756012 30.1139604311
673210770.6147013903 38.7848602633
672939643.9795008898 38.7632808524
673359299.9110080004 38.8757837701
744896789.0986213684 47.6002194360
608653637.5054203272 16.1071653086
729756444.7358638048 47.0828845724
702053329.3670117855 44.7962181110
730443893.0123139620 47.1762948036
743170897.1713603735 47.5703633130
673231547.9347549677 38.7957893237
742236792.4643694162 47.5060978197
636558311.4504334927 29.2974298952
638119098.7948635817 29.7912433130
730328375.0951809883 47.1661700234
608718020.5514146090 16.2120696288
672510558.4759708643 38.6305247328
701277623.8845529556 44.6755885203
701257851.9451756477 44.6482494642
701114819.9203411341 44.6387351845
636634567.8097592592 29.3122195952
637761921.8259088993 29.6569587870
638943663.5669420958 30.0233318404
638942956.7671409845 30.0024327991
647153751.2865052223 32.4164313231
647328317.9983907938 32.4815745469
700381669.4111016989 44.4538029060
638633383.9659222364 29.9897476443
742487707.8154319525 47.5382253155
638856156.1692068577 30.0013140572
728953094.4979782104 47.0175985517
633878832.9413913488 28.2481065362
700423223.8740211725 44.4715669733
612992434.2363350391 18.6589057518
700937409.3910531998 44.5967694466
647641698.1103115082 32.6012487378
647826308.4269781113 32.6256848317
638191576.5179702044 29.8483276499
647991114.9405174255 32.6815299135
729802845.1440947056 47.1197605580
647827882.7214329243 32.6291162785
646319983.3175489902 32.1939326831
647376708.2395796776 32.5296824615
729926663.1442669630 47.1206437498
646894698.4981604815 32.3587791365
646991499.3090333939 32.3837234830
646735318.5246219635 32.3559068631
646701778.5823118687 32.2872465527
728715451.4220572710 46.9891950488
729318862.8001887798 47.0661715120
729419893.1547615528 47.0753052980
607917398.2672686577 15.4025608171
637100254.5987732410 29.5031092373
699331314.5117346048 44.1976075721
604172618.9933937788 11.5507955014
604027969.0591067076 11.3791871129
636400551.9565728903 29.2044589051
699259058.1127624512 44.1687471680
604566480.6561824083 11.6296990578
608072590.2453560829 15.5200814847
636226869.8238843679 29.1844119493
612388452.2818456888 18.0717299326
607839461.2496820688 15.3477303330
607729249.0639032125 15.1856620863
643960481.4384166002 31.4490815565
612370203.3005491495 18.0356117702
643507720.8057020903 31.2782715203
710623770.8135893345 45.5881160647
612213177.9944013357 17.9698640694
611638986.5070328712 17.5515499432
643442751.7860839367 31.2650613318
611565332.5549399853 17.5381570301
611997012.4254291058 17.7858516340
643617303.9059882164 31.3524692932
607554139.7706987858 15.0407953400
611787025.2856330872 17.7265746016
607666792.2244886160 15.1767949557
611736523.3141794205 17.7171500464
611731288.6710880995 17.6951585701
643008108.0742986202 31.1239493642
607548878.4926652908 15.0365014919
607679227.0543370247 15.1767949557
697320286.3446773291 43.8186234166
699311541.9159651995 44.1751678762
698760522.9596291780 44.0900294646
699034164.1887029409 44.1554846866
740859625.7869510651 47.4458231479
697769628.2814548016 43.9265528512
698672335.2956598997 44.0747148580
727073823.0845297575 46.8220430873
642582710.0608829260 30.9989859186
642824962.5715507269 31.0937055073
709653420.5539821386 45.5439852253
709439153.9483062029 45.5010749325
709780460.6429998875 45.5814952627
632201777.2643252611 27.3380354727
698968953.5239245892 44.1370634026
698826793.8324878216 44.1160419397
632347090.8375490904 27.5094886664
709453188.5631215572 45.5011101186
632717577.1347740889 27.5991711709
633284342.4600164890 27.8506369539
633207334.1001712084 27.8149158875
672102809.5826717615 38.3955362629
726878344.8610376120 46.7979688123
672052607.6549094915 38.3769037000
607362341.6993101835 14.2728113390
633433970.4921514988 27.9769029678
632954182.2361675501 27.6960561878
632758984.2575577497 27.6796811677
607451392.1098384857 14.3577051979
607240696.7916694880 14.2549934543
642659112.5282182693 31.0212822532
708966334.9044992924 45.4310551740
642450386.5089932680 30.9445677992
607485965.6468727589 14.4266018428
632868394.4518306255 27.6896650777
708782387.0505361557 45.4106978187
641507338.6812508106 30.6207151701
606529330.4089286327 13.3176455608
707412801.9338951111 45.1798426640
606751420.1954236031 13.5811679771
606923829.3693665266 13.6632684635
605503052.1980812550 11.8377296405
606241934.2699406147 12.9019581282
606292408.1342189312 12.9535066639
607004619.1437879801 13.7312245497
671951809.6298979521 38.2939312383
606303755.7414062023 13.0721806222
724719170.5316709280 46.5831627995
723907226.6343090534 46.3363678362
723983428.6779673100 46.3711859761
724088257.0210164785 46.3800936081
726156060.5026429892 46.6847564355
725834356.7619240284 46.6677920446
606095778.9444503784 12.6469907678
726277144.8978297710 46.6898548007
726068384.0708054304 46.6820603162
605794972.5598603487 11.8395600419
605969571.5623587370 11.9634051783
605965940.0427762270 11.9217209378
725300508.9111142159 46.6187571660
739132452.4550470114 47.3153862283
740412702.3780134916 47.3613108918
740113100.3462547064 47.3539005741
739526441.7044907808 47.3289758936
738872733.8948591948 47.2932947800
695671153.2580434084 43.0881593146
695043457.0710136890 42.9740719511
693045739.4620597363 42.4407844966
691142108.9226213694 42.0871116689
691026566.6525671482 42.0792986548
690722069.8447376490 41.9978890309
692835125.5287179947 42.3278119411
692941303.2173686028 42.3757050584
692684338.5582703352 42.3162453624
692179703.5018357038 42.1810126950
626491178.1433498859 23.6498243247
626325865.2446019650 23.6035291438
666396471.5651268959 36.2935965086
630553297.5999045372 25.5416811098
630463114.5384439230 25.4647440563
630544428.9094029665 25.4752162851
630253749.2813286781 25.4526590814
629605632.7970590591 25.0375032243
629791071.9458175898 25.0526134186
628504700.3353121281 24.4020643846
688229534.9662451744 41.3597852868
688375118.4818903208 41.4168218654
688838036.4398384094 41.4755239124
667049648.3211922646 36.4800830411
688649969.9194779396 41.4308321113
687604235.9587558508 41.1996840208
687286997.9845523834 41.1281692019
628564725.9030047655 24.5410554257
666850586.5762588978 36.4416970614
686684273.9163308144 41.0464754053
686135689.5161941051 40.9565555776
685334241.3310967684 40.7999568856
685935844.4425619841 40.9110557748
684627034.3557561636 40.4523131346
626109971.4548903704 23.1391823659
628073991.2954466343 24.2420907781
626138056.4677114487 23.1921513915
627702003.3933613300 24.0487559863
628026849.8277664185 24.2148059883
627818573.5636067390 24.0773128473
684683991.4031202793 40.5620567422
666629350.5009789467 36.3874418441
666698420.4290207624 36.3880292028
684564470.1096044779 40.3581228982
667840633.9234548807 36.6211832075
681702997.5969536304 39.7645557767
681366017.8934500217 39.7071712208
680933501.2147331238 39.6244969691
682041455.0383820534 39.7966207159
681654320.5252556801 39.7396620025
681550109.7503979206 39.7241687891
681040355.2207584381 39.6352138430
680772195.4409043789 39.5861739110
670971727.6690117121 37.2252769962
670705046.5481024981 37.2172469113
669968475.2623301744 36.9671361024
670392131.9631460905 37.1180645103
670810351.8264169693 37.2195023225
670337253.9627035856 37.0695298278
670932965.8645255566 37.2252221096
670542011.6878073215 37.1204435217
665303634.7159377337 35.6202210785
665592060.3066784143 35.7122360634
665505765.2990130186 35.6862142997
664336725.4197269678 35.3280372414
665267486.6813756227 35.6040425206
664458229.2387133837 35.4076419229
665219360.2365163565 35.5865029077
664838009.5205990076 35.4968660231
661113971.3423411846 34.1345647955
661847373.9401665926 34.2995541366
661856785.4696840048 34.3542968490
662042198.7057279348 34.4317813748
661331001.2198081017 34.1898080641
662117197.3693519831 34.4452282125
660915468.4600101709 34.0655667046
660993103.8668912649 34.1270886594
625502783.6520907879 20.7940506704
625216787.0293462276 20.5887373567
625495131.9857058525 20.7715844020
625471926.4001702070 20.7574105535
625604429.3726825714 20.8701849039
625278421.7928301096 20.7446331430
623801315.7403409481 20.0474830833
623475477.7941339016 19.8497306693
623471214.8039835691 19.8405843244
