237859279.7082813382 4781896.1191406250
246288048.1044467688 4801696.7597656250
220556504.1068220139 4308600.8476562500
222015831.4207075834 4398727.5351562500
223375794.1661508679 4477030.1035156250
231362159.5434869826 4712630.0234375000
232556703.4591977298 4731338.1679687500
232812161.0218080878 4733065.2421875000
238080253.1445875764 4782357.9746093750
249027844.6231866479 4804800.6542968750
218984404.7997273207 4077383.6171875000
219002340.7695756257 4078715.0976562500
223208778.3101683855 4466738.5566406250
228301861.4825099409 4638607.2714843750
232339749.9110284150 4730137.5761718750
227169883.8700326979 4609906.0039062500
223150007.3983107209 4465163.7968750000
225257465.6720563173 4546573.1953125000
232192307.0159551799 4724319.1152343750
217328314.6056296229 3681246.2109375000
220794512.8653969169 4327960.7558593750
220917965.4867323935 4336478.3828125000
223236763.8494372368 4467057.4648437500
228403249.7149426639 4639852.6718750000
231573560.2070672512 4717666.6054687500
236197153.6654179096 4771973.9941406250
219020861.4041977525 4081691.9882812500
218871829.8482497633 4061381.4628906250
225274216.6636488140 4547274.8710937500
228465972.7003136277 4641447.7890625000
236991615.4965571761 4778040.9746093750
217066802.8112508655 3499296.4902343750
218078620.1213065684 3877268.8886718750
227763783.0505000055 4631436.1152343750
237437459.2243749499 4778792.2050781250
217158727.1336628795 3546350.0019531250
218974209.6512457430 4072320.1250000000
227200377.1133566797 4612424.4218750000
226868231.7988166213 4605471.2910156250
231551728.1506311297 4717220.1230468750
231671331.7514396906 4720019.1718750000
217386724.1541789472 3697265.2792968750
226671905.3437060118 4597950.1894531250
245885343.8677638769 4797636.2089843750
217067098.9483906031 3501349.6113281250
220366798.3920038044 4280463.4199218750
220500944.5122728944 4298547.2968750000
220396270.1022152603 4289183.1601562500
220807357.5684008598 4329463.2519531250
220699558.9675564170 4322211.9746093750
236063744.4087870717 4770935.6289062500
223561139.5308718383 4484360.6113281250
223809759.7736608386 4494281.4238281250
236016217.7497243881 4769701.6015625000
223738758.6719061136 4490875.3710937500
217481193.6097085476 3726360.6875000000
218078841.0738128722 3879282.6699218750
223529002.9822836518 4482880.0410156250
226861938.2460904717 4603919.0156250000
231977463.1900723577 4722700.9082031250
236005112.4899471998 4768806.7675781250
220453017.6513966620 4292504.6777343750
218167219.8814389408 3895161.4863281250
236265367.0709151626 4772184.8691406250
245789275.9396202564 4796548.9511718750
217322946.5911833644 3677682.9257812500
218111966.6969773471 3888959.3828125000
221559150.2708764672 4378248.5644531250
226540109.6802964211 4592835.3691406250
230798791.0610702336 4706265.7578125000
232214181.4768531322 4726490.5996093750
237075815.1560400128 4778551.0878906250
237446874.7228091359 4779666.0957031250
218012831.7483618557 3871832.9765625000
223336654.8515577018 4474852.7675781250
245914912.1677125692 4800173.9980468750
223477733.6676229239 4480714.2910156250
226619664.7328865528 4597456.3613281250
231573848.3922661841 4718901.8281250000
223275789.7818787992 4470934.7343750000
217458592.5338233113 3724816.9765625000
217500183.7643274963 3736921.8359375000
223299077.4291886687 4474331.2304687500
249653911.9325363636 4805615.0058593750
248673548.4203139544 4804110.2792968750
230905526.2709657252 4708179.8085937500
245889798.5037353635 4798355.2011718750
246215449.5311118960 4801430.8847656250
237715480.3551357388 4781127.9667968750
231420262.8202431500 4716346.5605468750
217396031.8263778389 3707103.7363281250
217381176.6722805500 3695070.9199218750
217452880.4183481336 3721291.1523437500
217915335.1199273169 3846608.4863281250
222976266.3166248202 4454106.9550781250
234389120.0287036300 4752654.5527343750
239007070.6264785528 4783790.2246093750
225597352.6410558820 4559863.1406250000
217126054.2590523064 3540335.8144531250
220474974.8149273992 4297590.3574218750
225444656.5754497349 4555643.5371093750
226501073.2501528263 4591100.5332031250
246027956.8686921000 4801119.9082031250
217953495.2959418893 3850211.0000000000
220667605.3462384045 4318603.6191406250
223020945.9409252107 4455888.5136718750
231145305.0521279275 4712119.2070312500
217076089.4980749190 3514911.2695312500
217105812.3231565058 3534623.7539062500
236734734.5842348337 4776901.7207031250
238707849.3872461319 4783604.0332031250
225488632.0502256453 4556962.2382812500
245843961.2950693369 4797173.5351562500
235115765.5872926116 4759781.6074218750
236354416.4253985882 4774062.2988281250
218908753.2196229100 4063920.4921875000
223130246.1616818309 4459907.3710937500
217085316.0905911922 3517787.9902343750
217992459.1187877059 3856668.8828125000
220625431.0261721909 4313571.2050781250
221328133.5883268416 4361361.0332031250
221384387.1087827384 4366045.8437500000
248537829.3285307288 4804094.8847656250
217090904.3363062441 3528859.1855468750
221373304.7436753213 4362284.9414062500
221268962.9240577817 4358812.1347656250
234966620.5609958768 4758210.2539062500
217528097.4168202281 3742785.4628906250
228182788.5040804148 4638238.1621093750
230734162.4531435668 4703076.2871093750
217897706.0367195904 3835647.3300781250
238421013.8501393795 4782833.1035156250
221217636.0189426839 4353897.5078125000
227528756.7520487905 4621704.5214843750
231666782.0353817046 4718905.9648437500
217868906.1521105468 3830494.8007812500
217835576.9353737831 3827516.4238281250
223088810.5643963814 4459596.2617187500
236323007.2849190831 4772809.4863281250
217340341.1143958569 3684076.6230468750
227430555.8487130702 4619903.8613281250
227556284.2419140041 4625023.9589843750
222879023.5400027633 4449586.0781250000
222945628.6341283321 4453209.6914062500
248131470.1888274550 4803563.2285156250
217946902.7311312854 3847720.9609375000
217778299.0683356822 3800883.4394531250
217362678.3580808342 3694393.5058593750
218706526.8782241046 4021310.9101562500
236473850.0793483257 4774916.8886718750
237551835.4504004419 4779981.1777343750
217117673.5709777176 3539191.6269531250
230486236.1042490900 4696849.6093750000
224165172.0050924122 4502864.6191406250
230635031.1035740077 4701109.4023437500
218767983.9892449379 4031426.4375000000
217130703.6849750280 3545546.8457031250
221339368.3346510828 4361721.9433593750
226204706.3554312289 4580330.3691406250
234574149.6094004512 4754635.7031250000
222372941.6334904432 4416967.9082031250
248290464.1119729877 4804087.4511718750
218786525.4793462753 4038794.1093750000
218774227.5104988515 4038384.1679687500
222449600.0979523063 4425421.6210937500
222477171.5191459060 4427031.1738281250
248799910.9111269712 4804279.9042968750
227337111.0513162613 4617215.9550781250
217163068.2675161660 3555477.7539062500
218790752.5116772652 4039919.5292968750
227220198.0227865279 4614103.4433593750
221103647.8781667948 4345843.0957031250
221155966.1293132007 4350302.5996093750
217388672.1420175731 3701241.6132812500
227177091.8657287657 4610753.6953125000
234635266.6444303989 4754989.2070312500
221014052.6736969650 4341611.1992187500
235253864.5169039965 4760732.6718750000
222256870.3606693447 4412592.1484375000
222240792.3227606416 4410961.4199218750
222235009.4154988527 4410441.7480468750
227255315.4768738151 4614266.1132812500
227049215.3910564482 4609267.4902343750
224152849.5678823292 4499282.3496093750
217806091.0112075806 3815775.0019531250
225042038.5058153570 4531222.2226562500
226561747.0722214282 4593565.8925781250
222285401.5318723917 4412603.3339843750
225877330.3841009438 4568845.9824218750
217264375.0735493898 3616178.8886718750
218844649.0036163926 4048970.3457031250
226576228.6329853535 4594898.2910156250
217170844.7349926531 3563925.1914062500
234868430.9836937785 4757788.9218750000
217759787.7935910523 3800106.4433593750
217421561.8654811084 3707531.0292968750
217737517.2296858728 3798457.5078125000
236473211.1177940965 4774481.6621093750
249523101.4668087959 4804821.9746093750
222154427.3964889050 4404835.3007812500
217708525.8790126741 3789534.0078125000
229977897.1694608033 4679364.4277343750
225162366.5710438788 4540749.0332031250
237259494.2463800907 4778600.7949218750
230366037.5426715314 4688131.5996093750
248061721.5571957231 4802773.2714843750
217194017.2517396510 3570372.1875000000
217681446.1018577516 3780750.6816406250
236616049.7638015747 4775758.7441406250
217204619.1467204690 3580060.2910156250
225186364.1833344400 4541453.1816406250
230080663.1006166041 4684511.6230468750
217216271.5116163492 3591958.3066406250
218749094.5152075291 4026521.2753906250
225281303.9770570397 4547709.1503906250
225087196.7696929872 4538597.1074218750
234322386.3428609371 4750804.7226562500
217276258.2968999147 3623277.3867187500
225759698.3864659071 4565629.7968750000
249595944.0157812834 4804854.7050781250
217648348.1005451977 3767614.0468750000
219598320.1138987243 4104412.1523437500
226284230.5055600107 4583046.7539062500
217613224.8337385058 3760946.5058593750
219379974.1903437972 4103982.8183593750
226216635.3259086609 4580375.6503906250
219222262.1335342228 4099618.3203125000
219160760.3871750832 4090500.5898437500
219194444.8607789278 4096832.6269531250
219326359.8368294835 4100621.5234375000
226162908.8806237876 4579665.0332031250
222108152.5247361660 4401579.9785156250
222004832.2654194832 4395278.0136718750
239970104.9144636989 4784972.4472656250
222078545.5280525088 4400339.6386718750
217705397.4821429253 3782464.7949218750
217594798.7472954988 3748908.0312500000
225995425.2966162264 4572778.6484375000
217231455.8496685922 3601011.7519531250
217235435.0893130004 3605768.1113281250
240287268.9003124237 4785148.6035156250
225854347.7943423688 4568662.9824218750
233200658.7670838237 4735719.6992187500
219184802.5567148030 4094059.8183593750
239971235.7357842326 4785123.5839843750
218663024.2000371218 4001741.2968750000
218573557.3143307865 3979013.1992187500
233608600.9445421696 4742177.0234375000
217260422.1078141928 3614954.8457031250
217257067.6528165638 3614079.3671875000
233167396.5607699156 4734898.5058593750
239589160.1077904999 4783933.5722656250
217644223.3339691758 3763532.4042968750
218631093.0007298887 3995036.7773437500
225361077.4613023996 4549279.0351562500
218580206.4939966202 3983141.8984375000
233929029.8428699374 4744476.0566406250
218620279.7790240347 3994396.0781250000
218653465.3593561649 3997524.5410156250
217298728.1036342382 3632096.1601562500
225071692.4425523281 4534211.7929687500
229276725.8030921817 4661968.6015625000
234312434.4676898420 4749742.4511718750
234007791.9105958045 4746481.5683593750
217570656.1710496545 3744628.9082031250
218445301.7738279998 3941139.1699218750
233060816.6437299848 4733825.0000000000
225002945.3537937403 4528256.8007812500
218509409.7381196916 3953852.1484375000
245184595.1393554807 4795938.5839843750
218518502.0860734582 3962454.8457031250
244521690.3776437044 4793794.5527343750
235844031.2171862125 4761573.1464843750
235923424.2292048335 4762713.4003906250
229537479.0577428341 4667556.2792968750
229523671.9220606685 4667553.5585937500
244847259.4552722573 4795864.5449218750
224756070.8021222055 4518669.7519531250
224731349.0835339725 4516423.0566406250
218473349.9761555791 3946392.0957031250
244296353.4330322146 4793350.9355468750
244770147.9290930033 4795315.2207031250
244520725.2425909638 4793685.1347656250
218560352.2826426327 3965958.7539062500
244177622.3907250762 4788867.5976562500
218472837.3720459342 3941567.5585937500
229397263.7327834964 4662984.6972656250
218425879.2349175513 3922636.7617187500
229784321.6406596303 4673851.7226562500
218333590.8692387044 3905039.0507812500
218386043.4307663441 3909258.4824218750
229237822.8077561259 4657595.0957031250
228717042.7551443577 4644138.1191406250
218366093.2628759146 3906830.6425781250
243795549.2677825093 4788254.7050781250
228955797.4608897567 4650402.9570312500
243812134.7075504661 4788380.3808593750
243939873.8500183225 4788529.1972656250
243297998.3947512507 4785540.7558593750
243488237.5292690992 4785703.3808593750
