541164315.2769174576 15051879.6523437500
545548827.7675974369 15124729.2421875000
544528836.4436429739 15112103.5273437500
550644942.2268186808 15193448.4335937500
535824800.3904164433 14938242.9726562500
568642687.0073660612 15272754.9687500000
550790914.4328938723 15196356.7851562500
543471168.4009859562 15098253.2539062500
540990603.1259441376 15051872.3710937500
535946804.7599436641 14940091.6679687500
542763794.7281434536 15083465.0703125000
538658790.9618905783 15004961.1601562500
543283928.4280859232 15091917.8125000000
550080785.9396070242 15190125.9218750000
540612234.6849048138 15048163.0976562500
545059750.5575183630 15118285.8593750000
551551363.6185166836 15203494.6875000000
529081687.8389675617 14664737.2656250000
545834979.7223125696 15130962.6406250000
545572561.5489524603 15130082.1875000000
550134721.1425391436 15191847.5390625000
529860999.4507836699 14700842.5468750000
537403953.9706041813 14977705.8437500000
562506370.4040813446 15264309.9726562500
545352306.8474348783 15124243.2695312500
550960588.4520516396 15198284.6367187500
526548061.6149485707 14455901.2890625000
538003693.6546709538 14994143.6406250000
550832552.5032794476 15198278.4882812500
545279144.4653325081 15122563.1796875000
534432132.9098263979 14889168.9375000000
537239355.9069268703 14976033.6914062500
539880152.4565064907 15029575.3046875000
563039630.7862447500 15265886.6640625000
537540873.4751141071 14983223.4804687500
539279003.5313104391 15021399.1445312500
537056700.8681416512 14969909.8007812500
559788572.7563934326 15260540.1992187500
553641373.4326360226 15217799.1796875000
559765550.8933397532 15259366.8671875000
540479754.5534858704 15042079.8085937500
527095366.2738577724 14530488.2070312500
529586995.6421282291 14692533.6328125000
529053614.6805675030 14663377.3750000000
551881822.3920065165 15207823.6054687500
544898242.5446945429 15112578.8867187500
534700889.2297390103 14893695.0664062500
527090583.4099684954 14528897.1093750000
534490366.1778346300 14889382.7031250000
529404340.6033429503 14686471.5000000000
535281444.5722320676 14913085.8593750000
536749625.7110964656 14957179.9296875000
535692447.9772776961 14927526.1445312500
527440728.7563191652 14553856.7812500000
536326806.1133502126 14947683.7656250000
538296337.8280234337 15003141.2226562500
530841837.8982769251 14742436.0820312500
536874183.4385147095 14965465.4492187500
536166275.4961705208 14942554.8437500000
528947029.0921918750 14648739.7265625000
562514733.9201319218 15265701.4492187500
536174321.3573337197 14943230.1445312500
534722802.8055043817 14899830.4335937500
527354487.5966954231 14550223.1640625000
537909709.9105601311 14992701.1835937500
537779243.0666260719 14991436.2382812500
535441124.5026744008 14925065.0117187500
559837261.2358735800 15261476.3242187500
528913939.2785065174 14639155.1718750000
527898349.5220115185 14596314.1250000000
552025878.3643307686 15209202.0625000000
562476279.3652256727 15264102.0234375000
541408305.5235677958 15058927.5976562500
561556219.1151863337 15263235.7226562500
570310344.2385230064 15273391.7734375000
568353583.1883481741 15272554.2890625000
529374882.6531968713 14677931.9218750000
551328912.0983476639 15201380.5859375000
551271934.5098394156 15199951.7382812500
527786244.3345090151 14581593.6445312500
526628852.6189643741 14502685.9765625000
527546935.2305059433 14562462.3750000000
560115906.4126212597 15261512.4687500000
541829113.4279688597 15066451.7656250000
536184377.8810748458 14944555.9609375000
534603273.9992169738 14893401.1679687500
564771570.5262956619 15266677.4531250000
541936143.3261996508 15069051.3515625000
527688007.8779247999 14566351.0625000000
537489932.0866475105 14979934.1210937500
529813010.6466392279 14700329.3867187500
559023525.7746675014 15256240.0546875000
539510760.6250702143 15022315.0000000000
539156996.6171898842 15013369.7929687500
537463584.5851911306 14979739.8867187500
526719995.8772270083 14521350.4765625000
526719981.6118817925 14516050.9179687500
526834210.7706648707 14521727.0273437500
551767566.6441596746 15205852.9492187500
526650824.8870319724 14514913.3593750000
530215259.7833856940 14725193.2304687500
567891348.3693587780 15271598.5937500000
530633943.8846040964 14739262.5781250000
539626135.4367666245 15024424.8476562500
530493848.2218774557 14734894.7695312500
528839698.3594773412 14634670.0156250000
538177046.5198214054 15000814.2656250000
538133938.5888241529 14996407.3789062500
543292991.2206580639 15093476.2343750000
540008491.7108186483 15031706.4531250000
527848695.7116760015 14586487.8164062500
568071509.5598434210 15271728.7343750000
526513294.9834300876 14451049.0703125000
530311193.1830920577 14728841.8515625000
527326264.5258671045 14541486.2226562500
527141224.7137963772 14537542.7851562500
533559675.9790552855 14859614.5585937500
526945624.3812465668 14526432.4882812500
526577640.8784825206 14462512.0195312500
540160242.6693427563 15035558.8085937500
527193489.1917458177 14539606.3085937500
537776786.7887905836 14985793.0468750000
527977396.7772837877 14603409.2968750000
544251219.5494027138 15107565.7148437500
528374562.2106369734 14617979.7304687500
541422551.8500293493 15061965.8203125000
539098638.9116394520 15009672.5742187500
528144821.9545601010 14609822.4453125000
543575526.2350027561 15099863.3515625000
529907596.0431467891 14702158.3789062500
540535240.1805851460 15046594.7109375000
526873766.2775792480 14525577.6132812500
541814028.5644717216 15064226.4726562500
528593676.8171696663 14625469.6093750000
540144773.0613940954 15033472.6640625000
546519813.5744236708 15141444.9414062500
539212423.8843375444 15013531.3906250000
559439531.5964721441 15258700.7851562500
545914161.0831980705 15134225.1250000000
528678064.6416493058 14631730.8359375000
528966333.8431071043 14658361.4492187500
559100578.5638977289 15257833.7500000000
538527025.7866705656 15004161.8007812500
529113057.6512973309 14676178.2773437500
540701522.6218016148 15051382.2421875000
529898444.3054525852 14701317.0156250000
538282554.9408462048 15001025.4531250000
529772601.2086323500 14699678.4609375000
543719395.1631481647 15100591.3554687500
528459966.5839946270 14622328.8984375000
543620375.9133929014 15100405.0859375000
546284620.6104379892 15139216.6562500000
530185055.3838321567 14718290.3320312500
530008919.8236714005 14712675.8984375000
530879205.2367206216 14744288.4882812500
530049531.0349615216 14715955.9101562500
532746517.8199741840 14828651.7773437500
528285774.7633494735 14613110.0234375000
532820045.8485852480 14830309.2382812500
549431743.3779454231 15179826.1679687500
567753603.1700651646 15271569.7460937500
533072440.1645481586 14838554.3085937500
531836521.4189745784 14785942.8437500000
528908593.6535491943 14637690.3828125000
533119944.2950479388 14844551.0390625000
532250259.2523148060 14806955.0546875000
528166872.2455206513 14611169.5507812500
528389391.9037429690 14618779.2929687500
565859081.7837682962 15267754.4921875000
532344845.7312019467 14809098.2070312500
535128526.8924372792 14911027.3710937500
530806210.8804830313 14741106.6875000000
533392950.9845575690 14855388.5859375000
566239375.0737285614 15270239.0351562500
567091593.4600069523 15270378.9062500000
532884658.8831923008 14834055.4687500000
532689440.8723892570 14823870.8710937500
530923858.5981017351 14746988.4804687500
532609620.6092414260 14823061.5078125000
554806335.7062462568 15224592.7929687500
544055862.5044164658 15105012.9101562500
543890455.8081735373 15103759.9726562500
544989881.3591265678 15116131.0468750000
541841519.3605648279 15067668.4882812500
541969100.2991786003 15071095.5195312500
543041905.6542634964 15090445.4804687500
542440761.3049839735 15079433.8945312500
541656520.6808298826 15063950.3085937500
541865291.0070691109 15067814.3242187500
535070532.9306229949 14909758.7695312500
552518516.9484692812 15214197.3984375000
552227854.0933266878 15211677.2812500000
534931083.2950726151 14908285.7304687500
541616938.8855366707 15062364.8554687500
548807756.7070571184 15172467.4648437500
536129479.2664464712 14941898.1523437500
531306117.7213903069 14764118.1250000000
553384899.9690004587 15216173.4843750000
558419689.1618736982 15253067.9218750000
531947294.0737698674 14798351.0468750000
533030699.5375929475 14838310.6757812500
552311533.1271138191 15212100.7929687500
557461625.9960018396 15245191.3945312500
554387263.5128883123 15223705.4062500000
542558563.3116502762 15081917.4257812500
570718123.7685921192 15275377.7890625000
535180486.3418130875 14912702.1796875000
557798675.7818959951 15246955.2656250000
535319186.4342785478 14916108.1992187500
550782367.1064523458 15194146.8437500000
547291905.5185929537 15155545.3046875000
531486448.6449933052 14773771.0195312500
558040133.4306945801 15250080.4570312500
558047061.7424930334 15250874.4023437500
531092928.0420260429 14753527.5039062500
558294665.9957329035 15251185.9531250000
557020049.0017710924 15239934.6210937500
531392930.9959402084 14767875.9570312500
556464076.6833475828 15235414.5703125000
549592124.4141895771 15182617.6210937500
531152123.6690880060 14757353.9453125000
542067784.4537851810 15074914.1054687500
530986400.4282500744 14752832.4218750000
531175684.7885055542 14764064.4492187500
531553818.0652009249 14778100.6718750000
536626227.5678576827 14952167.3671875000
559254024.6297053099 15258695.5273437500
570490558.4926799536 15274419.3437500000
536840517.8206100464 14958758.4882812500
536506947.7871940732 14948821.8828125000
555470009.8740726709 15230211.1054687500
536612627.1253475547 14950835.5234375000
558467591.9480481148 15255055.1210937500
533939177.3539206386 14876909.0742187500
531450353.8569807410 14772621.0078125000
534125629.3022698164 14880902.6250000000
531425776.2889217734 14771853.0820312500
534373198.6900449395 14888406.6054687500
530392430.7304294109 14729096.6992187500
553307964.9508048296 15215859.0156250000
531836869.0906340480 14790667.4414062500
532434970.6197671890 14814848.4531250000
547821082.8909873962 15161835.9921875000
533537641.3629928827 14858416.0312500000
533579669.0133885741 14861845.2617187500
534363146.4838936329 14887538.9257812500
533168894.5237378478 14851459.9296875000
532476544.9662417173 14817190.1562500000
533284425.1796113849 14852845.4101562500
534188483.8287541866 14883898.5507812500
534770593.7788455486 14902745.6289062500
532355026.6723858118 14810531.2265625000
533404563.7024760246 14858105.8046875000
548685356.3017035723 15170796.1250000000
532026178.0715356469 14800379.7500000000
532153111.3410778046 14804437.1796875000
570770228.2582339048 15275383.3671875000
534135138.9257788062 14883241.7265625000
534047667.3556594253 14879027.2187500000
533621807.2771006227 14862537.2148437500
531909779.4251801968 14797725.5429687500
533564968.5818621516 14860721.3828125000
549013945.8095730543 15175134.6914062500
533654778.8847888708 14865089.3085937500
570316030.2440758944 15273923.8007812500
548825624.6242849827 15172892.1601562500
531685229.9531947374 14783809.3203125000
542787272.6243379116 15083723.6914062500
546537434.9457319975 15144336.4570312500
545844907.2616301775 15132002.2656250000
548165503.6238971949 15165795.0703125000
556788203.9913362265 15238675.6367187500
546455876.2141214609 15139225.2109375000
556666357.6019365788 15237583.3750000000
549302631.8486933708 15178453.3867187500
547109210.1597225666 15151301.0742187500
555901009.2344511747 15234011.2421875000
550712675.9834798574 15194133.0351562500
569822485.5931355953 15272964.3867187500
554866230.5174322128 15225023.9296875000
547671005.9566500187 15160194.5468750000
553930611.0399415493 15222236.9140625000
553799873.2169146538 15221468.7109375000
547496346.9655386209 15157756.4687500000
547541580.0845919847 15158636.3398437500
555657833.0411875248 15230445.8046875000
547042885.1957969666 15149854.9140625000
553440515.2777779102 15217178.3125000000
546716915.5231373310 15145746.5195312500
548283483.4585551023 15168008.8476562500
549673523.4571647644 15183692.9531250000
547192664.4438017607 15153432.6250000000
550074492.3906770945 15187216.1054687500
553009718.6823902130 15214658.0351562500
548608652.9775264263 15170788.5625000000
546849652.5096745491 15146481.0351562500
554906060.5320721865 15225639.3593750000
555060770.5636783838 15228334.5273437500
555697721.8566964865 15230617.2851562500
555057573.8834359646 15225792.0742187500
