514786565.5210940838 2723821.8500976562
510271798.5524383187 2385911.5503540039
510422140.3418900967 2396906.1751708984
510590687.4699546695 2415378.3792724609
510978329.8317847848 2449688.6551513672
512825996.1382293701 2591398.0458984375
514216914.3775954247 2680088.6108398438
525129855.2409247160 3090230.1354980469
519650037.9779368043 2949825.8669433594
507660537.5573017597 2112458.4338989258
509166088.5689666271 2286948.6862182617
509549958.9860806465 2323364.7135620117
509831079.2361048460 2347944.0881347656
510623327.7674503922 2416875.3020019531
511739611.4421184659 2506277.3297119141
517113581.8544132710 2868707.1760253906
510006150.7575441599 2363769.7159423828
511118280.4696181417 2460507.6829833984
511225941.9289823174 2476930.3494873047
545961301.6610604525 3432469.1679687500
507473468.0248758197 2088413.7871704102
508314151.9783955216 2195664.0973510742
509991576.2781025171 2361226.5137939453
507432927.4581131339 2079710.3800659180
509751996.2139306664 2342006.7817382812
513757439.7888152599 2648692.9453125000
513285745.3943957090 2622818.0434570312
507794639.6684055328 2129297.5028686523
511483094.0176063180 2484943.4605712891
508739715.1642628312 2243338.3712768555
510233049.7435551882 2381128.6398315430
512490509.2142939568 2567091.4770507812
509066858.6872913241 2278424.0326538086
511152447.6137020588 2462628.2943115234
510149171.6976137161 2372903.3444213867
507490726.8245390058 2090888.0514526367
510847746.9896954298 2436315.2950439453
507250638.9868625998 2044761.8102416992
507288506.2717952132 2052684.0202026367
510276963.2916300297 2386836.5421142578
520855067.2296209335 2986623.5700683594
508405567.6865878701 2206240.5599975586
509726674.7578119636 2338149.8699951172
512306914.2093400955 2559542.6350097656
510560265.9163054824 2408879.1308593750
534505009.2770451307 3286243.7827148438
511020067.9213857651 2453609.6343994141
513854072.5895288587 2658668.9077148438
534499689.7814991474 3286131.4028320312
508614058.8521291018 2229610.5901489258
511109665.5970698595 2459429.5111083984
512750967.7122321129 2586591.5900878906
509694034.4603164196 2336652.9472656250
512527335.9963908792 2573847.1123046875
508964659.6322360635 2266179.6220092773
513829593.5430840254 2653611.7739257812
508559765.3490806222 2225013.4904174805
509536064.5055323243 2321347.5249633789
512923665.5200778246 2595533.5598144531
509881281.2405073047 2350401.7530517578
511701439.9854723811 2505261.2513427734
510358019.0531517267 2395416.3571777344
510118993.3368458748 2371531.1198120117
507368439.6241630912 2068087.7081909180
510165874.4202005267 2375092.5225219727
514186001.3743045330 2671585.6262207031
509988078.7614297867 2360353.6707153320
527000148.3127866983 3149702.5090332031
535404243.0390354991 3304091.9838867188
510074926.0637799501 2368194.4739379883
509747600.8694174886 2339462.2927246094
509823319.4868930578 2345047.9185791016
507224018.4378450513 2041061.3483276367
509367767.9827966690 2306081.3727416992
512940800.1986734867 2601936.9963378906
522415624.7258564234 3035478.9587402344
512504621.6013928056 2572287.1127929688
514220656.9770741463 2683016.3828125000
507255604.4671050906 2046752.0614624023
510887266.1570465565 2438869.6273193359
534965483.2802215219 3297125.8842773438
508614692.6058824658 2231308.6499633789
512694341.9611024857 2584666.1401367188
515434541.0364124775 2764462.9128417969
534763589.3756458759 3294286.6137695312
508292287.6139066815 2193475.1172485352
507902233.2290590405 2147089.4274291992
509210416.5191661716 2289324.2960815430
512723692.7077070475 2585513.4182128906
507461872.3868412971 2083826.0466918945
507817001.9351373911 2132481.2546997070
509028225.5158821940 2272040.9552612305
508776626.5845954418 2246485.7493286133
508906227.3516349196 2259884.4624633789
534999686.7279475331 3298964.9204101562
534550586.2884486318 3292058.0424804688
509317252.0211066604 2297679.6846313477
511516063.6823881269 2492557.8809814453
534376982.2129646540 3283894.4863281250
533958069.7210003138 3277498.9765625000
507698096.4474601746 2116216.3242797852
508352107.1910734773 2200263.9171752930
526815165.6907903552 3145704.5607910156
527813586.6854687929 3169816.3054199219
508800674.4744696021 2247898.7227172852
515135771.2186530828 2751587.6506347656
512891532.9175671339 2594728.1594238281
531329394.2762662768 3216366.7963867188
559934153.0668523312 3570797.6450195312
508207234.8860995173 2184188.1578979492
509439027.9147700667 2310325.6204833984
512633019.5149648786 2583823.0747070312
507819165.1766767502 2135129.8670043945
510068756.1244297028 2364597.9184570312
508235864.7412587404 2186090.8065795898
533257730.3962106705 3257458.9526367188
508443522.8992658257 2210840.3798217773
517911831.5124596357 2889254.8642578125
528654249.5555300713 3212539.5288085938
519299531.1893436313 2939066.0781250000
508197909.5285807848 2181490.9867553711
512462303.1597205400 2565387.8833007812
507955537.7466831803 2154160.0167846680
508869315.9313023090 2256737.0844116211
525893830.3412418365 3112602.3168945312
512812510.9629302025 2586703.1274414062
512079292.5446718931 2537897.7498779297
525937668.1793307662 3120824.6459960938
525361953.8571480513 3104304.6384277344
514080507.1792885065 2669573.9924316406
522409873.3194091320 3030980.3669433594
515530115.8446112871 2767106.4458007812
588745422.0671745539 3800864.7978515625
522580375.9145281911 3040198.1599121094
507835245.8686064482 2135948.7603149414
519077441.7780543566 2928795.7536621094
520741759.1263101101 2986184.8479003906
507946975.6885432005 2150023.0435180664
507729600.5418441892 2120917.5951538086
509983862.3890416622 2357375.4461059570
509354134.1793821454 2303103.1481323242
520129545.1761267185 2958967.7199707031
512242062.5468636751 2547996.9827880859
565322508.9918022156 3616514.5717773438
565243686.5346386433 3613839.3315429688
508153500.0383762121 2177057.1359252930
525428281.4106553793 3107237.3823242188
522408080.7783104777 3027986.2663574219
528341446.8369206190 3192059.7851562500
525758936.2781461477 3111260.6359863281
515514159.1575733423 2764815.7431640625
577748523.9782260656 3713548.8569335938
527929784.4757517576 3173185.6384277344
515265967.1307563782 2758880.0410156250
514347703.2976477146 2692792.7806396484
512847369.9654862881 2593678.6201171875
560570455.7478547096 3578987.6196289062
515868722.8450874090 2788379.3298339844
512629340.4716167450 2575737.8908691406
532545528.0751307011 3240680.6313476562
517592747.1987605095 2885372.7658691406
516130159.2925634384 2800860.0390625000
516485881.5134091377 2825751.8395996094
514876345.2558197975 2728943.7106933594
573649291.3998051882 3664035.1230468750
573156640.2554135323 3652717.0517578125
511686050.4745634794 2504051.4326171875
512264748.4620053768 2548596.7532958984
512009429.1704299450 2533837.0347900391
514918614.0610593557 2735497.0297851562
546448593.1873135567 3439710.6728515625
511936300.1864718199 2527296.7474365234
522688468.3690262437 3052613.4465332031
584083087.2505509853 3746454.6259765625
521948921.5458859205 3024696.8173828125
524726646.4498916864 3081008.7380371094
531485820.2404174805 3216995.7426757812
543194506.0932345390 3371602.1401367188
542560487.5340510607 3365583.5952148438
516036203.8325856924 2800503.6599121094
543501237.6743553877 3372381.1303710938
518180322.2803493738 2900672.2043457031
539138077.3740650415 3322794.1894531250
538810960.7319080830 3320866.0068359375
520865943.4993410110 2997894.0524902344
517211804.5410442352 2871295.7380371094
513582923.4294134974 2634438.8747558594
513012919.4409498572 2603370.5957031250
518184905.4247517586 2900986.1740722656
518800398.5651395917 2920719.3454589844
528008264.9242950678 3184176.8085937500
511845894.8952170014 2517661.4698486328
520861964.6758073568 2992784.7102050781
576025277.2098345757 3689185.2924804688
517928253.0881290436 2894655.1247558594
546154067.8808366060 3432842.2099609375
514864456.3706622720 2726426.2075195312
518153672.7070511580 2897970.1337890625
528480538.5396021008 3192880.4409179688
543873083.6763718128 3416369.3286132812
511367283.7545881271 2478167.6612548828
546197518.0980833769 3434394.7368164062
513354859.4964457750 2630082.8383789062
527972505.1211388111 3176654.8386230469
513599827.1866674423 2640120.1488037109
511569531.2224181294 2493787.3204345703
513724913.5081671476 2645662.3288574219
515944390.2435235977 2795704.9768066406
514372375.4682781696 2693301.7019042969
517251416.0489718914 2874140.2102050781
515755824.5696047544 2782469.7219238281
520192408.0687505007 2967163.9377441406
516525493.0213369131 2828596.3117675781
521688490.8268756866 3014709.2048339844
515237208.2044872642 2752280.6694335938
520631897.8863794804 2979964.9821777344
517093191.4537454247 2859299.4472656250
521268692.3116557598 3010587.3078613281
559741549.3691027164 3554850.0083007812
576184549.1477606297 3690360.4443359375
520700625.0792624950 2986095.0656738281
515645289.1809797287 2773469.4348144531
518197867.3593813181 2901128.5756835938
544637174.3002742529 3425195.0410156250
516704642.6178164482 2839393.5639648438
518070744.8680044413 2896809.6428222656
525793416.5466983318 3112178.7009277344
585287627.6298255920 3756014.7338867188
526794636.2783315182 3140844.4819335938
562098786.6304346323 3609950.0415039062
583043111.9077823162 3730346.5947265625
577650825.2265927792 3704612.0458984375
583729510.6863116026 3730941.7871093750
514595696.1716220379 2708406.6408691406
525121807.2820243835 3083540.4992675781
520461457.8824087381 2971365.7946777344
531798837.9928483963 3229349.0297851562
531526336.2216916680 3220286.0703125000
582020708.8807507753 3722213.9892578125
560232746.5383076668 3576014.2885742188
519969912.1540083885 2951278.5490722656
527590976.7363274693 3163873.6457519531
540547710.6185405254 3336818.1989746094
540313386.8988983631 3335188.9938964844
516999286.7094037533 2854332.8354492188
555376083.7847998142 3512386.4731445312
514664624.6323258877 2711516.9343261719
518236858.1991784573 2901418.2216796875
575770865.7030668259 3684778.0302734375
514704690.0844242573 2712092.4025878906
539309316.5698517561 3323337.8413085938
514407499.5879045725 2701055.3459472656
514603106.2899510860 2709983.6848144531
543368165.1034522057 3372007.0224609375
515593656.5762492418 2769037.4670410156
556591303.4552527666 3553594.0825195312
585044260.5871773958 3748819.3046875000
584528347.5355058908 3748731.7080078125
567094474.3856807947 3630196.7573242188
566982464.3063797951 3629974.5805664062
552504388.4088498354 3486338.9736328125
526194001.8091200590 3128197.7121582031
546266968.2589074373 3435196.4345703125
524445406.2861305475 3072425.9929199219
546897493.7131422758 3462591.2553710938
546501313.6025005579 3455173.8681640625
541533092.4019736052 3345873.0156250000
541124600.0935826302 3340920.6010742188
519173703.0958191156 2930830.8554687500
516176837.2349903584 2807656.3645019531
523549036.5845133662 3063236.2163085938
523217630.9140792489 3054406.4360351562
527399910.4978492856 3163733.6801757812
516293086.3715916276 2818709.7353515625
527138431.6306382418 3156769.7524414062
543796771.7385569811 3388910.8574218750
525722712.7209275365 3109453.7416992188
583999523.5364836454 3734513.3115234375
541955171.7706246376 3353104.1938476562
541361831.0898706913 3345202.7387695312
594046238.2490493059 3823919.5771484375
518993702.3658754230 2926299.0092773438
518071789.7622057199 2897018.5771484375
587954038.0840057135 3784398.9204101562
586989130.8974961042 3776045.1567382812
543747696.7833055258 3378461.5590820312
516683724.5744519234 2834473.4702148438
525021384.6252333522 3082892.0168457031
526298604.2943047881 3135582.6450195312
543169967.0301636457 3366766.2905273438
593859066.5086575747 3817206.2265625000
575716348.9831472635 3666892.2895507812
593408089.4139333963 3817136.6552734375
593266641.6216043234 3817092.3662109375
592930977.6993774176 3816133.0185546875
592689166.3873831034 3807810.8378906250
592906822.2696896791 3809381.7089843750
592888960.0149425268 3808262.8925781250
592371765.8858758211 3803944.5585937500
530979444.2216280699 3213844.1977539062
