463446421.8617355227 203044.0927429199
463838417.1079361439 203723.1757202148
455188693.2235344648 183285.0831089020
459006607.5537936687 194569.8021659851
463446421.8617354035 203039.7699890137
454290568.0873178244 179870.5256538391
456718270.1676134467 188574.2090759277
463301779.5067580342 202904.2879638672
464213633.5695633292 204643.5373535156
455831250.2085687518 186044.7542991638
457817912.8648574352 191609.8002281189
456886299.8929256201 189169.1241073608
462661927.3576864004 201674.7136840820
463234721.0430710316 202468.5426940918
462285547.4638232589 201081.3280029297
463462458.4737946987 203392.7759704590
461952414.0636783838 200753.5270996094
455866301.5462311506 186180.0080223083
468747670.1358951926 208540.0410766602
456304797.3587654829 186828.3678398132
466387087.8089102507 206181.0571899414
465904492.1693214178 205873.3818359375
456637557.4364037514 188100.5922279358
455119748.2129820585 182530.6207866669
454913519.2923796177 181951.6355171204
456728838.8381962776 188649.6320610046
461593865.2889856100 199826.7715835571
453358146.0227949619 174765.2594280243
455710777.7316086292 185138.7245903015
456565049.9471436739 188100.3586463928
458494392.8255024552 193263.9680557251
459593684.0381487012 195722.6720314026
466493191.8171192408 206229.7270812988
455426448.3802558184 183802.6283397675
453906636.2567991018 177035.2928295135
454720322.2159394622 181024.5612316132
456115709.6365121603 186360.4851417542
456375892.6175916195 187096.7137489319
455866577.0265333652 186323.3364772797
456170916.3844884634 186655.0361461639
466630795.3112272024 206602.9959716797
462170765.7014913559 200762.1787109375
463838417.1079359651 203694.9170532227
454084774.2908124328 179159.0433483124
458154131.0398781896 192735.8356361389
456458993.5915182233 187898.0231590271
459561861.2182275057 195573.8682289124
453335076.1973589659 174149.2118053436
461334179.1282571554 199604.0233535767
464015616.9031886458 203731.3829040527
457615039.7589507103 191073.9793052673
457690215.0624693632 191326.9642257690
453746579.9263374805 176492.9037075043
453487021.0754760504 175551.4505100250
453013247.1316549182 171218.7293968201
455185890.8435959816 182694.4764995575
460793627.8073533177 198242.9454879761
466570562.6507012248 206576.9960327148
455465846.2147535682 184249.4884281158
454691244.6344544888 180788.9641399384
457005789.8714964986 189717.9055175781
457534049.6276804209 190756.8374023438
461469703.1824832559 199720.3740005493
453063810.2494471669 171900.9385032654
457376593.0211928487 190496.2558288574
458031858.5039569139 192423.9709815979
461871905.0719173551 200481.4375381470
462438862.2453303933 201245.4118576050
463754300.4524675012 203481.3484497070
459505489.4286838770 195469.1121978760
455693354.0441268682 184970.1831150055
455735314.8515485525 185435.7816333771
455463292.7697313428 184213.0990428925
454779276.4689262509 181201.5741100311
462253689.8291176558 200797.9118423462
463151139.8107089400 202298.5691680908
458140655.3354644179 192479.4401283264
453888369.2436015606 176808.6345272064
462214876.6301761270 200771.9393005371
460522395.9291641712 197709.7522735596
458285189.0383642316 192921.9247016907
456525956.8843729496 188074.3591270447
457977354.9196059704 192119.9694557190
461646426.8413274884 199996.1787490845
456873829.9940660000 188772.5954399109
457499569.1944491863 190527.4668121338
458191015.4893314838 192801.6062965393
461643130.7488597631 199923.5139846802
457284273.6184593439 190008.9272651672
457336578.9164593220 190254.8009719849
460011160.6216146946 196534.8329887390
455465846.2147535086 184247.4330692291
454865856.8567757010 181293.2637882233
453493783.0982501507 175624.8582715988
455263689.4710589647 183621.8784580231
469326513.0347101688 208771.1349182129
453424653.5706299543 174851.9387798309
456753397.6151118279 188740.6599540710
457598657.3797734380 190809.5973854065
453990223.3185749054 177396.7281780243
453633430.9523675442 176491.4870128632
458616665.3614236712 193533.9321899414
465188275.3515532613 205363.3515625000
455817186.6996278763 185750.5871944427
465108851.8855963945 205357.9019165039
455374558.9004185796 183782.9849147797
456678847.7862231731 188249.3976058960
459876633.0977594852 196380.0426139832
456320314.5186167359 187035.6074104309
455402188.2166587114 183785.4310131073
457658308.9849333763 191097.5552253723
457847428.9549524188 191863.5407524109
465904492.1693214774 205875.1694335938
452979470.6348484755 170148.4332637787
458537384.0255799294 193351.3167800903
456304797.3587654829 186831.9003105164
464894563.3172785044 205090.3489074707
465309124.9129123092 205710.9725341797
462478704.1008716226 201269.7857666016
458099627.4555273056 192432.4859199524
459773899.2863661647 195929.1016654968
465202066.2032157779 205509.7256164551
455513920.1402502060 184843.8028049469
465489392.6920484900 205746.1173095703
458676542.8425616026 193664.1491508484
464885240.7087069750 205050.4032287598
458031858.5039569139 192425.5717201233
454393274.4231850505 180557.2548122406
458778327.4252438545 193960.4647483826
459360140.3134163618 195388.6591415405
466387087.8089102507 206155.1591796875
461128885.1284965277 198994.6722030640
453105654.4636061192 173393.2719030380
452895936.3187400699 169481.0993099213
462598602.2402752638 201459.5648193359
453616522.9963662624 176035.0301132202
455114875.4175917506 182303.1658496857
455094792.8846654296 182244.4091968536
459818342.4837250113 196197.2899093628
468658478.9287692904 208353.7976684570
453170954.0663826466 173862.1040668488
466469942.6309117079 206222.3706054688
459813381.7987750173 196195.5629348755
461161372.6256067753 199232.2247428894
458317558.0959837437 192988.8449134827
463437960.9541784525 203006.1861267090
460184221.5683472157 197066.6138725281
461865308.1288353205 200377.2208633423
457599319.0329908729 190810.0189018250
460487616.3496754169 197682.5790939331
466570562.6507012844 206582.8117675781
459346092.1988846064 195167.7379875183
460860727.4316883683 198297.1577720642
457732835.2507178187 191435.8919067383
469823608.4866677523 209136.7441711426
454680809.3435888886 180776.2288646698
456380667.3747819662 187283.5410041809
462995095.4576403499 202142.0415191650
452891430.9804383516 168847.2796821594
458350968.2050407529 193096.3447761536
459236611.1774408221 194935.8693161011
457599319.0329908729 190810.1806449890
458919392.7024509907 194100.1099700928
459334892.0552845001 195143.6691207886
458431597.5956020355 193181.0829124451
458609158.5468354225 193387.0652656555
466068164.3968325853 205968.5867614746
461865308.1288354397 200387.0719375610
459508028.8934391737 195510.4497909546
460690654.7607545853 198070.3437576294
458328792.9508522749 193035.7277793884
459904868.7456734776 196384.2115592957
453105576.2019440532 172314.7341575623
469340654.2067463398 208821.7662353516
466280369.6489207745 206140.3207702637
462930007.4130364656 202106.7599639893
460690654.7607545853 198105.3953933716
457530941.7894588113 190575.5447616577
459240526.0504404306 194952.6072692871
468658478.9287692904 208375.5032958984
462572283.2060567737 201369.5067443848
462800404.1725586057 202068.1106262207
468006947.8261718154 207572.7549285889
461854670.8008947968 200282.6139068604
461542908.4119819999 199825.3792800903
460468747.7548743486 197653.9624214172
461703508.4880345464 200114.8594360352
459928341.5621179938 196406.0048103333
469517113.5627005100 209077.8597717285
459170572.7371036410 194841.0550155640
460245239.0064569712 197180.9916496277
460584459.2844521403 198069.7554130554
461865308.1288353801 200385.3121719360
460764441.9059455395 198203.4593734741
460324923.4900900126 197465.6431694031
464579294.6516712904 204760.9767150879
459612739.3233138919 195793.3813171387
461098320.5143645406 198794.7365417480
461098320.5143645406 198790.7110290527
461779229.6768153906 200251.7516784668
460301536.7609415054 197402.7711486816
461265004.7494345903 199294.6016998291
460080189.0104894638 196844.6195030212
459961034.0722799301 196463.4086036682
460300221.5727607012 197210.7825813293
461118832.4379433393 198804.8091430664
460513363.1626903415 197707.2168426514
464792419.6599501967 204975.7796325684
459667377.8358914256 195843.8010406494
460537691.3912512660 197883.7171707153
467822356.1359497309 207274.6166076660
460439755.4623540044 197638.7125778198
460168048.4239392281 196964.9035835266
460324923.4900899529 197452.2599296570
463446421.8617353439 203006.3712463379
464042019.0713040829 203858.1434173584
457689127.6003127694 191235.3105468750
464141933.7919636369 203936.3407897949
464141933.7919634581 203903.3539733887
464141933.7919636965 203938.1385192871
462772833.0707684755 201738.9516143799
462385178.9723715782 201235.7211685181
457261858.4213443398 189942.4692649841
464141933.7919636369 203926.5700988770
459667377.8358914256 195847.2865562439
458959941.3888226748 194341.0991439819
456147421.9673411846 186419.5022087097
463446421.8617354035 203038.0752868652
458426338.6515325308 193164.3724060059
460117909.1384307742 196947.2807579041
466117472.2299839258 206048.4993591309
460989126.6854035854 198668.4956130981
463246741.8701378107 202746.3495178223
460813198.7417135835 198282.7199554443
461737582.8192322254 200122.4594573975
458759188.7961966395 193835.4193992615
460282938.5871661901 197188.2690353394
454057916.4936224222 177398.9552307129
462551234.9342067242 201271.9938049316
468006947.8261718154 207578.5976409912
468097563.8734735847 208053.7610168457
459961034.0722799301 196441.3592262268
460029688.9866211414 196723.6483955383
469021303.1741477251 208561.7497558594
460029688.9866211414 196724.7071723938
459113204.4161238074 194792.3955993652
459427399.5028779507 195439.5566024780
457567781.7975906134 190791.0252189636
458956029.1820861101 194295.1437683105
460911470.9913082123 198644.1907119751
464486913.4663718343 204683.3164978027
467913749.5630235076 207535.8379669189
468305324.3632515073 208133.1917114258
461464619.3188882470 199641.2280349731
465076204.5045272708 205151.5343322754
459860535.4988088608 196326.4151191711
468369148.1829768419 208237.0597534180
460957491.8243042231 198645.0705337524
459848235.4500800371 196305.7751426697
459003970.7868687510 194394.2636947632
464625716.3420579433 204955.5644836426
463024412.6697852612 202255.6475830078
464141933.7919635773 203908.2257385254
467636206.6062143445 207113.9609756470
464615079.0141173601 204821.4944458008
464615079.0141173601 204820.0894775391
463246741.8701376319 202724.9374084473
467335817.6064672470 207031.3290100098
467797345.5987158418 207177.8556518555
464511337.0137342215 204727.9469299316
464126169.1982282400 203899.3014602661
468022756.6352995634 207803.8309936523
462570001.3174934387 201299.6270065308
463824338.9341689348 203512.1632156372
462570001.3174935579 201302.8085250854
