899552231.7145383358 124688.0737609863
927472825.6968871355 127788.5852966309
930566036.1739757061 127989.0881958008
854879842.0831851959 106925.1700688294
854647118.7674143314 106863.4233420953
855031532.8119301796 107038.1611285787
854600512.9026615620 106838.9010776265
854394858.0355976820 106661.7168946561
853300826.7236819267 106101.1081961377
853499732.4965183735 106257.2637768086
852882521.2099165916 105791.3754077252
812682132.6167614460 71805.8219954254
812748591.1721678972 71839.4113643117
852996184.6620650291 105986.7349376973
852586389.0867277384 105563.8358936831
852731783.1151251793 105647.5276203677
795819571.9308081865 39102.4688280707
796951795.7727807760 43498.7590379212
800245256.5662710667 51902.7467659978
799838276.2112033367 51834.0580608767
812874134.6610931158 71951.1767873562
812842280.1573805809 71858.9045095242
812668133.8399425745 71731.8460872896
825472126.7634460926 83511.4586139088
825386247.0964547396 83481.7156643668
852984641.0688096285 105807.2954731509
852732029.3670787811 105756.5206013247
929940680.3774247169 127963.7365417480
825811942.5683475733 83790.9642825490
825744667.6547803879 83740.2800490655
852347343.7977105379 105502.0157328173
891261892.5772787333 122464.2163772583
891675399.4757634401 122563.5853214264
899028608.3734474182 124582.3947906494
796981166.1063771248 43806.7639796581
825559400.6147645712 83637.1779513722
825320093.3370720148 83458.7846637135
826046277.3091307878 83829.2748440867
891301082.3309384584 122525.5635147095
892192359.5386652946 122766.8436851501
897821796.4894959927 124334.8289871216
898586069.7088305950 124431.7445373535
799505106.2016192675 51215.8630251211
799906853.0019735098 51889.6256874126
826036684.6883498430 83818.4633196536
930161791.6846582890 127972.9763183594
796014465.4742863178 39536.6372529579
799216819.8036717176 50666.7274730724
799607657.1558765173 51518.1726844830
799388076.2091306448 51139.8390663189
811488266.6930706501 69872.8656180817
811869817.1829258204 70605.6633348885
811652874.5704956055 70416.8157943208
811587675.2160696983 70118.3109496552
811517458.7865314484 70094.1847559911
811516423.7607247829 70007.6142148639
811420844.7445092201 69769.1447242219
796401377.8930845261 41204.3734013995
811145366.2403910160 69533.7272475678
796226775.1868181229 40832.9203984698
796349219.6763420105 40844.9640176257
796911524.0713783503 43457.6923498292
797044131.5315538645 43892.2866411362
799154048.2815845013 50384.6523693127
799219260.9010697603 50705.4576900524
810263999.5559107065 67920.2091286370
810373265.1486748457 68165.2771378943
891983476.0585540533 122725.2514228821
891973461.1432485580 122686.4319190979
825051121.9748486280 82971.5377459889
797107228.8664761782 44156.3190431748
798966579.3309437037 49799.3663089582
810096736.1093575954 67897.9339932726
891964020.0789964199 122631.8714408875
798951015.9525431395 49729.7222550818
796221854.8346273899 40502.1175878009
798770847.2927643061 49332.3842555525
929209794.2549719810 127901.3393707275
896997382.0092613697 124001.3719978333
929314731.4508911371 127926.1986846924
897151135.1602203846 124064.6275215149
896683834.1039550304 123927.4228630066
824844953.2403947115 82625.6636596089
824720149.9955155849 82204.2278104157
824761488.1239453554 82508.3547761620
797132345.5879620314 44277.5178610744
824013370.4828274250 81523.2518454970
824102496.6393122673 81613.3246146620
824422735.9524395466 82173.4111777724
850284408.4298580885 103391.4115531673
896290022.9856276512 123744.9373283386
896164359.2134765387 123691.1964530945
929744844.4990626574 127952.0395355225
810087709.9092564583 67687.8460374997
894178712.2806283236 123207.5606746674
894852924.4108375311 123276.6036052704
809691605.9137632847 67258.0186916665
824300984.9170805216 81907.3216895045
850249983.3487859964 103345.8766444944
809884120.1482475996 67382.2473927432
896001806.1198339462 123662.4443778992
809488828.1917580366 66946.9590060556
850338517.6959224939 103449.6733246953
894890348.8544166088 123351.7644233704
796634119.2842351198 42405.0727627244
796987706.3073793650 43853.1118845460
850162765.7596006393 103278.1961134584
850011478.0823608637 103274.7897721441
895218282.9321961403 123428.3924293518
808641355.2717640400 65285.7124091408
808582386.7002156973 65142.7103034279
808562100.4775047302 65119.8822911403
808423779.0383533239 64991.0934821389
808781482.8997946978 65400.8708654871
808886001.2378956079 65429.3302517390
808543278.3694467545 65056.5013306258
808534539.2866414785 65048.8131466364
895762587.8216340542 123571.5521736145
798723542.1112393141 48704.5184883043
798721440.4160600901 48590.9811688825
798630721.9546109438 48207.3228295758
820456938.3707351685 78340.9961746860
820591233.0814173222 78345.2702300123
820419106.9194369316 78331.3458716444
820067006.5393822193 78041.7033354810
882074695.7737941742 117696.4743806422
850795913.2325323820 103698.9731297405
850971772.0745323896 103909.4435481937
796626885.8139628172 41683.5194769328
850520811.5273548365 103626.5564350993
850380339.4576454163 103482.9105607183
820268105.1782162189 78164.3024489454
819946794.4707627296 77863.5039565138
850474118.4663553238 103516.3710955293
807609883.0723375082 63130.3362216903
807635995.5678795576 63331.0629921928
807544617.3493231535 63032.1975536300
819560315.7546521425 76734.4521996501
796545883.7428919077 41350.8187194293
807537015.0682524443 62995.3185875369
807060542.9411773682 62284.1375185801
806835067.4781119823 61833.7272412134
806993755.5447034836 62205.1802441431
798390931.7620264292 47003.1253327041
798555228.0297869444 47235.4981350683
882169761.5446977615 117811.5540894568
797697519.1430330276 45317.8448127848
819892432.6746242046 77555.0343834880
881692280.2043676376 117551.9534379542
881572143.9859690666 117467.9989039525
926451206.6987144947 127546.6794967651
798136430.2776691914 46271.9232813609
798123415.6633176804 46075.8881136668
797980393.0383472443 45967.3374850047
797844622.6065465212 45657.9939829600
797668758.0243096352 45302.1951612201
822520253.8930052519 79960.8246650739
822781988.9239820242 80203.2199283546
822451026.8411165476 79919.9877657859
822647518.8021732569 80047.9804573102
822402538.3867083788 79893.1609382673
822104296.6380287409 79503.9344613521
821827607.0715663433 79252.9573762302
821958502.9517329931 79351.9471010972
806657201.9135513306 61218.5652077645
806369523.1279195547 60403.6217533110
882491445.4514963627 117824.8848494589
806489439.0146353245 60713.6017962864
806423814.0930364132 60636.8784230075
806270633.6859426498 60161.8551342657
806203992.1254568100 60071.1048959813
806135742.8968775272 59723.1711151919
818039497.2293210030 74327.2342446324
818068660.4054702520 74583.4648713612
818043555.7494587898 74583.4641488072
845640278.3738899231 98740.2770980554
845434277.3426697254 98506.0610927301
845680045.9554010630 98840.4532226282
880823232.8939828873 116894.0132129490
848479177.2887964249 101142.3026799400
848775793.5109844208 101432.3663894929
846732062.3044285774 99544.4252570825
848172171.9944697618 100743.0779925682
848391667.4127919674 100865.1174689628
848295560.1701033115 100821.1082710721
848332691.8129944801 100864.8713580467
848066483.2477766275 100676.7162733136
846092106.5652415752 99274.5288146692
847949822.7416719198 100367.2705230175
880544995.1743047237 116804.5380389988
818182593.4151543379 74624.1575454500
804165347.0210736990 55327.9311195579
804146165.2339349985 55300.6061554023
804134990.3008860350 55249.7721840111
889655422.7674479485 120260.8268413544
889641522.5769487619 120189.9175052643
918332543.7921023369 125582.9487838745
846625853.7267647982 99435.9705325993
843538575.0438876152 96922.0798831643
918015150.1339107752 125534.4742584229
919192568.8643801212 125781.1934967041
881041126.3249003887 117089.2855136693
880683749.2094807625 116812.3374545872
880457118.3853046894 116751.6407484181
918662473.9611738920 125722.2454833984
817025487.5509415865 72531.7751374554
817083974.5905371904 72687.1878164124
843084567.2284975052 96463.0868395031
888900638.5145350695 119951.7980594635
919031761.6952804327 125758.4907836914
816772721.9992369413 72151.6633022141
817259162.7980366945 72850.9290797065
816765329.3487219810 72132.7504909348
816791495.3372279406 72465.1448619675
888580242.6478204727 119747.8205146790
888329467.1031384468 119639.3360099792
803437693.6200212240 53843.7591452938
843882316.8980097771 97073.0275057512
803342254.2067379951 53536.8235902514
803316606.7904613018 53536.3508582083
880263298.6236319542 116423.5548732579
889308849.4350733757 120074.8668613434
889398811.6743919849 120076.9214000702
845142419.7428840399 98016.8295157077
844981038.1757528782 97894.2140788347
844867670.1879253387 97818.0223511965
844330405.3721408844 97309.1833009035
843399998.7543256283 96785.1706424416
844163373.4966092110 97223.6592301638
805091175.2283054590 56401.5968894032
805087645.6257314682 56332.8254671265
804898840.7663134336 55669.2725334787
804944524.8486020565 55674.7724109762
804969154.5311872959 55712.5161735439
835738469.2990211248 89894.1168707181
887796225.8995522261 119216.5139305592
885956582.1245085001 118422.5645716190
803263250.5204362869 52450.7974214512
920741336.8694983721 125782.5532073975
921055105.4291563034 125854.2754058838
921322154.4362624884 125889.5675964355
841330000.0052555799 94443.5757932469
841016185.0878109932 94106.9865729245
841076604.6346641779 94342.5855512056
885746121.1479524374 118397.2498552799
921944350.5801106691 125912.9338989258
922499534.4988285303 125920.8804168701
840536903.5753676891 93830.8085163492
840429406.5372793674 93744.9393919664
840747768.3472141027 94000.6588413152
840682122.3889129162 93951.3310564714
840491559.5924711227 93814.1455095964
885634838.3813301325 118335.8815157413
923629255.6348137856 126041.5300216675
837949338.9370598793 90911.0375305217
837856899.6852948666 90896.3678470652
837607883.6841512918 90714.7706481654
837203002.1934930086 90319.4208465356
837520350.4242883921 90553.4069081981
837375624.2930167913 90383.3323919017
837325472.4775445461 90337.4108890731
837474102.2947174311 90446.0500504698
835211110.5716549158 87752.9329131446
923743324.3324327469 126046.9792938232
834473236.8083920479 86770.9588776953
834834505.2668544054 87250.0414379440
834322282.9583452940 86702.3030871651
834550277.0375269651 86994.8042214713
923947727.6175658703 126080.8273010254
924214590.4108397961 126134.7454528809
925504107.8303918839 126218.7490081787
925132025.6758252382 126138.9138336182
834276524.5473428965 86336.1523620473
878086217.0549321175 114533.8273754716
878233208.8160289526 114602.7720318437
877530984.1468123198 114156.0471704066
874626893.6325942278 112330.2865577528
874512098.6681014299 112298.4514079878
873951444.9399493933 112053.2481571028
834105377.0902249813 85927.5904399925
833957614.1185004711 85873.7768585258
874165909.5502525568 112131.0875683615
874918502.8292146921 112370.9450884650
874976719.3288475275 112388.9866848776
874368601.6960078478 112179.2316723654
874906345.9616959095 112369.0082107375
833838525.0253415108 84654.5541732845
833478965.6242343187 84020.4359157321
833657142.7252432108 84364.9603564975
833566680.5653585196 84136.8644473788
870757676.3803753853 109086.5496033520
871131373.8241677284 109378.1764191479
872317489.2296364307 109920.1690095753
871957549.4306044579 109807.0270246357
872105974.1045875549 109851.2144745678
872413394.8066823483 110102.5213655323
872327992.2693076134 110019.2737840504
872090460.5538942814 109836.5349029840
872432181.0922966003 110122.3295778126
