655817256.9283566475 719.1105429083
651228516.2032005787 703.0157527775
645013441.8384615183 660.4884112477
660583701.0652190447 731.0525510013
654388461.5715116262 715.3043880612
654809965.2302367687 716.6474256665
658367681.3397023678 725.1569830775
655490639.4830129147 717.4327141047
647169759.3424528837 676.3411004692
655625389.9101893902 718.7302582264
654071559.8568495512 713.8538792282
648883100.6066951752 689.4123741239
656216149.4974422455 721.5193030834
656119878.5311089754 719.9125433564
646224626.8299292326 671.4319263399
655474813.3969075680 716.9202370644
652812994.3790177107 710.0853826255
653700829.1519560814 712.5751411468
651088802.4819405079 701.6240690649
653273593.5819897652 710.8054097891
649958759.6739656925 694.8954450190
651440486.6590981483 703.7451115847
647347700.3042953014 679.2431563288
652333906.3508967161 708.2593304068
649019850.2485555410 689.9357601479
651653301.5416697264 705.1527222991
646490444.9456845522 673.1241114661
660571976.1494879723 730.0496703088
660464100.6043868065 729.3647149503
647871491.7980256081 683.9066259563
656884695.5529345274 722.0339098573
644801157.3824226856 659.8355254233
645226259.7123498917 662.6559526920
648650645.3930940628 687.6111925021
651539567.0761595964 704.5189614296
658491783.0735870600 725.2390237451
655490639.4830129147 717.4522825480
646704922.8347759247 675.9651852995
658293401.0673319101 724.7306099534
657014407.5864129066 722.4569775462
654071559.8568494320 713.8516228348
647579465.8956362009 681.3559914678
647638005.2709736824 683.1860001087
650361469.3113176823 699.4677877128
654506233.4711229801 715.4505338818
646565302.1001344919 673.1991640925
656027626.9412297010 719.2297132611
647155082.7833604813 675.9745462239
646091770.2293704748 670.8249663413
647603343.7126177549 681.8336608410
645013441.8384609222 660.4412837625
648664176.9700945616 688.0799181238
650848819.2309783697 700.8960581124
652699041.0298221111 709.2365461886
647457495.7847517729 680.2414004803
647713289.2124598026 683.2260072827
663872266.6660807133 731.6408924460
650038572.2884863615 695.9166629910
647623307.2416597605 682.0454455614
647946484.7843409777 684.7575444877
647297861.2167981863 679.1182874590
649958759.6739660501 694.9987806380
650213232.0018725395 696.7402709126
645666116.2642388344 664.4833454341
654506233.4711233377 715.4535849243
652884897.6656935215 710.1825029105
659223279.7103369236 728.3561589420
658729713.0079053640 727.1138953269
653435327.1417899132 711.7284788042
651979815.6593101025 706.7650501728
652091330.4475402832 707.6728828996
653930776.0913428068 713.5790611655
660898866.7861405611 731.6279623806
656119878.5311082602 719.8742170930
650494260.9181748629 699.7241001129
648187918.2993227243 685.2692371383
649728328.2631797791 691.4793198407
646275299.9885418415 672.4594958425
653520413.7286545038 711.8401618600
647366168.0402842760 679.4241624027
645177048.8069097996 660.9736807495
648327737.5085006952 685.4766895175
655475420.6448317766 717.3939853013
657014407.5864129066 722.4539567828
658244138.5689055920 724.4484179616
650063426.5665299892 696.4654239714
645177048.8069097996 661.0307614952
652688571.3350112438 709.0210735500
650667972.3929653168 699.8459512293
651956448.2875589132 706.6209873855
650231463.0516816378 698.2308417261
651181787.0384390354 702.3188503385
653656751.8119747639 712.0073002726
645270404.3739017248 662.8953564763
657612189.8394292593 723.8959145844
649441201.5255625248 691.4227350652
646431250.8772492409 672.7609005496
651084444.1388049126 701.1591426432
657940584.8350313902 724.3035112917
653105619.2598150969 710.6406868696
653545653.3631838560 711.9231809080
651730913.0015387535 705.7593256980
647403745.0944240093 679.5950052738
649976501.2918901443 695.1042142808
646195714.1926283836 671.3069001138
646013764.6058195829 670.2670361102
649387659.7230820656 690.6409097761
651118181.5511527061 701.7520270497
649787997.9593528509 694.8442189395
645409325.3071433306 663.4716451168
653551893.3237771988 711.9749558866
653930776.0913428068 713.4959508330
660464100.6043865681 729.2516461313
657014407.5864124298 722.4312395453
645742613.8190032244 665.7195244282
651557585.5476208925 704.6378217936
660073744.8337725401 728.6159341633
646195714.1926280260 671.2647539079
645546364.1272705793 663.6595662981
647346204.5112425089 679.2237531096
654185363.4045912027 714.5923670679
650215898.8753403425 697.6279831827
652091330.4475406408 707.8019043058
652013718.9876710176 707.2208519876
650750118.8263731003 700.1584575176
654796364.2693579197 715.6330721378
653795601.4060040712 712.6209972501
649368881.3789341450 690.1735215038
647176587.2815485001 678.5002640635
645612607.5593669415 664.3099531382
660464100.6043862104 729.2473998964
652704206.3429142237 709.3026211560
648847637.2451128960 688.3312934786
658801616.2945812941 727.2185412943
649368881.3789341450 690.1747145504
649539815.0713233948 691.4629937261
653545653.3631839752 711.9480369985
648452705.7489645481 686.9894013107
653344815.0984588861 710.9987481833
647493300.9820237160 680.6585144997
651417486.7887220383 703.2302972376
645612607.5593672991 664.4127885550
650211736.2088199854 696.7213459611
647510114.0095162392 680.7899081707
652590346.1828061342 708.5740719140
648126615.1142890453 685.1223381162
658649524.4721226692 725.4968269467
645767256.3115527630 666.3882153928
647519529.0862637758 681.1790618896
648354664.0017582178 685.6993327737
648371720.7098269463 686.2387068868
646001653.3821023703 666.7850224674
648846496.0054810047 688.1147066355
664300052.0996448994 733.2072280645
658532461.6522854567 725.4805641770
658211697.4171274900 724.3819606006
659140014.0423986912 727.2532338798
659140014.0423986912 727.2564868629
648528573.3850629330 687.0510749519
655540457.6384963989 717.5484048128
664278552.3230140209 732.1316713095
664197122.3127282858 731.9902218580
