943288970.4747515917 8486184.3916015625
966291573.9896841049 8595125.8818359375
965929621.3107347488 8593704.7978515625
968097603.5014634132 8605092.2460937500
968209705.6445708275 8606810.1894531250
968755302.7157816887 8608235.4785156250
971778299.9419503212 8615958.9013671875
971285005.1758189201 8615670.4521484375
972598080.4736102819 8616050.3115234375
928719517.0224727392 8355375.0097656250
929016189.7009564638 8362284.7705078125
929040583.2222541571 8364486.4550781250
929063911.5947357416 8364870.5566406250
867641159.1297260523 6116118.2275390625
867998210.7484768629 6130702.4746093750
928905916.5349847078 8361504.5947265625
929261396.1765857935 8365652.4882812500
929401800.7836428881 8369960.0566406250
929846533.5283261538 8374485.6562500000
929479265.0168191195 8370798.7060546875
929821796.7468739748 8372855.6347656250
930419751.5247737169 8379440.3642578125
930625613.8120397329 8381021.6132812500
930484334.4972635508 8379745.8740234375
930806982.7699968815 8381566.1220703125
866932491.3146589994 6056120.1987304688
867100338.8717995882 6069387.0468750000
867397001.9194217920 6112905.9541015625
867431179.2095705271 6114777.4335937500
867123824.8509780169 6083754.3291015625
867244797.0301798582 6096340.6665039062
929569593.2805451155 8372669.5468750000
930221464.7420488596 8379140.3476562500
930125075.9383319616 8378324.1015625000
929539519.2557750940 8371648.7255859375
929850612.9869412184 8375471.2783203125
942904149.6349507570 8485545.4638671875
942909051.9576460123 8486063.1367187500
942947952.1515861750 8486088.0058593750
943319689.6753438711 8487256.1396484375
942702226.9281538725 8484314.7812500000
942752342.9749304056 8485525.8466796875
875766916.4681121111 6587135.9086914062
876261376.7239764929 6604643.4086914062
940694233.5890804529 8472055.7773437500
941828872.4295865297 8477100.1982421875
941859188.0712615252 8478451.2529296875
941451054.8132232428 8474755.0576171875
971206167.7426723242 8615450.1630859375
890440857.5613602400 7361116.0805664062
890683666.7326117754 7366072.7944335938
890290878.3209940195 7347124.6655273438
890051348.3900874853 7338724.5112304688
890147290.0102418661 7340617.7739257812
890180174.9880610704 7344663.9584960938
890047991.5513662100 7338055.3852539062
890094618.6102343798 7339400.4350585938
890032364.9589983225 7337711.4038085938
890020760.2511454821 7334323.5239257812
888805349.4449535608 7278837.8354492188
888703530.5526610613 7273196.6816406250
888535305.8082321882 7267270.0429687500
888401451.4595638514 7261337.6577148438
888371649.9208325148 7258845.0429687500
888462657.6501942873 7261541.0029296875
887813299.3009388447 7214117.9379882812
876075754.6252249479 6602693.3520507812
887544517.2598519325 7203679.0454101562
887457279.6053853035 7190450.5131835938
887466342.8752160072 7196278.3530273438
887429934.6496212482 7189895.7446289062
868403401.4225336313 6132920.0209960938
868980491.7260636091 6169550.5527343750
868843240.3880900145 6161204.6625976562
868780677.8320533037 6159257.2993164062
868663456.8025363684 6153189.0249023438
880515304.0562324524 6837718.6821289062
880216626.0371809006 6822284.3344726562
887031031.1495356560 7173841.3637695312
887404110.9436376095 7187484.7202148438
887422814.9630496502 7188357.7866210938
887247165.9659307003 7182448.3100585938
941110623.3680976629 8473592.3779296875
966333526.7883982658 8598805.3447265625
939521946.3151372671 8459669.1679687500
939746868.1775318384 8461748.5957031250
939671097.2453807592 8461475.5068359375
939764356.6051577330 8463310.1074218750
868649186.3647731543 6143309.3852539062
872340113.2023959160 6380305.4663085938
873147499.9001250267 6389817.3940429688
886833152.5131497383 7148694.1259765625
886396857.6516714096 7128253.3276367188
872071961.8391318321 6361407.7744140625
886225456.0485458374 7114909.6640625000
886026957.2725608349 7107913.0341796875
939408677.1437910795 8455495.4169921875
970715963.8507955074 8612865.0908203125
872023184.1917340755 6361072.6279296875
939196855.1547960043 8453204.9160156250
938734860.4383569956 8446076.2812500000
938980641.0508352518 8449120.9521484375
938744407.8295603991 8447697.0283203125
936878757.9195607901 8425171.7451171875
936634978.4792104959 8424590.6181640625
936442151.7604550123 8422087.3095703125
936141446.3058568239 8420233.9570312500
970046514.2784112692 8611075.2949218750
969976480.3694628477 8611021.6035156250
885479804.0840545893 7076433.1000976562
885372704.2578781843 7069961.2407226562
935309752.1142846346 8410066.3076171875
968549612.7107303143 8606983.3281250000
969593613.3017638922 8609102.5839843750
969330117.0557066202 8608472.9003906250
885312548.4443057775 7059894.3203125000
884960195.7402137518 7051500.0708007812
934778379.2835186720 8401443.6855468750
884897853.9077382088 7039765.5507812500
882126294.3432660103 6915845.8144531250
881916875.5993642807 6902579.0444335938
884820528.2824735641 7038984.8891601562
884942206.3572471142 7043252.3486328125
958242512.5800027847 8550950.6015625000
959140039.6460770369 8555019.8388671875
966620391.7801566124 8599733.0029296875
966816494.6705732346 8600885.3818359375
933384793.6057792902 8386723.2011718750
933021908.9346851110 8382743.0351562500
933287173.3635503054 8383649.3798828125
932892923.7254990339 8382146.1240234375
933077359.8910626173 8382754.5097656250
884595039.3182110786 7023963.9443359375
884545545.5046257973 7020285.2285156250
884205104.4916946888 7010875.2622070312
884131570.0109088421 7004237.7529296875
883818701.5012638569 6991715.8623046875
882890550.4963145256 6942945.2988281250
883036102.8203535080 6949041.4213867188
882724790.0835237503 6936490.2802734375
882781700.8909652233 6941192.2109375000
882672358.1782619953 6935942.4755859375
882632383.4053871632 6931722.0468750000
957787904.4688788652 8547383.4755859375
958509242.3435436487 8552486.9990234375
957715355.9304293394 8545426.8945312500
958969903.2935568094 8554130.2011718750
958799940.5091072321 8553911.3994140625
926707836.3407837152 8243137.8769531250
926728125.2072974443 8246453.5214843750
927063922.0738915205 8253436.5732421875
927822135.7944835424 8263284.5166015625
927274594.3429878950 8256848.6914062500
926396781.2831448317 8236397.1308593750
926400271.9611111879 8236590.8945312500
926895377.2047010660 8248385.2744140625
881281091.2680344582 6871570.9648437500
881332575.9383437634 6876210.6538085938
881088148.1507802010 6865825.7773437500
880862949.3744277954 6856409.5175781250
880842044.8428139687 6852980.4750976562
881077414.1953935623 6857590.2211914062
880762105.4710898399 6851059.7343750000
880573602.2357161045 6843999.0854492188
879806296.6485240459 6795746.9975585938
878787098.8066117764 6741238.8579101562
879102669.1593024731 6750875.7490234375
878814471.1927721500 6742497.0810546875
878218497.1197638512 6710128.8833007812
878309920.7158410549 6712282.0141601562
878553980.5094375610 6720477.1137695312
878709010.6199312210 6722233.4965820312
878433326.4898283482 6715680.5815429688
878453181.1881897449 6719461.2563476562
967256963.1445252895 8601702.3828125000
877485143.4304528236 6661392.9443359375
877540530.6945946217 6666775.1772460938
877258297.0175385475 6655498.8496093750
877010757.0978982449 6640020.3940429688
876904685.2686526775 6634788.4062500000
876737758.7519779205 6624120.8061523438
876767803.2937753201 6624951.3769531250
965782294.0100892782 8588750.1669921875
965775387.9279888868 8583732.6455078125
875586187.3379421234 6577421.7602539062
875541728.2467763424 6562326.2915039062
875508011.0863356590 6554117.2377929688
875462514.9882013798 6553464.0727539062
875374896.6469049454 6550309.0957031250
875166894.2791304588 6535748.3647460938
874808802.9565405846 6520072.0043945312
911576250.1171230078 7823652.1123046875
925379098.1427147388 8171155.9394531250
925208652.6938865185 8168996.0693359375
924698910.0558068752 8160000.7617187500
924992364.8013503551 8163106.4355468750
924891191.7373685837 8161605.6962890625
873803791.6486201286 6462880.8315429688
873754455.4561622143 6456602.8432617188
873418893.6856453419 6440082.0659179688
873510797.3456690311 6444184.4604492188
873642157.5627560616 6446411.6850585938
873473037.1847317219 6443455.5981445312
873601846.9860005379 6444532.2641601562
873350815.4885003567 6436969.0278320312
871853519.9941143990 6340777.6928710938
870461139.4870913029 6214389.2500000000
871671914.1883976460 6327596.6533203125
871595600.1439981461 6313987.3354492188
871620921.6395709515 6319527.4243164062
870623854.5460445881 6216045.0971679688
870332128.5391430855 6210383.4311523438
870735465.1590359211 6219294.2060546875
871457181.0224547386 6304894.9628906250
871312679.2831289768 6296900.8706054688
871570659.1071796417 6309903.5356445312
871256899.9638254642 6248501.9887695312
871014194.7907040119 6232796.8452148438
871124715.8464891911 6240140.9165039062
870884697.0705060959 6222063.2329101562
924678179.8525736332 8157816.4355468750
925142245.8642349243 8165709.2412109375
925117753.2607541084 8163906.6884765625
922619091.5032578707 8117228.0283203125
921358046.3540862799 8098405.4375000000
920079830.4311550856 8066181.3437500000
920230199.7498894930 8069602.5517578125
920412583.9453831911 8076688.2402343750
920804513.1698065996 8082710.3037109375
920829039.2799812555 8085684.7490234375
919916007.5012053251 8057114.2421875000
919834745.2225824594 8056625.2558593750
918074354.8766711950 7999823.6054687500
918163364.8124483824 8001861.1542968750
917531764.2718590498 7980043.3720703125
917425975.1336766481 7976171.8007812500
917583787.3482809067 7981851.2080078125
917649651.1259613037 7982138.1894531250
917485975.0889112949 7977868.7255859375
917221056.9130744934 7971006.0742187500
915041243.3552395105 7914036.6484375000
915155742.0604696274 7918299.6494140625
914992603.1418342590 7913452.5957031250
914855243.6514059305 7909671.0576171875
914904981.1791975498 7910144.1650390625
914455244.4382762909 7900204.5976562500
914464920.2896013260 7903620.3828125000
914119866.4063467979 7894845.6435546875
913148285.7930465937 7866604.2812500000
912451002.8563735485 7844266.1513671875
911168405.2781213522 7807004.8144531250
911219568.9682439566 7809447.8916015625
911126765.1629039049 7806971.2236328125
911079528.3611923456 7802483.9316406250
911455925.8311687708 7815040.6855468750
911023351.7307704687 7800555.9003906250
910202931.3224300146 7770891.9228515625
909771025.1367903948 7732777.4355468750
909403958.2237812281 7719496.6513671875
909438091.4456042051 7723836.3603515625
909184335.5119162798 7710926.1386718750
909302954.0138713121 7711896.4238281250
909331457.9908772707 7714465.9248046875
909162997.8649661541 7694232.1601562500
909120742.8512129784 7688982.8125000000
963276054.6896252632 8572909.1572265625
963433375.3143382072 8574295.0810546875
962661208.0270481110 8566363.2890625000
962826877.7599434853 8568056.6435546875
962734812.2897942066 8567779.2626953125
962666652.4623024464 8566808.0185546875
962353876.1402268410 8566100.7851562500
960727140.3184864521 8557344.5468750000
957280767.3707655668 8533479.5771484375
956815552.6332453489 8528399.7041015625
956921965.0866850615 8529971.4277343750
957066965.7870401144 8530683.6054687500
956085266.4109979868 8518526.1250000000
956433786.9352432489 8519292.7685546875
956460716.2586072683 8521063.4296875000
956588159.0467432737 8525249.8203125000
909017348.0257046223 7602613.5263671875
908317840.3169854879 7553899.0986328125
908338043.0045878887 7557956.3945312500
908321262.1856896877 7554133.8330078125
908551318.3202779293 7563143.6542968750
908498293.3147711754 7559053.9140625000
908192760.2050991058 7526413.4599609375
908296509.7921807766 7528707.5410156250
908040398.7046082020 7484566.4833984375
908074075.2822818756 7488642.9179687500
907823901.1774550676 7467241.3857421875
907596992.4946703911 7461665.0878906250
907626851.1212205887 7462760.0654296875
908025316.9560396671 7474619.7265625000
907238617.6959661245 7411957.9389648438
907113496.9341163635 7410386.3442382812
907461071.3434765339 7421511.1684570312
907184317.0888895988 7411223.6811523438
907180605.7254917622 7410596.4956054688
