95458349.2787266374 7324.6111755371
96445195.9281028807 7344.7974777222
98597488.2583389878 7374.9097328186
91431952.8947424591 6090.2770414837
91438750.8133649528 6168.8932183497
91416195.7778759599 6088.7711026110
91510887.7741609216 6191.1089862473
91517798.8212938011 6196.4605781138
92059517.5849608481 6415.7948383689
94005356.7367019057 7107.5267238617
94740413.0338522792 7278.9221839905
89203883.0230796635 4963.9815188267
91263010.7540308535 6059.7439524233
91868635.8218976855 6327.2892780433
92278679.7765874863 6450.6218749434
93719476.4000270665 7021.0766773224
93693958.7202426791 7012.8679580688
93916431.1298438907 7079.6328296661
96834882.3191097081 7356.4387702942
89660400.3999080062 5252.6261778473
93889707.8552484214 7076.5890331268
95425729.4315954149 7323.1225891113
96491388.9006452858 7349.0235824585
96402926.6632324457 7343.6058654785
89428678.9984997660 5155.2698789834
91912131.2029359639 6356.2360652573
92245992.2029460371 6445.9385368526
95537546.4993909001 7324.6178359985
96524492.2750863731 7354.4890289307
96108609.4016140699 7338.4436950684
89501031.0509434938 5174.4622706632
91617557.5135331750 6210.6707919724
93948014.6532182693 7102.9468746185
95140275.5771082938 7312.3434524536
95930366.3042132854 7335.4051361084
96157129.4853928387 7343.0600280762
98050496.0197095871 7372.5245399475
94137938.5445056558 7155.3008861542
95610476.6354400814 7330.0508422852
92307756.5473039150 6461.7488335371
93944087.4095422626 7085.7968540192
94475831.6344588399 7211.0472984314
88420631.6757926345 4345.8144714173
95396903.2889363170 7318.6350479126
88577901.6441339850 4554.1013379239
89449989.8018468469 5157.5792083006
96060799.6096997559 7335.7035522461
88725284.7134591192 4669.6657015500
93871874.0843763351 7052.5263327360
97157877.3674597144 7360.9961051941
88199181.3801313341 3830.0066170166
91486883.6054281890 6175.6165841743
92164492.7861328125 6431.6096341610
93578912.7676573396 6957.1400980949
94823086.5836693943 7291.5534057617
95619976.2601899803 7330.4051742554
88430746.7028537542 4421.4239392547
91960634.6057329178 6387.8799522817
91692281.1865942180 6278.4765109457
94102264.0236531198 7123.2094478607
95888379.6917192042 7331.1019325256
89296130.7158535272 5054.3633619245
89301316.9456403106 5058.7206552026
89245576.0501411408 5045.8097349405
91178034.4378444850 5959.9908175953
91861773.0816694796 6324.8880005963
88370692.2274501771 4337.9579148692
91619108.1892192662 6212.8862498887
94317190.4782017767 7186.1520557404
88690781.9603507072 4652.4596094903
93814249.9640618265 7047.7204569578
94097291.8004435897 7107.6432704926
94461990.6062071323 7211.0337867737
88305834.9765213132 4214.3223718938
88958208.0066408366 4778.9964586747
88176442.3707674146 3827.3067468746
88156595.9113467038 3623.8556521908
94301479.6007626951 7170.8168354034
95894850.2897665203 7334.4975624084
93573833.6387945712 6915.1885492802
94276074.1377966404 7161.3942341805
99057221.3743174076 7392.7972145081
93529207.2050812840 6912.7855494022
91752262.5082319081 6284.6711455099
93629554.0116167367 6983.1654436588
95193414.3770227134 7317.7491760254
97369787.0760549009 7368.2713088989
98714028.9790927470 7384.6059150696
88625780.9531816542 4563.0896646061
89210555.7196179628 4977.4709630903
89419480.8207487613 5132.4960466623
91793580.3754719794 6321.4705744497
94136579.7152686417 7129.6723384857
99545054.8085052371 7394.1985435486
88299638.5845965892 4155.4849312477
91655656.7546869218 6217.7971049845
91662474.6731224954 6231.6004470475
91756554.4072056413 6285.9797901809
96834508.3722720742 7355.9465370178
88204383.1782354861 3911.2387948138
89040631.7843472511 4855.5910274666
91536939.8431033790 6197.3656657822
91879460.6124032140 6337.2757957876
99020899.4058449566 7392.7353553772
88530516.0715782195 4543.0687260770
91446938.1819218695 6169.2217765339
94430992.8558541238 7206.5283317566
94278918.3867760897 7168.5321140289
88382933.4788047522 4338.5624498477
89080998.6798914969 4866.3614114221
98614983.2300483286 7383.9347190857
99059779.1160275936 7393.6663627625
88989787.5571643561 4837.1485434469
91671918.8102973700 6277.8409942277
94311948.9648723602 7171.9288463593
94601966.5389188826 7264.2599296570
92206138.0073411167 6439.3624567688
92131140.7959377766 6422.0952448547
92038227.7366891801 6397.7803276479
94981934.9703915119 7305.1532440186
94541891.8848499358 7248.4483070374
92192855.4393115342 6431.7492355406
92484967.8675241768 6521.5395519435
92685621.2946792543 6606.9413168132
96949295.3918553591 7358.7022895813
97449927.3867690563 7368.7267227173
88647840.4376700372 4566.1625452217
89141138.8183730245 4961.7862802442
97732341.6927958727 7369.0869636536
88453100.6269360930 4443.0611795720
92475659.0822857022 6504.5407296121
94723309.7090675831 7275.4261360168
97788844.6889106929 7369.1900062561
88221928.5598870963 3924.4218720539
92279785.8807881474 6460.0829170346
88553574.3335891962 4544.8402757897
88365751.4682614058 4337.2619112038
89120062.9809072316 4951.8255042430
92527119.9744058847 6534.5801915079
97471093.7024976313 7368.7697334290
94402228.9831438959 7203.1041603088
88518295.8482441455 4461.3971793455
94485725.5245603025 7224.2134819031
92622753.6802139282 6588.0495098978
88363707.5512904227 4330.1808721327
88405837.2060963362 4344.5790944695
88559591.7436854988 4551.8421073643
88990992.0190091431 4843.9322696903
88527104.1777095050 4462.4705475060
92560774.8257638514 6575.8089357316
92320562.4331252575 6497.4138647020
94648019.6117048562 7265.0762672424
88459182.8529260904 4448.2110523518
97027543.0384045243 7360.1521072388
88661337.4557392746 4621.3736384057
94731218.0725199580 7276.5560569763
95057533.6549853683 7305.4499168396
96999981.5903588235 7359.8348770142
88166705.2304804027 3812.1130680187
89225156.0606154799 4985.5486075580
94535760.7922082245 7231.2554206848
92409119.6923960745 6497.7000715435
94671710.2716362774 7269.4231452942
89085378.1330383122 4944.9032178815
92944926.8910484016 6705.7254605293
89269930.3402481228 5053.6494718789
89346294.0970061570 5074.2705384354
89302082.1543765068 5070.1119442582
93132924.8238051236 6751.0767712593
94688562.4309358597 7269.5876121521
88386882.5858008415 4341.2077543076
92810450.5777207017 6633.6791424751
93100508.5922186077 6750.0901198387
93167906.2423767745 6759.4792323112
88202473.6647599936 3906.9473364710
97346661.2466390133 7362.5649108887
92554944.1677322090 6545.5959010124
92908064.8428477645 6665.4879040718
88339622.9986315072 4320.4750119981
92818272.4277473390 6659.4849133492
92702350.9236231446 6611.1356015205
89197325.1683900356 4963.6887669147
89210003.2342988402 4973.1728270982
89218628.9269492924 4980.0259056251
88556454.2193573713 4550.6275041245
93026148.5799534023 6723.2165126801
92727713.0096338987 6615.8195629120
93369326.5991853774 6821.9310121536
88485021.9369064867 4451.3410733279
93100406.3584330082 6726.7033529282
93381729.7236981988 6835.3283176422
94956432.7162097692 7291.5862007141
89144696.0110106319 4963.1428432624
89700388.7940735221 5259.6831176574
93022248.6801941693 6715.8131742477
95140117.0045270622 7305.5784721375
88656279.9688321948 4580.9616932573
93367980.5901167393 6816.4168920517
93466225.3866730928 6841.0237884521
89018610.6519541442 4850.2653972804
93274871.4910148978 6810.4030332565
93500770.1844390631 6886.1817312241
89013768.4085422307 4847.1786191635
97887549.2356718183 7371.9622344971
88433065.3890810162 4437.0192493733
89061633.2282608896 4861.8630363878
89671592.5327566266 5255.8436154574
88716838.0892623812 4663.3678922564
89834524.0730707794 5304.1648204620
97361202.4517723620 7362.9193954468
88310087.4915257841 4227.2646213085
89645983.1639217436 5248.2867578561
89631139.4110731184 5187.3631888069
88471307.1107917577 4450.5822736558
88305589.8463609219 4208.0277965006
89126317.9243174642 4960.8335139453
89485757.1024043858 5158.8089020886
88578015.0691622198 4556.6060357494
88611633.4041431397 4559.8558751878
88504033.7548292875 4458.1560516757
90720414.6004380584 5686.7269887235
90652953.7057347894 5662.3689339321
88317366.7259681225 4229.8944191088
90814295.6101349443 5703.0086406358
90991513.5016764104 5762.8611169916
90853932.8225247562 5742.7959691446
90558745.5453701913 5610.4286225002
88444074.8830924630 4439.3904706773
88296762.7312140614 4105.7157490636
88423318.2108794302 4418.6577283677
90928453.7563436180 5762.5663849898
88345353.3368284702 4321.2671253022
90191221.5026676357 5474.5679282136
90886674.3509313911 5759.8441765133
90589402.8951717913 5650.1908036630
90996748.5107946247 5765.0441691466
90594927.1044513434 5651.0932887681
90384428.6593556553 5543.6559701562
89793991.6195647717 5292.9331238903
88500398.2400496453 4451.5106380582
90587576.6492165178 5637.1348994859
89482974.9834816903 5158.3773626089
90698530.6914824545 5685.0249201842
89914225.9923109263 5359.4640395083
89726176.9660293162 5274.4704150595
97334914.2839539647 7362.3863182068
90476754.5873334706 5587.7429064102
89934526.0809048861 5360.8461278118
91008113.8632982522 5793.8637446091
89620182.0171308666 5178.5631936789
88230778.1704849005 3996.2556050207
89869082.2962622643 5343.4656479992
91000058.8068001419 5791.8948179185
89644443.8526068330 5236.2865434326
89926018.6298844814 5359.6454842724
91008422.0057015866 5797.7063223682
90256611.7566973120 5493.4080839939
90760793.8357576132 5701.9547888599
89942697.2449328750 5367.5610052980
90687529.2720997632 5684.1912916563
88297285.3216984123 4124.8442042555
90487990.8020137697 5588.5643675085
90284401.8256942630 5503.2228731997
88270398.0661276132 4053.2707758425
88262377.7037805617 4043.4699873115
88294682.0951490700 4065.6392159242
88246301.6460752338 4027.3559941436
97892420.8458350301 7371.9686622620
89713655.8694411516 5262.7823435701
90722798.1178130209 5693.1532931216
90516353.3441793174 5601.1848041490
88268920.3579939157 4048.0603365089
90684773.3621194810 5664.4556354173
88912851.6843852848 4739.4788355335
89624177.9380532354 5186.0432186127
90143844.0335440189 5417.6860204339
89659250.2392893732 5251.3859837689
90034830.8690342754 5388.9327261522
90314151.9904288650 5504.8679537289
90087367.9668923616 5395.9114160426
89839345.1177575588 5318.0805909033
89775917.0874464959 5292.5106747742
90527694.6011302471 5608.9154002368
90236040.4126362205 5482.9515658207
90178770.4119777083 5474.2653759830
90208512.6966951340 5481.1879874058
90332858.6523374021 5520.4342932589
90502186.5345908850 5592.7455505021
90430778.3933841586 5583.9035445899
90395930.1098717004 5571.5150188096
90426760.4495236874 5583.6931490786
90162493.0254970938 5472.0101766475
90127754.4310344756 5410.2983965762
97243184.2931005061 7361.3851547241
90243396.5864037573 5491.6134848483
96980701.5298522115 7358.8369140625
89999914.7881099284 5368.9068422206
90351064.3078772426 5540.5826922245
90164300.7540654838 5474.2330050357
89970313.3475432396 5367.7479069307
