740018521.3352006674 34681.7582359314
630225991.9614471197 9888.0608464116
633812162.1674566269 13673.1491360742
632457062.5090779066 13060.1950418924
633183926.3904144764 13579.2687802392
633076976.5441278219 13497.2345381084
632993908.1514233351 13473.9489059210
643443170.3852759600 18645.8661898327
643737278.7058151960 18688.1066408635
652250298.2191352844 21504.7121050096
653129689.5059419870 21717.4306771189
725199250.9325771332 34415.7331962585
724686954.9348939657 34400.3259315491
726429676.7752808332 34447.0630683899
631488740.5502729416 12153.4713911515
631509414.6399632692 12160.7143703692
740106138.5048643351 34688.4945487976
740063916.7663058043 34683.3654670715
631419980.7796968222 12057.2407707667
636823371.8858096600 15398.8360485098
636815887.3289061785 15366.7464360259
636965484.5376285315 15493.1063066222
644714145.9479702711 19061.8117657700
722829005.0493699312 34315.3075828552
726690335.4033641815 34452.3250465393
740449807.4154864550 34693.6195259094
688282010.8106464148 30394.7919960972
630232161.8531355858 9973.9455500092
631404378.7206592560 12044.5153888267
632976586.7780731916 13465.6081800762
658963500.3102468252 23408.3208032007
689161171.3925329447 30513.4119669087
723162203.6790739298 34340.4344520569
688736554.8574572802 30478.6347760092
716061542.7881605625 33899.9452762604
636917912.7365987301 15450.3067751787
689040806.0665127039 30512.0751622673
722969864.4345639944 34335.5947608948
723687569.7946966887 34361.4011116028
739797626.6450184584 34677.6713829041
739969468.5148912668 34679.5278663635
631466035.4247754812 12143.3599175231
631438022.6098831892 12126.5698095874
644907067.6383010149 19139.7073547060
630275689.8650517464 9989.3121304955
630452649.8072906733 10199.7892612242
644513897.4320619106 19014.3994016451
644601873.4791775942 19059.9671584780
688939966.2882341146 30504.4154154416
689248118.5043121576 30538.9125368427
739665635.7986520529 34669.4923744202
739413397.8121196032 34667.1418647766
739846106.8426169157 34677.8522148132
644290640.6803728342 18946.4863750778
698563674.8858553171 31916.7657828331
644232012.7574414015 18881.3949767379
632963398.2920001745 13366.2345799220
644286223.2323729992 18933.6780180008
644291154.4744590521 18952.4055568007
659186006.8616749048 23438.3744240862
652860736.1839799881 21679.3632832950
632839562.9399713278 13353.4880061553
643890123.0314785242 18752.7427586747
726864839.3711738586 34452.8190193176
632795004.0269757509 13267.4047401140
643275876.0586669445 18541.9127568436
688985252.4855018854 30508.0411299597
631595265.4300097227 12279.3286955729
652212684.1465448141 21492.9070303178
726144492.6031968594 34441.8185920715
631555008.4038692713 12259.7504030448
643431001.3550525904 18640.8383772881
726256172.9525561333 34442.2907676697
630568684.3699288368 10320.2814217912
687849837.1342728138 30289.5965428185
688631844.6307953596 30464.6643017661
688727663.0092591047 30469.1627012622
726662250.0269964933 34451.7999687195
643544897.5818079710 18664.4874372316
643413261.2637563944 18634.0518635941
643103692.9368795156 18511.4749215775
631809426.6511019468 12372.0951763403
643156281.6278598309 18511.5567629197
726847170.7693033218 34452.4466514587
632656825.3398215771 13164.7646759617
632497978.3748329878 13065.5118794736
658250230.9021890163 23205.0888576780
632187274.1187956333 12743.8214963551
658375742.0778522491 23232.9978253853
643026929.7901681662 18431.9253781968
688475891.9751220942 30429.8909899127
642830995.8445732594 18340.2688871295
689832844.9992877245 30585.8646843564
739403356.3539208174 34657.9754524231
632291356.4055854082 12939.4661278126
642922436.1516845226 18407.2168165118
636976172.7172191143 15524.1790889761
658718002.8243943453 23334.8186948311
658486980.0178111792 23277.0066087257
658291334.8468139172 23225.3585507881
658724536.1167953014 23338.6536599260
630604188.1840345860 10321.1211823998
652398930.9405553341 21550.6148292011
658032504.2051483393 23141.8076069367
687961320.3703449965 30333.3714844119
687583206.9719247818 30227.8209250104
689427711.0873912573 30552.1438305136
699083936.1643139124 31974.4883170128
632133549.9459215403 12644.1285555551
631721154.7554186583 12368.4842497923
631843402.6353920698 12468.0154443991
632143592.1770364046 12737.7124452827
689718192.2226721048 30574.7463519704
689413964.9861326218 30544.3298061024
697271891.6253045797 31719.5106433630
637158555.1472383738 15581.3584633831
697539716.2898865938 31772.2672923803
631988079.0848168135 12543.5277061406
636683447.0716748238 15323.6430631327
655781228.1577421427 22501.3356828649
697274389.1327799559 31725.6403154135
687355741.4929271936 30153.2711875867
696612550.3531631231 31611.0323890448
656707208.9830291271 22727.3960545076
696398724.7064892054 31580.0213040113
656786586.5261694193 22788.7401897920
697094724.8853293657 31698.5069144964
656139391.4089319706 22586.0203433720
697273703.5965934992 31723.2907088995
696888224.3080207109 31677.2583640814
716253574.9761507511 33917.6388301849
636675478.4727547169 15322.6385810128
656514275.1718217134 22698.1371155468
724353453.8170075417 34387.7131538391
696501548.2234112024 31599.2873395032
655743991.0490201712 22468.1146703450
724553051.6957520247 34390.6826362610
716517384.2028579712 33932.1565456390
655223957.2260854244 22363.2740941731
716319538.6500399113 33919.0327053070
655007558.7430645227 22284.0960813252
636737698.6113734245 15324.3775697699
636459415.4597655535 15105.1704106729
636263164.7607760429 14970.3048574321
636267965.6326576471 14999.6348730915
655251059.1648092270 22363.6820226399
654922251.8024872541 22246.1766057698
654964913.7709389925 22263.7775731770
654922710.0207608938 22257.9857856420
695485105.1775052547 31432.6303146428
655193979.6431969404 22322.2674874751
653596138.3926641941 21863.4999829204
654213996.2482112646 22051.8801525923
653906475.7875363827 21949.0068875868
687095258.9040436745 30051.3657558265
653428310.5152238607 21829.1905767814
712798691.8542640209 33580.2651271820
686688482.3360397816 29912.0433185827
686594116.7721400261 29845.7997539770
636194458.7740702629 14831.3448738098
686777076.5047349930 29971.7317760717
653531522.8484425545 21850.9391182679
653543624.3726164103 21856.9912328291
715500622.5785028934 33862.0827999115
686982627.2492456436 30004.8446882498
712953582.6644406319 33593.3782615662
638001038.9864912033 15730.3873932941
712889093.0006027222 33587.9483299255
653157212.3083423376 21758.3430925504
635874782.2519820929 14650.2626821143
638425503.4338917732 15954.7620869523
713178476.9414821863 33603.5543670654
631049055.6411449909 10380.3894314707
638277088.4393500090 15899.9432404621
685837441.4967231750 29665.0377960263
713349089.9215155840 33611.8050079346
713025013.5523589849 33599.0433120728
712574757.0245282650 33539.9742603302
686224691.6734106541 29706.5778974353
638386120.9660362005 15950.4187263988
712678922.8240556717 33543.5218791962
638347490.8767361641 15941.7751892193
638032126.1037852764 15785.6993058308
638133116.1534175873 15839.8475373371
637869618.7282526493 15673.7497342213
631050337.6582583189 10405.3661068404
713444065.5496950150 33629.4331932068
651646008.2050409317 21215.5108807685
631148538.2648969889 10560.7091747887
631212390.8792306185 10629.6659822904
651591745.5598505735 21152.6214352811
651548722.7146757841 21083.9031048978
717247041.7497386932 33942.8106441498
651781300.5526728630 21230.6615201200
651565867.4001044035 21130.2305718626
651579428.0322377682 21136.8171902860
693957131.8110803366 31106.8580020017
694284633.6719702482 31207.2930524892
717867630.4255945683 33967.1111202240
717748420.8192672729 33965.4464778900
717447456.0042719841 33943.0740184784
717455515.2740833759 33958.5711956024
717449545.7897326946 33944.2051639557
631368309.2660087347 10747.1393870097
635693609.7839363813 14175.1883335664
685827204.8404628038 29406.0574390758
650443864.8027728796 20568.2470569947
650749626.9503300190 20658.1907508263
650764447.3674240112 20662.1045462686
635845298.8159527779 14360.4731709886
650008360.9617021084 20404.5357776308
641832951.6338417530 17437.4010071710
693368912.2605553865 30938.5822136181
693407048.8263920546 30950.2281257885
635753591.7521970272 14279.0820282142
635837367.6640630960 14282.1158741753
635699045.0163823366 14246.9235180657
693320406.5591576099 30906.7752220409
693380409.1311949492 30950.0452339428
693348931.9767224789 30912.1950784700
635516472.6357214451 14020.0772719151
641743643.8282642365 17420.4574665978
641679127.4294911623 17357.2168428853
642098485.5242909193 17551.2646904588
641834454.4196646214 17454.6023259118
721370676.0790892839 34103.4326019287
721154799.7810429335 34020.9182319641
649623829.2929768562 20217.2012016519
721595742.4658361673 34124.2534866333
649332541.8761059046 20109.2976162179
635566046.6474946737 14039.9432533400
641447525.9978647232 17228.0872000411
649254915.1899846792 20085.5560639919
649130657.4634431601 20044.4202589606
649527189.5982810259 20190.5910961373
721696384.9975801706 34127.8158187866
721168701.6845957041 34093.9330444336
641546180.6270321608 17247.4585223749
648574432.5774216652 19843.5331278951
648392339.9505766630 19733.1769696385
641551547.0515191555 17268.5845690861
721484134.2429075241 34109.9989700317
648610077.8707851171 19852.9138823659
648472382.4449676275 19830.3351756246
647222747.8447695971 19391.2940013676
646788191.0754801035 19209.5803008597
668543354.1994898319 24784.3607292103
668440059.0220029354 24749.0872764516
684137147.8618590832 28792.3763274905
684436645.6633298397 28871.1138987002
684093278.2480721474 28728.2775823945
668254737.0156085491 24713.9728164601
669912531.9382717609 25155.0525523646
685712302.7304278612 29099.8554819283
683965078.5459786654 28666.9467728418
668690562.9776306152 24824.3939322328
683798601.1316895485 28573.7638482702
668719202.3405950069 24835.1589278078
682417953.3067226410 28139.2675185371
682233281.2493474483 28101.1010123524
681890475.8763461113 28012.5485068593
711177935.6264963150 32769.1793594360
681275343.5051095486 27846.2166681420
711550703.7819671631 32805.5082597733
641352947.8251556158 16040.1024573730
681127960.4253650904 27816.8434292488
681012695.2108047009 27811.4121143036
680794728.5585544109 27729.2816516571
641348134.6153435707 16034.6311551421
680808389.0951616764 27764.6170207672
680135572.2551821470 27565.3699367429
680736026.1632595062 27716.5529368307
680557023.8324260712 27700.0612471487
680173092.2335761786 27578.4099675800
667402379.2776449919 24361.1472211390
667210432.7117375135 24337.4099088221
667190703.1356033087 24283.9873014002
666902834.3273906708 24214.5622809439
677038671.1657973528 26655.6462347713
676600721.5025271177 26579.4119313928
676616444.6217321157 26581.6689532968
676461011.1770125628 26510.3952056738
676342166.9783707857 26499.2804366919
676263480.9390658140 26455.1957281737
676166132.5786415339 26441.3857005744
665731936.0600476265 23696.4504767497
675031299.0823832750 25949.1035814102
675142104.2370864153 26040.9393338974
675150846.0706921816 26042.7419109161
674709373.3443161249 25906.6614809774
674373588.0800006390 25813.5431656563
674078634.1245458126 25709.2926674211
673959944.9534230232 25636.7294312315
672974946.0126111507 25365.7743859900
673106845.2369787693 25389.5498395575
672762905.5976760387 25328.3716874732
672704210.3903908730 25299.7309709204
666234249.9355250597 23762.2952026947
666207580.0439873934 23741.4878763779
666330667.2083455324 23795.9067568405
