239198147.7241207361 7178.4465323146
238909176.5834556222 7145.5055337604
239675078.1269165277 7344.1659360584
268359322.8280604184 12537.3370962143
239760319.0811457634 7367.1688409504
223465235.9500985146 1668.0098004230
239329299.5813592076 7282.9800210651
239897217.1573168039 7392.4401651081
270348564.7889853716 12880.9629554749
271096936.5409345031 12976.5089149475
238641586.4917857647 7101.2094121631
273094314.5444689393 13192.2644271851
239234301.8562938571 7205.1952615436
239520109.5755428076 7318.0732534411
239499782.1302734017 7299.7660919037
251487575.5667681396 9693.4486809969
268019866.6627700031 12499.1566677094
268432546.4339289367 12584.7075910568
271244827.7930697799 12999.4988822937
239844398.3789050579 7377.8520528914
273459546.6456068158 13245.1925506592
270877485.1147155166 12949.1356239319
224648872.6672547758 2423.2576726559
237976945.3148433566 6855.7009162693
223451549.0818551481 1665.9839105968
271013361.9281434417 12972.5242576599
271162286.9716750383 12977.9305992126
275090013.0840410590 13325.5945816040
273612427.3253802657 13259.4201431274
275233275.5101733804 13333.2189559937
233272671.4514459372 5518.6702060220
274568582.3132704496 13319.4955215454
268527057.1919104457 12599.1490659714
272916093.6029541492 13180.7300395966
250446319.4688045084 9511.8458137587
250371209.9234397411 9485.0754952654
273619915.1794492602 13268.5397262573
238033401.6456283927 6925.0942039280
268684088.4733618498 12623.6286973953
269426060.3058862686 12706.3572435379
273982081.2571586967 13288.4532470703
225205624.7282821536 2649.8609079019
222873799.3696638346 1232.7750012833
229961347.8064743280 4533.0035980871
275816109.8945339918 13342.6753234863
276453660.8890885711 13348.1428909302
251130879.8255092502 9624.4452684745
234127759.4147868156 5728.7616066451
270983898.4139658213 12953.7865104675
234184762.9020084739 5826.3242361066
238167052.3271485567 6934.3978026519
238117657.7002168894 6933.1584854437
273783736.8798356056 13280.3726196289
274156441.1248623729 13306.2883148193
250812490.1780829430 9553.1611047015
238270067.9725261927 6951.3210410862
238549589.2659600973 7040.8474784954
229872853.3936389685 4515.7826901608
230283853.8879376054 4638.7449702717
270973349.1047441959 12950.8477058411
238447107.9710476398 7028.4061230845
271064306.2359849215 12975.8616828918
223057690.5013239384 1362.9778112883
224669927.7759501338 2424.3267050195
229023212.0952855945 4181.7632121289
253453696.4754422903 10043.6921793356
223251048.0835548341 1555.2379268162
233109126.5078729391 5484.9705025335
253325415.7444814444 10029.3825517371
252970759.1431135535 9953.4038462341
224685291.0993431509 2425.6852092950
238169661.4343931079 6949.5297660618
252765425.2336918116 9926.9732676976
238346248.9547398686 7000.4898393690
271928592.8794160485 13074.9380302429
230333657.7448310852 4639.0316706248
268408712.3527584970 12558.9928855896
250769457.1574384570 9549.9010110125
268819554.3585511446 12644.1479845047
230195774.2539749742 4549.1097658439
253494325.4828936458 10044.9082197294
268809002.7507284880 12635.6066026688
225544374.7677219510 2661.3561680053
250310650.2684568465 9443.5656047091
229388618.3417176008 4332.3456293992
233791031.2801828980 5716.8640920636
268864083.1357478499 12650.6199159622
225818563.8258684576 2663.5843145831
225804079.4510883987 2661.7444702530
225387810.9323488474 2659.6533873539
253741840.3790469766 10062.8602537260
225009147.9492498338 2550.1932433109
252897273.2750357985 9953.4001096830
252337989.0739718676 9856.8304029889
223990812.3340600431 1998.6465465398
268948118.9394870400 12651.6131563187
237670442.6100253463 6816.0672765202
237401782.0163756609 6737.3276404962
250551730.4508000612 9528.3335900530
275810078.3461847305 13341.3147735596
237246764.6994077563 6633.4107823879
237399480.0588694811 6729.3242831738
234201856.5036720037 5830.3793707830
237295517.7517684102 6661.0633438141
236974118.0001433492 6620.9964874298
245813352.7467335165 8499.9596596813
276209101.5900143981 13345.5434570312
224741832.2758111060 2426.5506894480
250616182.1344321966 9536.1279931068
268770330.1656668782 12628.6216859818
229538694.7524669766 4406.3045898405
251433049.2398069203 9669.0441105023
252191459.1594498754 9803.9261564359
251906705.2936915159 9754.8607125841
251190088.1041258276 9645.4005685411
252064915.4789090157 9793.0339063153
252214150.8646061420 9832.1992658720
252258285.4889078140 9843.9399656400
224329298.5232494473 2214.8705231793
234431386.5894114971 5866.7294804384
251703208.8571214676 9736.6675704255
251404910.9286266267 9662.0231922612
224286735.2579911947 2206.4747902026
224090831.6109306812 2103.4343020566
236840314.1184087992 6488.3924572007
236895446.0235700011 6501.9682018296
236826530.4850829840 6477.6633960740
251661510.7537544966 9734.1758721814
236750853.7148659825 6476.4493282926
235910319.6021389961 6275.0580547941
236240966.8008271456 6366.9891842497
267103457.4606102407 12343.0533975959
284697673.6950348616 13349.2122268677
224317361.2813697755 2209.5077780192
235757390.6482392550 6257.5290402067
253208560.2112349570 9983.9445135376
267848946.2904361784 12446.0764040947
223704851.1466119289 1796.9065848459
236092178.1992527246 6289.5230489711
246711490.0148135126 8676.4751340902
246465312.8678357899 8637.9206226924
267290691.7575430572 12384.6314425468
270199862.0224180222 12830.7472934723
223822642.4860938191 1922.6158635653
235863308.0746613145 6263.4518045257
272415253.4661593437 13112.0861434937
228742474.7476924658 3999.1298577743
271830332.9151881933 13051.4212913513
235831155.8324525356 6258.7101246456
223902824.3359861374 1992.9110600985
236931405.0594109893 6505.3548453439
234382446.2071347237 5857.6852761651
234604535.9995413423 5936.9044884334
234664540.9215142727 5939.1693527610
236351447.5004103184 6373.0857313541
235053409.1466179490 6045.7404178559
235170209.4993962049 6051.1063123564
223217335.8958106935 1472.4599774208
223438037.4612475932 1595.1880352821
234546689.4503223896 5923.6775879334
234556075.7898713946 5936.2799529512
267605749.5583195984 12390.7302399874
245869755.4233899415 8529.9410546056
267397398.3280785978 12388.3732758760
267281523.6722962856 12352.2814942598
267165184.0138133466 12349.2300738692
266832201.8194573820 12190.5836592913
223531647.9126001298 1677.5687859459
266975282.2237068117 12318.2495499849
229163244.0441833138 4216.2188094099
266966691.6341311634 12289.6201707125
272650740.4789170027 13128.6771545410
275711057.6047166586 13334.6829833984
234861828.1993916035 5960.8843998555
223180725.6186636984 1462.9625745214
228920568.2955232859 4110.5037591639
223359618.0548550189 1577.2109787864
245929560.8131420314 8535.4437683257
246044318.7945635617 8546.0409439239
233001063.6643999815 5424.1078162105
246159390.5180806220 8557.3020446929
228976200.7940981984 4116.4225222436
228996464.9960530400 4123.1656915340
246610310.5658513606 8662.8652084502
284700092.1325120330 13349.9442443848
246087370.1090728045 8553.4424982376
284333636.4494712949 13348.8780746460
246070519.0969541967 8549.7950409087
254109999.7110653818 10104.4124960979
233238786.2734815478 5508.3262077258
232923829.0818324089 5403.0738395671
245466670.4627766609 8421.8934612754
254064598.9691578150 10082.5877224890
223680006.3059223890 1700.7989499148
254003877.6759085059 10070.4375668399
232741758.7970787287 5325.9836156736
232537889.0810361505 5232.4553716737
232782028.3248669505 5336.8385694362
244592843.1690147817 8187.5976776636
232656228.9815337658 5310.2143838960
245037024.6820315719 8304.3367925021
283862699.2997504473 13348.3389129639
254166060.7167110443 10105.9930111853
254084324.9772788286 10100.3716730600
245012887.1733872592 8278.3494562688
244068638.0845803022 8065.5096036950
232696819.6488170624 5310.7302461006
244360904.6691589355 8086.5305769006
231698605.7833514810 4950.7240380555
244253052.8807430863 8086.3883039514
244451827.8845788836 8107.3828276428
228911806.2407192588 4098.0885470645
231397001.6720042825 4847.7479323655
232302342.6112452149 5102.2759852408
232030901.7678810954 5068.3489206939
231262959.1534829140 4837.1607822853
230817207.1504353285 4665.3580902354
227522720.6132336259 3343.7802969515
231247649.0892522335 4837.1154831187
230839276.5955557227 4727.6553390757
230795583.5002719760 4655.3626082079
227447144.0051883757 3309.9884525836
227508326.3307285607 3323.5350958407
227619766.3848032951 3419.4485966265
248834128.4199793339 9002.5855240896
228714308.8068876863 3854.5388220251
228690310.7550235689 3764.1132399030
228528786.9992359281 3744.3628763296
228478366.5818214417 3743.9226079769
228202644.5966256857 3619.2873938419
228417849.0010718703 3619.7997834666
227412009.2017160058 3291.5235269199
227189599.3980289698 3130.4284760803
227254476.9701790214 3216.6459092945
226359458.3388520181 2685.9273320831
226905015.5396947861 2904.9496307243
226725076.3068927824 2802.2796130501
249821232.8169655502 9227.2784000942
243864371.6471857727 7965.1447908359
243766407.2184123695 7944.4901086427
265784099.1204726398 11828.6010092639
226593861.4461858571 2787.5088105736
265883842.0598159730 11853.2745798968
243725186.8470502794 7879.2332917787
265824218.5167505741 11841.8143423937
248457280.3298428953 8944.8390566655
243830935.6755700409 7964.1570321657
227183933.5385128856 3000.4241697621
227006958.3666899204 2991.4090332855
243899493.6078889668 7970.7613056400
266351306.4464274943 11962.2113738251
249528406.7086938322 9149.9794706651
249876565.5757991970 9245.4093843531
249472214.4573766887 9147.7160476991
248879649.2704746127 9029.4425892698
248098424.0758842826 8885.4612088072
247670840.0861809850 8770.6918863597
266538747.1731791496 11982.3643750306
265228971.4523411095 11777.0744543322
264472557.9243868589 11610.7899660111
264645670.6374340951 11661.7359880448
264201401.0034523606 11545.6933334150
264320329.4785241187 11580.1760858536
264202836.6918793917 11566.9823678971
263566227.4861906767 11421.8458913804
263274088.1921527088 11390.1151162311
263984709.3759919703 11524.5203546525
243084834.1765804589 7611.9344396995
242993128.2518049777 7566.9527734921
243257732.5663264096 7644.4983969138
243429458.2329833806 7650.5295858786
243117128.1168602407 7638.7980108664
242826948.4855059087 7543.3394062669
242614536.8773292005 7436.8938901574
262984648.5086331964 11246.4386074178
262575813.7088575065 11141.0308798909
262447476.9416606426 11132.9234420918
262466454.1016660929 11137.9806091450
261968764.7832592130 11056.6949188374
261882418.6850262880 10985.0144461133
261374874.2592647076 10909.7060850598
261379658.9082168937 10938.4478147961
260675282.3239499927 10778.6523077526
258632055.6519382298 10435.3170401454
259469935.3889794052 10556.2878500819
260361466.8411976397 10665.0984224379
260009927.2302541733 10632.9360814542
259923774.6530238092 10594.2129661217
260192338.0998468995 10664.7488380783
260150771.7281645238 10651.1816258878
258786254.7285767198 10446.8277060390
259458328.7876870334 10555.2873387784
258033208.3131872714 10235.5395545512
257953785.1629371345 10176.0270210057
258338157.5059630573 10319.5801863223
257487432.9274007678 10150.0981987119
258066680.2796650827 10258.4036885053
257953312.9291377366 10155.5719373822
257336154.2921293974 10144.5768364072
257731830.7604945302 10154.1592445374
