945679444.8368095160 11967.0649219771
945698410.9570146799 11987.8111149017
949128105.4699476957 14597.2907818519
949007868.8168011904 14516.9015430474
948900311.7679520845 14513.9837136188
948790778.4906338453 14492.9239551538
981013724.6018078327 25389.0321676121
980323751.7651914358 25333.9449273930
1070842654.5658351183 37246.2505512238
1070360130.9913572073 37238.0086345673
1071282580.1146353483 37271.7464771271
1070742670.9960576296 37243.6746883392
1070881241.0257068872 37252.1210193634
1070839226.0178767443 37244.4369716644
1071029228.2104610205 37262.1550540924
1070224326.0905267000 37179.4089698792
948665982.7626980543 14393.3956992618
948574601.2774413824 14382.9367761306
948774577.8685784340 14433.5308730594
979891113.9432524443 25229.3620905266
979971794.9543402195 25243.2727561281
979305699.1452260017 25161.8603319512
979667766.8257557154 25227.4943689690
1053605498.3056591749 36600.5965361595
1054223473.2951020002 36631.8038115501
1054577872.1077376604 36660.4706416130
1055071418.1459811926 36689.5349502563
1054703932.1989480257 36671.1278605461
1054491338.5608388186 36659.4667506218
1054373797.2690140009 36654.9701157808
1054984350.4612845182 36676.8111834526
945824780.4545943737 12311.2584044073
945806799.0097670555 12295.9483622094
945755549.7804114819 12285.8750198861
945981644.3693182468 12501.7797204519
945854757.2136225700 12394.3044015432
946038220.5185837746 12511.9117094932
948450448.1306740046 14307.3455837669
948570450.3359941244 14332.7324444295
979404672.3029483557 25177.4310259209
979158424.5526554585 25109.4794466556
979510466.3776689768 25194.5434541763
978978701.3209338188 25087.4156687320
978795795.1763572693 25013.7144629171
978279051.9928213358 24862.4337539484
978677259.6070500612 24966.2721697500
978526695.7074273825 24953.2439047506
978241906.9498264790 24777.2133877648
1053042530.5758270025 36560.1251089573
1052676869.7448781729 36519.2199823856
1052214343.8127943277 36386.3521559238
1052896303.6015638113 36549.6895220280
1053217583.4140905142 36580.7423174381
1053655722.0382250547 36615.0378127098
1053355348.4855366945 36588.7130331993
1054597137.2325876951 36668.1695361137
1053930155.8424957991 36617.7914710045
946297747.5922756195 12622.9351027982
946440729.4277610779 12695.5369087024
948367615.0467883348 14143.4193116834
963714235.8421026468 20449.6744206654
973346439.4319074154 23550.8122538390
973671441.1472767591 23760.6420974496
977730722.5091118813 24724.3412915552
1040678672.3679645061 34982.4578685760
1040532126.3737902641 34972.2673878670
1041357854.9040009975 35086.9559593201
1040680922.9202172756 34985.3608894348
1041086019.7322287560 35042.4064331055
946716018.8877320290 12738.5302939798
946624884.3042736053 12736.3371251711
946850124.0299072266 12786.8553971188
946722087.4793124199 12745.8943038065
948258687.5967549086 14006.6212682543
948329287.6209425926 14064.5227199311
948264306.5273197889 14015.9409034046
973492298.2350486517 23743.8817194763
977696559.0057775974 24695.3300484503
977871460.9768376350 24771.1846150244
977552481.2008643150 24598.1481531943
977668926.2195308208 24653.5165165747
1041556253.8951885700 35092.8184051514
1040304468.3146021366 34869.0856351852
1052227634.7735463381 36400.8241524696
1052081366.8158885241 36369.2758355141
1052031802.2816911936 36349.1514687538
1049804360.4018933773 36135.2330037355
1049263440.8971846104 36090.0938504934
1050380384.2778615952 36190.7860776186
1051245032.1775159836 36269.5254994631
1049998563.3271200657 36176.6854344606
1051786604.0790472031 36319.3861103058
948122534.3959420919 13921.0221765607
948274686.0536888838 14020.2939719155
1050721533.7124340534 36242.0679417849
1051472203.2444753647 36291.0721588135
1051098544.0281124115 36252.5290679932
948084696.8769053221 13801.0281203631
974139195.5501860380 23940.5863207641
946973884.7606898546 12839.3204647491
975028207.8246805668 24120.5757504639
974677700.9557477236 24031.0625010666
1048686796.0109151602 35893.0159306526
974766947.2175074816 24074.4117203888
975445140.7309879065 24199.6185830769
975200391.8664458990 24186.3233177265
975535240.1605570316 24242.6184838093
975114747.7102613449 24159.0066487522
976048506.8226968050 24332.3807970360
976105917.0691740513 24336.9759735794
975747980.1427732706 24277.3100733490
976622569.6690000296 24471.8535907874
976282147.9239329100 24432.2587726722
976198144.0019565821 24369.9890868919
976208315.1397544146 24410.2050597029
975855137.8829684258 24309.2239603730
1040476063.5161664486 34881.7117004395
946794610.0727562904 12750.7966943783
947266661.3942768574 13058.6526423785
947509667.8198018074 13260.5867656027
947526628.2287349701 13279.5669443165
947394516.3255724907 13193.5348321124
948002183.3777319193 13621.7093299381
947889739.4035689831 13521.0622424072
947544082.9295320511 13304.9349011205
964107430.9202933311 20586.6403986486
1042423009.0975508690 35098.6503138542
947728332.5936791897 13407.0140842258
947780161.0148277283 13414.8676686737
947400192.2535121441 13204.2239900385
947602393.4839406013 13326.2774584613
1070080522.9880207777 36780.0541229248
1070047435.6821156740 36777.8779506683
1042761480.8495838642 35149.0292658806
1042641353.5894112587 35127.4990458488
963913535.3226814270 20526.8618488353
1042622900.6612131596 35120.4173808098
1042621541.2458415031 35114.7485957146
1044375454.3751294613 35307.3424620628
972993988.3392751217 23236.8279711516
972622788.7732561827 23127.1374994130
971710632.9555238485 22844.2349757103
971866107.9962826967 22887.5118586959
971502530.0384198427 22784.0705982082
971694614.0704947710 22815.2840572236
971609615.4190890789 22802.2421116245
971746489.7540553808 22847.2939506372
971400884.4492893219 22777.8093009790
971562593.6049435139 22793.4413324627
971522096.4304883480 22788.6108313831
969704838.6489202976 22130.7598835816
969935091.3246557713 22193.2066890194
969832379.3448944092 22184.4588916049
969731439.0010366440 22156.7966162906
969538589.4958827496 21992.0026995883
969565599.1519941092 22003.1895308931
969659528.1602377892 22045.8919309218
969071236.5067638159 21896.2033899408
969398439.1702419519 21986.6093448967
969280007.8423045874 21970.9980616913
969255997.2249660492 21899.2830815747
968856128.1725530624 21873.2404456482
966680459.7872207165 21248.1512473782
966368411.0215981007 21172.1356512815
966598005.1200462580 21201.4692916753
965689834.8912515640 20916.3887525468
965349965.8933646679 20857.2419038682
965273989.6614233255 20853.8823729088
965768440.6824083328 20944.8637547299
965385931.4723210335 20858.8436140685
965234370.4242676497 20852.4457841783
965210212.0608968735 20839.0750957398
964523964.2757778168 20643.9867862856
962548485.2628678083 19737.1066896791
961794786.4730939865 19418.4132633680
961621171.1998366117 19407.7155894314
961513169.1984051466 19368.5834580153
961378082.3159056902 19350.3997953024
961573667.7974660397 19377.3921185148
961458608.9781202078 19358.0018364799
960565792.1873394251 18889.9145382408
960462758.8955432177 18864.1574882109
960462564.0009273291 18858.0155884206
960570067.9833687544 18921.1612778370
960346232.3139716387 18856.1988083303
960306298.0250427723 18811.7965843443
960123080.1394985914 18799.7456793551
958811918.0025192499 18158.9697093842
958751134.4910787344 18090.4975882479
958642798.4610673189 18070.8428844906
958131194.0695353746 17838.3191132813
957789618.8828341961 17551.7053279625
957574441.1419988871 17454.0716840969
957751566.7318812609 17547.6503038155
957410367.9099773169 17332.5604309784
957450731.5132411718 17365.3707488195
957489460.3407210112 17426.7206426128
957561609.0627366304 17432.9596768963
957264057.0473717451 17294.8272089706
957372230.6246992350 17312.5690893875
957466273.9345933199 17422.1801762329
957503363.2690081596 17430.2694532098
957453400.9579176903 17410.7235480966
956311581.4891993999 16081.3044515330
956528982.6626663208 16184.4863316598
956478731.3502100706 16156.6789969058
956437295.6106916666 16085.3058683990
956271178.1665889025 16061.1706194325
956053693.9177390337 15970.3636365160
955838819.0170236826 15873.6438184008
955917128.5636628866 15900.9083142504
955916873.3479093313 15875.2212643846
955735616.0863345861 15812.5768943399
954513537.4200568199 15188.0917307203
954595938.8265007734 15192.0400991057
954335590.6442244053 15084.0177253773
954455241.3082935810 15162.8791603797
954211597.5141248703 14913.4459357501
954328505.7030403614 15037.6234964198
954241543.4302823544 15030.6597882646
954306337.9901311398 15033.0635629461
954277340.6830148697 15031.7089066074
954200801.8533010483 14907.3217005748
954238299.1049184799 14934.9459275240
1043515315.6642305851 35198.8540358543
1043507631.7741477489 35187.1333060265
1068030310.5809258223 36707.1267089844
1069243044.1771923304 36735.5782394409
1069952744.0528670549 36754.1076889038
1068348013.2918976545 36722.8388595581
1047874264.8517099619 35576.4008913040
1046433137.9332022667 35415.6307773590
1046800567.9717757702 35447.0504817963
1046649867.5925564766 35435.7793674469
1046706181.5224018097 35441.0188560486
1046529083.3140037060 35425.0699825287
1046977604.5157220364 35473.1516981125
1047572075.7701869011 35507.1827421188
1047314667.3753659725 35498.8477430344
1047744292.6027276516 35530.1837778091
1048232609.5801472664 35589.8996133804
1012916623.2091459036 29452.1723322950
1013663762.6379785538 29567.8316450201
1012658191.7237983942 29349.6233480058
1012935425.1403579712 29478.0735559545
1012302242.7939147949 29268.9095408261
1012679349.4317191839 29388.1951065145
1012186053.4682095051 29212.8443668567
1013238538.7086825371 29493.7155940615
1012342244.2022749186 29290.4002018057
1012452478.3230167627 29338.1485900961
1001046930.9295078516 26679.4018256167
1000689369.3856159449 26616.2918592379
1000409148.0430135727 26542.8724459098
1000656639.8601802588 26607.6326011423
1000405208.8751235008 26520.1718620066
1000520378.0147179365 26572.5023521189
1001255739.0777221918 26710.5953754191
1000850642.8539834023 26657.2657352710
1000740877.6862967014 26617.1728857760
1001127583.0934697390 26696.2601536516
1000843203.4371587038 26643.8204940562
1010780535.7530322075 28640.3423361725
1010640749.5840238333 28611.0675175759
1010467780.9981878996 28564.9282545990
1010466565.6582944393 28480.4731116241
1010815391.5030544996 28678.9103045410
1010704438.3895099163 28611.8464026398
1010050491.4740067720 28417.9489780816
1010299302.5012269020 28459.4011836030
1010209768.5288481712 28424.8558279893
1003715764.2086828947 26843.3390699409
1004491074.1958580017 26987.9872137092
1004298403.1262325048 26953.2278243030
1004451937.8140282631 26958.6740827287
1004560293.9217275381 26990.8077273598
1004697688.2934010029 27001.3491358986
1004727065.7726708651 27039.0640177956
1004917928.9092266560 27050.8815525545
1004974328.1573134661 27081.2885241738
1004471819.8194726706 26977.6414942971
1010045960.9177674055 28196.1222136801
1010014319.8151154518 28143.3397483394
1010003511.4591331482 28142.5492022818
1009917985.9893174171 27982.7535315787
1009975897.3184397221 28005.6683916786
1009982922.2660168409 28036.1399645546
1009853192.1456023455 27961.3230048894
1009483063.5213942528 27822.0618926872
1008241180.2382773161 27434.7632851445
1008104205.4972035885 27394.0751800656
1007828503.3828867674 27323.5753936886
1007973333.9512853622 27366.5956788182
1007572926.9150098562 27276.4746242582
1007776465.1699793339 27282.6621807634
1007643817.5341682434 27278.2644539296
1007534952.5664864779 27250.4012335359
1007600766.7320964336 27277.8373836100
1007954975.4359518290 27329.4594255153
1007373560.7950146198 27232.9035401761
