633088661.3874179125 2848657.3652343750
629776711.1466712952 2757250.2575683594
642189516.8508521318 3055716.5512695312
630554511.4923052788 2778331.6838378906
638350723.5505083799 2985329.5747070312
630159459.9434255362 2767902.9514160156
628437347.5329846144 2711378.7998046875
645672036.0345871449 3116648.6955566406
634974002.4350047112 2904015.3696289062
628437347.5329846144 2711481.1044921875
631586157.2003881931 2802867.2687377930
644716293.8798145056 3101271.7690429688
642090937.6020377874 3055227.4291992188
628666356.3060414791 2718378.6865234375
628464039.8195741177 2715648.9849853516
651505868.3441936970 3177785.8603515625
657500942.6925336123 3228755.6506347656
624834307.9876643419 2553480.6408081055
652517448.9249793291 3188749.1271972656
642219234.1564786434 3055944.6108398438
628706378.6585118771 2720192.4600830078
627368099.0429395437 2676985.6559143066
634073730.1971353292 2879096.4641113281
634512482.3182965517 2890635.3251953125
639053353.5250040293 3001670.6149902344
626557807.5022299290 2643087.5803833008
640352429.1494361162 3023792.3388671875
623357295.3832532167 2470065.4416503906
651073330.9610133171 3174667.6940917969
628892155.7079218626 2728940.4660644531
651033151.5148900747 3172736.6628417969
627368099.0429396629 2677034.6300354004
650975391.3620394468 3172213.7963867188
638254063.0421936512 2978160.5053710938
630819161.8824025393 2791027.0075683594
633357452.4302653074 2861973.2210693359
627834601.7275083065 2688448.4432678223
638760646.4375073910 2994632.3759765625
633667717.3215588331 2866560.3763427734
628801432.9041458368 2725862.4915771484
628349283.8230032921 2710194.9886474609
625816826.7210452557 2619748.1376037598
636231859.3554439545 2936596.5134277344
633680079.8766453266 2870254.1791992188
636006688.8863422871 2934666.9265136719
635549323.9239531755 2919737.1389160156
625651556.1422606707 2617269.3259887695
640770413.9784933329 3025569.8315429688
633875502.0513014793 2876948.6035156250
637557286.7278652191 2962219.6560058594
624602184.5487366915 2534943.1066284180
639604131.4244716167 3014293.4567871094
651475733.0275719166 3177317.4406738281
626412547.6147346497 2641953.2412719727
626160599.5727518797 2632603.8789672852
624999852.1175215244 2563863.2139892578
626743522.0473563671 2648486.9765014648
626218158.4822218418 2641119.5613098145
625891774.3873001337 2624465.6865844727
651824281.4154622555 3185725.6174316406
634326308.1821621656 2883865.0874023438
623820114.7151412964 2502660.1067810059
625405845.8426851034 2585933.5999145508
623569185.1498093605 2489664.8317260742
623588312.2894437313 2491834.3552246094
637977732.9229516983 2966371.3320312500
637748086.9796549082 2965194.4707031250
625859274.0755895376 2623065.1101684570
624629555.9995850325 2539161.9035034180
642289995.6728841066 3059893.2446289062
625117439.0969424248 2566622.3327026367
642377280.2485449314 3062431.0878906250
625987550.4922467470 2625617.8147583008
626211652.2752141953 2633420.8095092773
626953131.5412778854 2660875.5023803711
629500157.7632241249 2747039.8991699219
624019472.8787450790 2504557.8794555664
629213361.0331478119 2735425.9040527344
657248156.7860186100 3223956.6931152344
640680489.3139346838 3025174.9184570312
625487578.3482677937 2593849.8143920898
623693188.1911636591 2494418.6726074219
623730073.8363932371 2496565.4306640625
637660802.4039944410 2962859.6884765625
651201230.4735406637 3176829.5056152344
624760878.2016859055 2545850.5917358398
634338179.8056230545 2885790.5620117188
625567296.0567783117 2596582.1591186523
634250895.2299624681 2883343.0537109375
651919310.8086668253 3188639.7268066406
645985920.9865204096 3117207.0646972656
647851912.4693187475 3140869.3659667969
651515397.8681433201 3181174.7468261719
643504279.2399297953 3080138.4057617188
654947544.4396108389 3210004.8969726562
634250895.2299623489 2883336.9926757812
667542821.4624649286 3261282.1499023438
631379129.4637489319 2798177.5541992188
631707953.3116587400 2809688.8254394531
621717072.0089743137 2328635.9463195801
646493721.0933227539 3125791.8691406250
646926897.2922388315 3131571.8964843750
645186904.0032367706 3108321.8303222656
643414122.3752268553 3077206.1225585938
629816919.9962732792 2758699.3796386719
623380000.2767968178 2485895.7949829102
643659095.3869470358 3085774.9980468750
625567296.0567784309 2596600.5609741211
650226306.6471792459 3163926.9658203125
638733498.1848179102 2990657.2233886719
625763048.8565125465 2619514.3723754883
625949869.0979862213 2625295.7977905273
651514312.4620977640 3181170.6530761719
639132273.5938098431 3002040.7653808594
623002707.1793044806 2445184.2539978027
638912627.4055556059 2995287.0583496094
629248152.3686074018 2745001.4194335938
639013657.5660557747 2998287.6130371094
632176607.2738685608 2822711.8002929688
650768022.4826190472 3169814.3793945312
644303124.4530578852 3093631.2775878906
643659095.3869467974 3085768.8281250000
633228150.5206896067 2852553.1588134766
631807820.8074679375 2817758.4462890625
644303124.4530575275 3093625.0231933594
631791709.0549939871 2817188.8540039062
638936885.7362498045 2998279.1667480469
643246371.1321291924 3075788.9548339844
632004865.6519671679 2820076.3662109375
628885253.3888003826 2727911.1511230469
652442451.0789729357 3188716.0148925781
636702915.8192977905 2946045.9355468750
636104837.6391966343 2934851.7712402344
633788795.7021733522 2873736.1689453125
647731774.3317435980 3137799.1030273438
639892006.7605838776 3018796.1474609375
631162778.5722818375 2794554.1859130859
650563301.1126978397 3167633.5463867188
638602734.9694453478 2988146.4304199219
642568798.1834094524 3065863.3383789062
629595374.0848608017 2754492.4753417969
629595277.2622827291 2751505.3598632812
638051975.4518041611 2974692.4777832031
635484570.3056359291 2916634.9094238281
641922381.2225936651 3049909.3911132812
627560161.3837167025 2682598.3649291992
635641060.6533161402 2923922.2598876953
633264382.6412674189 2853039.5144042969
626953131.5412778854 2660896.3026733398
633427105.1792519093 2862738.6260986328
643970253.9623949528 3091151.6977539062
640178587.1291097403 3021470.5947265625
627558962.4357596636 2681262.4669799805
633023460.6698424816 2845809.2860107422
639480163.1051887274 3008313.6867675781
647452026.0178865194 3135391.1784667969
655019535.8852711916 3212634.8959960938
664390287.6600444317 3252067.4765625000
630360541.0288373232 2773625.8319091797
636472811.9452664852 2941807.9045410156
632699568.7195204496 2835267.7075195312
630075479.6186209917 2767199.1918945312
630196696.3737978935 2768549.4630126953
626953131.5412778854 2660858.6293334961
658189707.7876260281 3230892.3999023438
630320279.1503828764 2772405.0485839844
639312747.6507321596 3002422.7619628906
653712682.5101724863 3193075.3781738281
661753711.8193842173 3245124.5214843750
625239906.8837049007 2568096.6539611816
632919214.9077746868 2841969.3095703125
632661559.8076715469 2833867.3395996094
632839872.1936175823 2839582.9709472656
664525219.7714877129 3252903.6083984375
632196069.7479281425 2824593.8127441406
630005794.0039559603 2763715.0349121094
628214282.2868003845 2701609.1665649414
664974508.8545731306 3258982.8071289062
623057543.3273795843 2452447.5669555664
627880293.3999358416 2688849.0858764648
623133685.7935005426 2463733.9955444336
624143065.5235581398 2520186.2125549316
642675903.0811938047 3067860.2749023438
621819509.5853775740 2340854.1449890137
635285141.9900740385 2906763.3024902344
632820670.9089641571 2836269.5817871094
641557340.3844571114 3046872.9001464844
630531768.8785225153 2777264.7731933594
662526695.8629845381 3247095.5869140625
621909225.7941367626 2349657.6620788574
636610705.3882883787 2945307.9609375000
624877409.3476988077 2556420.6281127930
627939704.8189085722 2692216.0612182617
629156924.7261670828 2734315.1538085938
625354743.8839143515 2572355.1153869629
643340277.3607507944 3076291.7194824219
637583183.2418158054 2962697.0837402344
627939704.8189090490 2692393.2008666992
630216318.5615371466 2770285.5708007812
621909225.7941367626 2349523.9150085449
646343972.8056252003 3123791.3718261719
629077502.4602744579 2733444.4414062500
637340264.2342255116 2957006.5510253906
622109152.0580221415 2353060.2015686035
637262448.6894932985 2955986.0512695312
631777507.3628640175 2813785.4431152344
627208416.9868164062 2672027.0629272461
631437900.3746194839 2798824.3796386719
637285221.0051007271 2956028.0776367188
637982606.9574545622 2966403.1606445312
635821693.0641809702 2924109.2932128906
637710597.2352100611 2964847.1640625000
656168200.1956990957 3222553.1279296875
622101185.7446780205 2351910.8713073730
646212246.8603434563 3120776.6906738281
646103421.3900293112 3119528.5598144531
656168200.1956992149 3222553.7817382812
635898527.0086439848 2926580.5043945312
653775778.7018902302 3194657.7922363281
666813765.1951961517 3258995.5917968750
637429884.5138866901 2958887.2454833984
623040258.6246253252 2450661.3917846680
654488501.7430795431 3204803.3374023438
641801307.5042304993 3048165.6367187500
666862871.4818795919 3259038.8593750000
666862871.4818798304 3259818.1113281250
622184621.3172985315 2357631.5924987793
622275153.6045780182 2373858.5094909668
650536332.3460133076 3165066.5710449219
622337026.3887317181 2374227.7648620605
641743642.1834214926 3048017.5732421875
641743642.1834216118 3048024.8911132812
666862871.4818794727 3259036.8955078125
622345827.3631887436 2381646.4963073730
644556362.8059408665 3098224.5332031250
645299569.3249781132 3109778.2722167969
644864044.2527527809 3105382.4768066406
661411907.4222025871 3244527.6235351562
664593097.5153813362 3258151.6079101562
661063873.7747297287 3241856.6162109375
660111726.3885935545 3241513.3354492188
659773592.6712614298 3236718.6855468750
653866790.5597394705 3199990.9724121094
661112325.5705798864 3244226.3940429688
622958919.4669511318 2440951.5295715332
644138481.0031784773 3091417.6638183594
622349613.7213529348 2383886.3400573730
662819705.6143584251 3248345.8427734375
622648345.2357565165 2427257.3606262207
662309845.1436712742 3246158.4536132812
624555955.0234497786 2530551.4574890137
622715398.0694593191 2429423.3727111816
622572877.6545864344 2397260.1584167480
657432197.6467248201 3225801.4125976562
622777071.6321972609 2434436.0538635254
622383460.1828767061 2391374.2907409668
658906029.3414355516 3234485.6699218750
658906029.3414355516 3234489.2744140625
659755856.2085978985 3236049.9291992188
623024873.5057486296 2448786.2734680176
624389672.7840025425 2525122.0751647949
653859173.9627735615 3197707.3435058594
659658804.2428929806 3235430.5732421875
624103737.2751158476 2515665.6719360352
644374290.4872490168 3094898.3654785156
658838495.5503530502 3231566.2905273438
659410331.1531127691 3234577.0634765625
624025157.0312403440 2510556.4628295898
661889938.0681064129 3245833.8559570312
655344458.6995617151 3215874.0019531250
644422671.4350235462 3096180.1359863281
642932151.5018526316 3071236.9267578125
654002669.5951858759 3201823.7009277344
654002669.5951862335 3202010.0212402344
655831621.5619841814 3217148.7260742188
655357281.2217595577 3216784.1552734375
655495042.1795673370 3216887.2573242188
640830413.4993559122 3034739.5458984375
640968019.3745779991 3035841.5883789062
641330493.9110115767 3045361.6718750000
641110847.7227573395 3038667.7636718750
641983736.6763566732 3053944.5410156250
642247773.0104362965 3058760.8549804688
638231785.3155678511 2975608.1982421875
652681411.2274993658 3192090.7343750000
642879880.6987408400 3068182.3227539062
646985455.6876041889 3131988.6201171875
654658074.8158249855 3209770.3989257812
648186356.1757123470 3142947.2429199219
648491649.7833541632 3143971.9807128906
649248385.5890519619 3154452.2636718750
649029889.8834465742 3149980.3881835938
648170778.0237832069 3140905.4116210938
648334461.5727006197 3142988.9291992188
648830151.2080664635 3147511.8376464844
649479480.1993373632 3155390.4428710938
647777867.4572200775 3137907.7019042969
649662174.4591689110 3160080.2573242188
649535082.1293106079 3155944.8432617188
648963889.5172425508 3148848.3417968750
