618152346.8642699718 2201845.4042358398
618113669.4198290110 2199776.3126831055
618628019.9261186123 2205075.1776123047
626662671.8028769493 2264748.2666015625
628173813.8663362265 2270320.1381835938
628317977.6432312727 2270520.7998046875
628274138.8916234970 2270364.3876953125
628351823.0710912943 2271317.7783203125
644558779.6630932093 2297452.8344726562
644451500.5270725489 2297417.3813476562
579003309.5481699705 1143813.8450199738
578946255.4717111588 1143376.2494636551
582254802.1533632278 1293749.8239808287
593570358.7387923002 1716940.6326806936
593471629.3921939135 1711395.4290330801
593727263.7416701317 1717902.1847467814
593485471.7801221609 1713215.0916974936
593668213.3598928452 1717250.4925611410
593193781.4634265900 1707170.7041089926
593258810.7122614384 1711237.3990552817
593119937.3237012625 1705825.9797246847
615476259.6469455957 2162043.4678344727
615495053.8273128271 2162633.4767456055
615621345.1030981541 2164894.8493041992
615425913.6931008101 2159932.5294189453
615544719.3766107559 2164000.2383422852
615580255.4067265987 2164836.4793701172
618718478.0562944412 2207125.8612060547
618652586.0936195850 2205575.6220092773
618229998.9666087627 2203582.7235717773
618483774.2818717957 2203753.5165405273
620440033.8688433170 2216746.9260864258
627849154.6140782833 2270257.4975585938
627337111.4140357971 2267743.4282226562
627569691.9313435555 2269065.7612304688
626831483.3912723064 2265514.7673339844
644039303.0086584091 2296563.4946289062
644193402.0410178900 2296661.3623046875
581767821.1124799252 1293166.2760960478
581690596.9094944000 1287615.3045872170
593030999.3910366297 1701153.3380620871
615227087.8506450653 2158701.4832153320
627274332.9548738003 2267699.1557617188
627258185.7323884964 2266265.4355468750
643392404.9026033878 2296419.7094726562
643325259.5403350592 2295752.0834960938
643602491.5429739952 2296503.8090820312
643011140.6896795034 2295559.2543945312
579074909.1431318521 1149998.7151278630
579217018.6266624928 1166366.6231152788
579401075.7625377178 1175120.7225063965
581472217.7008807659 1280115.5551582295
581351593.6230436563 1277434.9174451251
581514711.3994672298 1285450.7897602934
581351125.5378762484 1276710.2885388751
590959742.1096329689 1633061.6741524506
592861610.0039622784 1693521.5008228216
592889905.7941519022 1698569.4225347433
592660438.2313301563 1690725.0360448752
592852672.8005905151 1691706.3497917447
626234031.7576822042 2262586.7990722656
626363349.3372347355 2262863.3381347656
626507088.0375549793 2263423.6779785156
592630694.7762782574 1689006.8091705237
579363469.2404276133 1172251.1453511491
592589737.7585881948 1688667.1804230008
579090175.9344037771 1158734.5193501040
579184739.5481172800 1166052.0452344194
579076775.2976770401 1158284.0127583072
625966039.0481628180 2259768.8850097656
579325181.5334941149 1172187.0979183838
581261490.9524281025 1269148.4029118512
591956306.9953258038 1671903.2614842653
592035825.7247494459 1672066.8865284920
620763260.8113373518 2222609.1431884766
625438443.5269680023 2257137.1435546875
642088142.9529353380 2292465.4587402344
642402024.7705560923 2293772.1342773438
642999362.0930433273 2294287.7924804688
579577874.4253070354 1187651.3032787964
579416713.6763168573 1179721.8124035522
580104073.4642801285 1194371.7637107745
579943688.8401285410 1193310.8328782693
580118288.0393333435 1203144.8451033756
580182304.3093001842 1203877.7611628696
642385659.9237468243 2293609.0727539062
642245695.1045066118 2292945.3662109375
592099626.2721670866 1672268.4406834841
591916710.3338198662 1666632.6971693635
591287551.4288797379 1648466.1123454142
591486332.4798386097 1652185.1986119319
642511526.6644536257 2294016.4794921875
641537076.2717585564 2291568.1884765625
580214193.3956658840 1205581.4684601501
580726085.1114857197 1237318.6943433080
581214203.4585993290 1263829.4836997185
591604972.7022967339 1655875.1364781428
617970814.2326760292 2198527.1768188477
617650651.2714529037 2192453.4850463867
617682022.9878431559 2194666.1242065430
617794474.1275749207 2194928.4303588867
617595100.5472358465 2189968.7304077148
617842686.8967360258 2195005.2513427734
580583754.9300276041 1224030.6024744436
580328967.3852576017 1210389.7010763586
641339477.1536102295 2288446.5844726562
641328040.8899557590 2288214.3723144531
591442602.7601068020 1651001.6154938508
591689477.1299747229 1657702.9829865266
591443804.4742491245 1651735.7725373078
591183519.8531212807 1643841.5017395783
590990234.8701003790 1637190.0583802033
580389217.7298014164 1215864.4539558813
580323381.9337898493 1208880.3575761989
590870055.8532871008 1629569.9959690366
625628532.1578528881 2257343.4746093750
580267637.4912763834 1207097.5110907778
580562899.6266640425 1218728.6284620240
625031913.4306455851 2249467.3833007812
625101709.5616649389 2251414.5100097656
589853972.1447700262 1595112.9931422919
590142286.1828685999 1600617.8189479560
621028427.7526295185 2224766.4896240234
581109931.3252718449 1257703.6855982933
581190694.4470406771 1257894.5117260609
589878263.6508775949 1597472.6607448310
590143352.1130108833 1602342.7183404416
590031783.1004539728 1600480.3653957099
589787531.8576707840 1593207.2626125067
589943250.2964944839 1598120.2790919989
589711717.0011824369 1588734.9592677802
589825670.0926481485 1594561.2720119208
581089983.8958253860 1253472.2711653300
589853928.5656967163 1594702.4023830146
616597536.4369771481 2179537.2107543945
580717481.8761856556 1230334.5958061609
580906224.4415451288 1245220.7200726215
621464227.2210738659 2226590.4819335938
621321815.5367771387 2226251.5163574219
620856801.3046014309 2222953.0797119141
640927983.1057068110 2287133.8979492188
620642739.5647050142 2222024.5130615234
620632793.9653201103 2221852.1385498047
640874873.3784241676 2283882.1264648438
617266262.9448052645 2185127.6494140625
617187740.3569864035 2184482.0472412109
616801083.3789741993 2180579.4594726562
616804000.4613312483 2181260.3955688477
617014788.0918785334 2182354.9578247070
617262515.8811001778 2184645.7426147461
621308086.0169163942 2225416.0117187500
617052789.6071120501 2184123.9006958008
616925511.2563825846 2182144.5330200195
617632339.8248593807 2191355.7005004883
620299183.9379513264 2216288.0019531250
585139065.1778968573 1299298.0625745156
620063258.5563325882 2215438.7182617188
619906540.9128752947 2213849.8725585938
585105794.1536449194 1297135.5350076058
585144841.9072790146 1300036.2205163338
585540821.8520665169 1316158.3920261958
585352590.3727864027 1308795.4251791988
585255684.9787288904 1307365.0418312647
585655133.8211798668 1327944.8685938814
585796249.3445448875 1328693.5604809620
585858191.9140414000 1329610.7683259347
617406127.6912393570 2187178.1419067383
640736453.4638620615 2282547.7470703125
624733985.7821449041 2245211.7233886719
585972294.2934687138 1331499.3637439110
624318810.1344916821 2238206.0429687500
624324447.9560263157 2240011.4406738281
589290228.1224317551 1531111.7412501536
589312903.3972182274 1531455.9399358467
589270572.7105976343 1530699.2435894683
589154122.1729822159 1526365.3055388890
589070572.2876328230 1523945.5096404515
589210951.1336550713 1528127.0608168449
589202234.7702819109 1527427.3846274037
589024902.3810548782 1519569.5363355298
619871302.1954193115 2211116.9721679688
624033643.2716000080 2233726.8041992188
623879433.5011705160 2231478.8640136719
623642733.0917018652 2229848.6206054688
624211691.2849786282 2234677.5900878906
588348613.9584525824 1479658.5987145025
588616009.5041683912 1493192.0891319830
623874112.2850079536 2230271.5292968750
588392341.3293330669 1480316.7466870863
588590166.0281912088 1487029.9446922857
588760041.3874452114 1494694.4727202374
588601713.5421750546 1488012.2199303228
588501621.9340131283 1487001.2134477217
588464831.3446559906 1485684.5846764166
588466383.1804218292 1486098.1764732916
586676605.2459665537 1332416.7233213284
586827219.0356712341 1343931.4317475059
586631259.2706772089 1331952.6420784690
614847634.1261835098 2121617.3607592583
614681341.3738739491 2119394.2355151176
614921980.6986272335 2124292.8912768364
614717676.7994686365 2120953.3495898247
614562741.3282867670 2115841.4976611137
614385736.1118178368 2114468.8022265434
614613735.2754154205 2119345.9408984184
586794823.3120925426 1333123.5810071924
588201456.3553884029 1401102.5167132730
588048373.8215267658 1389181.9793950433
588087318.0674861670 1400984.3471118326
588233211.5119694471 1402846.7611543054
588215391.3739063740 1401104.9939506168
588223362.5361462831 1401507.4723359460
588031087.7682986259 1360086.2484422592
587851677.5992293358 1345441.9251907137
587878353.3386251926 1351168.6762893465
588009482.6983774900 1355515.2750175265
587950076.7124084234 1354214.9338729647
588009152.0020301342 1355375.4278495577
640234435.0721483231 2274581.0683593750
639619278.3504676819 2272774.0654296875
639293535.3155515194 2271964.0932617188
639305248.1377222538 2272221.5092773438
639666482.5416975021 2273004.0048828125
613966313.0222582817 2047757.9095840454
613756200.9833928347 2045705.8180541992
613797632.5676901340 2046956.2384185791
613948400.6656262875 2047271.5147399902
614008049.7957460880 2049196.6172256470
613671429.8953906298 2039468.2524566650
612657861.2667738199 2012936.7186822891
612710845.8109663725 2014587.9195413589
612377244.5050982237 2007819.1871194839
612485374.9318258762 2009995.3742532730
612421656.6193965673 2009030.3961038589
612361802.5341172218 2006795.2444038391
612277434.0647112131 2004535.1605987549
612241114.5331898928 2002757.5049591064
612022858.2755861282 2002678.8445587158
611841901.4130904675 1998179.9805450439
604838161.1928929090 1837467.3425034881
604473114.2124261856 1832196.9324082732
604658474.3993132114 1833731.2256821990
610995211.5459901094 1981662.2441101074
604157795.8786135912 1815534.7614182830
604165975.2697458267 1819394.4378709197
604407147.7905316353 1823915.1344193816
610277732.7492990494 1968857.3607482910
610631996.6547127962 1978638.5762023926
610315882.6029856205 1974106.0263977051
610059484.5804758072 1965945.1320873499
604288030.7389998436 1820154.2794999480
604043620.5769293308 1807849.4998826385
604030981.9426478148 1807798.5125355721
609584716.4285700321 1958853.8462066650
609386106.6159549952 1953411.1825714111
609419083.4889864922 1956832.6857738495
609607898.1669409275 1959014.1822662354
609393293.7404713631 1956773.8160552979
609008788.0284880400 1944771.2881317139
608865387.8838294744 1940080.1060028076
608852066.4725421667 1935740.7462615967
608611099.8704584837 1934317.5942077637
608893783.8668836355 1940583.9995574951
602317423.4225697517 1727680.5067706860
602458164.4355456829 1728753.2701030530
602810416.1114501953 1742251.9613605298
602297398.8067213297 1727419.3134723462
602474945.7336819172 1734546.5451617993
603975395.3505694866 1800058.7989091277
603988487.7448333502 1806461.9529304504
604000625.8646826744 1807518.0091142058
608812443.0989965200 1934560.7260894775
608818694.8031154871 1934656.2440185547
608318096.0071839094 1923052.4266510010
602471888.5765039921 1729874.5290580548
602624782.7386548519 1737982.1936698712
608501338.0823127031 1926115.4481964111
602921006.6839735508 1749577.3073197163
603062636.3253892660 1756243.1353584088
603139175.3100699186 1759773.0014796499
603198288.9917870760 1759819.4771266226
603563732.3613713980 1767930.5189547781
603626594.6267293692 1770122.6197047476
603620332.3362114429 1768771.2584986929
603885802.9338083267 1783093.4563441519
603679553.4852052927 1780912.1835780386
603437657.8585096598 1762251.7527308706
603450621.2650697231 1767691.2189173941
606581502.6437785625 1841794.4108650587
606611610.1985960007 1847081.1360847852
606439065.0941042900 1838718.9057991407
607812918.0823538303 1862305.5310420990
608187410.5965532064 1875509.4996089935
607611306.3547892570 1859141.3088130951
607677376.3901702166 1859821.7651119232
607921289.6332756281 1865450.8905391693
608025330.0589016676 1869758.6988887787
608153049.5226600170 1872002.8183803558
607990037.6586102247 1869150.7330684662
