96495495.4495487660 1451933.8388671875
96811841.5465155840 1480077.4829101562
95770528.5286367089 1360378.4208984375
100560359.5785373896 1664123.0097656250
97594331.5858615935 1545106.6572265625
96326137.6527720243 1434625.6743164062
96723810.0039527714 1471605.3618164062
96120452.4415218830 1412718.4394531250
96163959.0810932368 1417530.1689453125
96333948.5099776238 1435039.1767578125
97684308.9805837721 1552876.0322265625
96165413.1475335360 1418845.9311523438
96058220.6969183981 1406729.8437500000
97408154.2929594815 1532193.7480468750
98316215.9875125885 1592033.1884765625
97208487.4303054065 1516950.9995117188
98608205.6621277183 1606244.5341796875
96139742.6716242433 1415053.0629882812
97405858.6848065108 1530785.1811523438
98127443.7628123760 1581619.3823242188
98475535.9042720050 1597409.1074218750
96398587.0943627208 1443356.0288085938
97722832.2565474063 1553899.9208984375
105451757.1972517222 1721593.8583984375
95856702.2712555528 1375230.5625000000
96218369.1863623112 1423966.3061523438
96214391.8402346224 1423027.4375000000
98960771.7268111110 1618871.8603515625
95835057.2656588703 1370877.3266601562
96100627.3452228308 1410621.6562500000
97486014.9550703168 1536552.6240234375
95546642.4779993445 1313044.7744140625
95715695.0657184273 1349361.8393554688
96219507.9069434553 1424638.3417968750
95654011.1511788219 1337422.3852539062
98153958.0151072443 1583469.8095703125
100565313.1676762700 1667005.4541015625
100648127.3999414742 1674665.6054687500
97040761.9491916895 1501853.8276367188
100446940.7063170373 1663004.5664062500
95684248.3446462303 1345551.4130859375
96141264.5697031468 1415795.4736328125
96754797.0788111389 1476871.6665039062
97863744.5862320662 1565073.0258789062
96531294.2737313956 1453760.5610351562
96778321.6678376496 1477814.6840820312
97114058.6217301637 1509139.4614257812
97100170.7995141298 1508396.9663085938
99556640.5225826800 1647360.3300781250
96151307.9746794701 1416569.0092773438
96440594.0386257172 1447127.2944335938
98297951.4257114530 1589239.6494140625
100585575.0375952870 1670871.8652343750
101641402.3076513261 1685838.8916015625
100752324.7203072757 1676307.7226562500
98077737.5099562407 1578844.9750976562
99678503.3654073328 1648517.5625000000
95688704.6393803060 1346044.8515625000
97645031.0082216710 1549694.4672851562
95580372.4354599863 1324516.7954101562
95763939.6866188198 1359354.4243164062
96518162.7282009274 1452913.6098632812
97977070.2985188663 1573936.8012695312
96588191.8990589976 1461677.1416015625
99803180.0685665607 1652459.5029296875
95670618.1150456667 1341633.7851562500
97770686.4563461095 1559586.4956054688
96620240.5886780024 1464079.6748046875
95694079.2874480635 1346348.6191406250
96454747.7959786057 1448776.4565429688
95660787.1722438186 1340836.5791015625
95705066.6960702986 1348453.2768554688
99514952.8122714609 1643154.9677734375
95750419.4784365296 1356617.9995117188
99099427.3326554000 1625358.5546875000
97898716.9451283365 1568524.5581054688
96194533.6534573883 1421876.0424804688
98024921.6190541685 1574679.2963867188
105380375.6509808749 1721351.7314453125
97446301.0652791262 1535172.4658203125
96180379.8961045146 1420226.8803710938
96315217.7274141461 1434065.3930664062
96423925.3532991558 1444724.7612304688
96342806.3380986154 1437028.2075195312
98111443.8465618640 1580906.1923828125
95720468.9644366056 1351521.1518554688
98131278.9586625248 1582939.5141601562
96120004.2743591815 1412576.3603515625
96191945.1991598010 1421742.8266601562
96205676.9372120798 1421989.7500000000
95609398.1181447953 1332099.7651367188
97912604.7673444003 1569267.0532226562
96656670.5849429816 1466822.4624023438
98287374.4455822259 1588882.0527343750
95962157.4676632434 1392654.3481445312
96572734.3560802937 1457255.8388671875
95780217.7498641014 1362774.4291992188
98543018.1501231790 1601407.5517578125
98325175.9541745484 1592886.0390625000
98367586.4495324641 1597144.1464843750
95656319.4649615735 1338986.7509765625
95769287.3446670920 1359810.2602539062
95785592.3979318738 1363078.1967773438
96607225.5519063473 1462553.7944335938
105477930.8467190415 1722067.4384765625
97495161.2463914603 1537295.1191406250
98272875.3591489345 1586387.9033203125
96525844.0818181783 1453124.8188476562
97727455.4227469712 1554368.6733398438
96474605.9827557802 1449927.8515625000
96831623.5626744032 1483027.5258789062
105171404.7520895004 1716397.0527343750
96358580.7988027781 1439048.4252929688
98588494.9886795133 1603629.1875000000
96553432.6925026923 1456087.6333007812
95896882.5100803673 1381753.2006835938
96373920.5915219933 1440223.7373046875
95913160.5733257532 1383952.5927734375
98918308.5546527058 1617254.5400390625
98681354.1613178104 1606921.3398437500
96246314.1616923511 1427163.5673828125
96296994.7911490053 1433110.9204101562
96532476.1318982095 1455076.8515625000
97391970.8625904024 1530042.6860351562
95631938.6956875026 1336505.0502929688
96313734.4166735709 1433370.3364257812
95602913.0130027086 1328922.0805664062
95809467.5834919810 1366332.8984375000
96721434.0999263227 1471530.0742187500
96486893.3028004915 1450640.0068359375
96488493.8049719632 1450670.3466796875
96579910.8840165585 1460201.1440429688
96650973.1062392890 1465378.5893554688
96276102.4010127634 1429633.9863281250
97851876.2922228426 1564256.2436523438
97894967.2164525539 1565260.7250976562
95739791.1087883860 1355709.4370117188
99475096.3725529164 1640356.8027343750
96421584.7693168372 1444297.3671875000
100568924.5838483572 1667563.0351562500
96256357.5666686893 1427937.1030273438
95745044.8303687871 1356314.2319335938
97292231.2936280817 1522811.9223632812
96276905.3875011802 1430135.4584960938
96391432.7135528922 1440493.9614257812
96432069.9380331933 1445667.7788085938
95922935.5197439939 1385703.1005859375
96452159.3416810036 1448643.2407226562
95907463.0946220160 1383138.3198242188
99516936.4715152085 1643311.7714843750
95959644.6893447340 1390384.1679687500
95587493.3405305743 1325308.9804687500
98941167.7094399482 1617781.3828125000
96670558.4071591198 1467564.9575195312
96052156.7711061239 1403166.4736328125
97453255.2101831585 1535743.4536132812
95704521.4375436008 1348056.8188476562
95938845.4012615085 1387039.0629882812
95967411.1892436147 1393259.1430664062
96708843.2553817332 1471214.3940429688
97232736.4843446761 1518450.1088867188
95637447.3960577697 1336975.0170898438
97265406.7093159109 1521221.4521484375
95885016.4535472393 1379374.1254882812
96562972.4123489559 1456872.0937500000
95696320.3866062462 1347876.1645507812
96153859.5815903842 1417051.6748046875
97946472.8367281854 1573258.9565429688
95872290.1751266867 1377537.8134765625
97758902.5989627093 1558844.0004882812
97246624.3065607995 1519192.6040039062
96019592.7839663178 1400509.7636718750
95798584.0256988108 1364385.0483398438
99501608.8725730032 1641140.2500000000
104239029.3244743794 1709854.9208984375
97026874.1269756407 1501111.3325195312
95595732.2333433926 1327747.6230468750
100877853.7726918310 1679105.4951171875
95616519.0232153833 1332891.9501953125
95867036.4535463303 1376933.0185546875
97693019.8544827849 1553404.3159179688
95818191.0832964033 1368795.9785156250
96789959.0992624164 1479821.7094726562
95877987.6538304389 1378599.4125976562
101575245.6361937970 1681137.9462890625
97465472.7660851926 1535836.3959960938
97601444.4291782528 1547336.9008789062
97833880.1596910805 1561967.6948242188
97570737.2670089751 1544321.9990234375
96892332.2262139320 1486577.9672851562
97541131.6488507241 1539925.8305664062
103056030.4781515896 1699503.8417968750
99705413.1621545255 1648936.9433593750
96090146.0613638610 1406905.8994140625
98771316.1318835467 1612997.5830078125
102701866.2382511348 1692671.3457031250
102340130.6641512513 1686967.4150390625
95823888.5620001256 1369857.5776367188
95902136.2316607237 1382357.9956054688
96113222.3571100533 1411877.8574218750
100888991.4666400403 1679636.2861328125
97680392.4604213536 1550097.0634765625
95848037.1398304403 1373616.1606445312
95705332.0067659616 1349104.9760742188
97141986.6328988671 1510680.7338867188
98566193.0518139154 1601996.5517578125
100843314.2952881306 1678082.8095703125
96042039.4250410795 1401794.3745117188
97581987.5231628120 1545064.4941406250
97068928.0132599324 1504657.8999023438
97728929.6917391717 1554745.0517578125
104835078.4383284003 1710016.4462890625
97617814.6033724844 1548079.3959960938
96823302.0982235670 1482797.7163085938
95986508.5405713618 1395153.1440429688
97681671.9718938023 1550158.4096679688
95988210.4773268849 1396604.2480468750
99140433.7510985881 1630836.1396484375
96010657.1184016615 1397893.6313476562
96837189.9204396158 1483540.2114257812
97710500.0602517724 1553491.6391601562
97823496.5227745771 1561225.1997070312
98212087.3878490031 1584131.1821289062
99754460.5719317496 1650723.7910156250
96047181.3946508318 1402256.4726562500
103036822.8572816253 1699285.6015625000
98794719.1843634397 1613051.5673828125
96057582.0742240548 1404249.1894531250
98687179.4022981822 1608488.2573242188
95954317.8263834417 1389608.6162109375
100067210.8149077445 1654690.3613281250
99705479.7011483908 1649448.8232421875
97191173.9151048511 1513609.6748046875
98077496.3591072112 1575285.7563476562
98978489.7570246756 1624296.9677734375
98764858.8443538100 1612258.8554687500
95726260.3796083331 1352433.7919921875
98977853.5612569898 1622732.1250000000
95760743.1397294104 1357894.8310546875
98711878.5462036580 1608794.6103515625
95921233.5829884410 1384251.9965820312
97336966.4803819954 1525180.9873046875
97519200.8338378221 1539481.1782226562
98942226.4318447411 1617814.6982421875
96867068.5486714393 1486106.7778320312
99175098.9800637066 1633097.6328125000
97160051.4045820385 1511423.2290039062
98286825.3562638015 1586594.2319335938
97545997.2101607174 1542246.8906250000
96938683.8659996092 1494610.8481445312
98514914.5440702885 1597999.6010742188
96752010.9033166617 1474876.9506835938
96842888.6909286976 1484427.2836914062
96923680.4123881161 1492451.2944335938
96993418.4164021313 1496533.3911132812
97350854.3025980443 1525923.4824218750
104908560.1127763987 1710524.0732421875
98515680.3933627903 1598396.9541015625
96847806.0783876032 1485060.5151367188
97419051.2262584418 1532950.3623046875
97080986.0513360500 1505090.8149414062
96957946.3362834603 1495657.1108398438
97074949.2397027910 1505077.4926757812
98512568.8897450119 1597793.5791015625
97432939.0484745055 1533692.8574218750
97369399.7125595212 1528130.6665039062
97011704.8394732326 1498263.0161132812
96739695.3443788737 1473830.6879882812
97085851.6371942312 1505394.5825195312
97335344.8471679240 1524959.1767578125
98249516.0999755412 1585851.7368164062
98435227.5161816925 1597261.1733398438
100246753.2740652263 1658176.8974609375
97067545.5294423401 1504232.6528320312
97135424.5452280939 1509329.5717773438
105335670.0324414521 1717292.4082031250
96705634.1956880242 1471105.4790039062
98826181.0388708562 1616247.2216796875
97196196.9083954692 1514729.8276367188
104986574.6752450764 1712885.8408203125
99206798.5101253688 1635315.5468750000
99107413.0091845691 1626262.4687500000
99160543.1893734932 1632416.4501953125
102752553.1106699556 1699143.8007812500
97050855.3766984195 1501961.9370117188
99110807.8379335701 1628952.2050781250
97334466.6402609944 1524615.0175781250
96897217.7107128799 1489133.2631835938
96894978.5459041297 1487428.5717773438
103737640.8600399494 1708397.2617187500
100066689.3188172281 1653198.3945312500
102639183.3810090870 1692107.8730468750
96902592.3587805927 1489437.0307617188
98963663.1635735929 1620350.2041015625
96752246.8276480883 1474903.6655273438
98759129.0227815062 1609691.7504882812
98541545.1055950075 1598907.7773437500
99331002.2186383009 1635444.6445312500
98757809.3036745787 1609549.6440429688
102380397.7637723386 1688600.8486328125
