908439447.7801539898 309743.8771209717
908193374.4704065323 309239.3465423584
823642404.9696973562 180989.1233412109
823430752.1241554022 179726.1915403686
823707558.4970754385 181585.4745527587
823480084.4947842360 180713.5505415283
823485297.1773248911 180843.6726499877
823798765.4782215357 181651.5879146035
840222558.7629085779 226409.5114999483
839577455.6668950319 225184.1735788057
840294903.7883468866 226641.6446710298
840219662.8603404760 226036.2267642686
840074149.9091044664 226018.0925007532
840030606.6239186525 225999.9522653291
839848270.3626154661 225774.2462411592
839797476.7217170000 225643.8235116670
871162379.4713313580 272978.7358295321
871046137.6210312843 272807.5460740924
871272052.2378888130 273580.5920001864
871562373.5842995644 273879.9449054599
908269243.2880945206 309538.5947723389
908137555.7345988750 309220.3432693481
909036880.5543725491 310179.9472808838
813638687.2177591324 128160.8667088568
813538421.7390124798 126767.7801304876
813794077.1025178432 129511.7253080427
823487889.5045436621 180876.7976499877
823975968.2501434088 181984.8406275550
824043939.2248312235 182073.8118124799
824177331.6111475229 182096.1897144077
839549728.4191346169 224861.1248159478
839869953.6907337904 225871.2888436983
839400913.7509593964 224630.2577505181
839085152.1688122749 223865.6081991265
839072921.3548808098 223721.2188701699
871899751.9673087597 274058.2202808261
871791069.7510263920 273916.0218538046
873374862.0193576813 276033.5371016264
873050581.7542819977 275369.2058562040
908740651.2329561710 310054.9846343994
838758342.8701858521 222657.2672728052
839056894.7511149645 223466.3627778295
838952251.7096323967 223441.5624998560
839230145.7248234749 223987.3535747597
873360358.4675580263 275848.9851554036
872874380.2288229465 275261.6534618139
872884989.6273782253 275354.1067379713
872748372.9846770763 274993.1670569181
872420058.9386734962 274589.2141913176
908243766.4046430588 309339.2826080322
913418148.3340392113 312627.5343017578
913161399.5754463673 312581.8056640625
913276686.5709977150 312626.1913452148
913688777.3582932949 312797.6956176758
913952884.5592346191 312892.4260864258
913530692.1102848053 312700.2035827637
913656890.9101815224 312745.0208129883
908188205.2792875767 309237.7328948975
908086322.3064825535 308925.4078216553
872329714.4808223248 274578.6478461027
872530242.8792335987 274676.3479498625
871871515.8782522678 273929.9203833342
908110551.6369843483 308982.7904205322
913725042.1182973385 312854.2483520508
872209444.0240805149 274452.7301825285
821929751.9578542709 173342.3177494905
814440581.7974904776 131739.4682958612
838575483.6165359020 222251.4918518136
911993582.1095273495 312071.1087951660
912789321.2986521721 312532.0342407227
912493106.5320389271 312426.4182128906
814390629.8417085409 131403.3771343717
814505352.1809519529 132066.1660297403
814214125.2783585787 131101.0037267694
838472507.0549613237 221986.5811452935
838673656.3602526188 222619.6242065499
911177223.3791911602 311265.5136108398
814582438.6639982462 132137.2561653146
814152035.7268549204 130405.7383392343
814118748.5168579817 130087.2463272104
869910179.7847058773 269741.1181753278
823241514.0712718964 177885.7280087374
838152798.1027097702 220477.6529660294
869038548.6366660595 268733.0713461041
869392864.1456162930 269367.4148824811
869362999.9686088562 268986.5761297345
868842745.1749842167 268644.1774938703
868788118.7085769176 268246.1108406186
868100843.9561190605 267396.0880725980
868680002.0988779068 267983.5495613217
911276276.8219275475 311441.3824615479
814856599.0940697193 132650.4715486748
815125542.5604393482 133484.6175617175
815057808.3271604776 133143.7774183310
815020316.1223139763 133134.4547990718
815412522.8406876326 135353.0478051206
815712218.3518868685 136580.6304762300
815966436.1916607618 137722.3266622957
815722810.9745916128 136844.1476919588
815810690.2834507227 136961.2159140047
815882251.5744861364 137016.7204389509
816325107.9516617060 140949.3407854970
816506273.1075080633 141168.4878649648
816032188.9359625578 139137.2124240335
815968348.5617967844 138497.9060199197
816241706.2554963827 140871.4527163442
816208224.3008142710 140241.9891390737
816172133.6996947527 139397.1740329202
816740192.8327873945 141864.7647736009
817056333.3492501974 142992.4525213215
817712221.2773849964 143334.5845711817
817744830.4597270489 143381.6722481837
817769518.9725875854 143513.8432671977
817850969.0705039501 144243.1040246440
817962261.4494271278 145449.4357013879
818011725.3600542545 145470.9965014634
818016601.8975274563 146325.2928981957
818429922.4880483150 148015.6274643121
818147569.5115003586 147221.5166530786
818335066.3744776249 147658.5649013696
818471437.3915319443 148759.8321389136
818943453.7032601833 150127.1633129156
838418534.1789944172 221131.1097989152
818927186.5089817047 150118.2841625250
818719711.8794319630 149325.4808788336
819218164.2771191597 151834.4972303397
818899043.3125519753 150054.3862299210
819037941.8973762989 151096.1741598136
819012505.7118072510 150964.8075483328
868486143.4655299187 267945.9472663999
868391827.5573630333 267808.4445655942
868325199.5323388577 267610.6972358823
869210018.4985585213 268748.3756836057
868773925.2250256538 268214.1200073361
819671113.1044795513 153244.4627798566
819765371.2983677387 154069.0127426044
820087133.4358948469 155035.9696955712
836919589.0503180027 216480.3584889429
836879990.5928220749 216076.1133789080
836785647.6013185978 216033.1461246269
836612855.6921589375 215930.6726444023
836910425.9961512089 216462.8605667906
836538544.0494360924 215701.5984256523
836842450.4462100267 216035.0297267693
823296965.8937280178 178286.7337307832
823044754.4398572445 177733.3850521944
823106844.7068617344 177812.1695294283
835815506.5327103138 213287.0936734932
910165565.8883959055 310398.9002075195
910387132.9318491220 310456.1823120117
835546207.7683548927 212655.9950564163
835892510.6694445610 213574.1972501533
835665967.7010705471 212809.4855654495
835424659.0845298767 212519.7994845169
835586472.4540963173 212745.8085401314
835284449.7423498631 212144.9466568785
835465976.1027255058 212629.5135958450
835275825.7111983299 212072.6205599564
822797361.7652118206 176705.5806546114
822980897.5876331329 177436.6199078462
822747555.6262984276 176546.6539807222
822532328.2610917091 175833.1725582979
866192165.5744587183 263495.0767011642
911027414.0489338636 310765.5193481445
833958553.1449216604 208057.9182644146
833952272.9438105822 207947.9886775272
833691809.5671995878 207122.9981594341
834200500.6148108244 208431.6129338121
833766579.1899050474 207536.6776638287
820258191.9518160820 155731.8426576385
833275648.4900711775 205866.7210624548
833135924.2103546858 205138.9348686071
833413902.0760639906 205974.1867108293
833451853.1478112936 206427.0419700476
833527332.6303967237 206664.2648058193
833172730.9991868734 205863.2674491736
820346202.1789481640 156385.6759019623
820226282.7363073826 155577.8289476166
820591958.5868654251 157632.9910989532
820305108.5411856174 156009.6437974701
822494481.7948684692 175623.1975712679
820390992.2772662640 156824.7668138275
820505368.8774602413 157350.5098558197
820757504.5790989399 157842.7978044281
866604814.3429832458 264336.2220869064
820859682.0590705872 159187.9794696425
820895508.9884748459 159509.3422168349
821074121.6728940010 160470.5211108779
821159037.8947560787 161098.9213794325
821221601.2743110657 161119.1075214003
821257463.9873118401 161957.2843555068
831473754.3870356083 200369.2384735286
831144491.9148325920 199726.3935028255
831092709.5506803989 199191.5690704525
821772385.3344271183 164835.7344672536
821585595.8540921211 164280.7068713759
866072908.2589957714 262695.4434955716
830804720.5890505314 198508.8126226604
830552901.0048134327 197721.1509071287
830248218.9902758598 196759.2195564207
830381482.7198150158 197166.9557777342
830491547.7315800190 197263.1469093260
830005446.3733890057 196092.7815372926
830306254.3236699104 196806.4346609969
830181274.6909527779 196573.6683784422
821718504.8062832355 164580.9201894038
821445997.4238493443 163352.2186511611
821425851.0460159779 163186.6883777236
829926132.9111018181 195322.8366218504
821805503.4364516735 165169.8433091496
821925915.4382443428 165971.5257432316
828904497.8505632877 192093.2022103366
829343139.8307628632 193051.9933507737
829295431.7580957413 192994.7882598933
829477675.5564949512 193411.1382394001
829053173.5367257595 192496.7316803035
828437379.7634345293 190080.8852661081
828285091.5174084902 189323.4102981515
828569159.3972188234 190619.2494323679
828359166.9818216562 190068.1042602487
828531553.0691510439 190141.3973183461
828284484.0395630598 189078.6623573024
828056946.9047271013 188929.8672768302
827821789.3539665937 188142.3906456657
827637702.3503283262 187071.8786865898
827699958.1152738333 187371.1027428337
827383257.4857462645 186592.1579071708
826267046.9671298265 182965.6045816813
826233732.5553981066 182889.9011209880
826462293.8721007109 183221.1505869303
826386102.9701396227 183143.8868692790
866007791.0751392841 262416.1623870134
865920638.1781880856 262366.6393767595
865509721.4125137329 261784.9347514898
865284650.0986144543 261201.0449065954
865031937.0604918003 260910.1854095251
864803596.9977180958 260067.2229904920
864985344.3775773048 260706.5509185583
864905951.9744994640 260587.5417632848
864650480.7148827314 259566.1412467748
864399912.9711196423 258648.8909480363
864269212.2179121971 258050.7160746843
864195551.6517863274 257929.8069336206
864447429.5253582001 258732.7030207902
929990521.4317291975 313483.9311828613
930375403.4134868383 313595.2839050293
930390982.0437520742 313633.0924987793
930478281.6819061041 313688.7982482910
863758392.0994298458 255213.8232523203
863756721.2316527367 255134.1734110117
863583943.9352290630 254676.3313547373
863297890.4352080822 253983.9379411936
863465735.4253313541 254342.4226633310
863478880.8039913177 254600.6016184092
863168683.1470425129 253792.0734659433
863376768.3758881092 254288.4358469248
863342767.0838522911 254085.3062692881
862971418.4683543444 252096.7501293421
862834218.5823150873 252012.9233165979
861043860.2709485292 248921.9720610045
861025349.8382123709 248755.7976339720
860778290.8337942362 248296.6808798872
860428930.5219732523 246938.8370026052
860503917.9405888319 247030.0428179204
860335462.6416643858 246832.0427101552
860144703.9047788382 246563.4545868337
860213995.0589567423 246583.5002411306
929583063.9629441500 313193.4530944824
929460771.9862064123 313096.1048583984
929597212.0020047426 313274.6306457520
859364545.5364907980 244474.9024442434
859484972.8709341288 244698.8704160452
858709812.2113353014 243263.8385046273
928610186.4953128099 312972.7268371582
857992594.2404667139 241404.0907147676
858120926.8676131964 241907.2870953828
858303877.6942569017 242034.4654820710
858464273.9530493021 242678.9469335824
857996973.2586361170 241499.6789868623
857913589.5512768030 241145.9244778901
858355456.4346331358 242503.5747555755
858041609.2721596956 241531.0399640352
857919409.9842950106 241156.8072293550
858061883.9372760057 241837.9630597383
929138801.3288787603 313071.9395751953
929177838.1299329996 313093.4434814453
855260002.3306170702 232958.7366420403
856994011.8339724541 237419.5238121301
857137572.1688301563 238175.0344475061
857044445.0857543945 237997.0154655725
856818760.8711848259 236699.5754326135
856599167.2662460804 236316.7015176926
856868861.1052258015 237227.9433220178
856726821.4812748432 236616.8495656624
856418856.2755851746 235664.2910696641
856485499.1707241535 235739.1768423691
856555637.7462711334 235856.1577231064
856665797.3509099483 236367.9822622910
