109938158.2690609246 1203709.3515625000
110821830.4499370009 1217309.9199218750
110762555.2355406582 1216178.5078125000
110937378.1746361256 1218834.8076171875
111588968.7542149574 1222955.0673828125
112918286.3590266407 1227830.4394531250
105175281.0453322083 775673.1610107422
105169932.4696569592 775426.0372314453
112707792.8575960696 1227161.9101562500
105107642.0813958794 761714.4271240234
105126193.2471293658 764361.2913818359
105703971.7009647489 913684.6696777344
106699435.5160141289 1049243.8876953125
106770889.6744432300 1052977.3735351562
108096329.7503882051 1134049.0146484375
109994277.3142704517 1204102.7763671875
109936131.8145318627 1202767.7109375000
110215832.6915766746 1207521.0703125000
110476279.7490642816 1211326.0761718750
110586559.0429755747 1211962.7353515625
112201167.1054913551 1225537.1328125000
112749916.8506252170 1227728.0458984375
105128634.5561849326 765601.2351074219
110085171.4875778854 1204915.1123046875
109783184.2869781703 1199142.2539062500
110524760.9511091560 1211803.5986328125
110311749.7913756073 1209606.8847656250
110116013.8367286325 1205673.2285156250
110837764.0615922958 1217810.0625000000
111276398.4797704965 1220639.5664062500
111563805.6395389289 1222567.4687500000
112022673.0432622731 1224819.7304687500
105155819.0400391966 770846.9287109375
105584639.3347500861 896273.0461425781
106995041.2663332075 1068421.3618164062
107398438.3428472877 1091993.3579101562
108145391.6602657139 1134270.3569335938
109830668.8010408580 1200813.1054687500
110724001.8239504099 1214969.1240234375
111063079.5634447187 1219834.8281250000
111785706.3591859192 1224391.0546875000
113438785.4909723103 1228526.7500000000
113379500.5234752744 1228450.4560546875
115583941.4231260568 1229292.5644531250
105596115.3827316761 900658.3581542969
105591054.8941101581 900245.1267089844
106431483.0739188939 1026200.8217773438
106785285.5123127699 1054965.9355468750
106600961.9920384139 1041554.5981445312
108432953.2495281696 1149652.5507812500
110685809.9776748270 1214586.4423828125
113368293.6007152647 1228439.7070312500
105088393.0557545274 750609.7799072266
105083937.7258957177 748133.9654541016
105103835.5995240360 756326.4715576172
110383653.4966847152 1211141.7998046875
106357535.8070876002 1015842.0625000000
106330211.9109048396 1011312.6181640625
106717572.3266776651 1050707.5629882812
107579492.1019712985 1103899.9418945312
108184670.3717843890 1138419.3652343750
108228725.1251667738 1139395.3212890625
108271905.8014667928 1145475.0068359375
108158047.6838563234 1138396.6044921875
110124522.8262121975 1207011.9267578125
110080765.9147892594 1204871.8027343750
109735880.3758597672 1198480.0527343750
109720912.7106287628 1196555.7353515625
109674624.1132438481 1196318.0117187500
112063244.0459109843 1225213.5332031250
111466774.4602601826 1222465.0751953125
113102431.2356762886 1228353.1162109375
105578890.2315472215 893876.7154541016
105569262.5372454375 893176.4249267578
105571243.0967377573 893364.8315429688
108277798.2245483845 1145590.2451171875
105649736.7167072147 906281.9731445312
105607759.5152107775 901864.5026855469
105627608.1929876357 903689.3244628906
106296224.2992385179 1008635.5073242188
106644854.4357070625 1043477.3247070312
108279766.1204738617 1145785.0830078125
108256038.9671618342 1143710.7890625000
108258218.1695451438 1144652.0595703125
109397443.5427450389 1185041.3437500000
110078244.5392070711 1204535.1396484375
109875946.9182498008 1202650.0576171875
110624818.7680657208 1212544.3154296875
110609715.5007182807 1212484.7246093750
110590990.5191873610 1212471.3798828125
110781240.0830849260 1216221.0029296875
115715516.3960548937 1229486.7802734375
115732018.5503700376 1229717.0244140625
105824886.4562170953 924169.7297363281
105864262.9766798466 925002.4121093750
105684671.9012169093 913000.7680664062
110746870.2659052014 1215838.4062500000
111130659.0782397985 1219963.2382812500
105083130.1359151155 728624.8900146484
105662246.8480648547 909880.7727050781
105854967.3177756518 924601.0461425781
105778618.5400459915 922139.8376464844
105892806.1976453513 927060.5559082031
106353779.9602049738 1015182.8964843750
106530913.8798907995 1035394.3759765625
108599787.2424363792 1157395.1513671875
109286035.2457130402 1179829.4038085938
109780340.6074531674 1198574.5761718750
110848269.9242881835 1218500.0175781250
110870407.8836510032 1218735.2402343750
111126847.9441401958 1219947.1962890625
111004579.4930331111 1219603.6894531250
112986368.0781207085 1228128.3701171875
105479430.7428335398 855927.7637939453
105713811.8782301247 915413.0927734375
106674352.3853162229 1046761.2983398438
106755848.9104275852 1052929.4028320312
106648224.1589778960 1046375.3295898438
106553727.3197758645 1035575.1738281250
109364095.9306147397 1184873.9560546875
109607485.7785873711 1193020.2060546875
109519887.5492698252 1189499.9580078125
109448150.8226856887 1188335.2500000000
110626438.3769571185 1212767.5820312500
111166672.6330757588 1220004.0136718750
112384822.9772411287 1226170.9570312500
105740349.9034217447 920977.9379882812
109591408.3666681796 1192910.6406250000
105510760.8413845599 866811.9996337891
105684524.1141010225 912807.0109863281
106402448.0915481597 1020190.3989257812
106771413.4490952045 1054865.2343750000
107471550.7386685312 1098377.9858398438
109406056.6161881983 1185226.7294921875
109462420.9149007499 1189055.7529296875
109607731.4228556752 1193553.8398437500
112667739.8136866242 1227019.4199218750
105443048.7685098201 853339.9447021484
105481248.3838398457 866432.4522705078
106905360.6630298197 1061908.9780273438
108593493.7798599601 1156530.4472656250
115005534.1607802510 1229138.4619140625
105721864.9917162955 916394.0178222656
105074483.8319596499 723990.5477294922
105648328.6420785040 904776.1693115234
106403916.7638370097 1021307.1748046875
106341781.3899579942 1015163.8896484375
106362561.1172420681 1017696.3232421875
106826996.7741658688 1057792.1035156250
106866216.6555114239 1061592.7207031250
107662138.9189464748 1107301.3764648438
106834139.1790174246 1058343.4340820312
106846442.8242727220 1059448.2211914062
106786509.6177552342 1056170.3427734375
108520840.5054480731 1154088.2568359375
105520449.4609412849 868863.6412353516
106693831.1042784154 1048150.3154296875
108707737.9345303178 1160021.1093750000
108451026.2034683824 1152702.6396484375
110643456.5982136577 1213588.7509765625
112417776.7727876753 1226534.3271484375
115596897.9211131632 1229340.2500000000
106509372.6159338504 1031461.0253906250
107663479.4551818967 1107363.6079101562
110653104.5475584567 1213804.9404296875
111534139.0201105922 1222520.8242187500
111876058.8322190344 1224465.7148437500
112438345.2673194110 1226656.1914062500
105544739.7516568303 880405.5665283203
105562562.3752802908 885096.8753662109
105554276.4646088481 882632.3864746094
106495469.7795509696 1030751.6904296875
107532283.1973470151 1101504.2900390625
107656638.2201638520 1107240.2963867188
112100841.8491547555 1225462.9091796875
112026779.1687777489 1224857.1894531250
112612085.1315145344 1226916.9775390625
106570244.7718663514 1037561.9580078125
105542565.8514357209 879746.0101318359
105557281.7566854358 883548.4813232422
106523257.0164528489 1034069.3745117188
107105212.6016872078 1075189.3579101562
107536421.4186826944 1103240.5532226562
108512919.7441563308 1153512.0908203125
108420292.5802026689 1149126.9560546875
111971278.5577105433 1224763.6455078125
106512314.8336887658 1031893.4658203125
107509546.8886606693 1100738.3217773438
107482571.2893421650 1100352.1469726562
106459061.5629912466 1028069.6635742188
106394117.8059694767 1019482.8286132812
106416029.7388021946 1023149.7675781250
106427604.3192221820 1025412.7436523438
107684182.4725772142 1109526.4790039062
108374051.4124383926 1147433.1894531250
105246948.8970894367 782433.1672363281
105521803.9210097790 876628.6246337891
107126014.9293994606 1076620.3354492188
111136226.5024982393 1219992.4482421875
105293481.9102746993 796309.2458496094
111392495.9896741062 1221744.1611328125
108489348.6054306626 1152855.8427734375
106291025.3622203469 1002900.5925292969
108506569.4561628699 1153418.2490234375
108438426.6012122631 1151273.0751953125
108659556.8594141155 1159002.5937500000
111226506.0638085306 1220292.9365234375
111889005.4618346989 1224486.4179687500
112225318.0768413544 1225639.9912109375
112730345.9781778753 1227278.1582031250
106270146.5594987869 992663.3381347656
106277319.1310976297 1001410.6398925781
111783407.2995887846 1224363.3212890625
112068838.7495169789 1225434.7392578125
112518948.6164092720 1226877.8339843750
107726283.4942999482 1109861.5410156250
107869038.4753205776 1119615.4345703125
107969684.5408126712 1121468.9506835938
111730636.9221824259 1223661.8154296875
107673149.9059429169 1108678.7402343750
107972693.9164750576 1126312.4345703125
107194090.9485075176 1079610.5976562500
114497157.7493952662 1229091.7792968750
105237292.4626128227 781585.4947509766
107533197.7560012341 1102037.6928710938
107829443.4187737703 1113854.0000000000
107770151.7979905605 1113070.7500000000
108062103.7865450382 1128830.7529296875
112325692.0605683178 1225835.0634765625
112228322.5634724647 1225778.2460937500
107174442.6735187024 1076851.6240234375
107462181.2591967881 1097813.3466796875
107731673.9545103908 1111833.0205078125
108920302.7565378100 1167381.9931640625
109254217.3080454022 1176741.1455078125
109019098.9172925651 1170214.5908203125
108089429.3449674249 1129030.1713867188
111288451.4748600423 1220917.1572265625
114007146.7848283947 1228756.0458984375
105292353.9233463854 792559.3975830078
105327284.1818441600 802105.6412353516
107039008.7657651752 1070012.1860351562
107029177.5629196912 1069360.7934570312
107245398.5041180253 1080981.2451171875
109039522.7833755463 1170471.7871093750
108986589.4657603949 1169167.8554687500
111767264.7890567183 1223902.0683593750
109069634.8443018347 1172615.3037109375
107350211.1040340960 1087668.4052734375
108921626.8292663246 1167798.4335937500
111679337.3089532703 1223400.2900390625
111921547.5762791038 1224706.8281250000
107218080.1101547033 1080503.1494140625
107062463.2632285506 1072504.0986328125
105299331.4466582686 797836.6552734375
105320671.5887242407 799886.3162841797
107589752.0502043366 1105069.5371093750
107462101.0970656276 1097632.4980468750
108056807.9347511232 1126810.3266601562
105273053.3936660439 786658.7347412109
105254373.1060712785 784286.2889404297
105278628.4017729908 787617.2950439453
105366739.9830960780 811579.8873291016
108052329.9911673665 1126670.7041015625
111336841.1105929464 1221343.8369140625
111582591.1041008234 1222808.1562500000
105352838.9694590867 805818.2371826172
114174764.2948335260 1228918.1455078125
106256566.1956253648 978639.8239746094
105429865.5748240352 818692.1989746094
107386371.4318186641 1091916.0722656250
107415784.8446929306 1093874.2031250000
108785725.5956553370 1161768.1123046875
108811318.9332577139 1164294.4062500000
105432919.0856569111 820133.4625244141
108800696.7074793428 1163200.5019531250
111643510.8558311909 1223248.1630859375
113909328.2450186908 1228680.2050781250
105399804.6366178691 814245.1386718750
108896398.0240099281 1166089.3886718750
108834550.5665191859 1164559.0078125000
115124071.6682690531 1229139.0917968750
106084573.6644209325 937048.2822265625
106117615.0722420365 937309.9860839844
105944162.7838990688 933355.2116699219
105968496.2799636126 936120.6184082031
105913229.4176166356 928743.3020019531
107274325.0511020869 1083142.5253906250
107369626.2755618244 1089751.0024414062
107384623.6943238825 1090231.4184570312
109185805.9573961049 1174895.4023437500
109174283.5283176452 1173983.4267578125
109005387.9859495014 1169806.6826171875
107296052.7266370505 1083806.5170898438
107325466.1395113170 1086042.7836914062
108878813.1962020844 1164854.9365234375
106192792.0249626040 946380.5671386719
106147078.7690701187 939751.7165527344
106181980.3442115188 943011.4631347656
106185533.6163071990 945472.9050292969
