789260225.1112607718 103573.0210739889
782353306.7049906254 91865.0836375279
786644115.1446785927 99680.1356313081
787076544.5370110273 100604.0888478608
791811567.5396372080 106401.1432834342
798902231.4374238253 112153.7709738359
791476805.6053904295 105535.9047400613
783096774.8145430088 93472.2932949679
791658848.6905081272 105961.7355963845
837911453.4305317402 129368.0147323608
816053512.6897549629 122632.0546243191
801350745.8627562523 113972.1862902459
791335774.7670255899 105485.8566634316
839492129.1041245461 129407.0071182251
799187348.4597759247 112323.8370216094
786647721.4931058884 100313.8596722932
791315103.8054238558 105450.3854567666
796637880.4587527514 110331.0128580570
795603102.8277245760 109589.9807488241
796844052.0810792446 110472.8163438223
793938800.9616510868 108165.0803400517
795405932.2315491438 109512.2692667485
824520026.8578634262 126317.6994857788
844953802.9558774233 130203.2309265137
788469657.6205987930 102738.8235608304
788150993.7332403660 102620.5727450509
795474035.4211610556 109564.2014719486
802719941.5220507383 114889.1174005312
782808211.7679162025 93283.3553562777
782793379.9692828655 92682.9103127138
800155483.3987294436 113154.2988346033
786904792.4907990694 100414.5875621626
837841887.8715325594 129337.8410263062
793177105.2475227118 107731.6471210197
782690584.1842361689 92417.7826157229
813559498.7536206245 121054.5203526020
783292801.4371644258 93759.3069929646
798441561.0104280710 111593.0523344474
782238035.9228368998 91810.6723826451
801733712.9090353251 114256.5086474237
803050089.2902719975 115123.1791909976
802009058.1051315069 114256.5263600167
787164720.8659795523 101033.5935566612
786259511.5528291464 98990.2863263069
825042411.4916136265 126570.3096427917
794352271.9313356876 108580.7392773265
782666009.5747469664 92027.6844225444
789317506.4476445913 103612.8186574653
801035249.6901592016 113667.5742449578
824910447.8810933828 126485.8475418091
799724906.3110036850 112775.5360981055
782426356.5077760220 91985.9033996419
782798284.7982493639 92913.4375076906
785804641.0912777185 98873.9140222138
791115061.1020654440 105299.5128464335
825359117.1711413860 126684.4757938385
789496713.8820028305 103912.3118482307
782051952.7489620447 91715.4480790363
802197574.4500753880 114450.7739596185
789237225.9564195871 103506.0196368547
789851251.4146087170 104251.3332153037
801604957.9765790701 114124.8645739373
794193000.0471098423 108442.6968018332
846222060.6187514067 130214.1793060303
790280735.8872758150 104575.0834127903
826311201.7477066517 127189.0007019043
802037242.0638672113 114384.8601870355
795715853.5368273258 109964.5431238652
791722665.8994569778 105989.9108053684
794031635.4657988548 108359.8498827458
781858004.5131654739 91694.4552506672
825152833.4600278139 126614.3465366364
797435157.3751535416 110994.6471393551
826131224.5153329372 127175.9175415039
796976207.7805535793 110711.7579142094
796896548.8303626776 110579.0135790348
790748227.9878077507 105115.1005302146
825479304.9359818697 126830.5291719437
810407362.6784367561 119353.0890401565
790282583.6630169153 104694.4187141135
789476185.7787134647 103901.3345257282
836905185.6579651833 129269.2348709106
790174439.1659001112 104375.1339240745
790062160.3042044640 104327.2173458576
796572720.9145872593 110315.2211138249
790682240.9877353907 104878.4989706516
785133179.5386041403 98127.7974581586
825711243.1618189812 126898.4010286331
784628996.2452732325 96846.3314146863
843304485.8109240532 130082.5764312744
829353067.2355923653 127926.1758460999
786478357.1881176233 99402.7295217083
800666882.2825609446 113296.2803624884
786160254.0406523943 98885.2925683826
787928973.4045071602 102083.7225382514
806786538.7309215069 117235.8442125228
793825052.8664985895 108148.4568506718
787637698.0296542645 101513.4763453193
799413950.6675100327 112453.1798223272
795640415.4487904310 109736.7207129095
797907980.5269486904 111175.6668161210
803438143.2201827765 115373.8476254134
802300596.2097926140 114622.9956017985
805475975.5759173632 116515.3906664637
796569435.2323427200 110233.0965025518
796441974.7727539539 110226.7609961126
803800407.0565354824 115722.4679972320
842839894.6303590536 130073.9960174561
830240873.5335696936 128213.9647789001
794576284.0744208097 108601.6256052681
796306367.1524734497 110220.4741613958
805159667.2152411938 116365.9928017082
803980741.7197066545 115735.7983085169
806236722.0799790621 117020.1009959951
802811749.2249380350 114995.4436942591
830032358.0093439817 128112.0350685120
841707979.1029783487 129944.6895751953
794535955.5045733452 108591.0541549977
806581400.1041740179 117157.8838988731
830290085.0014863014 128302.2637596130
804842328.6421436071 116347.3084032834
795194644.0369992256 109478.6421072576
786283007.7859176397 99294.8463048057
802900138.0155531168 115023.1117092757
830777567.2935694456 128311.1209068298
804133096.0618340969 115932.4555167346
800187993.8242684603 113286.0884727665
819895378.9190217257 124260.5689235926
799770169.1298328638 113037.7315973099
820463813.7025978565 124362.0969310999
799564688.6376818419 112716.6717876252
799820924.0928717852 113056.2495140262
795061668.6379877329 109339.8398916814
783888678.5892496109 95652.5761928128
799770169.1298323870 113035.6758111771
819275391.9870796204 123797.7477012873
798880461.9635696411 111924.2930311020
842730456.5565571785 130066.4891815186
830269220.3768258095 128292.3045616150
842621236.5023350716 130056.6819000244
824230480.3455539942 125906.1587104797
823618734.2659040689 125815.4990158081
828060550.4920098782 127683.7976589203
829834323.9023211002 128101.9190540314
828735257.0119051933 127882.7946510315
823146425.1113322973 125621.3302154541
800613987.9212194681 113287.5725597199
828517843.1272610426 127879.4667854309
822969109.8707001209 125382.3164300919
803066867.1094158888 115172.9481369643
816632214.5724418163 122992.9634467065
783972112.1259148121 95876.3084926174
828102825.5515992641 127738.1868324280
798744594.7548141479 111825.9083388299
816654427.7466964722 123189.2913584113
816404043.1089439392 122868.1534033716
823560587.7800512314 125796.1131944656
822757657.9175481796 125212.8270273209
823506087.8877959251 125788.1757249832
783451448.2423094511 94735.3311023281
818392262.5359869003 123791.1919470727
817808028.9426479340 123519.9085608423
783515530.4865933657 95181.5794429348
801198657.1970535517 113840.1920026466
822449061.1595147848 125192.3711862564
802259138.5784350634 114560.2255885601
783509211.2687449455 95016.7659205960
822796766.1458532810 125378.2342796326
804805068.8579626083 116146.1163618551
832593303.0788069963 128596.7052726746
831685279.9445277452 128462.3421592712
801073714.1253184080 113730.1743491814
805208926.4740171432 116416.2835693050
832341840.8942055702 128555.7208976746
783568232.8093602657 95312.7852839993
827405144.1547311544 127555.4820785522
783673489.2605817318 95562.2914657162
800755242.7017396688 113310.3507941887
783982649.4843161106 95879.5037045048
787855243.7042810917 101648.4255886264
825014827.9717941284 126492.1529846191
824451904.9746935368 126315.6047668457
808899152.6273330450 118544.1143511906
824802029.9717783928 126459.9471435547
784219709.2829968929 96309.8581318425
827650641.5652745962 127683.1005783081
812965474.2088246346 120861.1141112596
826874741.8607444763 127393.2111129761
800771570.3509875536 113486.4070151970
812513694.5377297401 120729.2538350374
823976492.9083849192 125875.2598609924
816522016.9334055185 122873.1822183877
808327930.2870960236 118268.8562869206
805615562.6513123512 116640.0700539315
784085356.6111844778 96220.8993763493
784349278.2175590992 96480.7775005864
825914200.4519917965 127020.3295898438
812621181.4839273691 120782.9496892244
784417044.1951559782 96771.8094030421
828195722.9505374432 127820.4266548157
809332173.6818220615 118842.7608174458
801544955.0001822710 114009.3043922111
812201884.5168761015 120616.9641736299
810785421.2840534449 119654.9288700372
784942745.1794182062 97797.4094981716
784811552.6264753342 97784.9986400174
784811552.6264759302 97786.0314464138
807854092.5901265144 117893.8950932131
814829802.8282642365 122084.6750405580
784722899.8743889332 97481.7081279324
788520146.6961959600 102801.7582185455
785746958.9223465919 98575.1658572720
788847126.9119833708 102975.2027795501
814607496.5888588428 121974.5505135804
811684043.4423707724 120258.9713123590
815621124.5865819454 122428.1556084901
806992918.8782176971 117351.8588421331
807113229.7025337219 117581.8934566961
816224993.0111231804 122820.4993868768
789404861.7723412514 103802.5756824203
814234120.9695106745 121716.4970849305
814360713.6971086264 121939.2361214906
819317760.4217495918 124121.9949364662
813904858.7936148643 121624.1548455507
788852047.0863392353 103031.7809894271
785370972.1358944178 98245.8721484707
813734227.7680394650 121306.8270257264
807867403.1177166700 117902.3904964910
789027283.2461345196 103395.8712952323
813810143.2135993242 121609.6544488221
811158426.8844703436 119718.3950336725
811040487.2393890619 119715.2135151178
811343455.0348999500 119998.2037800103
785110471.3824344873 98032.1318263577
792412409.5454676151 106880.0713470168
788968008.1695744991 103313.6329219528
789878307.3723455667 104313.2149052806
786603962.2223476171 99433.6338987425
798634161.9920361042 111686.6473456537
798040811.4007275105 111259.7295273761
792211080.8585250378 106473.6372730918
789498380.5163145065 103971.5408618636
789498380.5163146257 103971.6612842269
792439128.4087888002 107035.5204665847
792211080.8585247993 106472.7693226524
792250224.7364916801 106767.7403233238
793558840.8300509453 107832.2084017657
815951227.5533587933 122624.9459087849
816136816.8667265177 122722.3837215900
792590095.3217840195 107183.4255588539
790673938.1207174063 104837.1654976271
792732209.2603763342 107410.8072212599
790517536.7033497095 104818.0008552931
820121240.9561470747 124294.5391550064
840657953.6974228621 129673.6039276123
841453161.6781694889 129903.5409240723
816532205.6235171556 122890.6998436451
840853015.0276583433 129872.1828765869
817273545.3935683966 123288.1037094593
816998186.5623719692 123265.2419235706
792830739.5494122505 107422.5090645216
841105386.2782962322 129880.3077850342
817731947.5180087090 123438.4360625744
833733040.4814314842 128835.6994552612
833553421.6819664240 128835.1670150757
818097433.2792729139 123670.1601898670
817332532.2846920490 123418.7956802845
793138197.2122014761 107433.3673898103
810668949.7873266935 119423.0197747697
791090140.2402257919 105164.8154248758
810370080.9864004850 119330.0185464371
809908024.5665801764 119095.1121974189
839144062.7109782696 129371.5119857788
809193558.4282785654 118720.5681758125
808971035.7896792889 118707.5474848945
837665564.5427277088 129316.6926727295
834642576.3346532583 128925.4632949829
834345307.2262582779 128918.9072647095
833988858.1993014812 128910.0406723022
833789585.4746825695 128890.2614669800
840065344.8301256895 129582.2274017334
819717256.6812748909 124238.4997742176
819528626.1238586903 124142.2940552235
839597030.8716379404 129472.6157989502
819674876.1612699032 124184.0164024830
823117820.1266918182 125407.8614654541
820862497.6035745144 124715.1248683929
810609331.3768711090 119412.1163261157
820924161.6692389250 124741.9111194611
821122263.3393293619 124872.7074451447
821985366.3180602789 125129.5936126709
821095315.8390738964 124753.0880584717
823456333.8533166647 125649.4479389191
836484389.1263418198 129049.6169319153
821878868.1451951265 125042.2069206238
836354827.3739874363 129046.8894233704
809510878.0604325533 118848.9163341327
834643712.5802794695 128981.3273773193
829599110.6288197041 127981.2161102295
830219715.2019627094 128201.0707550049
