175921785.2259754539 31273.3667104095
172103124.7794966400 23427.2346148708
171981140.5826993883 23380.7248939512
173113797.5143914819 26790.2288749367
173007050.6746729016 26652.1854045540
176419425.3907937407 31718.7086773217
176324967.9676442146 31674.5429660976
176117371.3983741403 31513.3781560361
176068178.6683853865 31502.8079263270
175999562.2803049684 31456.7807497084
171318643.7083775103 21903.4876735159
171647927.0354005396 23070.4986165104
173025650.0696570873 26757.4144580513
173156030.9564770460 26950.7965563014
173258308.3221442699 27156.6252696663
176056020.3384869695 31482.2977327406
176628579.1384253502 31734.4574455312
181092593.3308687806 35826.1492614746
182659634.1928430498 36793.2153472900
183867907.2174108028 37195.6069335938
190712430.9696775377 37847.6887054443
176420881.9679480791 31727.5504672803
171508860.3976925910 22444.0484777451
171532444.9598910511 22739.9120664515
173145098.9810947776 26840.3642578274
176146668.0516220927 31545.8789047292
181206919.5376046002 35963.3315124512
181796057.2341653705 36227.3149261475
182734952.6383236945 36918.3220520020
182710551.0186008215 36827.3220825195
183260669.6441805959 37060.2801055908
184022141.3477255702 37228.7882537842
171396072.1747884452 22149.8205594696
171371509.9756345451 22117.2304067326
171518044.4506078660 22467.8688309402
171435353.1349323690 22426.6019974549
173332528.8618304729 27215.3548882157
173479359.0491548777 27433.2781405598
173729088.7026125789 27455.7374138683
176296785.9542112947 31623.2527752221
181522009.6257513165 36145.0099258423
176642693.4576734900 31815.2007305324
171425874.0455044210 22397.6152477482
173309391.3783593774 27185.1990459114
173332094.2981604338 27197.0619304329
173289334.3985279202 27177.1648051888
176195964.7592324615 31574.8994138241
182852846.4726383388 36960.3250122070
191310429.1532908976 38011.9285736084
191305486.4530961812 37982.8889923096
171328233.2273233235 22059.0855503292
173367202.0247091055 27325.5771129280
175733532.2369102836 30782.9197300971
181293555.8373630643 36002.0220489502
181157688.6207140684 35828.5141983032
181637390.1061550975 36213.5308227539
171585965.4604488313 22786.8837687991
175985302.5656688213 31300.8347925246
182549111.2824594080 36728.9519157410
183641757.9345486164 37135.0070495605
175760111.7291446924 31008.0018071234
175875325.0588136315 31032.3400606215
173383664.6914237142 27361.1928039938
173786627.0543780327 27462.3110591024
183226557.3459398746 37023.1654815674
183739407.4877246320 37176.3500366211
171766500.8132673204 23121.2008459958
173340003.9880456924 27322.8319556862
173462146.0044981837 27388.2297356278
173271396.3871561289 27175.6892345995
175905426.4307677746 31144.1947893202
181401928.5764238834 36101.1072998047
182952658.8084034026 37014.2709655762
173215326.3338718414 27112.4888427407
173164550.3520474434 27050.5748393685
171818622.0286229551 23258.5122218224
171791502.5045914352 23126.0080529715
172030957.1705404222 23410.6922341849
174946983.1492698193 29550.2752493620
174972614.3830654025 29656.8074465841
175634366.2297945619 30720.6941942275
182468371.6881649494 36603.2043495178
182543913.7147256136 36670.2115478516
171913512.0876444876 23287.2423475178
172924639.7645834982 25975.7754864506
181393176.4583081603 36018.1575698853
183650945.3835713863 37138.9880676270
172958107.3864278495 26358.0889456421
171827820.6636851728 23286.1340572079
175263052.9623965621 30142.5193361342
181589773.3392249644 36153.9251403809
190902186.9265465140 37904.4643554688
171928508.2554738224 23357.8798902425
171640846.5815682709 22801.9579392070
171722988.1486941278 23096.4019601735
172140176.3746140897 23628.8078667362
182709677.5533576608 36822.0422668457
182719075.4573040605 36888.3139495850
190948576.3356886506 37942.1894836426
191121458.5428674817 37948.1222839355
175609985.7880007625 30645.8038553298
183668492.3666258454 37171.9225769043
183095743.7358698249 37021.1243743896
182934331.3027457893 37008.2531890869
182654155.3685886264 36764.1995086670
181163141.2683557868 35861.4193191528
182885878.8061423600 36968.4935607910
182915480.0501158535 36979.1700897217
183990644.7297038138 37199.9521026611
175684128.6232312024 30765.2708086073
175577807.1251868010 30639.9907030165
175286958.6179192960 30155.4995039195
175313024.2945176959 30239.8826211989
175180199.4402496219 29757.7662653029
175478340.1928823590 30497.5833849013
180844169.0355769694 35461.3789272308
181632717.9119851291 36208.2704696655
181534304.8155971766 36152.3227386475
172937714.6253606677 26154.6918635815
175557795.7000700235 30513.2260088027
175459084.9000674486 30420.1588281691
175197197.5981378555 30094.2780822814
181427412.1393619776 36128.1140899658
191289910.7628312707 37982.4183044434
175407207.1517757177 30411.1435998976
175376658.4869899750 30292.2422021925
181012516.7036424577 35468.0326843262
183298661.5986751318 37067.2048339844
191197423.6819004416 37952.6175689697
183557112.1829038560 37130.3549957275
183718486.3708803356 37173.0236511230
191064393.4856703877 37946.7447357178
191283115.4962720275 37958.6004791260
174657572.0656505823 28905.3495488465
174703405.7083933949 28930.9552903473
174585455.0720385313 28897.1542239487
174786537.4997184277 29127.3162226975
181022659.8771189153 35675.0240669250
183343603.4351832569 37106.5720825195
181067985.0390450656 35734.6966552734
190654789.3614112735 37762.3208007812
190634288.8712473810 37748.4759674072
190739210.4668112397 37852.8185272217
172389417.3901958168 23658.8442975064
190622648.9587081671 37736.3879394531
174506837.1825202703 28666.7613177598
183412324.2818940580 37116.9519500732
174762193.1558759809 29070.9536814988
174470848.7704587579 28633.9389834702
182026436.6945053339 36253.0612335205
183238444.0765499175 37025.8411712646
183303719.8407684267 37079.2884216309
172252788.6079527438 23628.9373934720
174694055.3056443334 28926.2564818859
174914502.5017666221 29285.8904584944
182101030.9837368429 36297.6030044556
182436044.3603643179 36432.6753540039
182321637.5740182400 36364.3052368164
189986560.5438582897 37547.6977539062
189956658.3866317868 37516.8632202148
174401652.8329781294 28537.3210988343
174816220.6970390081 29169.4955343306
190078309.6425151825 37603.6997375488
182435658.7733134627 36413.5316581726
182421669.0651299357 36388.3916320801
182244124.5629967451 36337.8578567505
189777780.8484700918 37507.0318756104
190232182.4418295026 37651.5913696289
174742528.8123580813 28952.1838877499
174552769.0156940818 28799.0474429429
174511722.6929926276 28770.4450335801
190310003.4508515596 37681.3602905273
190381287.4652323127 37699.2678222656
174678026.2255449891 28907.3947212994
174460088.3405607939 28555.0568192303
174510053.7697507143 28722.7758546174
172852965.5219958425 25369.5605219007
172786928.0219764113 24934.4917481542
172923188.4385149479 25602.6183827072
182463687.4423927367 36465.9603881836
174380176.0473115444 28469.9247308075
189895698.9657370150 37516.5288391113
189286024.4236321151 37390.2846755981
189770724.5382862389 37473.3852844238
189640250.1916836798 37458.9774780273
174131008.1932815909 28029.3175587952
172897760.0641199946 25577.3993738294
174195646.5466729999 28211.0788235962
189268331.0902531445 37301.9832458496
189534526.4192952812 37438.4648284912
174439293.9940899909 28543.6580062211
172575182.5663802326 23824.9030116783
174156492.3277304471 28039.1355699003
174273716.2467824817 28311.6596989930
174129666.0633375645 27949.8477095068
174092469.7485597730 27889.0787574702
173984460.0004333258 27761.5819351131
173892081.7470205426 27548.5194656306
178019085.6238248348 31852.9213242531
172492993.4892307222 23747.7658091174
172786318.2887254655 24341.4872584501
172653782.4131181538 23912.5671658737
172731489.1091057360 24275.8790555221
172750073.9778775275 24279.7513945920
172665255.6126898825 24246.5382504684
172694638.1733201444 24269.3170937747
187796360.0743506849 37233.4371643066
189195014.9335734546 37273.5899505615
189030644.1840167046 37272.1702728271
187981757.2525481284 37237.6667327881
188620357.0164964795 37259.0606536865
188119404.9416058958 37254.2431945801
