1258877257.9742496014 323598.7465819755
1259502636.0378005505 327139.2555007377
1259142013.1867051125 325311.4130645731
1259258370.3451597691 326875.8430213371
1259535393.3804891109 329015.1875069835
1261095148.3944706917 338837.0003192463
1260347208.6284010410 333829.3404708692
1261721408.4017660618 345307.9824451064
1261124001.6150054932 343250.2658270785
1261811387.4873795509 348817.0553716277
1262432514.7877120972 350213.5338069743
1284604116.8802413940 433937.0401605947
1284210312.3587024212 433586.9355158194
1263034708.9286215305 353121.4574713784
1257321022.7474811077 305576.9784715899
1257437405.1010460854 308071.6216600665
1257544431.4909911156 310943.6088495058
1257510728.0462377071 309234.0197992128
1257744689.4875838757 312145.3309491735
1257883661.8219237328 313988.1553510290
1258212324.0881085396 316379.9071181875
1258260007.6100955009 317893.9021743399
1258668621.0356040001 321057.2164916435
1258672318.8991062641 321536.3501277481
1260064496.4235875607 331330.9226763287
1259868394.0871086121 331111.0711177089
1260331682.8645415306 333138.4470135887
1261774535.6813089848 346965.1606295501
1263810407.2447342873 359815.1409210480
1261384734.2970769405 343921.0015817438
1257464720.9616117477 308818.6817631901
1257516835.9412894249 310706.3890199465
1257337895.8277626038 306212.5163411897
1257851596.2917509079 313915.2469037634
1257967906.5888092518 315089.1479657751
1258128028.6615498066 316243.8747085196
1258199015.0736033916 316351.2796264116
1258460806.7778210640 319734.9660811846
1259335336.1456465721 327067.1095050075
1261218670.0550844669 343391.6325752889
1262642184.7383642197 351915.9291510659
1261586639.5171923637 344074.6162988638
1262218873.9909172058 348878.0642330741
1257342102.8378546238 307641.7937498868
1257666861.7894883156 311712.0189260107
1257805834.1238288879 313554.8433278662
1258351396.9111657143 318191.7260411021
1258246698.5955898762 317865.2746825640
1258617436.3097407818 320852.8243584437
1258402054.7243783474 318650.6161177852
1259067513.1588225365 325101.1781043449
1261070417.8515012264 338465.3479521015
1259745411.8232541084 329130.9895746746
1261770594.2244968414 345374.8966411208
1261562811.4912862778 343982.4425928091
1258808338.4701657295 322813.5775145927
1258829535.6956765652 323090.3583373466
1259142318.5163307190 325455.5123246410
1260555222.9909646511 336682.2502234170
1260039036.3229441643 331262.5185421207
1260694527.1048190594 337895.2818199643
1260515817.3051362038 336256.0490318784
1258098139.6620526314 315995.2771389288
1257950682.0569288731 314219.8186123174
1258458912.2319078445 319223.6111510494
1260199800.9732377529 332115.0239418992
1259839815.0055255890 330298.2818764695
1264434349.2750108242 361564.9305753913
1264026137.5959999561 360110.4935636725
1262896643.1152961254 352011.5969135107
1257712623.9574129581 312072.4225019079
1259323815.0802228451 326982.0456612804
1267626651.2561171055 379787.7135921892
1259028085.0326912403 324905.2854918876
1261634342.1351656914 345174.5267184173
1260499565.9306683540 333852.7179101800
1258812892.9903185368 322863.3342221557
1258575915.1550216675 320744.1936934688
1277977567.9290032387 423603.3054885259
1263491302.4705750942 356343.9638621628
1393970582.4868173599 648044.2627728619
1258436197.7204611301 318987.8326705196
1263539275.1941905022 357388.8879238840
1294621242.1785161495 471617.7291924374
1294080523.8982195854 471016.5434014217
1264077904.4832363129 360600.1973833668
1260198795.6273660660 331819.5760644769
1263351513.4432766438 354977.7847976692
1264728813.4547736645 365402.2099437136
1258064194.4667267799 315516.5280542215
1264751842.3449459076 365936.2991009546
1294002435.7616524696 463530.6709380915
1263263505.1277723312 354010.7097244270
1274746183.4260401726 407613.7474284506
1264620030.1273181438 365083.2149015156
1277684419.5460371971 423492.9561690679
1272340536.9808712006 403177.2185134421
1263659652.6079680920 359155.1562357794
1484073895.3537549973 814993.4900545925
1266999549.9476146698 375375.9800880888
1389141360.7739708424 646652.6590954560
1263515657.4584987164 357350.8299716306
1267034596.8693225384 379382.5373433503
1287901907.3652093410 454311.1657541267
1286085312.6876914501 446583.9094148022
1285336727.2568142414 445377.1850495678
1268580930.3099272251 384443.8256748231
1271872233.9865386486 402059.9823202546
1271591991.6740722656 400026.8404745514
1263654013.4142725468 357454.5510838332
1267620001.4462530613 379753.6293715546
1265688725.6987357140 370788.4374676756
1263088237.6100614071 353181.1170861574
1266327552.6550829411 373289.5408524015
1286709318.2402734756 447906.9260926450
1293300071.3284442425 461757.4429805177
1495898643.7176969051 829496.0818901062
1263315952.3154985905 354611.9432580324
1278703152.3752670288 426141.6227126325
1262931923.3413286209 352546.1677453371
1266200972.5526130199 373050.2732285002
1267909127.9796485901 381123.8993117726
1270668671.8671705723 394931.6839553879
1266551281.0195794106 375063.9231004455
1275787202.8174736500 414638.1271577436
1266486180.1391565800 374068.9620235899
1264182930.4812829494 360739.0889551679
1265213986.9710309505 367614.8382426241
1495369817.9894196987 828284.4964790344
1275448469.3284363747 407841.0236926767
1277568799.8649890423 421570.1636428228
1276421573.3857383728 414716.0397231197
1265275262.7980203629 368973.7687083223
1275521924.7192182541 410868.9020848807
1264895575.2181520462 366781.4453554192
1265235369.6716732979 368914.1685761252
1271561478.7609298229 399489.6265005524
1293708584.3151326180 462528.9537859227
1267916531.6490311623 381908.6340712616
1277533576.2466783524 419309.5550189064
1276823174.5842239857 417276.4131732032
1281663423.7044682503 431567.0736794162
1264986537.5609457493 366881.0267304220
1270701921.1173169613 396463.7259003575
1265875640.7292039394 371672.7602519860
1265516388.5442125797 369880.2685527673
1277537006.7589323521 419685.3967583767
1370061068.7194039822 606689.4372376371
1369465019.8898808956 605414.4566246048
1379694890.9798114300 623469.3536965549
1379653440.0797252655 622588.5187661350
1293730820.1665351391 462832.6875158664
1269849207.3037664890 390577.5495197787
1277366918.2414157391 418904.5986310355
1438233049.6706268787 710007.2511382420
1286925967.7272727489 448975.7514825817
1293532788.9160923958 462524.3127600070
1263215260.4847350121 353439.3296774908
1264458320.5690622330 363809.3005070594
1272084436.0738713741 402740.4090029092
1264458320.5690624714 363809.3005070595
1266940595.2458732128 375079.5966724994
1396129588.1866402626 650913.6616874374
1293328784.9197030067 462303.4357270242
1293048243.0122139454 460607.9244812967
1325085752.8422324657 501015.7194087845
1495834979.5688607693 828558.7218742371
1271541847.2037465572 399084.0892119613
1272503269.1749198437 403274.9491210189
1448818111.5289998055 739895.6587828766
1272046010.5533487797 402449.1480693782
1454834514.5730819702 764937.5858840644
1455077269.1053180695 765356.4323882759
1280515215.5572705269 431159.1080560144
1381916243.7939295769 630825.5053344835
1382363407.0219850540 632695.6612036098
1448501120.5910825729 737060.1993987784
1467674550.5192134380 776098.7808858198
1467988293.5162665844 776974.3215428633
1268284492.5326159000 382837.7153003460
1272707263.3333399296 403499.3651824202
1269394067.6803009510 390482.1394883282
1269116704.5340628624 389709.9983140118
1268860292.9663596153 386381.1959069762
1268731547.9143843651 386285.4649194274
1269107338.6169655323 387480.1804584039
1285241170.5938613415 440958.0670264196
1268659288.3453445435 386206.4229878432
1271654652.9177763462 400991.4454131331
1271285440.6293714046 398958.3035674300
1270970967.0516059399 398818.1732573714
1268910731.9390950203 386465.7660142072
1268488629.1353476048 384432.6241685040
1270059693.9957988262 392018.2937768104
1290806420.0702166557 455686.9906736913
1468973979.0389521122 781467.9672086891
1268116991.5065159798 381940.2249931209
1344633122.6237390041 540661.9682673716
1358159273.2378814220 586491.1508817472
1495031905.1771681309 824206.8538551331
1413809225.5965857506 696210.7392288693
1296885518.9585926533 474089.3408122417
1296633630.8843350410 473672.1322551128
1268229804.6635832787 382453.2053768308
1270645901.3698961735 393020.7559472260
1318995019.6021740437 497865.7937565770
1480414205.1141438484 794610.4015111923
1480438649.8185477257 794750.0632848740
1350342786.8148305416 551676.5465831985
1479361162.7796075344 790186.6149133729
1474428873.0956356525 784404.2259442774
1494750545.6381556988 821095.4687957764
1361860338.9749214649 601361.1105980997
1374615945.7598204613 621961.6368507792
1452513508.5805947781 758023.2688068449
1452158277.3919546604 755012.7819469571
1402095504.0689270496 669212.3415804114
1401513696.0658204556 668185.7515535560
1345577828.8664808273 543701.7600944899
1489548564.3894300461 815039.6894607544
1380934331.7750480175 626311.1655787452
1401214848.0495836735 663741.8287091013
1464977821.4834051132 770128.9056226900
1408476816.0686454773 684324.2363449335
1284198303.7237901688 432554.3093863516
1395420085.5483629704 650236.6022099294
1395787475.7069694996 650526.8768500127
1372042063.5768747330 619884.3994776085
1316332679.9258160591 482622.0324771537
1359808008.3848783970 587461.0899857080
1400105029.8986790180 657621.8352172393
1399658955.1596457958 655709.7895488758
1386238408.4724152088 640561.4620957542
1386199117.4723968506 639329.1846909691
1494723807.3764379025 815505.3260307312
1494175908.2653028965 815196.6904716492
1316735127.4610786438 484502.9298978492
1331533324.6519734859 527630.8921630001
1441030183.5674107075 718884.6257028989
1320752747.7568762302 499069.5280542829
1440641051.3395075798 717192.4764957838
1284561302.6192834377 433643.9190232049
1285005638.2415452003 433945.8992248833
1447456713.2729437351 727322.2689450658
1424554431.7920348644 709657.0803400241
1424735186.8697955608 709686.7474670373
1411753212.7109029293 684939.6517134965
1447873779.2844259739 729116.3949618172
1338684110.4076669216 532417.1768750392
1338385517.2560427189 531323.3542432033
1337070869.7387306690 530631.1026528266
1351246097.0511066914 564806.2593443335
1292051343.0576086044 460268.3321993952
1300660273.9985156059 478347.3936007561
1301126018.9692811966 479068.1333059722
1300527004.5418479443 477363.6511206084
1300197780.3938586712 476355.1696142608
1347952893.9525256157 547094.0029049974
1329001869.9639244080 522076.3633876062
1357505327.9733893871 566481.4560022191
1343930821.4959917068 537067.6287867513
1341998231.4791359901 535590.6167015238
1310902279.9521691799 481192.3461676306
1310565111.5109434128 480078.7685309119
1343571142.9389581680 535620.9518771187
1440178634.6506049633 710944.4506530762
