589469472.6154992580 1891006.3057885170
588494013.8826628923 1871412.0410180092
589960653.3329534531 1896738.2709181309
589103723.8590433598 1885695.5240502357
592178491.3568018675 1929129.9666728973
593174661.6763867140 1941285.7098369598
589050881.7050342560 1881758.6906838417
587234296.5559988022 1852211.6616921425
594605631.8831013441 1955903.4330577850
601329714.8282673359 2001256.1843109131
596242569.2454307079 1973294.6302013397
586427352.7335600853 1815233.5108284950
586092535.7596174479 1802824.3536934853
592828716.1474411488 1936278.4774150848
592674806.2006052732 1935757.9990215302
589165455.5168169737 1886822.1563744545
597126371.8412189484 1977778.3645763397
591947003.3308529854 1925788.5650844574
593794047.6582773924 1946673.7311229706
593653209.1417291164 1945543.1641445160
591893602.7977823019 1924672.2259654999
599986805.8462443352 1997671.8979339600
594561554.3443902731 1954517.4939708710
590095439.8944596052 1898452.9594402313
594087325.5236899853 1950364.8587474823
595040893.0787041187 1963330.0614757538
590717583.0418325663 1908278.7437953949
597445856.5953879356 1981333.8496837616
590814724.5126973391 1911307.8448467255
596325676.6646825075 1974335.3539562225
588041970.6560865641 1863047.1514306068
587836340.8962121010 1859824.1525292397
603570409.0001336336 2002856.2788085938
591440288.4376991987 1921878.2992153168
587756035.6603213549 1856431.2915749550
587509363.7881801128 1852823.4937767982
595544430.9964032173 1967939.7548351288
594905077.5615673065 1960925.1778087616
588739824.4262886047 1879049.7030739784
588371280.2351739407 1867031.4342370033
588405042.0567442179 1868108.4479088783
586496325.9778180122 1817802.3495125771
591097894.1899021864 1916062.1859340668
590151295.5145690441 1900695.9971599579
600923233.1485300064 1998502.5312347412
594878011.8217072487 1959777.5009288788
594766429.2456640005 1958091.3084239960
598891107.4932432175 1991725.2543792725
595869108.3988531828 1972330.8144054413
598891107.4932429790 1991586.9101409912
590095439.8944599628 1898567.9926433563
597979210.7811927795 1984636.5093517303
597983199.9028236866 1985027.7251720428
586165057.8659640551 1808376.3376717567
594474984.3923618793 1953756.3467540741
594888794.3693410158 1960384.7761974335
596416526.1869045496 1976518.0288829803
590918669.3092454672 1913681.3080120087
590713467.1527123451 1907127.4772624969
596426393.1426610947 1976704.5464611053
590105306.8502165079 1898696.1293621063
591859463.9999505281 1923030.7382335663
590514321.7254918814 1906043.2466030121
596375897.9572821856 1976330.4131603241
591727486.3825358152 1922337.9024868011
591266619.8395682573 1917235.8730754852
587460249.1886433363 1852357.9122338295
594610710.3981921673 1956981.5331554413
591369042.2465078831 1918040.7199382782
589388260.5635073185 1886986.2343730927
594229977.8043909073 1952225.8642711639
594766429.2456642389 1958142.3719005585
586302104.6039032936 1812779.3887581825
587518871.1609872580 1853315.5673241615
592679831.6710226536 1936237.2047100067
590572201.1679247618 1906052.5662212372
593935844.7558532953 1948735.1377086639
587791662.1347538233 1856584.1572899818
595485231.3103955984 1965348.3899669647
590474408.6658519506 1904201.7832622528
589438259.2844667435 1887092.4993267059
590089494.6860611439 1898295.1077861786
595593126.5604815483 1968884.2556896210
587105375.6707226038 1850889.5713601112
594071833.8672875166 1950133.1765270233
589938185.7522145510 1895877.3544292450
586741166.9058235884 1828983.0184426308
590465340.3583025932 1902438.9682826996
585945213.9527391195 1802082.2627816200
591859463.9999502897 1922458.3908214569
589818334.4085646868 1892316.5834941864
597154849.5475877523 1979057.9837169647
587571843.5646262169 1853918.6901268959
595568639.8498991728 1968110.0736827850
589974455.3566250801 1896859.4923076630
595435311.1380479336 1964289.8878917694
594388195.8649822474 1953367.8562755585
598182737.8309112787 1987416.4698009491
591216124.6541892290 1916743.0869426727
593847503.2123894691 1947498.0222911835
597489024.3556178808 1983442.9802989960
586906453.3501715660 1842273.2834401131
598853585.7050081491 1990276.6369476318
596282978.6846207380 1973659.6292247772
586693177.7034765482 1828658.5505471230
586664782.4663207531 1825303.8444924355
591266619.8395683765 1917256.7583293915
592451086.3896487951 1932072.2646465302
594354736.1172552109 1953258.4344005585
586152216.5903728008 1802960.1282601357
586879258.6573919058 1839937.0902810097
588419622.5155043602 1868740.1133446693
596292893.5590356588 1974001.6018810272
595910232.9469122887 1972563.1306896210
593116702.6724250317 1939152.9534893036
598492597.9439758062 1988494.8549652100
597960033.7421693802 1984507.3618907928
602982215.1010596752 2002131.6777343750
599594447.4080605507 1994439.4628753662
593295646.2142217159 1944102.8321514130
588030671.9101542234 1860517.9981102943
594462412.1469819546 1953663.6905040741
597347685.5942090750 1981198.2913341522
592168074.7846435308 1927348.8738994598
587710261.9539136887 1854399.6635670662
595699009.2614814043 1969805.5319347382
598066547.3959709406 1986713.0305919647
592899434.4232492447 1937915.6693096161
599012092.0310779810 1994093.6723480225
594263617.0771211386 1952713.5163707733
592432452.0739256144 1931715.5706920624
592027902.8491642475 1926813.5747051239
601189905.1099154949 2001173.8967132568
594257968.3851796389 1952671.8220348358
588727343.6275335550 1871465.6868309975
589838396.9820951223 1894152.9861431122
593781719.7779083252 1945595.7303905487
586588071.6097825766 1820530.0194191933
590761641.2190574408 1909283.9786586761
596580506.5176004171 1976966.6983165741
586677140.8434985876 1826153.5559182167
586653841.5898063183 1824340.3757424355
589738478.3871067762 1892314.8216762543
590333974.2692730427 1901428.1238079071
591889956.7181080580 1923541.7066936493
592528718.5458601713 1933293.7810649872
586771786.2588325739 1832363.6854958534
594587071.6722348928 1955075.6149749756
586206047.8931806087 1809566.6502327919
593093221.4137477875 1939145.7752666473
592093445.4523316622 1927044.5494670868
591864292.5745369196 1923319.3271465302
592267827.8971533775 1930111.6788311005
586206047.8931806087 1810093.2688851357
598891107.4932433367 1991760.4091644287
596681291.3289544582 1976971.5523204803
603995228.1830739975 2004047.2202148438
600279590.6279577017 1998261.6962738037
599723037.8047231436 1997230.7924652100
586376857.5481815338 1814859.3775277138
593295646.2142214775 1943314.6619853973
594611563.7145956755 1957748.2294769287
593117129.8882690668 1941248.1219463348
594669318.3965486288 1957947.8869476318
595238555.5736488104 1963630.8815441132
586008646.0853240490 1802449.5298714638
595403097.4625440836 1964205.4245128632
596826488.0151350498 1977075.5761241913
585644605.6391688585 1786860.0402169228
586868445.8484807014 1834861.0392556190
