175556218.6217657328 1145086.2416992188
168588638.7082467675 1110189.4418945312
138875985.4447200298 278703.7224577263
139018128.3819775283 290590.0367134407
145643443.9035677910 671366.1451112032
146024596.4366459548 682846.6293454170
151722965.4937271178 849932.1971492767
174479062.9041542113 1141494.6982421875
174931383.9829561710 1143544.2089843750
145573885.3591786325 670844.1505322456
147774268.7393138409 721062.7302856091
162104160.7894954979 1040148.3433837891
139035526.9960066378 301560.8176277473
139293408.6483734846 337652.0272252429
171636158.9348969460 1129133.0781250000
138782171.0022332370 254108.4794421177
142945774.7096935213 527416.9541784382
142653495.9358298182 526485.6126329843
163582465.0877569020 1060083.8767089844
163987379.1939412057 1067269.5070800781
169724001.8618927002 1116165.6879882812
138863353.9425442219 256467.4231677037
164632608.1109209359 1072954.5358886719
166239274.4516713023 1088277.2612304688
171448828.1152364910 1129105.0175781250
138969031.9960738420 282095.2629097297
138911807.9814876914 281942.3025825813
139276104.6403408349 335705.2254674304
139202460.3964875638 323850.2911412586
152187423.1788724959 857225.7746134996
153696179.5313179195 892461.5556488037
164556102.9130933881 1072176.3308105469
169815632.1983497739 1117041.5024414062
147032333.2611328065 718498.1630992536
165229124.1095535755 1081069.0856933594
167628263.2256997526 1103421.1733398438
175692837.4971100986 1146826.6582031250
175004640.3720689118 1144675.7519531250
145801401.3198049664 676215.3910992984
145893379.5595490336 681606.2652783394
147499317.0973401666 719577.5060965531
147499426.4509519637 720262.1607930197
147487190.8717205524 719498.0199232846
146405807.9879703820 698745.0070399884
146589502.8300668001 706849.6066493634
149510863.6137148142 795010.5502982140
139231267.8151967227 324318.3778111804
145493292.7639402449 661329.6874898318
146270501.2900445759 694622.9218648318
151284573.7865876853 839220.0253459215
171404596.9817463160 1125939.7651367188
175485875.0745542049 1144982.5996093750
174584316.9856122434 1142649.2651367188
175661174.0785419345 1146557.6250000000
164503020.8702446222 1071533.4025878906
164373046.9228078425 1070666.6052246094
164697729.5375602245 1076058.4780273438
145254998.0073264539 654434.3408101443
150003896.8083805144 808421.9298748970
164980264.9773444235 1079159.2971191406
139234311.5720038116 335376.2829625476
141295254.8587685227 472591.8716421842
160971410.8597287834 1020281.8284912109
161297019.6926861107 1029325.6485595703
164511874.3438298702 1071899.4968261719
173246808.6810988784 1137102.2700195312
174246036.6180696785 1140951.5815429688
153909744.6266774237 894252.6800384521
145871634.4395055771 677333.8226286902
151572646.9904936850 846964.7433634996
152202462.8796586096 857926.9258586168
146221804.0966863334 688753.0415299777
146063569.6564969122 685975.1877339724
141889744.9833508730 505966.9966421842
142014964.9860874712 513256.3752426624
145469527.4028427601 656969.7360738162
171700929.3582648933 1130105.2041015625
145760569.1196454763 676105.0038960818
151408088.1895116270 845860.2480021715
155074066.6292963326 918237.6853332520
141667860.8062305748 495137.4136518152
146817026.8164523542 707913.6632749041
149890735.8040554523 807018.1575675011
163075098.5203559101 1053206.8618164062
169324992.0012917519 1115975.0683593750
141680754.6999150217 497319.2625113248
151137819.8990494311 838945.7857476473
138866686.8000975847 266001.9636340123
141785268.1483133137 502485.8571762561
146481160.2641594410 699265.9291440448
151347575.2385562956 842596.7956353426
166864033.7704346478 1094717.2407226562
174344491.1903663278 1141023.0375976562
142131289.2260840535 516293.3594501854
145508387.5817286968 665960.1708882693
149867740.7817766964 804991.4257723093
150126478.9145546556 808460.5916037560
149768988.7728798091 801188.5692242384
174300314.1526881158 1140987.7788085938
142391285.5312086642 526233.8259505169
146981676.7712050676 711995.3581556082
170865175.2852722406 1122117.2973632812
178135434.5062056780 1147226.3730468750
141271853.1321605444 466306.7703238248
168384075.2776019871 1109682.7915039062
170066990.6650473773 1117934.5156250000
161004845.9336263835 1024616.5706787109
161752715.5480078757 1036358.1660156250
161856019.1827040017 1038809.4838867188
166594811.4397144914 1094417.4809570312
167916083.7251816988 1104476.3779296875
160907090.1555113196 1018701.5792236328
163816949.1865000725 1061146.1586914062
177934117.0174954236 1147159.5009765625
138826170.7671232224 255831.6876313277
149632612.7442333996 798039.8301291466
161600682.5836025178 1035088.0894775391
146970556.6220916510 711105.5035333869
177068727.3366425335 1146883.7509765625
146166956.8432907462 686496.7777757880
150127932.6780525446 811825.6579753160
141953171.4316815138 508531.8205821708
163553819.3878490925 1059854.0832519531
172302613.6115379632 1130780.3906250000
167343664.1655473411 1099576.4614257812
141464556.6629561782 484147.6574087858
166126991.6671574712 1087667.1879882812
166600800.9908003807 1094538.8793945312
170112562.6223106682 1118050.6372070312
141664911.0052220225 494484.8747607587
141907312.2630015314 507666.6124201329
146904286.1405568123 710844.7509470221
149727274.6264188290 799689.1138205528
165652080.3872693181 1085219.8576660156
171810933.2781023979 1130342.5800781250
149647809.7156965137 798420.3274435997
163208997.4862931669 1056969.7661132812
165409478.3018880486 1081800.3537597656
177255891.7400442660 1146927.7758789062
166256566.1044948697 1089431.6093750000
149603871.7916186452 797189.1629042625
146188638.5930432081 688382.6691332099
150964458.3443997800 833174.9105845690
154998921.9982892871 914046.6355133057
139750104.7953881919 370776.1708526881
154386292.8238510787 907328.9824218750
161455466.1871697307 1031226.2441406250
141381114.6816855669 473678.7006137490
149948960.1329992414 808336.8479514122
166462245.0257978141 1090155.9208984375
160622870.2816621959 1015407.2227783203
169097746.6524019539 1113769.1152343750
139331723.0889221728 337930.1674084933
161234908.6750589907 1027697.6529541016
168571274.2801747322 1109796.5678710938
173928313.4235891998 1138870.6977539062
154227451.7581939399 903005.7980041504
150403781.1711618006 820400.8411536217
150353862.1978671253 817384.2782603502
150546938.5805940628 824024.5009166002
167849068.8651756048 1104064.4799804688
139647737.3114258051 363965.8509582318
168960653.9690736532 1112558.6962890625
150177434.6085509658 812096.1957490444
150243638.7915315330 813473.9694834948
141576124.4348431528 487988.3276279091
142263767.8836614192 521112.6222926655
166493314.9653058052 1090412.9843750000
170173649.5580742359 1121150.3276367188
139751364.1560449302 370947.9871063503
139637358.9819153547 363475.0666976878
139466594.7748682797 351393.7658539088
141435113.8282816708 481096.6899783730
139601049.0885594785 359963.8044017470
139495081.2759366930 351928.0033454811
139695087.8192452192 364020.6341746962
140337870.8689880371 406392.9849647926
154617066.5792772770 910627.1266021729
166497618.7216439843 1090679.3671875000
140288218.5947711468 398323.9473637575
149226609.8855237961 772318.7217121124
154033406.7414772213 899974.8281402588
153938038.4177213013 898681.2482910156
140241288.9180717468 398263.1587132448
148835461.4425650835 771533.7088410273
169871724.6374781132 1117792.4008789062
140183512.2004696131 395002.1735695833
148414469.4670201540 759915.2514903359
140313752.0201643109 405679.9809712404
140061490.2690755725 393511.3919743532
172792085.2672609389 1133634.9858398438
148298055.4038020670 755533.6436641030
168096595.7662499547 1106469.0014648438
154244217.9485853910 903695.6367034912
163476372.7596088052 1057599.3588867188
152468656.2870577276 866046.1606903076
170193591.8673722148 1121169.7045898438
174104550.7280371487 1140324.5615234375
145175342.3413675427 643637.6020931844
162730261.0210720897 1049381.9404296875
150638676.2651990950 824444.0005397797
164322105.8216862082 1068610.0986328125
168034871.0855467021 1105579.0117187500
155859300.5756525099 922723.2827911377
167605635.3131445050 1100317.8222656250
162693328.1522215903 1049057.7915039062
141259509.6470522285 462786.0365336656
141112632.7246960402 457719.0310405015
148686098.7773879170 764251.2234980874
141165802.2699301541 458163.7385601709
140150786.8656779826 394485.4684742922
166907793.9586960673 1095737.4519042969
140015436.0194720626 386370.7118125332
173059393.6886192560 1135802.5913085938
141082818.9247804582 455642.8293804834
147969110.2991471589 738152.5998408394
162221185.5123645961 1041464.2666015625
165489518.3969540298 1081923.3317871094
173046725.1564480662 1135193.7846679688
147910601.0026989281 736748.1745478706
173607525.0001531541 1138230.9970703125
139933903.0377200246 382085.0814274782
152342758.0353883505 863987.2966117859
155891057.0785672069 923036.6059722900
154832235.7144303918 912720.7462768555
139842995.6943658292 371177.5904606814
145031778.6024506092 635502.9871110562
155056496.5281314552 915917.2661285400
155361955.1005150974 922371.0620727539
166821455.3776925206 1094625.8984375000
153091276.0061555207 879136.2770385742
169528971.1236329973 1116052.4648437500
153370562.6874951720 887099.5537490845
162967487.1661959887 1051727.2951660156
153611367.3345795870 891262.6022644043
166581305.8235588372 1091093.4255371094
170600052.4808245301 1121698.8281250000
153499886.1743103266 889017.9946289062
172558348.1664753556 1133107.6879882812
172256310.9654564857 1130769.0961914062
147935750.7571146190 737667.2031123238
163917728.6858311296 1061946.4177246094
152889580.0854389369 876255.3002319336
153438656.7210789025 888045.5546875000
173184023.2979140878 1136049.5590820312
171002593.9106652737 1125728.1586914062
144972081.8052857816 628150.0887375101
144748876.8178884685 620053.8239341006
140977779.5446196795 444796.2694694698
148182550.1560681164 747486.7010371499
144776692.5151735246 622599.5867514834
144876122.7108857930 625204.1291427836
144728631.0619515777 617934.3050089106
152322614.9269348979 859892.8436536789
140878599.9307435155 434211.2248832881
144020827.6746229231 587316.4842329249
140726208.0512286425 422452.3093559444
140834466.0620501935 433066.9673549682
144084017.7875477970 588474.3814192042
152759092.0378077030 871386.2974433899
148217969.9581928849 748613.1050709002
140799069.0026992559 432679.6929008663
144248418.8962107897 599643.0247297511
144016574.7413310707 585803.0572023615
148108042.1990667582 746806.1206347756
144720258.2436581850 616784.8803224787
144495262.1636291444 609712.0902834162
140909096.3661685288 441327.4270317256
144207456.2820626795 597484.2104006037
144481630.4763015807 607102.7632570490
140791646.6749189794 427138.2220313251
143966506.7420840561 575161.0220491886
143962541.3692635596 568854.1454384923
149025129.7655290961 771730.4596834183
143871017.9716068506 567015.9771645665
160480397.5617541075 1000506.2114257812
160524227.0759854913 1001306.7910156250
143738712.8916813135 562184.7829682827
160210877.3074905574 995999.0822753906
143253395.6723824441 540767.6595294029
143700267.2746546566 558132.9734942466
143430584.5190333724 549485.2393633872
143677844.0225711763 557246.1714918613
143428592.4193821847 542926.7505934238
143441605.5996228755 549566.9732496738
143114463.3902082443 528806.5188009739
143168409.4578467906 531338.2624533176
143239475.9243920445 538454.4646017551
157656878.4993335605 928271.7639770508
157869578.0153285861 930484.7788696289
158221686.0715886354 932470.6552124023
158943351.4083119333 939703.7128295898
159316232.5581496060 947058.2553100586
158666592.4555678070 937793.0388793945
158656530.3060390651 934872.7091064453
160054360.3294275105 955152.9563598633
159904194.1366678774 952996.0045776367
159745479.5436327159 949299.5023803711
159880321.6205552518 952843.6884155273
159245439.6118255556 941194.9027709961
