420710912.6028757095 5095010.9824218750
420618995.8690513372 5093162.8789062500
420532093.6484354138 5079901.0917968750
450132398.5529348254 5534522.0107421875
426773232.4841388464 5324950.5615234375
425235289.2373800278 5281268.6884765625
420207138.6657273173 5066852.4023437500
419036971.5914984345 4997047.7255859375
421313888.2590138316 5116109.2666015625
424694389.9780250192 5266131.2109375000
430338268.4832715392 5400270.5556640625
421395679.8848906159 5125402.7060546875
420253092.1353126168 5074568.7822265625
429329881.7314502597 5383627.4873046875
421853285.0445792079 5137699.3691406250
424694389.9780249596 5265994.4804687500
427522743.0277259946 5342920.3115234375
419267242.9904231429 5015134.3994140625
424801689.2911259532 5268453.2695312500
424752582.1218763590 5266645.3154296875
424128914.9369876981 5243283.1572265625
419852541.4925011992 5042269.4853515625
428469072.0374010801 5363538.7548828125
420154857.2919121981 5066117.0117187500
421520946.1166725755 5126251.9492187500
423075152.0401187539 5195074.2636718750
429511141.8353981376 5387467.1455078125
418338384.2917339206 4935305.0673828125
432569783.0718267560 5442017.7255859375
418860804.4212371111 4977151.0361328125
421594290.7168799043 5129372.5185546875
425797727.1158062816 5292285.3173828125
421141273.1252873540 5107000.0771484375
442722674.7610750198 5526237.7744140625
418783562.5757415295 4967048.4570312500
418825857.7455188036 4969997.5673828125
421999411.1236657500 5150885.2558593750
430551536.6141193509 5410603.8662109375
421453593.1846445799 5125983.2958984375
424001014.5446931720 5239408.6591796875
418407481.2425683141 4944069.2558593750
418590303.7019962072 4951476.2031250000
429905417.2556996346 5396696.9130859375
418028763.3058561683 4883985.7939453125
425620224.7839091420 5288761.4638671875
427583581.2578395605 5343308.3857421875
422458035.0446505547 5170631.5234375000
418732632.7258687615 4964594.8906250000
432409157.2381021976 5437027.0068359375
422162737.5397589207 5159847.7021484375
427790564.1265903711 5348035.7958984375
419469274.8579568267 5020066.3505859375
421556168.1805754304 5127141.3525390625
419582706.0570995808 5025929.9169921875
419875770.6009149551 5042503.6416015625
419623065.9606849551 5033508.5302734375
419720546.0650022030 5035115.1806640625
417757555.2352504730 4849530.6464843750
421853285.0445792079 5137612.1230468750
422676336.3697651029 5182002.5683593750
419363426.5420764089 5015675.4355468750
419342726.5218878388 5015250.4042968750
419001304.5139036179 4986639.6298828125
422751900.0512271523 5183435.6621093750
422538570.1429031491 5177337.7304687500
423190072.5922212601 5207450.4892578125
422069641.1607264876 5154315.8994140625
422150187.2569489479 5155294.6806640625
418182958.1260266304 4896435.1210937500
418600588.8749164939 4959123.1728515625
420011185.7979189157 5049603.5849609375
422489808.5937598348 5171094.9140625000
420549188.9825456738 5087744.5410156250
419471345.1863079071 5021698.2148437500
418959834.3652375340 4978915.8310546875
429905417.2556995153 5396565.2900390625
421664009.2646706104 5131424.0087890625
419848226.5666950345 5035271.4101562500
421916833.0900101662 5144925.7021484375
428646516.4100346565 5366645.5986328125
417735621.6964682341 4846054.1259765625
425876346.2527704239 5295672.8251953125
420045107.8530257940 5052303.6298828125
425651248.1640727520 5289834.8369140625
427578002.6841863990 5342925.9091796875
434503709.4463518262 5470596.9267578125
419541771.9317894578 5022820.2519531250
421794585.3996110559 5135919.2119140625
429905417.2556995153 5396573.7138671875
426003974.9337608814 5297685.9716796875
429663165.9295010567 5390911.6728515625
422863516.4268177152 5189127.1425781250
418659400.6528306007 4960150.7568359375
434602380.2851905227 5472493.6904296875
425923082.1190314889 5296221.1474609375
420897601.9286112189 5099869.5537109375
429106153.0562472343 5378450.0029296875
428889780.7118202448 5374623.3291015625
422836055.4014861584 5187165.4511718750
422792444.6858439445 5187148.0488281250
429854889.9958413839 5395616.3115234375
419034252.4889639020 4987147.8896484375
418623037.3904314041 4959183.6523437500
422991738.3140386939 5194071.9208984375
422963787.3272885680 5193939.1992187500
434100493.3243564367 5466551.9951171875
431277651.2980921865 5420245.2802734375
422753639.1843881011 5185562.8359375000
421199964.0888099074 5111956.4296875000
420957164.4701822400 5103918.3691406250
447551077.9312670231 5532659.4169921875
423758063.9983924627 5226570.1523437500
430960834.2701430321 5416071.3251953125
423092789.7470149398 5195086.9042968750
423164297.9796090126 5201529.4199218750
429758907.8452129960 5392531.0693359375
425166896.1571800113 5274388.7353515625
428820386.1264779568 5373413.8056640625
428638523.4045205712 5365780.5888671875
442583166.5771138668 5525671.1513671875
431418661.5586816072 5420727.4697265625
446055502.7285003662 5532068.1259765625
421050940.3647121787 5105524.8623046875
428938534.6121556163 5374666.2392578125
431503057.8779516816 5426341.8798828125
417822081.3825515509 4856494.8486328125
445818581.1071964502 5531563.5732421875
430801400.3681773543 5415904.6748046875
429077430.0255520940 5376751.5712890625
429513290.8079199791 5388766.8486328125
421556197.3028035760 5127187.0527343750
431717192.0310271978 5430202.5263671875
431663440.4189633131 5427345.1826171875
421147266.0956683159 5109940.9160156250
420539926.2882574201 5080813.1748046875
430341162.5593693852 5401176.5185546875
425197238.8857137561 5277395.6162109375
447968606.9049851298 5533266.9072265625
423496688.0486444235 5213612.2773437500
421128888.1213742495 5106195.3144531250
421587091.9822993875 5127616.0341796875
437985932.5105209947 5508098.4619140625
432121603.3325768113 5436588.9541015625
431094107.1066819429 5418362.5400390625
423684687.7310425043 5224390.9882812500
421862991.5045329332 5139725.4257812500
422449397.2386482358 5167391.2041015625
423463708.7811591029 5212050.0351562500
438274491.6035254598 5508403.7978515625
438202609.8482366204 5508357.3076171875
419903074.7121533155 5047750.7050781250
437724029.9261258245 5503945.9853515625
438335238.1442253590 5510273.9501953125
420539926.2882575393 5080891.4462890625
425020220.6385390759 5271437.6259765625
423754600.8207314610 5226008.6347656250
430447385.0806217194 5409851.5556640625
430447385.0806217194 5409931.1884765625
447685856.8387734890 5533104.8740234375
424247025.1370007992 5246669.4287109375
430428910.1635298729 5406296.5126953125
422350209.8309930563 5163978.8916015625
423369127.0369162560 5208475.8359375000
444103234.4509847164 5529659.1513671875
423837939.8877692819 5233481.3378906250
447694962.3899368644 5533238.4833984375
421774445.4440054893 5135262.1777343750
418191343.7641266584 4898502.9248046875
437920149.9374155402 5507520.8798828125
425459568.3631681800 5285275.3369140625
423919101.8515532017 5234126.8447265625
424529867.1105763912 5260003.0947265625
424163994.5383605957 5246326.2939453125
447587275.9911183715 5533038.3115234375
418294890.5900937915 4909859.0546875000
430376907.6937414408 5402311.2373046875
426946309.4671516418 5329274.5068359375
423780376.3125975728 5230552.4462890625
430738052.3637405038 5410606.5107421875
417857275.3535562754 4868407.3662109375
431991563.1058888435 5432474.7041015625
444576330.3584492803 5530661.3095703125
437703733.0669790506 5502696.6416015625
424527942.9425171018 5257236.2783203125
418124384.4001855850 4896365.5742187500
437637963.8591937423 5502596.4990234375
437615809.6261664033 5502403.9287109375
418065592.7336914539 4893466.7382812500
444334278.1930564046 5529966.7685546875
418538696.4833744168 4947329.2197265625
417915093.2483934164 4882522.4892578125
436622872.7060265541 5494945.1240234375
436525700.5011295080 5493437.2138671875
435096725.7538303137 5474433.4189453125
427427950.8042649627 5339051.5283203125
424616123.5755150914 5260064.7177734375
424424219.8666930199 5251836.9970703125
418286546.2605176568 4907701.2958984375
449007232.8998397589 5533383.3896484375
449671106.6914123893 5534169.7666015625
447361615.5094388127 5532102.9775390625
437046558.5560180545 5499563.4111328125
427165641.1355662942 5335531.4003906250
426033967.4917684793 5305189.9101562500
426881490.8392739296 5328278.3535156250
426110959.4615818858 5306174.5039062500
449138302.1118347645 5533540.4248046875
449553852.8536242843 5534123.0263671875
427165641.1355662942 5335619.7519531250
427045921.4174653292 5332651.4960937500
426817566.8550031185 5326986.0039062500
426029987.8438116908 5299556.7949218750
433355785.4688378572 5454518.1005859375
449582035.2874007821 5534143.7080078125
426240386.6786292195 5308226.4550781250
428426778.7297733426 5362064.8652343750
431470084.8479081988 5423899.8017578125
426696549.8544858098 5320456.7050781250
426180375.3434528708 5307655.8144531250
436693631.4468631148 5495052.9150390625
436867721.1147370338 5497034.3857421875
436942103.4883451462 5497153.4931640625
426768193.5115839243 5324628.1845703125
426632196.4730953574 5319252.7519531250
436583086.9303775430 5493853.0126953125
427799200.4747496843 5350027.5429687500
427999562.2072395086 5355870.2324218750
428042705.1501573920 5356426.3164062500
436073284.6226301789 5488525.0869140625
448441832.1685074568 5533378.3974609375
428008848.5679460764 5355880.4687500000
427651570.1165599823 5345553.8476562500
428695119.4780604243 5369698.5039062500
449499009.8971721530 5533833.1845703125
439772361.7098745704 5515867.3798828125
429126150.6517437100 5382869.2216796875
428033418.7894507051 5356342.8984375000
429459899.1632674932 5386604.4951171875
436133395.2734479308 5491540.1884765625
436233677.2477823496 5493197.9638671875
428695119.4780604243 5369833.5722656250
439542060.6455375552 5515116.8583984375
427892877.3936775923 5353668.1230468750
442535538.4947621822 5525011.0341796875
438732807.6528773308 5512560.9697265625
438896934.6741691232 5513375.3935546875
439555887.9508308172 5515126.4208984375
429027556.4230493307 5376078.4150390625
444968788.7762959003 5531528.6845703125
433658909.6327527761 5459292.7255859375
433376824.0128642321 5455993.6357421875
433446299.1188571453 5458279.8330078125
433928386.8235945702 5463841.7529296875
439220707.6888424158 5514151.1259765625
439133551.9013206959 5514011.9521484375
438354638.8981521726 5510904.3330078125
442495496.8056080341 5524008.1181640625
443646211.0469213724 5528071.4443359375
443689667.4000756741 5528087.7333984375
443414678.6631764174 5527812.5146484375
443786116.2557493448 5528195.6845703125
435167942.2347946167 5477126.9208984375
443067504.9260886312 5527639.3857421875
442963886.3345335722 5527448.0380859375
435293723.1182562113 5480395.0654296875
434454530.7603660822 5470055.0205078125
435967717.0895623565 5487990.0615234375
434453491.0126367807 5469954.4990234375
435448600.6939910054 5482177.9775390625
434278945.7793716192 5468071.7236328125
434453491.0126367807 5470040.9462890625
434091910.5814651847 5464750.2666015625
435967717.0895623565 5488038.9541015625
435453502.5790386200 5482193.1044921875
443350341.0720772147 5527804.9052734375
432516328.0123814940 5441737.4091796875
432700796.9591828585 5443063.2841796875
433021711.6927597523 5449809.2412109375
434853203.7303048968 5472977.8232421875
432458322.3255108595 5441044.7548828125
435510611.0238553882 5482995.1494140625
433364799.1536053419 5454577.9228515625
433143936.1956909895 5450955.0439453125
440658958.4821332097 5518725.9814453125
440658958.4821330905 5518550.9072265625
440957898.8170052767 5519345.2412109375
440865486.1428558230 5518838.5361328125
440905371.2126259208 5518842.1552734375
441152668.8628726602 5519441.2998046875
432946592.8679165840 5447504.9658203125
432946592.8679165840 5447364.1201171875
441826825.6356399059 5523470.9052734375
432910854.3110499382 5447340.3212890625
441588972.8186140656 5522182.3095703125
441556343.2776364684 5522040.9931640625
441847810.2154608965 5523806.0009765625
441847810.2154608965 5523680.3994140625
440353298.7985011935 5517733.5224609375
440202055.0885439515 5517530.5146484375
