444303946.9687535763 1763899.1455078125
444231754.1489689946 1763823.3999023438
446705418.0865021944 1764850.3315429688
427974206.0457255840 1704021.1083984375
401666238.3475662470 748965.6150856316
401884320.1687886119 762770.7292366326
408304303.0496998429 1149045.1560405465
409740665.5511367917 1208963.3546922207
409689741.4673337340 1208747.8401658535
409968093.5658998489 1216912.1154344082
424992706.9711647630 1669377.5391845703
429386813.0939396620 1721339.6572265625
434800131.8162092566 1752008.4931640625
409872201.6248113513 1212568.3315755930
424720712.8921540976 1656639.0917968750
425521401.3835311532 1679577.2061767578
426652733.2492634058 1692856.7402343750
429809402.4753127694 1723287.6689453125
430592254.4195422530 1729067.7495117188
401661126.9943542480 748515.9720344841
409874380.7868543267 1214896.9513569176
409889682.5800411105 1216720.9054734707
425184754.9740374088 1673364.0489501953
429187547.4163560271 1719187.0908203125
434211099.4711773396 1749553.9760742188
401166234.1939067245 633079.2816047156
408308468.4636591077 1149892.5990947457
429603592.4223729372 1721996.6411132812
401618727.9109702110 748053.2357673943
401568003.7355771065 734241.4453691803
408184750.8660935163 1148864.4636577340
414288780.1716417670 1365603.4544122219
401564665.9911109805 732941.6734537445
408044191.6527048349 1140634.6705974312
409788487.4534547329 1210355.8930528164
409807111.9896618128 1210421.4418704510
435891440.1182310581 1754176.8793945312
435607588.9370251894 1753915.1826171875
407839561.7959312797 1127175.1001628609
424890998.8805606961 1665449.7784423828
426561136.6837483644 1692196.7006835938
429278726.4499228597 1720443.2133789062
430735483.4002433419 1732332.1845703125
434694926.2548786402 1750885.1513671875
434489724.4308106303 1750884.9042968750
435456358.8155981302 1753752.7592773438
435409324.1480371952 1752907.8862304688
401569682.1198526025 734308.2099527679
408183640.7881836295 1143237.2683767397
414306627.8109859824 1366972.2630059719
401145198.5419678688 626210.7779570306
401096393.6257801056 610996.9334163154
425194074.3548566103 1673373.2989501953
402730987.5197722316 827162.9312055744
409536141.0683568120 1204322.0201890469
430494379.3251758814 1726421.4144287109
409371616.2134627104 1199346.0907456875
424855953.1652992964 1665121.2528076172
408173793.3373207450 1143156.1588176461
407942792.8663582802 1135395.7068523141
424964852.1955691576 1669095.6483154297
402759789.1239137650 833904.7589890696
409119599.5313897133 1190788.0607144833
409282708.5739705563 1197897.1708848476
409252303.6457817554 1196961.3375718594
401734982.6094167233 755695.3734049164
409116081.3335031271 1188023.3371215602
409239669.5383656025 1194003.9308369029
415116987.2432104945 1391092.5531754494
445792941.1718193293 1764538.5297851562
430558527.0899229050 1728456.8273925781
401187264.3251382113 638860.0116522638
409231925.2671917081 1193103.0605043909
425109577.7808590531 1670674.5823974609
430530683.5471866131 1727547.9565429688
401537577.4818957448 727250.2420801483
426137802.0593498349 1685803.7878417969
435921255.6641000509 1754453.3085937500
436337946.8866285086 1754984.2109375000
436469306.0669989586 1755415.2587890625
435935564.3122381568 1754593.0869140625
445550547.0595824718 1763988.2368164062
401442554.0559071302 707420.9217490517
407785025.8903102279 1122392.0816081734
407868723.4968133569 1129595.8626750680
425340084.5348788500 1674919.4415283203
401506636.0347868204 713625.1672324501
401484068.5878106952 707963.7690390907
425286928.0557800531 1674194.0435791016
401593250.1406915784 740838.7411646210
435068277.1640637517 1752522.3369140625
435121935.5676873326 1752749.5991210938
427724747.5859827399 1703645.9594726562
417136004.5256941915 1457772.5341888368
429412975.6505562067 1721348.0439453125
401491222.3093573451 711828.4585685097
401500517.2852667570 712580.0629844032
443851078.8632490039 1763227.2944335938
401959802.4480233192 766937.2701883875
401852769.3489263654 761578.9660311304
401791391.8705775738 759181.4793619476
417289899.9230646491 1461559.8473907411
417461127.9700407982 1465304.8160186708
427738354.7081289291 1703962.2373046875
408633239.6331483126 1167576.1739040879
426253542.7769071460 1686869.2861328125
444008378.7756070495 1763300.7500000000
408597319.1976344585 1162553.0044323471
408362233.9332394004 1154533.0062634018
415003097.3120159507 1390912.1547803879
408499564.7330092192 1160557.1097790268
414677303.0462375879 1383690.5763463974
402704164.0777468085 825507.5707567371
408675439.1096829176 1168314.6605602768
428036935.4134851098 1708122.1723632812
435305474.1301551461 1752888.4580078125
426793076.6114522815 1694838.2988281250
408436176.6186992526 1159740.8417102364
430836289.1123073101 1733045.6542968750
426971556.3046422601 1694954.3520507812
430555326.9789925814 1728269.0336914062
443731151.1434309483 1762662.5170898438
401390326.6830248833 654871.6771064093
406221864.8908603191 1024671.6696753278
416924180.8143476844 1449663.9033710957
429811699.3496890664 1723542.8349609375
429513121.9544133544 1721885.7631835938
431607900.3694245219 1736858.8437500000
445970317.2667338848 1764565.9057617188
431174065.6055242419 1735120.5087890625
445657965.7134320140 1764274.8637695312
406227212.8711103201 1025497.5107397810
414555802.3690150380 1378946.7208240479
414355598.7261199355 1371776.3699395657
414193113.9760459065 1365420.6867120266
414308863.2939597964 1371770.1419122219
426594109.7660004497 1692444.5373535156
401518610.6956311464 718925.4064157568
402872525.0824791193 839795.2289074101
402785275.2638062835 834063.6788805164
445650840.4845967293 1764066.3349609375
402993355.8546261191 847355.6495299973
445724272.0517644882 1764275.5258789062
416997453.6199693084 1450699.3860870302
401325066.4769213796 642841.6946083633
414419241.2395808101 1373797.9956083298
401326109.8813154697 644175.4494579164
402862337.9267523289 839598.0987487473
401329477.7645839453 649348.6402107803
408550085.0577378869 1162315.0517068175
414662933.9353463054 1380247.6552636623
401435476.4431848526 654922.4327675430
426681192.1456681490 1692868.5249023438
431248486.7317063808 1735578.4897460938
401370721.9801328182 649468.6850258438
416885546.4058103561 1445326.4983383119
426751684.3391501307 1693647.0576171875
401269614.0293575525 641618.9114052383
408419053.7472902536 1156259.5305934218
408356044.3106492758 1154410.1370339659
426517105.0710896850 1691713.1606445312
427628610.7634605765 1703477.8623046875
402676834.3122256398 824082.9971862473
429014313.1032071710 1715809.6906738281
426471789.3057419062 1690153.9919433594
431893002.0644346476 1738049.0107421875
432456159.5579047203 1740065.6044921875
432204895.9346589446 1739453.1953125000
401294033.0506817102 642291.4355638353
403301019.8540672660 858480.9454651438
428996298.0722630024 1715170.1387939453
431536301.5017751455 1736708.9541015625
403317979.6275997758 859477.6921276711
430688977.2429186702 1730834.7832031250
430667357.3886717558 1730163.1289062500
417499477.5926614404 1465717.9560444355
403265712.4328655601 858446.3394055404
427599815.5763855577 1702000.1049804688
429650699.7799474597 1722262.8173828125
413693373.5267476439 1340692.2845344543
403859154.2974185944 859492.9222302474
427434750.4981328249 1701090.5942382812
429702895.5927640796 1722666.5146484375
402651868.7234656811 817566.6361481585
430683623.3811765909 1730833.5883789062
413864869.6540735960 1350725.5619544983
413765042.5728999376 1349553.5662269592
413730552.7219200134 1348236.2108497620
407500492.1991766691 1099149.1623338908
417026951.1857911944 1453620.4819198549
413825533.3286479712 1350142.0809059143
413916998.2376481295 1355448.0529212952
432282943.7273929119 1739508.2954101562
407571662.9648727179 1106954.1678624300
402295482.9565011263 790894.7643259205
402284874.4611013532 790691.7697194256
407542116.5243710876 1105261.4054445773
427275538.7712563872 1698793.8383789062
402654699.3407008648 818472.9819451012
402538380.2242975235 810667.9401032366
402484724.2081472874 804230.5922479071
407393963.6825006008 1098132.3703035861
402446728.8233631253 802766.1755726971
442977973.3794995546 1760561.2456054688
443344183.3805603385 1762258.3730468750
413694753.1950203776 1342264.7740774993
406495689.2682703733 1045718.0928492323
443280225.4112577438 1762009.4755859375
407026659.3463579416 1076487.4819885269
406986844.0581160188 1075099.5232654586
402341474.3649997115 793614.0430376269
402333012.1724372506 793465.7899248339
402259227.0802268982 785487.3633059002
443239037.9855967760 1761621.3134765625
406848842.0094707608 1067717.8281970993
406761113.1631200314 1061586.0302786604
406820808.5207067132 1062350.2546537295
443268181.6610766649 1761632.8413085938
406738975.1287916303 1058616.4123587385
406711846.6111754775 1057492.7441039830
406617723.6285243630 1052615.5900167897
417973639.2323045135 1470404.0885240659
402163805.2961162925 767898.6831154525
433006781.7041383386 1741678.0083007812
433857532.8295177817 1743289.3203125000
432723265.7760109901 1740843.1489257812
405886443.2396555543 1003475.1396612187
433052793.1395359039 1742149.1650390625
405826078.9351505041 999681.5193227788
405924830.2533991337 1007586.2376836797
433462648.5267209411 1743128.3798828125
433267092.4267386794 1742589.2211914062
433042108.4665005207 1741902.9072265625
416308375.1530408263 1424210.1035867631
406047636.3934589028 1012605.7147459050
416673881.7636731267 1437132.4851699769
418579058.5882084370 1473566.5204025209
405806680.7272376418 989893.9189247002
405783034.6401631236 989763.3753150811
405723700.0443034768 989186.2337287774
416640967.6479058862 1434781.9282241762
416596232.0491070151 1433427.2210098207
405604176.2376719117 973562.7955086767
416075579.1783677340 1416221.1197469980
416155613.7503925562 1416626.8042920381
416033050.7468394637 1413219.7043035775
405720715.9776091576 978877.8971744119
413622225.6642374992 1323597.9601311889
413530250.5747188926 1319943.7891717162
416186269.0369398594 1419246.8791995943
415649587.1037696600 1400854.0445878506
415768798.1105194092 1404531.4218404293
405317025.9775882363 941776.5547592388
405557326.2709065080 959998.9301384808
405361207.8541434407 945400.1287452923
405463754.9611921906 953237.8917209851
405379323.8177631497 947795.6281234967
405405346.3226800561 947926.6419594036
405261901.4646500945 935789.7511703717
405408384.9104740024 948482.8053085553
405511462.6485882998 955506.7952148663
421591397.7045968771 1534767.0729418695
421193744.7329556942 1534288.3659682868
420967400.1590103507 1531914.0734878180
440993161.8816055059 1755900.4609375000
405103753.7487381697 916071.0291907045
404952015.9007266760 904830.0501755031
442472662.9857735634 1757471.8588867188
404873414.7098355293 897658.7835718840
442477337.2552261353 1757561.1132812500
442441290.9448774457 1757464.0371093750
404735120.8706086278 883699.6402252468
404688967.6081206799 883455.3428619655
419761848.4964157939 1496987.2044628260
404653952.2890665531 876756.3363038751
419913373.9443535209 1499963.6852367518
404502033.1284414530 869286.1412817689
404585397.9690680504 875702.5439001771
404517009.8457936645 869940.8877722474
404547565.6255552173 872247.5132605287
404678532.6344634891 877786.4922644349
419674385.9405614138 1493973.9909160731
442128012.5347180367 1756845.7739257812
442094209.6506809592 1756621.7934570312
420091039.9375372529 1504458.2466381190
420014949.5355935097 1502685.7258861659
441698722.8417811394 1756231.7153320312
420149936.0592208505 1507420.1058300135
419949378.7981234789 1502129.7269847987
441862078.9575883746 1756552.0483398438
441823925.5664407611 1756377.2460937500
441155437.7961519957 1755962.9091796875
419619511.8993589282 1492711.3656957743
419244358.3010302782 1479033.7567544577
419076732.5050762296 1476784.1151528952
419005584.3077765703 1474782.8506265280
413470604.3556923866 1303593.8041525725
413467127.5057605505 1303036.4016867522
413416230.7013167143 1302742.2710410003
413514816.0406444669 1306591.9190817717
