1014390797.9321749210 8955.7353096008
1014504827.5525028706 8964.7249698639
1014567877.1897575855 8968.4945173264
1014724537.0562388897 8974.2224454880
933762171.6069225073 4900.1969346836
902789240.1196588278 1861.3653925764
917050140.0389789343 3556.0715612104
916835606.2669526339 3539.0749720266
934039063.4741003513 4912.6960150436
933722024.1936887503 4899.4418480419
974806060.6586613655 7369.9705225840
1015057197.4852721691 8979.6915578842
902428482.2237049341 1816.2732371364
902575761.3580712080 1839.1136874067
934013723.8314437866 4907.7172782092
1030705113.7048003674 9209.0529270172
1029978210.4184868336 9201.1317062378
901357268.2983356714 1568.3674507311
901389128.7646844387 1573.1896836418
902412934.9617797136 1815.7786024915
916931609.0785878897 3549.6631311109
933485719.0713555813 4870.0657971606
933537826.4344402552 4884.3821932940
933479549.1018118858 4869.9809331565
941268945.1369677782 5413.9185778644
974576426.7411402464 7360.0848252799
974317680.3758548498 7348.3136025693
974945456.4408353567 7381.1533668067
975027428.0790357590 7382.4361604336
974765452.7683970928 7364.3307701960
974854628.1341559887 7379.3529726878
974695017.8776385784 7362.7220633641
1015230690.3533539772 8979.7424745560
1015477893.5005130768 8984.5446119308
1030348040.1620807648 9207.3219108582
1030465696.9727437496 9208.2031612396
901431878.7055134773 1577.0090992274
902361003.3884021044 1793.3796818666
916743166.2458803654 3535.0904763868
916705373.3979817629 3532.7364762953
916614295.3861870766 3519.5337642325
901345308.1281231642 1568.3449533782
972092396.5216977596 7236.7566911429
1014909789.4707498550 8977.8574075699
901735758.7042582035 1623.4315096713
901584194.9730008841 1618.3633408151
901478060.9776451588 1598.9886211953
941258179.3587887287 5406.4336640384
941047849.5626558065 5398.5225693729
916494205.9223592281 3507.8711531056
941131156.5698237419 5404.3070637729
972264277.2526714802 7255.6980203837
941328674.1882903576 5415.1557700184
940923398.7364057302 5393.9819399860
972818442.9258935452 7282.8287834376
907306160.6237727404 2458.1327890882
916515634.2448346615 3514.1729137791
972563843.2978658676 7269.1596261710
902349755.2492406368 1774.3124437597
941239254.3100942373 5404.8652606794
941399030.7198110819 5415.4331725385
1003039166.0992935896 8592.0376868248
1003225440.2008787394 8604.8924570084
1014828980.3871600628 8975.1398782730
907192252.6035431623 2438.2236222753
933878295.9013514519 4902.1084201007
934001538.5445069075 4902.6133395411
972077022.8989682198 7234.4791531861
1014572644.0092952251 8970.9678564072
1014648476.4772181511 8971.4226388931
1027510199.1843516827 9174.2724466324
973000027.6171588898 7289.0856746577
973106312.6520881653 7290.6502678301
1003421571.2568823099 8616.1229305267
1027952622.7990393639 9180.6017913818
916142563.1274284124 3467.5028578602
916289593.1644223928 3487.1435458027
916102054.4854055643 3461.2038428150
1003069607.1756819487 8596.5182411671
916202590.1326282024 3476.9225440900
1009934725.5203933716 8815.1199893951
1009594797.5220210552 8802.3094630241
1003129550.3654270172 8600.7094941139
1002911970.6199653149 8583.1523576975
1003360660.1746673584 8611.3159708977
975035039.7319136858 7387.3461325302
972555737.9328849316 7268.6259596175
1003391017.6684341431 8612.1959624290
1028519861.8369798660 9186.3841466904
974092043.1997199059 7337.1782181278
932970771.3460704088 4827.4250037341
1029217093.8890392780 9194.5241680145
973670274.7732663155 7316.4298546329
906429778.3955420256 2332.5121377756
906504941.8139269352 2342.5836629456
973502248.2437474728 7306.0671197731
913979390.6577413082 3211.6417524330
913885496.3412272930 3200.4516158990
973594457.0407531261 7308.3167855103
906360658.2919828892 2320.3489084323
906299082.2849577665 2313.7091669788
913962359.5490720272 3209.8866251401
973826784.9636619091 7322.1721231300
973665277.1742737293 7309.9379798729
973424014.7632339001 7298.9055873711
973748141.5831100941 7317.9182674248
914003916.0925133228 3211.9895473412
1013892679.2064816952 8927.3744316101
906645761.0895313025 2356.8533777449
906334426.0762560368 2319.7349094640
906214630.9729175568 2296.1454684834
927862480.4022060633 4402.7242342051
906052725.9521220922 2271.3594142478
1013751947.2618784904 8923.8387413025
938673085.9739210606 5217.7040606671
938326334.6613051891 5186.8984569961
938405719.0310209990 5197.7376567060
938315802.0973788500 5181.8243175224
938016500.7843531370 5162.5266935981
938026886.6955920458 5165.0515329994
938095751.1036641598 5165.6816537811
938113674.4103975296 5167.2070826448
938019102.3789234161 5163.1515311159
1013635892.0515768528 8919.4016046524
914681469.8083574772 3287.7543189751
1013129610.2348079681 8902.6146240234
914567195.6114902496 3276.1513412225
914223158.0297389030 3237.1710062913
914433911.9992306232 3265.7902057397
914678309.6437067986 3282.1691049181
905777192.4714479446 2213.4241437663
905661233.0602252483 2195.1893362382
914007249.2557938099 3219.6437445573
914351616.8142814636 3250.6059101664
914256269.3155798912 3247.9510224902
905746328.8578909636 2196.5376146741
905640013.7675899267 2190.7092494897
927425400.5132426023 4370.1419636657
934866638.3958449364 4939.1327672353
934887194.7708195448 4944.4134869924
935183903.3834702969 4961.3184868812
934774217.2219153643 4928.7312727391
934985087.7409149408 4947.0931860082
935016476.5665644407 4947.8188957946
934759550.8382507563 4926.8557927780
934650672.3220949173 4925.9098365478
927451429.1140275002 4372.5908562591
913858968.4740853310 3199.5144263200
913787872.4109835625 3187.0821834496
905604839.3358173370 2181.6302346934
905628983.9067851305 2185.7965726603
905243492.5550132990 2124.2205615181
905317332.2511761189 2144.0390796594
1005785757.6545011997 8679.2352995872
1006677448.5973272324 8703.1680788994
1012559246.1349818707 8887.9945983887
1006781927.1717410088 8709.8843798637
932315054.4270823002 4756.4744269692
904876392.7711108923 2037.6376682034
905047145.6325521469 2059.4153147364
904922266.3963171244 2040.7600136423
931864369.9866478443 4698.7527154418
931705682.5597980022 4686.9524430068
956688757.0939959288 6279.1225476186
1007059618.9067022800 8715.0364403725
1007167849.0214011669 8716.0399065018
931692654.5901879072 4686.9360111574
931431400.4062377214 4660.5406435238
931483869.5300532579 4672.8580827335
931375282.2692906857 4657.6855744937
931194240.7246112823 4649.5229978183
931280768.4087229967 4649.5925120929
956115645.8054689169 6239.1226796673
1012249391.0823762417 8867.6183905602
1007011859.6354157925 8710.3527054787
931330140.1083244085 4650.6630382160
1007610652.7535765171 8735.1916260719
1007509608.4267024994 8728.7687258720
1007225528.4850075245 8716.3647894859
1007901227.2849252224 8739.4346671104
928896182.9024302959 4460.7712324476
928709191.1116443872 4438.0024766285
928493327.9161034822 4426.7553763349
904854794.8965581656 1938.8477726764
928537894.9326692820 4436.8087400753
1007468431.6674845219 8724.5772385597
926689354.2622026205 4282.7048880554
904753848.6458003521 1933.7156964129
1008213451.3682749271 8751.1386580467
926231731.8372503519 4249.6784236203
926409941.4934422970 4259.3033160851
955509452.9475935698 6187.9099967149
1008817334.9670629501 8771.6865611076
970528050.5199453831 7078.4566748372
955492686.5554116964 6183.9661490970
913548500.8744372129 3087.0807388516
913213403.6445055008 3049.9352341754
913105979.4066636562 3043.6575686185
924927622.6768442392 4097.9734857553
912040447.5147005320 2918.9478256823
911841604.8303209543 2885.2893193007
911731161.6548002958 2876.4713499785
911822790.7208161354 2883.6945520812
911573247.2844552994 2842.4646759354
911769331.1030550003 2878.6935511907
911652150.2907577753 2861.0124188982
924720003.7331739664 4087.1850181244
969106741.3279376030 6983.1741591623
910878556.4846405983 2725.8801070634
968523385.3076522350 6936.1729682620
911396038.8585275412 2773.5751997137
911443511.3066312075 2796.4243804121
966991692.6482256651 6844.9464996839
968280698.2238270044 6912.5344575189
924683742.7342190742 4055.4381289290
910999976.2223700285 2733.9883930588
968197509.3872811794 6905.8831346195
910451975.4167888165 2620.5863429455
924623130.7876827717 4047.3388824271
924689342.9616907835 4059.7994303511
924383422.9073320627 4023.1859639567
924477543.7217757702 4037.8539662343
924573996.2872312069 4043.5223053200
967801810.3370851278 6885.8319242161
910264314.9598507881 2609.8125851125
924255211.7992713451 4018.7281426619
967397551.0578585863 6872.4468553226
967323114.5524007082 6863.5682456653
955122954.4544991255 6131.7238326060
955367675.7188459635 6145.9665834891
955322506.0373402834 6140.3276460158
955385143.8791741133 6151.7274205672
910112496.2397009134 2597.2512390584
910497035.5117068291 2642.5461246938
910587059.9271682501 2669.4910397500
965925854.9357014894 6754.8808078153
965643191.4545750618 6741.0510310513
965649935.7872347832 6744.0359792096
965270799.9527033567 6714.9407460207
922939615.4241601229 3884.6713545492
909940781.5779248476 2509.4633125893
922226530.9709128141 3797.0074470800
922247956.9971597195 3798.7863802902
921918720.3596370220 3761.2357573501
921826190.4326927662 3758.5811994493
921340265.8252967596 3711.4932755352
921146956.7304772139 3692.3779795087
1011340015.4251255989 8832.7338719368
920909321.2839951515 3677.6002193341
920803539.7752882242 3659.3832155118
920750419.9258211851 3657.4888301740
955065978.8643908501 6116.7720635540
919791315.1132775545 3560.8114925648
1011226189.5060894489 8826.7635951042
1011285633.2233557701 8829.9669909477
964325894.2128201723 6631.0688214453
964378997.5258026123 6632.3068833502
963843154.1694836617 6599.8147630842
964035323.0856108665 6605.5378699453
963729040.5208261013 6594.2135093363
1024207004.4695634842 9022.6046972275
1024638038.4094331264 9036.0715694427
953577863.5079970360 5973.7664973373
953788985.6812112331 5981.5648514483
953481849.8063832521 5963.2632231418
952897614.0820716619 5900.4357632850
953696012.1269425154 5976.5502683375
953650225.2988048792 5975.3892409060
1024619363.6671936512 9031.4743518829
1024465808.9683461189 9031.0961284637
953474264.7425791025 5961.9247662280
1024376325.9728543758 9030.3978805542
1023869086.6987863779 9019.9415035248
961578135.5390335321 6454.3373089368
960693208.1819263697 6396.6501696303
960760658.5355633497 6402.4740485837
960494964.9885821342 6388.0761435225
960775776.4911322594 6402.6725234677
960354505.8253188133 6370.5325030824
960733554.8133683205 6397.6551811387
960584528.0645972490 6392.0082530667
959730378.5766750574 6335.5299768664
1025000968.5557942390 9040.2379961014
1025242440.5468724966 9042.1199159622
980903523.8808827400 7399.7734782393
1024843169.1376872063 9038.0854368210
952781471.6406005621 5874.5134366421
952780472.8550542593 5833.7644566320
952644317.1686186790 5809.3032340478
952513457.7282491922 5794.1993728837
952604593.8257595301 5806.5385137757
951121213.2686450481 5632.6533936110
949396149.3545947075 5493.9428561318
948792748.8843736649 5445.9176424413
949087053.6473689079 5471.2763780524
949209485.4104152918 5481.9079802620
948522439.0436757803 5422.9513275728
948561626.0328689814 5429.3434743999
948866715.7701878548 5452.0440609559
948718528.6385498047 5437.5305919752
