497457518.8551607728 20804.0298871994
497509222.0083718896 20821.0841321945
502173735.9028484225 21395.9105529785
502064084.4069949985 21367.6190872192
501623334.0691698194 21325.9208526611
503811853.0605013371 21429.7849655151
503871235.6889204979 21433.5431175232
522511581.3907926679 21888.0659790039
522535439.8919638395 21888.5036468506
458769126.4617037177 13532.1452025711
458311559.1354686022 13489.4659196480
458373255.2169544101 13517.0245703995
457788346.7801141739 13387.1563305884
457942756.2535222173 13449.1866683304
457313922.4162082672 13274.9817888081
503636526.4638892412 21415.8639831543
441205855.4650403857 6952.2592281806
442277904.5154194832 8291.8274735596
442316386.1731353402 8352.4649895813
442577379.1793594360 8423.9276574787
451469991.2697634101 11521.9936871217
457458808.4120246768 13340.9167596638
457320745.1310234070 13289.9972700075
483710581.2887335420 18486.8544052665
484057427.2123754621 18590.9762505118
498033582.7278878689 20924.7055187225
497577022.5006086230 20878.3608751297
502927020.8189684153 21410.2864341736
502990583.3738552332 21415.4316215515
442531277.2220787406 8404.2528623279
442750395.1015010476 8485.7600444195
442768880.0431680083 8508.7244047450
442431589.6875404716 8399.0425103840
442158076.4147806168 8280.4099702027
442101141.2003000975 8173.5748345658
483461987.6999699473 18442.5013359610
483560072.5411211848 18472.2405437056
483725117.0251703858 18528.3716324393
483798942.8118907809 18542.8892158095
484003556.8217749000 18544.9984100882
441220387.2551997900 6958.7692017150
441258111.0700042844 7121.4417787646
443759856.7397369146 8790.2111640873
451522235.8535318375 11569.6138524528
451623478.2142786384 11578.7701334137
484117122.5247824788 18600.7227638785
484760122.0978350043 18688.9022320334
485042163.5052723289 18700.6397195962
497807972.5651738048 20911.3322048187
497516151.5340062976 20841.4024782181
502828434.2343622446 21406.9257698059
443694019.9600046277 8726.3002149524
450405777.6602417827 11233.4783631273
451499787.7901354432 11549.8355450319
484375952.7356792092 18622.5733650748
498123637.0801276565 20946.4925060272
498035099.5718641877 20942.5042552948
498218729.8073598742 20961.5580635071
501949200.3937048316 21362.8872375488
502572133.7453750372 21400.3331680298
441518616.9014890194 7344.0185448186
443683577.3781879544 8724.3920995654
443339808.2337151170 8645.6074708724
443848482.5024434924 8791.3449620153
443939914.0773649216 8794.1575508091
442072997.2653807402 8022.8631676838
443383875.1238773465 8680.8732511462
498358537.1833238006 20972.4078865051
502559208.6459718347 21398.9863510132
520340000.2103595138 21835.5541687012
522267266.2178606987 21882.7708892822
441410917.9084226489 7255.4211571170
450731893.6143221855 11342.9385071702
451190310.1773069501 11476.2309599764
485283293.0795599818 18746.4896284763
485510435.9279920459 18746.6751601017
498758914.1896364689 21005.8218822479
501369235.0386300087 21286.9908638000
521594023.2319366932 21864.6257553101
521659167.7211104631 21874.4482879639
441445418.7881649733 7343.0992500735
441344422.0149257183 7244.8706428958
450576672.5396868587 11306.3496285647
457101512.8588545322 13178.2379983903
484695154.3768053651 18675.0073689048
497486978.4303156734 20819.4066677094
498986147.7924787998 21007.3866710663
521597640.5897647142 21870.8225860596
500888897.6902459860 21215.7166118622
521298234.6120939255 21859.7208251953
520880336.2657194138 21857.2164764404
441743638.7727264762 7538.6788400879
451016247.5259672999 11416.4329709560
500779545.5280072093 21194.4385814667
441955352.8028651476 7745.0005609342
441989835.1593411565 7791.6800329038
441844949.1635247469 7717.9737111875
441625435.2423170805 7500.8758606177
441776292.3339356780 7600.8882902509
451003101.0469951630 11389.7717116699
457166826.5901386142 13178.2392480594
497954444.3184712529 20918.2171669006
441685194.1490579247 7534.2711127341
441550034.5166552067 7399.1990025580
456834183.1652715802 13044.8053281603
456643054.8578401208 13016.9171427709
456944300.2216188908 13092.6288241369
497785932.2821959853 20890.2051019669
498516797.6372247934 20995.5589046478
498488487.0687575340 20985.5618801117
499061536.1791436672 21046.7795410156
499479449.3856679201 21087.3375778198
519362140.0058822036 21799.6258544922
519088283.7121139765 21774.3902435303
519116635.7455483675 21780.8394508362
519033905.7050395012 21747.3830242157
519551176.4423892498 21819.0401344299
450825359.9041855931 11351.7380017788
499334962.0343736410 21064.8823337555
499928170.7110678554 21111.1314048767
499788864.5286194682 21100.8273372650
450511198.9798904657 11284.3324830895
450870006.7155283689 11383.2309540351
456500111.2262674570 12883.3393232168
456414967.7524484992 12821.1753388072
456457636.1196216345 12882.4316489787
456422780.3697420955 12849.2122040416
456065750.1190309525 12778.2493668223
456250748.7067578435 12804.9376297618
450135738.6169012189 11053.1399731252
449702531.4381399155 10877.7262043569
453577364.2749422789 12109.0702832003
449851351.6784684658 10880.1724743943
450105637.9730530381 10982.4553684804
454815978.9160050750 12399.4602068585
454856806.1805624962 12426.0555430840
454622984.0858138800 12345.8332250147
449887558.9765737653 10946.8067898366
449501993.4355140924 10751.3168396134
450004625.1083914638 10963.3522401794
449644739.0577502251 10856.8457628235
449856142.3693975210 10934.7258087813
454064969.2957659364 12200.3168643934
455079787.8582001328 12447.5399987131
500397085.7347461581 21134.4465007782
500314967.4943764806 21128.7033138275
453866803.3803934455 12144.4545374298
454725313.5825173259 12354.7642848603
455496890.1043627858 12541.6157413310
455005700.0982621312 12447.3671660453
454558013.3971503377 12335.9796598621
518725822.9136705399 21693.1364479065
453332833.8714576960 11923.6895962839
486196620.5762210488 18805.6770862869
485770003.8597684503 18760.2723543469
486553039.2739933133 18806.1271898572
453343428.2389581800 12005.0931970064
453181419.3356170058 11919.8426019137
448707460.8759528995 10304.0603314776
448426117.2496168613 10253.4873639962
518787496.7361532450 21708.9956092834
518580777.3718335629 21622.5577697754
518969895.9814045429 21722.8873939514
452553955.8903254867 11686.1248114423
452116617.8210743070 11600.4801504926
452420196.2214992046 11650.5682334995
452368496.1247996688 11644.9669745282
462406605.8043851256 13697.2008634508
462483453.0827875733 13746.1580067339
462528699.4626448154 13809.3138010862
462884443.9912351370 13855.8142630152
462939376.8090760708 13863.9135901026
462796096.2568144798 13825.0028290735
449382554.5126295686 10612.3272731227
449213629.3071948290 10546.5405344178
449291667.8905132413 10560.7345644158
449064928.5022760034 10512.4307199639
448894229.4664893746 10416.9437297999
448987789.2234070301 10432.7099553963
448520257.1063998342 10285.1729452034
448088055.6888633370 10072.8164946550
448229707.0498912930 10146.9780737871
448296396.1429896951 10160.8606696410
487455799.8677421212 18948.4780815343
486979637.2434424758 18869.3221682583
487411127.0267869234 18936.1663402591
447858372.7947617769 9703.2789236858
447850263.5820161104 9702.0329458096
461700914.7479655147 13614.9522771677
487194585.8967049718 18881.0910562549
497219066.7885283232 20259.9535608292
447861202.7821149230 9737.8025571682
448033386.9682664871 9835.1347303726
447919073.0565406084 9811.4930898526
447664256.1443579197 9689.6888741014
447522933.7512294054 9591.9123058611
447022060.9369871020 9313.6563299777
447074160.4752943516 9386.7510145785
446771053.2886338830 9220.6183759325
491948498.1616514921 19568.2002258897
492136859.5956851840 19585.8278313279
493794608.6069248319 19668.3542859554
446573168.4895650148 9184.2522971543
446873345.1923123598 9283.8447612387
446238789.1444044709 9073.1678411119
446696358.9866459966 9196.2813569658
446881023.3354707360 9295.3156260868
446512245.5546832681 9182.6279851549
488375303.8383973241 19043.6932786206
488936359.7040730715 19149.1250389434
487953695.0310463309 18998.9810889462
496312086.1805124879 19928.6949334145
446448272.3951558471 9081.3697020762
496883231.8586531281 20013.3757328987
496361189.9140900373 19965.6256225109
495531104.1064270139 19899.9684627056
495889907.5366555452 19922.2397599220
495129588.8418522477 19873.9924416542
495701252.0903036594 19900.7764725685
495162561.4955689907 19879.8715195656
495104932.8933830261 19849.6280062199
494307564.0963274240 19795.1111087799
493982926.2083845139 19766.4493510723
493307957.6102533340 19661.1399509907
493263909.4971697330 19658.6756489277
492795138.4315291643 19609.6424130201
492954571.5642347932 19634.0568001866
490854987.5109460950 19370.7094268501
490874819.7161067128 19392.2152480781
490313713.5414990783 19326.9286472417
490344957.0751320720 19333.7219984151
489822519.8086097240 19257.0498565055
490117529.5998385549 19257.9161418296
490215961.1161621213 19297.5827830649
490210413.0927047133 19288.9786727048
489558854.5804221034 19212.9323421336
488271326.4560778737 19018.5539373914
488307330.4297069907 19026.9460768262
483447044.7381311655 17763.5316036310
483267162.2966993451 17621.1214267842
483312590.4243168235 17653.0557512871
481897702.2069174647 17457.3090614846
480888899.2454425693 17240.1890174385
481051021.9632121921 17246.2155973512
481552547.8528001904 17330.6977667382
481394110.3083872199 17299.1179809192
481318855.7705233693 17296.6350859359
479906969.7727575898 17050.8351347492
479537358.5816636682 16921.3096844539
479732165.6320316195 16988.2942635402
479666094.6958763003 16925.7194611415
479794359.4360226989 17023.1500356243
471715078.4415379763 15415.4001810220
471979044.2132256031 15562.0163004068
472130908.9996786118 15603.0797426370
479121912.7805175185 16907.2567074880
478718807.2020413280 16829.5998004381
478751917.1288161874 16875.1067215786
478164976.1949970126 16771.9625743333
477236398.8785490394 16569.4578004595
477412495.4490204453 16655.1735788103
477702349.1060808301 16705.6734870378
476952957.1306970716 16522.0384655897
476887066.9888402820 16475.0864599649
476755926.1307954192 16453.0197924081
476648061.4410461783 16441.2266786996
476165389.4685392976 16334.0562912528
475001835.2985949516 16097.2553982739
474734781.2499161959 16083.6752285961
474227858.2587631941 15982.6103256125
474412135.7214656472 15996.1094559211
472916708.6002213359 15740.8890498769
472849841.0812532306 15730.9326601208
471580224.0985504985 15316.8326945589
471921662.5833567977 15483.4638557583
471778286.5481547713 15481.3211558149
472700165.5437519550 15693.3980473173
474122215.3363451958 15935.6103731748
473071329.3228034377 15745.3841619738
474497972.5187155008 15997.2475064467
474361724.6462316513 15983.6673367690
474216080.3327558041 15937.8018139145
471540721.1259724498 14695.5060387806
471444106.8191415668 14582.5758520857
471358239.9417544007 14547.6918427418
471314728.5707627535 14544.5441787611
471056667.7997066379 14530.1860672901
470879138.7295628190 14493.3862525499
470812124.8993422389 14464.7484141863
470708472.4986009002 14459.4481917894
470553874.8587147593 14399.1886840737
470521701.7232292295 14389.1447444833
469231241.8524995446 14068.0251069567
469341499.0059654117 14131.1816478646
468818893.3717843890 13973.1962380870
468964140.1246544719 13989.4850885407
469082959.5655494332 14036.6283584512
469332246.8064159751 14071.8905049632
469023596.0312619805 14009.3322254098
468659244.3030048013 13873.7857731858
