202004541.1966807544 596098.4719383691
201994721.9281220436 593432.1929568651
201973768.4986286163 592910.3370468591
203365682.9828591347 709547.0515742246
204668813.1535518467 776794.4117864165
204518344.6580989957 769100.6484839730
206808169.2326124907 864781.7425082396
229178385.6348262131 1310400.2745361328
208561631.0973843038 921767.6707336195
263694706.8529179990 1605444.3833007812
210863861.7587229013 975069.3100532903
263091830.4495915473 1604983.1933593750
262738948.5429918468 1602622.2143554688
201935240.3431270719 582640.6413573303
203409722.3034413457 712470.8624841156
208088315.0164985657 910130.5164367445
215030978.5462007821 1067678.8007083936
208691634.4626322091 923482.3323237412
213109109.4517746568 1030824.5262595459
205904858.7882831097 834034.8247065737
216337474.1072810292 1081719.9759226264
201948457.0900111496 583269.9453400903
203919660.6325775981 741324.2342427354
203846395.3576499522 738119.8228633255
202980690.9036876559 686524.0900714174
210268307.4114113152 962666.9850013945
208350362.6067000031 915607.6057612412
202094060.9083887637 608160.3133235644
202832800.5515549183 675790.1711344763
202050997.7148812115 604833.5084736322
203662808.5784208179 728352.2919023982
203867992.7403261065 739940.1244990677
212687328.1145499349 1017900.6671647578
202408998.2589335740 645517.4604694843
210789963.0541231334 973238.9097191785
220681701.3244378865 1173042.6642171592
203206228.4734053910 701434.1264460925
212120895.3164112866 1003017.9834522009
202359861.4921012223 642968.5492148800
202321046.2772025168 640521.9781758911
204645154.7148258686 776287.9437091164
256905508.4015735388 1549009.1862792969
225233525.5188861489 1239363.1590165123
217875156.0903761983 1117279.5919633359
220184320.3116359115 1158658.8190331706
207773390.5239758193 900273.8203023060
206160185.1860427856 844794.5290174081
219357422.3339441717 1145822.9271015450
219419619.7980691791 1145964.9683353603
202544670.2116587460 654759.3871078708
202135211.4561409950 622160.2056678552
202063288.2103365958 604972.1784320544
219937446.3313040733 1158097.1844025105
262399263.8915522397 1599701.9868164062
202169903.6422828734 624932.4687871821
214547534.2295805216 1053527.9691654248
202513053.5019280910 653388.2295242697
203124100.4395200312 695176.4118259596
215255515.8085120022 1072022.0742608411
221547821.7063534856 1186485.9127283506
203865564.0279949009 739651.7530752472
202390101.6936704218 644501.5372501761
205864758.2648379803 832900.1895011410
217286645.8103476167 1095606.3517623954
203899418.4474554360 740272.2353872638
231326919.8230303824 1340113.2640686035
230947935.0415467918 1339674.9950256348
203903661.9204252064 741085.2989910594
229268432.5885866880 1317415.3057556152
214789804.7918753624 1060222.9056888623
219496496.2216725051 1151604.3465351388
221597523.9723381996 1189838.6993407421
205813705.6868255138 830017.8909874335
221637350.0593006611 1193026.9642333202
203507721.4343799651 720829.5669268123
218413466.1404719651 1125623.1337982193
211533753.3043696582 989715.0860928297
241638691.8764579892 1432508.9184265137
221444672.0633401275 1186174.0302432179
220824896.0872547030 1174446.0574692897
218993126.1796708703 1139000.6003425717
203153373.2212910652 696233.8015863989
262679652.6572592854 1600382.3354492188
221092918.1065436304 1181059.5335435085
217844906.4834620655 1110772.8995776474
218912155.8957989812 1136433.6336808652
218426413.9370537400 1129972.3886901005
256479611.5172722936 1542981.7172851562
256725582.1813265085 1548521.9362792969
211616928.1728330553 992351.5240638945
220482592.8910187483 1169243.4809838943
205094866.0581953228 798626.7864838622
221959214.9627824724 1200552.9842528515
215364197.4397456944 1072125.4108226998
204570773.4198091328 771735.9396184478
215213646.1815233827 1071073.8748195469
225333953.6985972524 1247138.1251831055
230132854.8850881159 1329501.3556213379
202372168.8483725786 643452.9023486654
230099037.6727665961 1326869.8390808105
217546510.6571514308 1103832.9858792126
227520785.7785603404 1282699.8834195137
227314988.2385146022 1277515.4222497940
262499726.4370122254 1599834.3305664062
221069521.6356332302 1179828.6645616330
227911431.3750513196 1286870.8128862381
205983892.1876489520 836629.3405408456
224119856.9994445443 1232354.8869297504
230541040.4158685505 1331722.4473571777
252034021.1142650545 1527354.0087890625
203958152.2483842075 745024.3479335383
211720865.2177854478 994899.0036362410
257417904.7481890619 1559492.8953857422
244470890.8668395579 1455377.7955322266
212927810.1756478548 1029376.6605470814
203901059.0732838213 740278.0480788797
207720105.8545937836 898631.2069932297
216252611.2742070556 1073811.2928051138
227878502.2961313426 1286646.7978096008
228744558.7600629628 1303561.6908721924
213333713.4327182770 1036926.7572332062
210057457.2835794091 960660.0265692491
210463074.6287713349 968589.8811575174
229869421.5087247193 1322827.8439025879
204536459.1246529520 769979.4562346637
210553609.5340794027 970403.1208840106
204245642.7115929127 757474.4043547809
205820088.0051551163 830564.7715323910
210352675.3208885789 963143.0277565215
222302124.9639478624 1205235.8534850292
208470772.8090083897 919531.6247772425
209900277.1353347898 956414.5836342070
209271050.0063647032 937166.2217709627
204371120.7500021458 763371.6819623015
209647194.1868114173 949818.2127290647
203929893.9646382034 743195.4444902888
215176684.9878719449 1069477.3310439792
202097915.6712176800 610390.0533394283
208800974.8788780570 929465.0623351820
229208558.1981178224 1314492.0315856934
219260701.7390291393 1144919.4515156075
261796806.9487595558 1597680.6030273438
202115853.2935169637 618766.4117242000
222873140.3749727011 1206110.6904154131
204077211.6851509213 750155.3092620075
221808819.6441990733 1197394.0565184765
209043206.7082440257 933513.7519444078
261992801.6935889721 1598049.4604492188
209165199.9075753987 934849.1961275022
213453567.0764658451 1037674.6827013114
214720359.5332316160 1057756.1642911639
202041635.7308258414 604374.9089442401
257647334.9465345740 1563232.3226318359
212845452.4899454415 1025071.5821779408
219868509.2940258086 1156310.1404244006
203822809.0432045162 736740.3412524215
202725414.1823326647 668136.1633665990
244767207.2131157219 1462326.5445556641
226876918.7848353386 1271041.6266670227
214606474.7288085818 1057514.6069038343
203806505.5465654433 736326.6853350154
260162543.1839264631 1582002.3295898438
212950031.2204213440 1030402.9562013783
209518789.1613304317 945597.4994166177
259889970.9740665555 1574796.8193359375
229116627.3880357444 1308566.0910949707
256598482.3961305022 1544307.0836181641
256955994.6655130982 1550247.1427001953
219926136.3852948546 1156845.9657541215
260899706.0607100427 1595906.3549804688
221683534.5942683816 1194401.6120604686
206370820.4516505599 851774.7195876390
213181472.8890720606 1034184.8133791126
209169850.1558911204 935025.0633849222
214719601.9474011064 1057546.2231147718
242103756.9596717954 1434498.1537780762
205082675.1301498115 798486.1854721855
212320246.4752132297 1010867.0437843576
260566883.3126492798 1592670.1728515625
251498566.1340918243 1506942.5584716797
260355762.6454310119 1588662.8276367188
220962824.2033185959 1178955.8185081892
213310229.9456734955 1035980.0274291672
212762835.9879037738 1024367.3395021595
218710099.1450201273 1131130.6964141428
245600355.7947494686 1475370.5794677734
222248018.6582842171 1204461.1536521129
258568058.2093915939 1564540.2806396484
260577083.7003499568 1595366.9453125000
261152997.2583093047 1596882.1821289062
207115462.6464231014 879420.2579378635
207641410.5002970695 895463.6163363010
229903488.3625949025 1325005.9711608887
250652054.9897302985 1496952.1761474609
207085052.2944708467 877138.3495853613
219855329.2152552903 1156271.3830303475
243296345.3380379677 1440807.2904968262
209354900.3754612803 937747.5445802454
243963667.7409147620 1448689.7429199219
209624182.1175674200 948181.8248714071
212702177.2592408061 1022129.3463070033
232502913.2392581701 1351187.2182617188
207375784.7787913680 887473.3088887318
211618116.5546365976 994740.0173400640
207596329.5992569923 893929.9814351185
214814886.2343024611 1063086.5230892133
220957995.8792133033 1174532.8657799177
209601774.7130322158 946854.6963717658
209478554.5445078611 938625.4517428596
210929980.8724455237 975881.9882179946
209731044.5559079349 950394.7368991096
211770757.7066782117 997812.5300160199
211185158.7268081307 986340.9853592664
207218779.9618869424 880602.5772060752
207372294.6209763885 884963.0129949581
204199712.6238321960 755700.9683980793
207631576.1453997493 894016.2780186757
254339994.1490589380 1528387.1077880859
203273542.8760027885 704717.6888744086
214786073.8863501549 1059942.5502632093
255118333.3361693025 1529704.5842285156
255157811.6354043484 1531789.8007812500
211531063.1836069822 988525.8088455945
202852514.0389677584 678029.0353007484
203721084.0555755496 731075.9423845760
223023876.8721372187 1209774.1405387297
203309824.8917644918 708103.6748136929
203252160.4290316999 703443.9430021695
204833487.8847648501 783293.3490839601
211070418.0716390014 981202.2110614032
205517494.3527668417 816520.7447069855
221309258.0574498773 1182982.3879732788
223694484.5048722923 1221776.8038949184
205553508.2458315194 817663.6440386325
235111472.2359310091 1382462.8331604004
202787510.4184124470 672477.1922853170
203018577.0809716880 687827.6204410922
228333991.0654583573 1293813.3312835693
205776923.1126952469 828169.2153847869
205768596.6743732691 827643.1028765794
203563236.4243084490 721709.2143311705
205044542.7303306758 795519.9755805514
202847906.1444599628 676839.8191154879
202604394.2203317583 658036.3249081168
205769219.4836542010 828037.8914559539
205175879.5414108932 803040.0542581126
205687512.4096537828 824498.9568856414
229630251.1079435945 1322556.1485290527
228662097.4910922050 1294510.1610412598
203410395.0292129517 712535.1881121150
206313536.6890297234 848269.1855068803
206542949.5926525891 858034.3743072152
228877609.1856937706 1308435.4330596924
228081621.9319407940 1289569.5587768555
224581100.6453182101 1232513.0171031952
227410322.3460344970 1278320.5423736572
229429095.7332882285 1318054.4839172363
227695067.7372798920 1285631.8930206299
205387170.8424140811 810436.9266713317
226322869.9531224668 1269971.4056034088
224651413.3409788609 1232988.5032844543
227924853.1759734750 1288589.7935638428
225659449.9354835153 1248698.7795524597
206534922.8206236660 858019.1692290902
212419315.9977088869 1014643.9642093126
225960492.9931046069 1261062.5767307281
241575599.1234450042 1407839.8883056641
225259787.3638007045 1240056.1627627867
227057635.5016967952 1275019.2605895996
227450043.1190515459 1279093.8661041260
255173325.9435169101 1536080.0361328125
223563534.6560256779 1214024.8867968321
224780132.5567930937 1236292.1150946245
228691426.9380037487 1296529.9574279785
225706470.3200601637 1259281.6988145113
224824046.4177277684 1237461.2618249282
223716010.1094594002 1223707.2670557902
207972824.5216127634 904398.9164312854
205626912.2634470165 821183.3283150848
205349945.7881642878 808715.5969289001
206673871.0359749496 862092.1594796777
214065741.8090324700 1041467.0670752269
223004624.3457166255 1206934.3098821640
204802407.9663926661 781642.0974790072
256073543.2084695995 1536906.2960205078
238064240.3713599443 1407348.9089050293
250958538.3933019936 1501440.6579589844
206576734.5177526474 858282.3665109277
206651442.7481003404 861580.5170846581
249709613.9759804010 1491812.0266113281
237086298.1413694024 1392742.8458557129
205067200.1738027930 795559.0694764256
223692066.2614084482 1216865.5397882760
249662399.0388987362 1481560.9357910156
249599544.0807041824 1477533.7756347656
217748507.5612224340 1109634.9569940967
216885968.5691331029 1087395.5927434070
217493019.6788842082 1101031.9835331924
217038247.5018844306 1090301.3215083010
217692009.9773906171 1107733.8111241348
